758	621
757	621
757	622
755	622
755	624
754	624
754	625
751	625
751	626
748	626
748	628
746	628
746	629
745	629
745	630
742	630
742	631
740	631
740	632
738	632
738	633
737	633
737	634
735	634
735	635
733	635
733	636
731	636
731	637
728	637
728	640
725	640
725	642
724	642
724	643
723	643
723	644
720	644
720	645
715	645
715	646
713	646
713	647
711	647
711	648
710	648
710	649
706	649
706	650
704	650
704	651
703	651
703	650
702	650
702	651
701	651
701	650
700	650
700	651
699	651
699	652
696	652
696	653
693	653
693	654
689	654
689	655
686	655
686	656
683	656
683	655
682	655
682	656
681	656
681	657
680	657
680	656
678	656
678	657
675	657
675	658
673	658
673	659
671	659
671	660
668	660
668	661
667	661
667	662
666	662
666	663
665	663
665	664
664	664
664	665
663	665
663	666
662	666
662	668
660	668
660	669
658	669
658	670
657	670
657	671
656	671
656	673
654	673
654	675
652	675
652	676
651	676
651	677
649	677
649	678
647	678
647	679
645	679
645	680
641	680
641	681
640	681
640	680
632	680
632	679
630	679
630	680
629	680
629	679
626	679
626	680
625	680
625	688
624	688
624	691
623	691
623	695
622	695
622	697
621	697
621	702
620	702
620	710
619	710
619	713
618	713
618	715
617	715
617	716
616	716
616	717
611	717
611	718
599	718
599	719
598	719
598	718
597	718
597	717
595	717
595	718
592	718
592	719
591	719
591	718
589	718
589	719
588	719
588	718
587	718
587	717
586	717
586	716
585	716
585	715
582	715
582	714
569	714
569	713
567	713
567	712
566	712
566	711
565	711
565	707
566	707
566	699
567	699
567	693
566	693
566	687
565	687
565	681
564	681
564	680
563	680
563	679
562	679
562	678
559	678
559	677
557	677
557	676
553	676
553	675
547	675
547	674
546	674
546	675
544	675
544	674
542	674
542	673
539	673
539	672
538	672
538	673
537	673
537	672
534	672
534	671
532	671
532	670
530	670
530	669
528	669
528	668
526	668
526	666
522	666
522	665
520	665
520	664
518	664
518	663
515	663
515	662
511	662
511	661
510	661
510	660
509	660
509	659
507	659
507	658
505	658
505	659
501	659
501	658
499	658
499	659
498	659
498	658
496	658
496	659
495	659
495	658
492	658
492	659
491	659
491	658
488	658
488	659
484	659
484	658
483	658
483	657
482	657
482	656
481	656
481	654
482	654
482	652
481	652
481	648
480	648
480	641
481	641
481	639
480	639
480	638
481	638
481	631
482	631
482	626
483	626
483	625
482	625
482	624
483	624
483	619
484	619
484	615
485	615
485	610
486	610
486	604
487	604
487	600
488	600
488	597
489	597
489	591
490	591
490	586
491	586
491	583
492	583
492	577
493	577
493	565
492	565
492	564
493	564
493	561
492	561
492	554
493	554
493	551
492	551
492	550
493	550
493	541
492	541
492	538
491	538
491	536
490	536
490	534
488	534
488	533
487	533
487	532
485	532
485	531
483	531
483	530
479	530
479	529
467	529
467	530
465	530
465	529
464	529
464	528
463	528
463	527
462	527
462	526
463	526
463	513
464	513
464	511
465	511
465	510
466	510
466	509
465	509
465	508
464	508
464	507
465	507
465	498
464	498
464	494
463	494
463	477
462	477
462	476
461	476
461	474
462	474
462	473
461	473
461	471
460	471
460	469
459	469
459	466
458	466
458	460
457	460
457	459
456	459
456	458
455	458
455	457
454	457
454	455
452	455
452	453
451	453
451	452
450	452
450	450
449	450
449	449
448	449
448	448
447	448
447	447
445	447
445	446
443	446
443	445
433	445
433	446
430	446
430	447
428	447
428	449
427	449
427	450
426	450
426	452
425	452
425	453
424	453
424	454
423	454
423	465
422	465
422	469
421	469
421	474
420	474
420	476
419	476
419	478
418	478
418	480
417	480
417	483
416	483
416	484
415	484
415	486
414	486
414	487
413	487
413	488
412	488
412	490
411	490
411	491
405	491
405	490
404	490
404	489
400	489
400	488
398	488
398	487
394	487
394	486
393	486
393	487
389	487
389	486
382	486
382	485
381	485
381	484
380	484
380	483
376	483
376	482
375	482
375	481
373	481
373	480
372	480
372	479
370	479
370	478
369	478
369	477
368	477
368	476
367	476
367	475
365	475
365	474
364	474
364	473
362	473
362	472
360	472
360	471
358	471
358	469
356	469
356	468
355	468
355	467
352	467
352	464
348	464
348	463
347	463
347	462
346	462
346	461
345	461
345	460
343	460
343	459
342	459
342	458
340	458
340	457
339	457
339	456
338	456
338	454
336	454
336	453
335	453
335	452
334	452
334	451
332	451
332	450
330	450
330	449
329	449
329	448
328	448
328	447
327	447
327	446
326	446
326	445
325	445
325	444
323	444
323	443
322	443
322	441
320	441
320	440
318	440
318	439
316	439
316	438
314	438
314	436
312	436
312	435
310	435
310	434
309	434
309	432
308	432
308	431
306	431
306	430
305	430
305	429
304	429
304	427
302	427
302	425
301	425
301	424
300	424
300	423
299	423
299	421
298	421
298	420
297	420
297	418
296	418
296	417
295	417
295	416
293	416
293	415
291	415
291	414
290	414
290	413
289	413
289	412
287	412
287	411
286	411
286	412
285	412
285	411
282	411
282	410
281	410
281	409
280	409
280	408
279	408
279	407
276	407
276	406
275	406
275	405
269	405
269	406
262	406
262	405
259	405
259	406
255	406
255	408
253	408
253	407
252	407
252	406
250	406
250	405
249	405
249	404
248	404
248	403
247	403
247	401
246	401
246	399
244	399
244	398
243	398
243	396
242	396
242	392
241	392
241	389
240	389
240	387
239	387
239	385
238	385
238	383
237	383
237	380
236	380
236	377
235	377
235	369
236	369
236	366
237	366
237	363
238	363
238	360
237	360
237	359
238	359
238	352
237	352
237	351
238	351
238	337
239	337
239	333
238	333
238	330
239	330
239	327
240	327
240	326
239	326
239	318
240	318
240	314
241	314
241	311
242	311
242	309
241	309
241	307
242	307
242	304
243	304
243	302
242	302
242	296
241	296
241	293
238	293
238	292
236	292
236	293
235	293
235	292
233	292
233	293
231	293
231	292
230	292
230	293
229	293
229	292
228	292
228	293
227	293
227	292
226	292
226	293
225	293
225	292
222	292
222	290
221	290
221	289
220	289
220	288
219	288
219	287
218	287
218	285
215	285
215	286
213	286
213	285
211	285
211	286
210	286
210	287
209	287
209	288
208	288
208	291
207	291
207	295
206	295
206	298
205	298
205	299
204	299
204	300
203	300
203	302
201	302
201	303
200	303
200	304
199	304
199	305
198	305
198	306
196	306
196	307
195	307
195	308
192	308
192	309
191	309
191	310
188	310
188	311
187	311
187	312
183	312
183	311
182	311
182	312
179	312
179	313
178	313
178	312
173	312
173	313
172	313
172	312
164	312
164	313
163	313
163	312
162	312
162	311
161	311
161	310
160	310
160	305
159	305
159	303
158	303
158	297
159	297
159	295
158	295
158	291
157	291
157	290
156	290
156	287
155	287
155	283
156	283
156	280
157	280
157	279
156	279
156	272
155	272
155	268
156	268
156	266
157	266
157	265
156	265
156	264
155	264
155	265
150	265
150	264
148	264
148	265
141	265
141	266
140	266
140	265
139	265
139	264
134	264
134	263
133	263
133	262
131	262
131	263
129	263
129	262
127	262
127	263
126	263
126	264
125	264
125	263
121	263
121	262
119	262
119	263
112	263
112	262
110	262
110	263
109	263
109	262
106	262
106	261
105	261
105	258
104	258
104	257
105	257
105	256
107	256
107	255
137	255
137	256
138	256
138	255
142	255
142	256
144	256
144	257
162	257
162	256
163	256
163	257
166	257
166	258
167	258
167	263
166	263
166	266
165	266
165	268
164	268
164	269
165	269
165	275
164	275
164	279
165	279
165	288
166	288
166	300
167	300
167	303
168	303
168	304
183	304
183	303
188	303
188	302
190	302
190	301
193	301
193	299
195	299
195	298
196	298
196	296
197	296
197	294
198	294
198	290
199	290
199	289
200	289
200	287
201	287
201	286
202	286
202	285
203	285
203	282
204	282
204	281
205	281
205	280
206	280
206	279
207	279
207	278
208	278
208	277
209	277
209	276
219	276
219	277
221	277
221	278
224	278
224	280
226	280
226	282
229	282
229	283
232	283
232	284
235	284
235	283
238	283
238	284
239	284
239	283
241	283
241	284
244	284
244	285
246	285
246	286
247	286
247	285
248	285
248	286
249	286
249	287
250	287
250	288
249	288
249	296
250	296
250	298
251	298
251	307
250	307
250	309
249	309
249	311
248	311
248	317
247	317
247	320
246	320
246	321
247	321
247	323
246	323
246	343
247	343
247	344
246	344
246	348
247	348
247	349
246	349
246	351
245	351
245	354
244	354
244	355
245	355
245	357
246	357
246	358
245	358
245	364
244	364
244	368
243	368
243	373
244	373
244	377
245	377
245	379
246	379
246	381
247	381
247	386
248	386
248	389
250	389
250	390
251	390
251	392
250	392
250	393
251	393
251	394
252	394
252	395
253	395
253	397
254	397
254	398
259	398
259	397
262	397
262	398
264	398
264	397
269	397
269	398
279	398
279	399
280	399
280	400
281	400
281	401
283	401
283	402
285	402
285	403
288	403
288	404
293	404
293	405
295	405
295	406
296	406
296	407
297	407
297	408
298	408
298	409
300	409
300	410
301	410
301	411
302	411
302	412
303	412
303	413
304	413
304	414
305	414
305	415
306	415
306	417
307	417
307	418
308	418
308	421
309	421
309	422
310	422
310	423
312	423
312	424
313	424
313	425
314	425
314	427
315	427
315	428
316	428
316	429
319	429
319	430
321	430
321	431
323	431
323	433
325	433
325	434
326	434
326	435
328	435
328	436
329	436
329	437
331	437
331	438
332	438
332	439
333	439
333	440
334	440
334	441
336	441
336	443
338	443
338	444
339	444
339	445
340	445
340	446
342	446
342	448
344	448
344	449
346	449
346	450
347	450
347	451
348	451
348	453
351	453
351	454
352	454
352	455
353	455
353	457
357	457
357	458
358	458
358	459
360	459
360	461
361	461
361	462
363	462
363	463
364	463
364	465
367	465
367	466
368	466
368	467
370	467
370	468
372	468
372	469
373	469
373	470
375	470
375	471
376	471
376	472
378	472
378	473
379	473
379	474
381	474
381	475
382	475
382	476
383	476
383	477
385	477
385	478
400	478
400	479
402	479
402	480
405	480
405	481
408	481
408	480
410	480
410	478
411	478
411	476
412	476
412	471
413	471
413	469
414	469
414	465
415	465
415	461
416	461
416	460
415	460
415	454
416	454
416	451
417	451
417	450
418	450
418	448
419	448
419	445
420	445
420	444
422	444
422	442
423	442
423	441
424	441
424	440
425	440
425	439
426	439
426	438
428	438
428	437
430	437
430	436
444	436
444	437
446	437
446	438
450	438
450	439
451	439
451	440
452	440
452	441
453	441
453	442
455	442
455	444
457	444
457	445
458	445
458	446
459	446
459	448
461	448
461	450
462	450
462	452
463	452
463	453
464	453
464	455
465	455
465	458
464	458
464	459
465	459
465	460
466	460
466	461
465	461
465	463
467	463
467	466
468	466
468	469
469	469
469	471
470	471
470	475
471	475
471	494
472	494
472	498
473	498
473	500
472	500
472	501
473	501
473	503
472	503
472	510
471	510
471	511
470	511
470	512
471	512
471	516
472	516
472	519
475	519
475	520
480	520
480	521
484	521
484	522
488	522
488	523
490	523
490	524
492	524
492	525
493	525
493	526
494	526
494	527
495	527
495	528
496	528
496	529
497	529
497	531
498	531
498	533
499	533
499	534
500	534
500	536
501	536
501	551
500	551
500	554
501	554
501	557
500	557
500	559
501	559
501	571
500	571
500	579
499	579
499	580
498	580
498	581
499	581
499	585
498	585
498	587
497	587
497	592
496	592
496	596
495	596
495	601
494	601
494	605
493	605
493	610
492	610
492	611
493	611
493	612
492	612
492	613
491	613
491	621
490	621
490	623
489	623
489	629
490	629
490	630
489	630
489	633
488	633
488	642
487	642
487	644
488	644
488	649
492	649
492	648
493	648
493	649
494	649
494	648
495	648
495	649
496	649
496	648
497	648
497	649
502	649
502	650
509	650
509	651
510	651
510	652
511	652
511	653
512	653
512	652
515	652
515	653
516	653
516	655
517	655
517	654
519	654
519	655
523	655
523	656
525	656
525	657
528	657
528	658
529	658
529	659
531	659
531	660
532	660
532	661
534	661
534	662
536	662
536	663
541	663
541	664
544	664
544	665
551	665
551	666
556	666
556	667
558	667
558	668
560	668
560	669
564	669
564	670
567	670
567	671
568	671
568	672
570	672
570	674
571	674
571	676
572	676
572	677
573	677
573	679
574	679
574	682
573	682
573	683
574	683
574	686
573	686
573	687
574	687
574	692
575	692
575	701
574	701
574	704
575	704
575	705
577	705
577	704
580	704
580	705
581	705
581	706
582	706
582	707
585	707
585	708
589	708
589	709
590	709
590	710
591	710
591	709
594	709
594	708
595	708
595	709
601	709
601	710
610	710
610	709
611	709
611	708
612	708
612	706
613	706
613	702
614	702
614	696
615	696
615	693
616	693
616	689
617	689
617	679
618	679
618	677
619	677
619	676
620	676
620	673
621	673
621	672
622	672
622	671
623	671
623	670
624	670
624	669
627	669
627	668
629	668
629	669
632	669
632	670
635	670
635	671
642	671
642	670
644	670
644	669
646	669
646	668
650	668
650	666
651	666
651	665
652	665
652	664
654	664
654	661
657	661
657	660
658	660
658	658
659	658
659	657
660	657
660	656
661	656
661	655
663	655
663	654
664	654
664	652
666	652
666	651
670	651
670	650
672	650
672	649
674	649
674	648
677	648
677	647
683	647
683	646
688	646
688	645
691	645
691	644
694	644
694	643
698	643
698	642
702	642
702	641
705	641
705	640
708	640
708	639
710	639
710	638
711	638
711	637
715	637
715	636
719	636
719	635
721	635
721	634
722	634
722	633
724	633
724	631
725	631
725	630
727	630
727	628
730	628
730	627
731	627
731	626
733	626
733	625
735	625
735	624
737	624
737	623
739	623
739	622
740	622
740	621
743	621
743	620
744	620
744	619
746	619
746	618
748	618
748	617
749	617
749	616
750	616
750	615
751	615
751	614
753	614
753	609
754	609
754	606
755	606
755	600
754	600
754	598
755	598
755	597
754	597
754	596
755	596
755	593
756	593
756	590
757	590
757	589
758	589
758	587
759	587
759	585
760	585
760	583
761	583
761	582
762	582
762	580
761	580
761	579
762	579
762	577
763	577
763	576
764	576
764	575
765	575
765	573
768	573
768	571
769	571
769	565
771	565
771	563
773	563
773	562
775	562
775	563
777	563
777	564
778	564
778	566
779	566
779	567
780	567
780	568
781	568
781	569
782	569
782	570
783	570
783	571
784	571
784	573
786	573
786	574
787	574
787	575
788	575
788	576
789	576
789	577
790	577
790	578
791	578
791	579
792	579
792	581
793	581
793	583
794	583
794	584
795	584
795	586
796	586
796	587
797	587
797	592
798	592
798	594
799	594
799	596
800	596
800	600
801	600
801	603
802	603
802	604
803	604
803	610
802	610
802	612
801	612
801	613
802	613
802	614
805	614
805	615
807	615
807	616
808	616
808	622
806	622
806	621
805	621
805	622
804	622
804	623
797	623
797	622
795	622
795	611
794	611
794	609
795	609
795	607
794	607
794	605
795	605
795	603
794	603
794	602
793	602
793	600
792	600
792	598
791	598
791	603
792	603
792	607
793	607
793	608
792	608
792	616
793	616
793	624
792	624
792	625
793	625
793	626
794	626
794	634
795	634
795	638
796	638
796	642
795	642
795	656
794	656
794	657
795	657
795	660
794	660
794	668
793	668
793	669
794	669
794	674
793	674
793	677
794	677
794	694
793	694
793	695
794	695
794	696
793	696
793	697
794	697
794	702
793	702
793	706
792	706
792	707
793	707
793	709
794	709
794	713
795	713
795	715
794	715
794	716
795	716
795	719
796	719
796	721
795	721
795	724
796	724
796	728
797	728
797	729
798	729
798	731
800	731
800	732
802	732
802	735
803	735
803	736
804	736
804	737
806	737
806	739
807	739
807	740
809	740
809	741
810	741
810	742
812	742
812	743
816	743
816	742
817	742
817	743
822	743
822	742
824	742
824	743
826	743
826	744
828	744
828	745
830	745
830	744
836	744
836	743
839	743
839	744
850	744
850	743
852	743
852	742
855	742
855	741
863	741
863	740
864	740
864	739
870	739
870	738
871	738
871	737
873	737
873	736
877	736
877	735
878	735
878	734
882	734
882	733
883	733
883	732
884	732
884	730
885	730
885	729
887	729
887	728
888	728
888	726
889	726
889	724
890	724
890	723
892	723
892	721
893	721
893	720
894	720
894	719
895	719
895	718
897	718
897	717
899	717
899	716
902	716
902	715
903	715
903	714
904	714
904	713
906	713
906	712
914	712
914	711
922	711
922	712
925	712
925	711
926	711
926	712
935	712
935	713
937	713
937	714
938	714
938	716
939	716
939	717
942	717
942	718
944	718
944	720
946	720
946	721
948	721
948	722
949	722
949	723
950	723
950	724
951	724
951	725
952	725
952	726
953	726
953	727
954	727
954	731
955	731
955	735
954	735
954	741
955	741
955	748
956	748
956	752
957	752
957	761
958	761
958	765
959	765
959	769
960	769
960	770
959	770
959	771
960	771
960	773
959	773
959	776
960	776
960	778
959	778
959	780
960	780
960	781
959	781
959	790
958	790
958	796
957	796
957	798
958	798
958	799
957	799
957	802
956	802
956	804
955	804
955	812
954	812
954	816
953	816
953	817
954	817
954	819
953	819
953	822
954	822
954	823
953	823
953	829
952	829
952	830
953	830
953	837
952	837
952	847
953	847
953	848
952	848
952	852
954	852
954	853
956	853
956	855
958	855
958	856
960	856
960	857
972	857
972	858
974	858
974	857
982	857
982	858
983	858
983	857
991	857
991	858
994	858
994	859
1000	859
1000	861
1001	861
1001	860
1003	860
1003	861
1005	861
1005	860
1020	860
1020	861
1021	861
1021	860
1023	860
1023	861
1029	861
1029	862
1030	862
1030	861
1037	861
1037	860
1054	860
1054	861
1062	861
1062	862
1067	862
1067	863
1068	863
1068	864
1069	864
1069	865
1070	865
1070	867
1072	867
1072	868
1073	868
1073	869
1074	869
1074	870
1076	870
1076	871
1078	871
1078	873
1079	873
1079	879
1078	879
1078	883
1077	883
1077	885
1076	885
1076	886
1077	886
1077	889
1078	889
1078	891
1079	891
1079	893
1080	893
1080	896
1081	896
1081	907
1082	907
1082	908
1081	908
1081	910
1080	910
1080	917
1081	917
1081	918
1094	918
1094	917
1095	917
1095	916
1096	916
1096	915
1097	915
1097	913
1098	913
1098	911
1100	911
1100	909
1101	909
1101	906
1102	906
1102	905
1103	905
1103	903
1104	903
1104	902
1105	902
1105	898
1106	898
1106	896
1107	896
1107	894
1108	894
1108	893
1109	893
1109	891
1110	891
1110	890
1113	890
1113	889
1118	889
1118	890
1119	890
1119	889
1121	889
1121	890
1122	890
1122	891
1123	891
1123	890
1124	890
1124	891
1126	891
1126	892
1127	892
1127	893
1129	893
1129	894
1131	894
1131	895
1132	895
1132	897
1133	897
1133	898
1134	898
1134	903
1135	903
1135	905
1136	905
1136	907
1137	907
1137	910
1138	910
1138	912
1139	912
1139	913
1140	913
1140	914
1139	914
1139	915
1140	915
1140	918
1141	918
1141	919
1142	919
1142	921
1141	921
1141	924
1140	924
1140	925
1141	925
1141	928
1140	928
1140	933
1139	933
1139	936
1138	936
1138	942
1137	942
1137	943
1138	943
1138	945
1139	945
1139	946
1141	946
1141	947
1150	947
1150	948
1151	948
1151	950
1155	950
1155	951
1158	951
1158	952
1160	952
1160	953
1163	953
1163	955
1165	955
1165	956
1166	956
1166	957
1170	957
1170	959
1171	959
1171	960
1173	960
1173	959
1177	959
1177	960
1178	960
1178	961
1179	961
1179	962
1181	962
1181	963
1192	963
1192	964
1204	964
1204	965
1208	965
1208	964
1216	964
1216	965
1217	965
1217	964
1221	964
1221	965
1228	965
1228	964
1232	964
1232	963
1234	963
1234	962
1236	962
1236	961
1238	961
1238	960
1241	960
1241	959
1242	959
1242	958
1243	958
1243	956
1246	956
1246	955
1248	955
1248	954
1250	954
1250	953
1252	953
1252	952
1253	952
1253	951
1254	951
1254	952
1255	952
1255	951
1258	951
1258	950
1259	950
1259	949
1261	949
1261	948
1262	948
1262	947
1263	947
1263	945
1264	945
1264	944
1265	944
1265	939
1266	939
1266	934
1267	934
1267	930
1266	930
1266	929
1267	929
1267	927
1266	927
1266	912
1265	912
1265	905
1264	905
1264	903
1263	903
1263	893
1262	893
1262	892
1263	892
1263	890
1262	890
1262	889
1263	889
1263	887
1262	887
1262	886
1263	886
1263	885
1262	885
1262	882
1263	882
1263	881
1262	881
1262	878
1261	878
1261	872
1260	872
1260	871
1261	871
1261	869
1260	869
1260	867
1261	867
1261	865
1260	865
1260	862
1259	862
1259	847
1260	847
1260	844
1261	844
1261	840
1260	840
1260	838
1259	838
1259	828
1260	828
1260	824
1261	824
1261	823
1260	823
1260	818
1261	818
1261	811
1260	811
1260	810
1261	810
1261	807
1260	807
1260	804
1261	804
1261	801
1262	801
1262	799
1263	799
1263	792
1264	792
1264	790
1265	790
1265	784
1266	784
1266	782
1267	782
1267	781
1268	781
1268	779
1269	779
1269	778
1270	778
1270	777
1272	777
1272	776
1276	776
1276	775
1279	775
1279	774
1283	774
1283	773
1286	773
1286	772
1289	772
1289	771
1290	771
1290	770
1300	770
1300	769
1314	769
1314	768
1318	768
1318	769
1319	769
1319	768
1326	768
1326	769
1327	769
1327	768
1329	768
1329	769
1331	769
1331	762
1335	762
1335	763
1336	763
1336	764
1337	764
1337	766
1338	766
1338	767
1339	767
1339	769
1340	769
1340	772
1341	772
1341	775
1342	775
1342	776
1341	776
1341	778
1340	778
1340	779
1332	779
1332	778
1328	778
1328	786
1327	786
1327	787
1328	787
1328	788
1327	788
1327	790
1326	790
1326	791
1327	791
1327	792
1326	792
1326	800
1325	800
1325	807
1324	807
1324	821
1325	821
1325	822
1324	822
1324	824
1325	824
1325	832
1326	832
1326	840
1327	840
1327	841
1326	841
1326	845
1327	845
1327	849
1328	849
1328	853
1330	853
1330	856
1331	856
1331	857
1332	857
1332	859
1333	859
1333	860
1334	860
1334	861
1335	861
1335	863
1336	863
1336	864
1338	864
1338	865
1345	865
1345	866
1346	866
1346	865
1352	865
1352	866
1353	866
1353	867
1354	867
1354	868
1355	868
1355	870
1357	870
1357	872
1358	872
1358	873
1360	873
1360	874
1364	874
1364	873
1368	873
1368	874
1372	874
1372	873
1375	873
1375	874
1383	874
1383	875
1392	875
1392	874
1397	874
1397	872
1398	872
1398	871
1399	871
1399	869
1400	869
1400	867
1401	867
1401	865
1402	865
1402	863
1401	863
1401	857
1400	857
1400	856
1401	856
1401	853
1402	853
1402	852
1403	852
1403	846
1404	846
1404	844
1405	844
1405	827
1406	827
1406	825
1408	825
1408	824
1409	824
1409	823
1410	823
1410	819
1411	819
1411	818
1414	818
1414	817
1417	817
1417	816
1418	816
1418	815
1419	815
1419	814
1420	814
1420	813
1422	813
1422	811
1427	811
1427	812
1431	812
1431	813
1435	813
1435	814
1436	814
1436	815
1437	815
1437	816
1438	816
1438	815
1442	815
1442	816
1444	816
1444	817
1446	817
1446	818
1447	818
1447	819
1449	819
1449	820
1450	820
1450	821
1451	821
1451	822
1452	822
1452	824
1453	824
1453	825
1454	825
1454	826
1455	826
1455	827
1456	827
1456	828
1457	828
1457	830
1458	830
1458	831
1459	831
1459	834
1460	834
1460	835
1461	835
1461	836
1462	836
1462	838
1463	838
1463	843
1465	843
1465	846
1466	846
1466	852
1467	852
1467	854
1468	854
1468	858
1469	858
1469	862
1470	862
1470	867
1471	867
1471	869
1472	869
1472	872
1473	872
1473	874
1474	874
1474	875
1475	875
1475	877
1476	877
1476	882
1477	882
1477	883
1478	883
1478	884
1479	884
1479	886
1480	886
1480	887
1481	887
1481	888
1480	888
1480	892
1481	892
1481	893
1482	893
1482	894
1483	894
1483	899
1484	899
1484	905
1483	905
1483	907
1484	907
1484	908
1483	908
1483	909
1482	909
1482	911
1483	911
1483	914
1485	914
1485	915
1484	915
1484	917
1483	917
1483	928
1484	928
1484	929
1483	929
1483	935
1482	935
1482	936
1483	936
1483	940
1484	940
1484	943
1483	943
1483	944
1484	944
1484	954
1483	954
1483	955
1484	955
1484	969
1485	969
1485	970
1484	970
1484	973
1485	973
1485	975
1484	975
1484	976
1485	976
1485	985
1486	985
1486	997
1485	997
1485	998
1486	998
1486	999
1485	999
1485	1004
1486	1004
1486	1005
1485	1005
1485	1011
1486	1011
1486	1015
1487	1015
1487	1018
1488	1018
1488	1020
1489	1020
1489	1022
1490	1022
1490	1023
1491	1023
1491	1025
1492	1025
1492	1028
1493	1028
1493	1029
1494	1029
1494	1030
1495	1030
1495	1031
1496	1031
1496	1032
1498	1032
1498	1033
1500	1033
1500	1034
1501	1034
1501	1035
1502	1035
1502	1036
1505	1036
1505	1037
1506	1037
1506	1038
1507	1038
1507	1039
1509	1039
1509	1040
1510	1040
1510	1041
1512	1041
1512	1042
1514	1042
1514	1043
1515	1043
1515	1044
1517	1044
1517	1045
1521	1045
1521	1046
1537	1046
1537	1045
1541	1045
1541	1046
1542	1046
1542	1045
1546	1045
1546	1044
1547	1044
1547	1045
1549	1045
1549	1044
1552	1044
1552	1045
1554	1045
1554	1044
1565	1044
1565	1043
1572	1043
1572	1042
1575	1042
1575	1041
1576	1041
1576	1040
1578	1040
1578	1039
1580	1039
1580	1038
1584	1038
1584	1037
1586	1037
1586	1038
1588	1038
1588	1037
1594	1037
1594	1036
1596	1036
1596	1035
1599	1035
1599	1034
1602	1034
1602	1033
1603	1033
1603	1032
1604	1032
1604	1031
1605	1031
1605	1030
1606	1030
1606	1029
1608	1029
1608	1028
1610	1028
1610	1027
1612	1027
1612	1025
1615	1025
1615	1024
1619	1024
1619	1023
1621	1023
1621	1022
1622	1022
1622	1021
1623	1021
1623	1020
1624	1020
1624	1018
1625	1018
1625	1017
1626	1017
1626	1016
1627	1016
1627	1015
1628	1015
1628	1014
1629	1014
1629	1009
1630	1009
1630	1007
1631	1007
1631	1003
1632	1003
1632	1001
1633	1001
1633	997
1634	997
1634	992
1635	992
1635	987
1636	987
1636	979
1635	979
1635	978
1636	978
1636	973
1635	973
1635	966
1634	966
1634	963
1633	963
1633	961
1634	961
1634	959
1633	959
1633	957
1632	957
1632	953
1631	953
1631	936
1632	936
1632	929
1633	929
1633	922
1634	922
1634	912
1633	912
1633	911
1634	911
1634	907
1635	907
1635	906
1634	906
1634	905
1635	905
1635	902
1636	902
1636	899
1637	899
1637	894
1638	894
1638	893
1639	893
1639	892
1640	892
1640	891
1641	891
1641	890
1642	890
1642	889
1643	889
1643	888
1644	888
1644	887
1645	887
1645	886
1646	886
1646	885
1648	885
1648	884
1650	884
1650	883
1651	883
1651	882
1650	882
1650	881
1651	881
1651	882
1652	882
1652	881
1657	881
1657	880
1659	880
1659	881
1661	881
1661	880
1663	880
1663	879
1675	879
1675	878
1678	878
1678	879
1680	879
1680	878
1689	878
1689	879
1691	879
1691	878
1692	878
1692	879
1699	879
1699	880
1701	880
1701	879
1705	879
1705	878
1710	878
1710	877
1715	877
1715	876
1718	876
1718	875
1720	875
1720	874
1721	874
1721	873
1722	873
1722	872
1723	872
1723	871
1724	871
1724	870
1726	870
1726	868
1728	868
1728	867
1729	867
1729	865
1730	865
1730	863
1731	863
1731	862
1732	862
1732	861
1734	861
1734	858
1735	858
1735	853
1734	853
1734	852
1735	852
1735	843
1736	843
1736	840
1737	840
1737	839
1736	839
1736	837
1735	837
1735	835
1734	835
1734	833
1733	833
1733	829
1732	829
1732	828
1731	828
1731	826
1732	826
1732	825
1733	825
1733	822
1732	822
1732	819
1733	819
1733	818
1735	818
1735	817
1736	817
1736	815
1738	815
1738	814
1740	814
1740	812
1741	812
1741	811
1745	811
1745	810
1746	810
1746	811
1747	811
1747	810
1751	810
1751	811
1754	811
1754	812
1762	812
1762	811
1764	811
1764	812
1767	812
1767	813
1768	813
1768	814
1770	814
1770	817
1772	817
1772	818
1773	818
1773	819
1776	819
1776	821
1777	821
1777	822
1778	822
1778	823
1779	823
1779	824
1780	824
1780	827
1781	827
1781	829
1782	829
1782	832
1783	832
1783	838
1784	838
1784	841
1785	841
1785	846
1784	846
1784	849
1785	849
1785	850
1787	850
1787	849
1791	849
1791	850
1792	850
1792	852
1791	852
1791	855
1790	855
1790	856
1789	856
1789	857
1788	857
1788	858
1787	858
1787	859
1786	859
1786	860
1785	860
1785	861
1784	861
1784	862
1783	862
1783	863
1782	863
1782	862
1781	862
1781	861
1780	861
1780	860
1779	860
1779	857
1778	857
1778	852
1777	852
1777	849
1778	849
1778	846
1777	846
1777	845
1778	845
1778	839
1777	839
1777	837
1776	837
1776	833
1775	833
1775	832
1774	832
1774	831
1773	831
1773	829
1772	829
1772	828
1771	828
1771	827
1770	827
1770	826
1768	826
1768	825
1766	825
1766	824
1765	824
1765	822
1763	822
1763	821
1762	821
1762	822
1757	822
1757	821
1753	821
1753	820
1749	820
1749	819
1746	819
1746	820
1744	820
1744	822
1741	822
1741	823
1740	823
1740	825
1739	825
1739	827
1740	827
1740	828
1741	828
1741	829
1742	829
1742	832
1743	832
1743	834
1744	834
1744	843
1743	843
1743	847
1742	847
1742	849
1743	849
1743	852
1742	852
1742	855
1741	855
1741	864
1740	864
1740	865
1739	865
1739	868
1738	868
1738	869
1737	869
1737	870
1735	870
1735	872
1734	872
1734	873
1733	873
1733	874
1732	874
1732	875
1731	875
1731	876
1730	876
1730	877
1729	877
1729	878
1727	878
1727	879
1726	879
1726	880
1725	880
1725	881
1723	881
1723	882
1722	882
1722	883
1720	883
1720	885
1718	885
1718	886
1714	886
1714	887
1712	887
1712	888
1709	888
1709	889
1700	889
1700	888
1693	888
1693	887
1691	887
1691	888
1689	888
1689	887
1679	887
1679	886
1675	886
1675	887
1672	887
1672	886
1671	886
1671	887
1669	887
1669	888
1659	888
1659	889
1655	889
1655	890
1653	890
1653	892
1651	892
1651	893
1650	893
1650	894
1648	894
1648	895
1647	895
1647	896
1646	896
1646	898
1645	898
1645	900
1644	900
1644	902
1643	902
1643	908
1642	908
1642	911
1641	911
1641	916
1642	916
1642	917
1641	917
1641	918
1642	918
1642	923
1641	923
1641	927
1640	927
1640	930
1639	930
1639	932
1640	932
1640	933
1639	933
1639	943
1640	943
1640	944
1639	944
1639	946
1640	946
1640	950
1639	950
1639	952
1638	952
1638	953
1640	953
1640	954
1641	954
1641	960
1642	960
1642	963
1643	963
1643	970
1644	970
1644	979
1643	979
1643	981
1644	981
1644	988
1643	988
1643	991
1642	991
1642	995
1641	995
1641	998
1640	998
1640	999
1641	999
1641	1001
1640	1001
1640	1004
1639	1004
1639	1005
1640	1005
1640	1006
1639	1006
1639	1007
1640	1007
1640	1008
1639	1008
1639	1009
1638	1009
1638	1012
1637	1012
1637	1014
1636	1014
1636	1017
1635	1017
1635	1019
1634	1019
1634	1021
1633	1021
1633	1022
1632	1022
1632	1023
1631	1023
1631	1024
1630	1024
1630	1026
1629	1026
1629	1028
1627	1028
1627	1029
1625	1029
1625	1030
1624	1030
1624	1031
1622	1031
1622	1032
1621	1032
1621	1031
1620	1031
1620	1032
1618	1032
1618	1033
1617	1033
1617	1034
1614	1034
1614	1035
1612	1035
1612	1036
1611	1036
1611	1037
1610	1037
1610	1038
1608	1038
1608	1039
1607	1039
1607	1041
1606	1041
1606	1042
1604	1042
1604	1043
1601	1043
1601	1044
1597	1044
1597	1045
1584	1045
1584	1046
1582	1046
1582	1047
1581	1047
1581	1048
1580	1048
1580	1049
1578	1049
1578	1050
1576	1050
1576	1051
1573	1051
1573	1052
1571	1052
1571	1053
1569	1053
1569	1052
1561	1052
1561	1053
1547	1053
1547	1052
1546	1052
1546	1053
1540	1053
1540	1054
1535	1054
1535	1055
1524	1055
1524	1054
1519	1054
1519	1053
1517	1053
1517	1052
1516	1052
1516	1051
1514	1051
1514	1052
1513	1052
1513	1051
1512	1051
1512	1050
1510	1050
1510	1049
1508	1049
1508	1047
1506	1047
1506	1046
1505	1046
1505	1045
1504	1045
1504	1044
1503	1044
1503	1043
1500	1043
1500	1042
1497	1042
1497	1041
1495	1041
1495	1040
1493	1040
1493	1038
1492	1038
1492	1036
1491	1036
1491	1035
1490	1035
1490	1034
1489	1034
1489	1033
1488	1033
1488	1031
1486	1031
1486	1028
1484	1028
1484	1025
1483	1025
1483	1024
1482	1024
1482	1022
1481	1022
1481	1018
1480	1018
1480	1015
1479	1015
1479	1012
1478	1012
1478	1001
1479	1001
1479	1000
1478	1000
1478	999
1479	999
1479	992
1480	992
1480	991
1479	991
1479	985
1478	985
1478	978
1477	978
1477	974
1478	974
1478	972
1477	972
1477	970
1478	970
1478	968
1477	968
1477	961
1476	961
1476	960
1477	960
1477	958
1476	958
1476	941
1477	941
1477	938
1476	938
1476	936
1477	936
1477	919
1476	919
1476	918
1477	918
1477	917
1476	917
1476	915
1477	915
1477	912
1476	912
1476	907
1477	907
1477	906
1476	906
1476	903
1477	903
1477	901
1476	901
1476	895
1475	895
1475	893
1474	893
1474	891
1473	891
1473	889
1472	889
1472	888
1471	888
1471	887
1470	887
1470	884
1469	884
1469	881
1468	881
1468	879
1466	879
1466	877
1465	877
1465	875
1464	875
1464	872
1463	872
1463	871
1462	871
1462	865
1461	865
1461	859
1460	859
1460	855
1459	855
1459	853
1458	853
1458	850
1457	850
1457	845
1456	845
1456	844
1455	844
1455	843
1454	843
1454	839
1453	839
1453	838
1452	838
1452	836
1451	836
1451	834
1450	834
1450	833
1449	833
1449	832
1448	832
1448	830
1447	830
1447	829
1445	829
1445	827
1443	827
1443	826
1439	826
1439	825
1437	825
1437	824
1436	824
1436	825
1435	825
1435	824
1434	824
1434	823
1430	823
1430	822
1429	822
1429	821
1426	821
1426	820
1425	820
1425	821
1423	821
1423	823
1422	823
1422	824
1420	824
1420	825
1418	825
1418	826
1416	826
1416	827
1415	827
1415	829
1414	829
1414	842
1413	842
1413	845
1412	845
1412	849
1411	849
1411	852
1410	852
1410	853
1411	853
1411	854
1410	854
1410	857
1409	857
1409	862
1410	862
1410	865
1409	865
1409	869
1408	869
1408	871
1407	871
1407	873
1406	873
1406	874
1407	874
1407	875
1406	875
1406	876
1404	876
1404	877
1403	877
1403	880
1402	880
1402	881
1400	881
1400	882
1398	882
1398	884
1397	884
1397	883
1391	883
1391	884
1387	884
1387	883
1381	883
1381	882
1363	882
1363	881
1358	881
1358	880
1357	880
1357	881
1356	881
1356	879
1355	879
1355	878
1354	878
1354	877
1353	877
1353	876
1352	876
1352	875
1349	875
1349	874
1348	874
1348	875
1345	875
1345	874
1335	874
1335	873
1334	873
1334	871
1333	871
1333	869
1332	869
1332	868
1331	868
1331	867
1329	867
1329	866
1328	866
1328	865
1326	865
1326	863
1324	863
1324	861
1323	861
1323	859
1322	859
1322	858
1321	858
1321	854
1320	854
1320	849
1319	849
1319	846
1320	846
1320	845
1319	845
1319	843
1320	843
1320	841
1319	841
1319	835
1318	835
1318	823
1317	823
1317	802
1318	802
1318	798
1319	798
1319	794
1320	794
1320	783
1321	783
1321	780
1322	780
1322	777
1315	777
1315	778
1313	778
1313	777
1311	777
1311	778
1305	778
1305	779
1295	779
1295	780
1292	780
1292	781
1289	781
1289	782
1288	782
1288	781
1286	781
1286	782
1284	782
1284	783
1281	783
1281	784
1277	784
1277	785
1275	785
1275	786
1274	786
1274	791
1273	791
1273	793
1272	793
1272	795
1271	795
1271	798
1270	798
1270	802
1269	802
1269	806
1268	806
1268	814
1267	814
1267	815
1268	815
1268	821
1269	821
1269	822
1268	822
1268	828
1267	828
1267	832
1268	832
1268	833
1267	833
1267	835
1268	835
1268	845
1267	845
1267	846
1268	846
1268	851
1267	851
1267	858
1268	858
1268	865
1267	865
1267	867
1268	867
1268	870
1269	870
1269	878
1270	878
1270	882
1271	882
1271	883
1270	883
1270	885
1271	885
1271	892
1272	892
1272	893
1271	893
1271	894
1272	894
1272	895
1271	895
1271	896
1272	896
1272	903
1273	903
1273	904
1274	904
1274	905
1273	905
1273	907
1274	907
1274	908
1273	908
1273	909
1274	909
1274	917
1275	917
1275	925
1274	925
1274	930
1275	930
1275	938
1274	938
1274	941
1273	941
1273	947
1272	947
1272	948
1271	948
1271	951
1270	951
1270	953
1269	953
1269	954
1268	954
1268	955
1267	955
1267	956
1265	956
1265	957
1262	957
1262	958
1260	958
1260	959
1257	959
1257	960
1255	960
1255	961
1254	961
1254	960
1253	960
1253	961
1252	961
1252	963
1250	963
1250	964
1249	964
1249	965
1248	965
1248	966
1247	966
1247	967
1245	967
1245	968
1242	968
1242	969
1240	969
1240	970
1238	970
1238	971
1234	971
1234	972
1233	972
1233	973
1230	973
1230	974
1209	974
1209	973
1207	973
1207	972
1206	972
1206	973
1205	973
1205	972
1203	972
1203	971
1201	971
1201	972
1194	972
1194	973
1186	973
1186	972
1185	972
1185	971
1184	971
1184	970
1182	970
1182	969
1180	969
1180	968
1175	968
1175	967
1174	967
1174	968
1172	968
1172	967
1169	967
1169	966
1168	966
1168	965
1167	965
1167	964
1165	964
1165	963
1164	963
1164	962
1162	962
1162	961
1160	961
1160	960
1159	960
1159	959
1158	959
1158	958
1156	958
1156	957
1152	957
1152	956
1146	956
1146	955
1145	955
1145	956
1139	956
1139	955
1136	955
1136	954
1135	954
1135	953
1134	953
1134	952
1133	952
1133	951
1132	951
1132	950
1131	950
1131	947
1130	947
1130	943
1131	943
1131	941
1130	941
1130	940
1131	940
1131	934
1132	934
1132	931
1133	931
1133	928
1134	928
1134	919
1133	919
1133	918
1132	918
1132	916
1131	916
1131	912
1130	912
1130	910
1129	910
1129	907
1128	907
1128	906
1127	906
1127	904
1126	904
1126	903
1125	903
1125	902
1124	902
1124	901
1123	901
1123	900
1121	900
1121	899
1113	899
1113	901
1112	901
1112	902
1113	902
1113	904
1112	904
1112	906
1111	906
1111	908
1110	908
1110	911
1109	911
1109	913
1108	913
1108	914
1107	914
1107	915
1106	915
1106	917
1105	917
1105	918
1104	918
1104	919
1103	919
1103	921
1102	921
1102	922
1101	922
1101	923
1100	923
1100	924
1099	924
1099	926
1098	926
1098	927
1097	927
1097	928
1094	928
1094	927
1092	927
1092	928
1091	928
1091	927
1085	927
1085	926
1080	926
1080	927
1075	927
1075	926
1074	926
1074	925
1072	925
1072	922
1071	922
1071	918
1072	918
1072	916
1073	916
1073	914
1074	914
1074	912
1075	912
1075	909
1076	909
1076	897
1075	897
1075	896
1074	896
1074	895
1073	895
1073	894
1072	894
1072	893
1071	893
1071	892
1070	892
1070	891
1069	891
1069	888
1068	888
1068	885
1069	885
1069	880
1070	880
1070	877
1069	877
1069	875
1068	875
1068	874
1066	874
1066	873
1064	873
1064	872
1061	872
1061	871
1059	871
1059	870
1057	870
1057	869
1055	869
1055	870
1052	870
1052	869
1049	869
1049	870
1048	870
1048	869
1039	869
1039	870
1032	870
1032	871
1027	871
1027	870
1026	870
1026	871
1024	871
1024	870
1020	870
1020	869
1018	869
1018	870
1017	870
1017	869
1006	869
1006	868
1004	868
1004	867
998	867
998	866
991	866
991	865
985	865
985	866
981	866
981	867
980	867
980	866
978	866
978	867
976	867
976	866
974	866
974	867
973	867
973	866
971	866
971	867
966	867
966	866
961	866
961	865
960	865
960	864
958	864
958	863
957	863
957	862
953	862
953	861
949	861
949	862
948	862
948	861
946	861
946	859
945	859
945	849
944	849
944	848
945	848
945	844
944	844
944	843
945	843
945	837
944	837
944	835
945	835
945	829
944	829
944	828
945	828
945	824
946	824
946	823
945	823
945	822
946	822
946	814
947	814
947	813
946	813
946	810
948	810
948	809
947	809
947	807
948	807
948	802
949	802
949	799
950	799
950	792
951	792
951	783
952	783
952	777
953	777
953	776
952	776
952	769
951	769
951	763
950	763
950	755
949	755
949	752
948	752
948	750
947	750
947	744
946	744
946	743
947	743
947	741
946	741
946	740
947	740
947	734
946	734
946	733
945	733
945	731
944	731
944	728
943	728
943	726
942	726
942	725
940	725
940	724
939	724
939	723
937	723
937	722
936	722
936	723
935	723
935	722
932	722
932	721
923	721
923	720
919	720
919	721
918	721
918	720
909	720
909	721
908	721
908	722
906	722
906	723
903	723
903	724
902	724
902	725
901	725
901	726
898	726
898	728
897	728
897	729
896	729
896	730
895	730
895	731
894	731
894	733
892	733
892	735
890	735
890	736
889	736
889	737
888	737
888	739
887	739
887	740
886	740
886	741
882	741
882	742
881	742
881	743
880	743
880	744
876	744
876	745
873	745
873	746
869	746
869	747
867	747
867	748
864	748
864	749
859	749
859	750
853	750
853	751
851	751
851	752
847	752
847	753
843	753
843	752
838	752
838	753
835	753
835	754
833	754
833	753
829	753
829	752
824	752
824	751
823	751
823	752
822	752
822	751
821	751
821	752
811	752
811	751
808	751
808	750
806	750
806	749
805	749
805	747
803	747
803	746
802	746
802	745
801	745
801	744
800	744
800	743
799	743
799	742
797	742
797	741
796	741
796	740
793	740
793	741
788	741
788	740
787	740
787	737
786	737
786	735
787	735
787	729
788	729
788	726
787	726
787	720
786	720
786	718
787	718
787	717
786	717
786	713
785	713
785	711
786	711
786	687
787	687
787	686
786	686
786	683
785	683
785	681
786	681
786	674
785	674
785	672
786	672
786	670
785	670
785	667
786	667
786	666
785	666
785	665
786	665
786	655
787	655
787	652
786	652
786	651
787	651
787	650
786	650
786	649
787	649
787	648
786	648
786	647
787	647
787	643
788	643
788	641
787	641
787	636
786	636
786	634
787	634
787	633
786	633
786	626
785	626
785	620
784	620
784	612
783	612
783	599
782	599
782	597
781	597
781	595
780	595
780	593
781	593
781	591
780	591
780	587
779	587
779	585
780	585
780	582
781	582
781	581
780	581
780	580
779	580
779	579
778	579
778	577
777	577
777	576
776	576
776	575
775	575
775	578
773	578
773	580
772	580
772	581
770	581
770	582
769	582
769	585
768	585
768	587
767	587
767	589
766	589
766	591
765	591
765	593
764	593
764	594
763	594
763	596
762	596
762	602
761	602
761	606
762	606
762	607
761	607
761	614
760	614
760	616
759	616
759	618
758	618
1937	943
1938	943
1938	946
1937	946
1937	947
1938	947
1938	950
1939	950
1939	951
1938	951
1938	952
1936	952
1936	951
1932	951
1932	950
1930	950
1930	949
1926	949
1926	950
1918	950
1918	949
1916	949
1916	948
1911	948
1911	947
1905	947
1905	946
1901	946
1901	945
1899	945
1899	946
1888	946
1888	944
1886	944
1886	943
1885	943
1885	942
1883	942
1883	941
1881	941
1881	940
1880	940
1880	939
1879	939
1879	938
1878	938
1878	937
1877	937
1877	936
1875	936
1875	935
1873	935
1873	934
1869	934
1869	933
1867	933
1867	932
1864	932
1864	931
1862	931
1862	930
1860	930
1860	929
1857	929
1857	928
1844	928
1844	927
1840	927
1840	926
1834	926
1834	925
1833	925
1833	926
1825	926
1825	925
1824	925
1824	924
1823	924
1823	925
1821	925
1821	924
1820	924
1820	925
1817	925
1817	924
1810	924
1810	923
1804	923
1804	922
1800	922
1800	921
1795	921
1795	920
1785	920
1785	919
1784	919
1784	912
1783	912
1783	909
1784	909
1784	907
1783	907
1783	904
1784	904
1784	901
1783	901
1783	899
1784	899
1784	897
1783	897
1783	887
1782	887
1782	885
1781	885
1781	881
1780	881
1780	879
1779	879
1779	877
1780	877
1780	876
1779	876
1779	873
1778	873
1778	869
1777	869
1777	866
1776	866
1776	858
1777	858
1777	855
1776	855
1776	854
1775	854
1775	853
1771	853
1771	854
1769	854
1769	856
1768	856
1768	863
1769	863
1769	867
1770	867
1770	870
1771	870
1771	874
1772	874
1772	876
1773	876
1773	880
1774	880
1774	882
1775	882
1775	889
1776	889
1776	895
1777	895
1777	899
1776	899
1776	912
1777	912
1777	924
1776	924
1776	926
1777	926
1777	927
1778	927
1778	928
1779	928
1779	929
1794	929
1794	930
1805	930
1805	931
1807	931
1807	932
1808	932
1808	931
1810	931
1810	932
1819	932
1819	933
1830	933
1830	934
1831	934
1831	933
1832	933
1832	934
1834	934
1834	935
1845	935
1845	936
1851	936
1851	937
1854	937
1854	938
1857	938
1857	939
1860	939
1860	940
1863	940
1863	941
1867	941
1867	942
1869	942
1869	943
1871	943
1871	944
1872	944
1872	945
1873	945
1873	946
1875	946
1875	947
1876	947
1876	948
1877	948
1877	949
1880	949
1880	950
1881	950
1881	951
1882	951
1882	952
1886	952
1886	953
1888	953
1888	954
1892	954
1892	955
1901	955
1901	954
1908	954
1908	953
1909	953
1909	954
1910	954
1910	955
1915	955
1915	956
1917	956
1917	955
1920	955
1920	956
1925	956
1925	957
1926	957
1926	956
1927	956
1927	957
1928	957
1928	958
1930	958
1930	959
1931	959
1931	960
1933	960
1933	961
1940	961
1940	960
1944	960
1944	958
1945	958
1945	957
1946	957
1946	955
1947	955
1947	951
1946	951
1946	948
1945	948
1945	943
1946	943
1946	942
1945	942
1945	939
1946	939
1946	938
1945	938
1945	936
1946	936
1946	932
1947	932
1947	926
1949	926
1949	925
1951	925
1951	924
1953	924
1953	923
1956	923
1956	922
1957	922
1957	921
1958	921
1958	920
1959	920
1959	919
1960	919
1960	918
1961	918
1961	916
1960	916
1960	914
1961	914
1961	912
1962	912
1962	909
1963	909
1963	907
1964	907
1964	902
1965	902
1965	901
1966	901
1966	896
1967	896
1967	895
1966	895
1966	889
1965	889
1965	885
1966	885
1966	883
1965	883
1965	873
1966	873
1966	869
1967	869
1967	864
1968	864
1968	862
1969	862
1969	858
1968	858
1968	857
1967	857
1967	856
1968	856
1968	853
1969	853
1969	852
1970	852
1970	850
1971	850
1971	849
1973	849
1973	848
1974	848
1974	847
1976	847
1976	846
1978	846
1978	845
1979	845
1979	844
1980	844
1980	843
1982	843
1982	841
1983	841
1983	839
1984	839
1984	837
1985	837
1985	835
1986	835
1986	833
1987	833
1987	831
1988	831
1988	826
1989	826
1989	823
1988	823
1988	822
1989	822
1989	814
1990	814
1990	811
1991	811
1991	810
1992	810
1992	808
1993	808
1993	807
1994	807
1994	806
1995	806
1995	805
1996	805
1996	804
1997	804
1997	803
2000	803
2000	801
2001	801
2001	800
2002	800
2002	799
2004	799
2004	796
2005	796
2005	794
2006	794
2006	793
2007	793
2007	792
2009	792
2009	791
2011	791
2011	792
2016	792
2016	793
2021	793
2021	794
2027	794
2027	795
2031	795
2031	796
2032	796
2032	795
2035	795
2035	796
2036	796
2036	797
2038	797
2038	799
2040	799
2040	800
2042	800
2042	801
2043	801
2043	803
2044	803
2044	804
2046	804
2046	805
2047	805
2047	807
2048	807
2048	808
2049	808
2049	810
2050	810
2050	811
2051	811
2051	812
2052	812
2052	813
2053	813
2053	815
2054	815
2054	818
2055	818
2055	821
2056	821
2056	823
2057	823
2057	826
2058	826
2058	829
2059	829
2059	830
2060	830
2060	832
2061	832
2061	835
2062	835
2062	838
2063	838
2063	840
2064	840
2064	843
2065	843
2065	844
2066	844
2066	848
2068	848
2068	850
2069	850
2069	851
2072	851
2072	850
2073	850
2073	851
2074	851
2074	850
2088	850
2088	851
2097	851
2097	850
2098	850
2098	851
2101	851
2101	852
2107	852
2107	853
2112	853
2112	854
2114	854
2114	855
2115	855
2115	854
2118	854
2118	855
2119	855
2119	857
2122	857
2122	856
2124	856
2124	857
2125	857
2125	858
2126	858
2126	859
2129	859
2129	860
2130	860
2130	861
2133	861
2133	862
2134	862
2134	863
2136	863
2136	864
2137	864
2137	865
2138	865
2138	866
2143	866
2143	867
2144	867
2144	866
2145	866
2145	867
2157	867
2157	868
2162	868
2162	869
2171	869
2171	870
2175	870
2175	871
2179	871
2179	872
2192	872
2192	873
2195	873
2195	872
2196	872
2196	873
2198	873
2198	872
2199	872
2199	871
2200	871
2200	869
2201	869
2201	868
2203	868
2203	867
2204	867
2204	865
2207	865
2207	864
2209	864
2209	863
2213	863
2213	862
2218	862
2218	863
2221	863
2221	864
2223	864
2223	865
2224	865
2224	866
2225	866
2225	867
2226	867
2226	868
2227	868
2227	869
2229	869
2229	870
2231	870
2231	871
2232	871
2232	874
2233	874
2233	875
2234	875
2234	877
2236	877
2236	878
2238	878
2238	879
2239	879
2239	880
2241	880
2241	881
2242	881
2242	883
2244	883
2244	885
2246	885
2246	886
2247	886
2247	888
2248	888
2248	890
2249	890
2249	891
2250	891
2250	892
2251	892
2251	894
2252	894
2252	898
2254	898
2254	899
2257	899
2257	900
2264	900
2264	899
2269	899
2269	898
2270	898
2270	899
2273	899
2273	898
2275	898
2275	897
2280	897
2280	896
2282	896
2282	895
2288	895
2288	894
2292	894
2292	895
2297	895
2297	896
2299	896
2299	895
2301	895
2301	896
2302	896
2302	897
2304	897
2304	898
2305	898
2305	899
2306	899
2306	898
2307	898
2307	899
2316	899
2316	898
2318	898
2318	899
2322	899
2322	900
2324	900
2324	899
2326	899
2326	900
2329	900
2329	899
2334	899
2334	900
2335	900
2335	901
2338	901
2338	902
2348	902
2348	903
2349	903
2349	902
2350	902
2350	903
2351	903
2351	904
2353	904
2353	905
2358	905
2358	903
2359	903
2359	902
2360	902
2360	901
2361	901
2361	898
2362	898
2362	896
2363	896
2363	894
2364	894
2364	889
2365	889
2365	885
2366	885
2366	876
2365	876
2365	875
2366	875
2366	871
2367	871
2367	868
2368	868
2368	849
2369	849
2369	847
2370	847
2370	835
2369	835
2369	832
2365	832
2365	831
2364	831
2364	830
2361	830
2361	827
2360	827
2360	825
2361	825
2361	824
2362	824
2362	823
2361	823
2361	820
2360	820
2360	819
2361	819
2361	816
2362	816
2362	815
2363	815
2363	814
2364	814
2364	812
2365	812
2365	811
2366	811
2366	809
2367	809
2367	807
2368	807
2368	806
2369	806
2369	804
2370	804
2370	803
2371	803
2371	801
2372	801
2372	798
2373	798
2373	796
2374	796
2374	795
2375	795
2375	794
2376	794
2376	793
2377	793
2377	792
2378	792
2378	791
2379	791
2379	790
2380	790
2380	789
2382	789
2382	788
2383	788
2383	787
2384	787
2384	786
2386	786
2386	783
2387	783
2387	782
2388	782
2388	781
2389	781
2389	780
2390	780
2390	777
2391	777
2391	776
2392	776
2392	771
2391	771
2391	769
2390	769
2390	766
2389	766
2389	761
2388	761
2388	759
2389	759
2389	756
2388	756
2388	752
2389	752
2389	748
2390	748
2390	745
2391	745
2391	744
2392	744
2392	743
2393	743
2393	740
2394	740
2394	737
2395	737
2395	736
2396	736
2396	735
2397	735
2397	733
2398	733
2398	731
2399	731
2399	730
2400	730
2400	728
2401	728
2401	726
2402	726
2402	725
2404	725
2404	723
2407	723
2407	722
2409	722
2409	721
2415	721
2415	720
2424	720
2424	721
2426	721
2426	722
2428	722
2428	723
2429	723
2429	722
2431	722
2431	721
2440	721
2440	720
2444	720
2444	719
2445	719
2445	718
2446	718
2446	717
2447	717
2447	716
2448	716
2448	715
2449	715
2449	712
2450	712
2450	711
2451	711
2451	710
2452	710
2452	707
2453	707
2453	705
2454	705
2454	703
2455	703
2455	702
2456	702
2456	700
2457	700
2457	696
2458	696
2458	694
2459	694
2459	693
2460	693
2460	692
2462	692
2462	691
2463	691
2463	690
2464	690
2464	689
2465	689
2465	686
2466	686
2466	684
2467	684
2467	680
2468	680
2468	677
2469	677
2469	676
2470	676
2470	673
2469	673
2469	669
2470	669
2470	668
2471	668
2471	665
2472	665
2472	664
2473	664
2473	662
2474	662
2474	660
2475	660
2475	658
2476	658
2476	657
2477	657
2477	656
2479	656
2479	655
2480	655
2480	654
2481	654
2481	653
2486	653
2486	652
2489	652
2489	653
2492	653
2492	652
2494	652
2494	653
2501	653
2501	654
2503	654
2503	656
2504	656
2504	657
2505	657
2505	658
2506	658
2506	661
2507	661
2507	662
2508	662
2508	663
2509	663
2509	664
2510	664
2510	665
2511	665
2511	666
2512	666
2512	667
2513	667
2513	668
2514	668
2514	669
2515	669
2515	670
2516	670
2516	672
2518	672
2518	674
2519	674
2519	675
2520	675
2520	676
2523	676
2523	678
2524	678
2524	679
2526	679
2526	681
2527	681
2527	682
2528	682
2528	683
2529	683
2529	684
2530	684
2530	685
2531	685
2531	686
2533	686
2533	687
2534	687
2534	690
2535	690
2535	691
2536	691
2536	692
2537	692
2537	693
2538	693
2538	695
2539	695
2539	698
2540	698
2540	699
2541	699
2541	700
2542	700
2542	701
2543	701
2543	702
2542	702
2542	703
2544	703
2544	705
2545	705
2545	707
2546	707
2546	714
2547	714
2547	715
2548	715
2548	716
2553	716
2553	717
2555	717
2555	718
2556	718
2556	719
2557	719
2557	720
2559	720
2559	721
2560	721
2560	723
2561	723
2561	724
2562	724
2562	728
2563	728
2563	731
2565	731
2565	733
2566	733
2566	734
2567	734
2567	735
2568	735
2568	737
2569	737
2569	738
2570	738
2570	739
2572	739
2572	741
2573	741
2573	742
2574	742
2574	743
2575	743
2575	744
2576	744
2576	745
2577	745
2577	747
2579	747
2579	749
2580	749
2580	750
2581	750
2581	751
2582	751
2582	752
2583	752
2583	753
2585	753
2585	754
2586	754
2586	756
2588	756
2588	757
2590	757
2590	758
2591	758
2591	759
2592	759
2592	761
2593	761
2593	763
2595	763
2595	764
2598	764
2598	763
2601	763
2601	762
2606	762
2606	761
2617	761
2617	762
2619	762
2619	761
2620	761
2620	762
2623	762
2623	761
2636	761
2636	762
2640	762
2640	763
2645	763
2645	762
2646	762
2646	763
2651	763
2651	764
2665	764
2665	765
2668	765
2668	766
2673	766
2673	765
2678	765
2678	764
2680	764
2680	763
2682	763
2682	762
2683	762
2683	761
2687	761
2687	760
2688	760
2688	759
2689	759
2689	758
2691	758
2691	757
2692	757
2692	756
2694	756
2694	755
2695	755
2695	754
2696	754
2696	753
2697	753
2697	752
2699	752
2699	751
2700	751
2700	750
2701	750
2701	749
2704	749
2704	747
2706	747
2706	746
2711	746
2711	745
2716	745
2716	744
2718	744
2718	743
2719	743
2719	744
2720	744
2720	743
2721	743
2721	742
2724	742
2724	741
2726	741
2726	740
2729	740
2729	739
2732	739
2732	738
2736	738
2736	737
2739	737
2739	736
2741	736
2741	735
2743	735
2743	734
2746	734
2746	733
2747	733
2747	732
2752	732
2752	731
2754	731
2754	730
2756	730
2756	731
2757	731
2757	730
2759	730
2759	729
2762	729
2762	728
2766	728
2766	727
2767	727
2767	728
2769	728
2769	727
2775	727
2775	726
2784	726
2784	725
2787	725
2787	724
2790	724
2790	723
2794	723
2794	722
2798	722
2798	721
2802	721
2802	719
2806	719
2806	717
2808	717
2808	716
2809	716
2809	715
2812	715
2812	713
2813	713
2813	712
2814	712
2814	711
2816	711
2816	710
2817	710
2817	708
2818	708
2818	706
2820	706
2820	704
2821	704
2821	703
2822	703
2822	699
2823	699
2823	697
2824	697
2824	695
2825	695
2825	691
2826	691
2826	685
2827	685
2827	684
2826	684
2826	679
2827	679
2827	677
2828	677
2828	676
2827	676
2827	675
2828	675
2828	673
2827	673
2827	663
2828	663
2828	658
2829	658
2829	657
2830	657
2830	655
2831	655
2831	651
2832	651
2832	650
2833	650
2833	648
2835	648
2835	647
2834	647
2834	646
2835	646
2835	645
2836	645
2836	644
2838	644
2838	643
2841	643
2841	642
2845	642
2845	641
2846	641
2846	639
2850	639
2850	638
2851	638
2851	637
2852	637
2852	636
2853	636
2853	635
2855	635
2855	634
2856	634
2856	631
2857	631
2857	630
2858	630
2858	629
2859	629
2859	628
2860	628
2860	627
2861	627
2861	626
2862	626
2862	625
2863	625
2863	623
2865	623
2865	622
2866	622
2866	620
2870	620
2870	619
2873	619
2873	618
2874	618
2874	619
2875	619
2875	618
2877	618
2877	617
2882	617
2882	616
2885	616
2885	615
2887	615
2887	614
2888	614
2888	613
2890	613
2890	612
2891	612
2891	611
2892	611
2892	609
2894	609
2894	607
2895	607
2895	606
2896	606
2896	603
2897	603
2897	602
2898	602
2898	601
2899	601
2899	600
2901	600
2901	598
2903	598
2903	597
2906	597
2906	596
2908	596
2908	595
2910	595
2910	594
2912	594
2912	593
2913	593
2913	592
2915	592
2915	591
2917	591
2917	590
2918	590
2918	589
2919	589
2919	588
2921	588
2921	587
2924	587
2924	586
2926	586
2926	585
2928	585
2928	584
2932	584
2932	583
2934	583
2934	582
2935	582
2935	581
2938	581
2938	580
2939	580
2939	579
2940	579
2940	578
2941	578
2941	577
2944	577
2944	576
2945	576
2945	575
2948	575
2948	574
2949	574
2949	573
2950	573
2950	572
2952	572
2952	571
2954	571
2954	569
2956	569
2956	568
2958	568
2958	567
2960	567
2960	566
2963	566
2963	565
2964	565
2964	564
2965	564
2965	563
2966	563
2966	559
2967	559
2967	557
2966	557
2966	556
2967	556
2967	549
2968	549
2968	536
2969	536
2969	534
2968	534
2968	530
2969	530
2969	529
2968	529
2968	528
2969	528
2969	523
2970	523
2970	521
2969	521
2969	520
2968	520
2968	518
2969	518
2969	513
2970	513
2970	509
2969	509
2969	506
2970	506
2970	502
2969	502
2969	498
2971	498
2971	497
2969	497
2969	496
2970	496
2970	494
2971	494
2971	488
2972	488
2972	486
2971	486
2971	484
2972	484
2972	481
2971	481
2971	480
2972	480
2972	474
2973	474
2973	472
2974	472
2974	471
2973	471
2973	470
2974	470
2974	462
2973	462
2973	460
2974	460
2974	457
2973	457
2973	456
2974	456
2974	455
2976	455
2976	454
2993	454
2993	455
2996	455
2996	454
2998	454
2998	455
3001	455
3001	456
3004	456
3004	455
3006	455
3006	456
3008	456
3008	457
3010	457
3010	456
3013	456
3013	457
3025	457
3025	458
3027	458
3027	459
3029	459
3029	460
3030	460
3030	461
3032	461
3032	462
3034	462
3034	464
3035	464
3035	465
3036	465
3036	466
3037	466
3037	467
3038	467
3038	468
3039	468
3039	469
3042	469
3042	470
3043	470
3043	471
3044	471
3044	472
3046	472
3046	473
3047	473
3047	474
3048	474
3048	475
3051	475
3051	477
3052	477
3052	478
3053	478
3053	479
3055	479
3055	480
3056	480
3056	481
3057	481
3057	480
3060	480
3060	481
3068	481
3068	482
3075	482
3075	483
3084	483
3084	484
3087	484
3087	483
3092	483
3092	482
3093	482
3093	481
3100	481
3100	480
3104	480
3104	479
3106	479
3106	478
3108	478
3108	477
3111	477
3111	476
3112	476
3112	475
3114	475
3114	474
3116	474
3116	473
3118	473
3118	472
3120	472
3120	471
3123	471
3123	470
3125	470
3125	469
3127	469
3127	468
3129	468
3129	467
3130	467
3130	466
3132	466
3132	464
3134	464
3134	463
3135	463
3135	462
3136	462
3136	460
3137	460
3137	459
3138	459
3138	458
3139	458
3139	457
3140	457
3140	456
3141	456
3141	455
3142	455
3142	454
3143	454
3143	453
3144	453
3144	452
3146	452
3146	450
3148	450
3148	447
3149	447
3149	445
3152	445
3152	444
3153	444
3153	443
3154	443
3154	442
3156	442
3156	441
3157	441
3157	440
3158	440
3158	438
3159	438
3159	437
3160	437
3160	436
3161	436
3161	435
3162	435
3162	433
3164	433
3164	431
3165	431
3165	430
3166	430
3166	429
3168	429
3168	428
3169	428
3169	427
3170	427
3170	426
3171	426
3171	423
3172	423
3172	421
3173	421
3173	417
3174	417
3174	415
3173	415
3173	413
3174	413
3174	411
3173	411
3173	408
3172	408
3172	407
3173	407
3173	387
3174	387
3174	376
3176	376
3176	375
3177	375
3177	374
3175	374
3175	369
3176	369
3176	363
3177	363
3177	359
3178	359
3178	353
3179	353
3179	349
3180	349
3180	342
3181	342
3181	337
3180	337
3180	334
3179	334
3179	331
3178	331
3178	324
3177	324
3177	319
3176	319
3176	315
3177	315
3177	313
3178	313
3178	311
3179	311
3179	309
3180	309
3180	307
3181	307
3181	306
3182	306
3182	303
3183	303
3183	301
3185	301
3185	300
3186	300
3186	297
3187	297
3187	294
3188	294
3188	293
3189	293
3189	292
3192	292
3192	291
3194	291
3194	286
3196	286
3196	285
3195	285
3195	283
3196	283
3196	281
3197	281
3197	279
3200	279
3200	280
3201	280
3201	281
3202	281
3202	282
3203	282
3203	283
3205	283
3205	284
3207	284
3207	285
3209	285
3209	286
3210	286
3210	288
3211	288
3211	290
3213	290
3213	291
3214	291
3214	292
3215	292
3215	293
3219	293
3219	294
3223	294
3223	295
3224	295
3224	296
3227	296
3227	297
3238	297
3238	296
3239	296
3239	297
3240	297
3240	296
3242	296
3242	297
3245	297
3245	296
3250	296
3250	295
3255	295
3255	294
3256	294
3256	293
3260	293
3260	292
3262	292
3262	290
3265	290
3265	289
3268	289
3268	288
3269	288
3269	287
3272	287
3272	286
3273	286
3273	283
3274	283
3274	282
3275	282
3275	281
3276	281
3276	279
3277	279
3277	278
3278	278
3278	277
3279	277
3279	275
3280	275
3280	274
3281	274
3281	273
3283	273
3283	271
3284	271
3284	269
3285	269
3285	267
3288	267
3288	268
3290	268
3290	271
3291	271
3291	276
3292	276
3292	280
3293	280
3293	281
3294	281
3294	283
3295	283
3295	284
3296	284
3296	285
3297	285
3297	292
3298	292
3298	296
3299	296
3299	297
3298	297
3298	301
3299	301
3299	302
3300	302
3300	313
3301	313
3301	317
3302	317
3302	323
3303	323
3303	325
3304	325
3304	326
3314	326
3314	327
3315	327
3315	326
3316	326
3316	327
3318	327
3318	326
3319	326
3319	327
3320	327
3320	326
3321	326
3321	327
3324	327
3324	329
3325	329
3325	327
3328	327
3328	326
3331	326
3331	325
3333	325
3333	324
3334	324
3334	323
3336	323
3336	321
3337	321
3337	320
3338	320
3338	319
3339	319
3339	317
3340	317
3340	316
3341	316
3341	315
3342	315
3342	306
3343	306
3343	295
3342	295
3342	285
3341	285
3341	282
3340	282
3340	273
3341	273
3341	266
3342	266
3342	265
3343	265
3343	263
3344	263
3344	262
3345	262
3345	261
3346	261
3346	260
3347	260
3347	261
3348	261
3348	260
3350	260
3350	261
3352	261
3352	260
3355	260
3355	259
3358	259
3358	258
3359	258
3359	256
3361	256
3361	255
3362	255
3362	253
3363	253
3363	250
3364	250
3364	241
3365	241
3365	235
3366	235
3366	227
3367	227
3367	225
3368	225
3368	223
3369	223
3369	221
3370	221
3370	220
3369	220
3369	218
3370	218
3370	217
3369	217
3369	214
3368	214
3368	212
3366	212
3366	211
3364	211
3364	212
3363	212
3363	214
3361	214
3361	219
3360	219
3360	221
3359	221
3359	226
3358	226
3358	233
3357	233
3357	244
3356	244
3356	248
3355	248
3355	249
3354	249
3354	250
3351	250
3351	251
3344	251
3344	252
3343	252
3343	253
3340	253
3340	254
3338	254
3338	256
3337	256
3337	257
3336	257
3336	262
3335	262
3335	265
3334	265
3334	269
3333	269
3333	273
3332	273
3332	279
3333	279
3333	288
3332	288
3332	289
3333	289
3333	288
3334	288
3334	289
3335	289
3335	292
3334	292
3334	293
3335	293
3335	296
3336	296
3336	298
3335	298
3335	300
3336	300
3336	303
3335	303
3335	308
3334	308
3334	309
3335	309
3335	310
3334	310
3334	312
3333	312
3333	313
3332	313
3332	314
3331	314
3331	316
3329	316
3329	317
3326	317
3326	318
3321	318
3321	316
3319	316
3319	318
3314	318
3314	317
3309	317
3309	316
3308	316
3308	314
3307	314
3307	310
3306	310
3306	304
3305	304
3305	297
3304	297
3304	295
3305	295
3305	285
3304	285
3304	282
3303	282
3303	280
3302	280
3302	277
3301	277
3301	276
3300	276
3300	274
3299	274
3299	269
3298	269
3298	265
3297	265
3297	262
3296	262
3296	261
3297	261
3297	259
3296	259
3296	258
3294	258
3294	257
3292	257
3292	258
3289	258
3289	259
3287	259
3287	260
3284	260
3284	259
3283	259
3283	260
3281	260
3281	263
3280	263
3280	264
3278	264
3278	265
3277	265
3277	267
3278	267
3278	268
3274	268
3274	270
3272	270
3272	271
3270	271
3270	274
3269	274
3269	276
3268	276
3268	278
3267	278
3267	279
3265	279
3265	280
3263	280
3263	281
3262	281
3262	282
3260	282
3260	283
3257	283
3257	284
3254	284
3254	285
3251	285
3251	286
3247	286
3247	287
3243	287
3243	286
3241	286
3241	287
3239	287
3239	286
3238	286
3238	287
3236	287
3236	288
3235	288
3235	287
3227	287
3227	286
3224	286
3224	285
3222	285
3222	284
3220	284
3220	283
3219	283
3219	282
3218	282
3218	281
3214	281
3214	279
3213	279
3213	278
3211	278
3211	277
3210	277
3210	276
3209	276
3209	275
3208	275
3208	274
3207	274
3207	273
3205	273
3205	272
3204	272
3204	271
3203	271
3203	270
3202	270
3202	269
3200	269
3200	267
3198	267
3198	266
3197	266
3197	265
3196	265
3196	264
3195	264
3195	263
3192	263
3192	264
3191	264
3191	265
3190	265
3190	266
3189	266
3189	267
3188	267
3188	271
3187	271
3187	273
3188	273
3188	277
3189	277
3189	278
3188	278
3188	280
3189	280
3189	282
3187	282
3187	283
3186	283
3186	285
3185	285
3185	286
3183	286
3183	288
3182	288
3182	290
3181	290
3181	291
3180	291
3180	295
3178	295
3178	296
3176	296
3176	297
3175	297
3175	299
3174	299
3174	302
3173	302
3173	304
3172	304
3172	306
3171	306
3171	308
3170	308
3170	309
3169	309
3169	312
3168	312
3168	329
3169	329
3169	330
3170	330
3170	333
3171	333
3171	337
3172	337
3172	339
3173	339
3173	340
3172	340
3172	346
3173	346
3173	347
3172	347
3172	350
3170	350
3170	357
3169	357
3169	365
3168	365
3168	368
3167	368
3167	371
3168	371
3168	373
3167	373
3167	378
3166	378
3166	382
3167	382
3167	383
3166	383
3166	389
3165	389
3165	390
3166	390
3166	392
3165	392
3165	399
3164	399
3164	405
3165	405
3165	406
3164	406
3164	409
3165	409
3165	419
3164	419
3164	421
3163	421
3163	422
3162	422
3162	423
3160	423
3160	425
3159	425
3159	426
3158	426
3158	427
3156	427
3156	429
3155	429
3155	430
3154	430
3154	431
3153	431
3153	432
3152	432
3152	434
3151	434
3151	435
3150	435
3150	436
3149	436
3149	437
3148	437
3148	438
3146	438
3146	439
3144	439
3144	440
3143	440
3143	443
3142	443
3142	444
3140	444
3140	445
3139	445
3139	446
3138	446
3138	447
3137	447
3137	448
3136	448
3136	449
3135	449
3135	450
3134	450
3134	451
3133	451
3133	452
3132	452
3132	453
3131	453
3131	454
3130	454
3130	455
3129	455
3129	457
3128	457
3128	458
3127	458
3127	459
3126	459
3126	460
3125	460
3125	461
3121	461
3121	462
3119	462
3119	463
3118	463
3118	464
3116	464
3116	465
3115	465
3115	466
3113	466
3113	467
3111	467
3111	468
3109	468
3109	469
3105	469
3105	470
3103	470
3103	471
3101	471
3101	472
3097	472
3097	473
3095	473
3095	472
3094	472
3094	473
3093	473
3093	474
3092	474
3092	473
3089	473
3089	474
3073	474
3073	473
3068	473
3068	472
3062	472
3062	471
3058	471
3058	470
3055	470
3055	469
3053	469
3053	468
3052	468
3052	467
3051	467
3051	466
3050	466
3050	465
3049	465
3049	464
3047	464
3047	463
3044	463
3044	462
3043	462
3043	461
3040	461
3040	459
3039	459
3039	458
3036	458
3036	455
3035	455
3035	454
3033	454
3033	455
3032	455
3032	453
3029	453
3029	452
3028	452
3028	450
3026	450
3026	449
3024	449
3024	448
3015	448
3015	447
3011	447
3011	448
3010	448
3010	447
3007	447
3007	446
3003	446
3003	445
3000	445
3000	446
2994	446
2994	445
2991	445
2991	444
2989	444
2989	445
2984	445
2984	444
2977	444
2977	445
2971	445
2971	446
2968	446
2968	448
2967	448
2967	451
2966	451
2966	452
2967	452
2967	456
2966	456
2966	458
2965	458
2965	463
2966	463
2966	464
2967	464
2967	465
2966	465
2966	468
2965	468
2965	473
2964	473
2964	475
2965	475
2965	478
2964	478
2964	481
2963	481
2963	488
2962	488
2962	497
2961	497
2961	517
2962	517
2962	520
2961	520
2961	524
2962	524
2962	527
2961	527
2961	528
2962	528
2962	529
2961	529
2961	531
2960	531
2960	534
2961	534
2961	536
2960	536
2960	539
2961	539
2961	540
2960	540
2960	544
2959	544
2959	547
2960	547
2960	552
2959	552
2959	553
2960	553
2960	555
2959	555
2959	557
2958	557
2958	558
2956	558
2956	559
2954	559
2954	560
2953	560
2953	561
2951	561
2951	562
2949	562
2949	563
2947	563
2947	564
2946	564
2946	565
2945	565
2945	566
2944	566
2944	567
2942	567
2942	568
2940	568
2940	569
2939	569
2939	570
2937	570
2937	571
2936	571
2936	572
2935	572
2935	573
2933	573
2933	574
2931	574
2931	575
2927	575
2927	576
2926	576
2926	577
2924	577
2924	578
2920	578
2920	579
2918	579
2918	580
2916	580
2916	581
2914	581
2914	582
2913	582
2913	583
2912	583
2912	584
2911	584
2911	585
2908	585
2908	586
2907	586
2907	587
2906	587
2906	588
2904	588
2904	589
2901	589
2901	590
2898	590
2898	591
2895	591
2895	592
2894	592
2894	593
2893	593
2893	595
2892	595
2892	596
2890	596
2890	599
2889	599
2889	600
2888	600
2888	603
2887	603
2887	604
2885	604
2885	605
2884	605
2884	606
2883	606
2883	605
2882	605
2882	607
2880	607
2880	608
2876	608
2876	609
2875	609
2875	608
2873	608
2873	609
2869	609
2869	610
2866	610
2866	611
2865	611
2865	612
2863	612
2863	613
2862	613
2862	614
2860	614
2860	615
2859	615
2859	617
2857	617
2857	620
2855	620
2855	621
2854	621
2854	623
2852	623
2852	624
2851	624
2851	626
2850	626
2850	627
2848	627
2848	629
2847	629
2847	630
2846	630
2846	631
2844	631
2844	632
2843	632
2843	633
2837	633
2837	634
2834	634
2834	635
2832	635
2832	637
2830	637
2830	638
2829	638
2829	639
2827	639
2827	641
2826	641
2826	643
2825	643
2825	644
2824	644
2824	645
2825	645
2825	650
2824	650
2824	651
2823	651
2823	652
2822	652
2822	654
2821	654
2821	659
2820	659
2820	661
2821	661
2821	663
2820	663
2820	664
2819	664
2819	681
2818	681
2818	683
2819	683
2819	684
2818	684
2818	687
2819	687
2819	688
2818	688
2818	691
2817	691
2817	693
2816	693
2816	696
2815	696
2815	697
2814	697
2814	699
2813	699
2813	700
2812	700
2812	702
2811	702
2811	703
2809	703
2809	705
2808	705
2808	706
2806	706
2806	708
2804	708
2804	709
2803	709
2803	710
2802	710
2802	711
2800	711
2800	712
2798	712
2798	713
2797	713
2797	714
2796	714
2796	715
2791	715
2791	716
2788	716
2788	717
2784	717
2784	718
2779	718
2779	719
2772	719
2772	720
2770	720
2770	721
2766	721
2766	722
2756	722
2756	723
2752	723
2752	724
2747	724
2747	725
2744	725
2744	726
2742	726
2742	727
2740	727
2740	728
2738	728
2738	729
2736	729
2736	730
2734	730
2734	731
2732	731
2732	732
2724	732
2724	733
2721	733
2721	734
2718	734
2718	735
2716	735
2716	736
2714	736
2714	737
2711	737
2711	738
2709	738
2709	739
2706	739
2706	740
2701	740
2701	741
2700	741
2700	742
2699	742
2699	741
2698	741
2698	742
2696	742
2696	744
2695	744
2695	745
2694	745
2694	744
2693	744
2693	745
2692	745
2692	746
2691	746
2691	747
2690	747
2690	748
2688	748
2688	749
2686	749
2686	751
2684	751
2684	752
2680	752
2680	753
2679	753
2679	754
2677	754
2677	755
2676	755
2676	756
2672	756
2672	757
2669	757
2669	758
2667	758
2667	757
2665	757
2665	756
2663	756
2663	757
2662	757
2662	756
2651	756
2651	757
2650	757
2650	756
2639	756
2639	755
2638	755
2638	754
2636	754
2636	753
2634	753
2634	754
2627	754
2627	753
2623	753
2623	752
2621	752
2621	753
2618	753
2618	754
2610	754
2610	753
2606	753
2606	752
2605	752
2605	753
2604	753
2604	752
2603	752
2603	753
2602	753
2602	754
2599	754
2599	753
2594	753
2594	752
2593	752
2593	751
2592	751
2592	750
2591	750
2591	749
2589	749
2589	747
2588	747
2588	746
2587	746
2587	745
2585	745
2585	743
2584	743
2584	741
2581	741
2581	740
2580	740
2580	739
2579	739
2579	737
2578	737
2578	736
2576	736
2576	733
2574	733
2574	732
2572	732
2572	728
2570	728
2570	725
2569	725
2569	723
2568	723
2568	720
2566	720
2566	717
2565	717
2565	716
2564	716
2564	715
2563	715
2563	714
2560	714
2560	712
2558	712
2558	709
2557	709
2557	708
2555	708
2555	707
2553	707
2553	706
2552	706
2552	703
2551	703
2551	700
2550	700
2550	698
2548	698
2548	696
2547	696
2547	695
2546	695
2546	694
2545	694
2545	693
2546	693
2546	692
2545	692
2545	690
2544	690
2544	689
2543	689
2543	688
2542	688
2542	686
2541	686
2541	684
2539	684
2539	682
2538	682
2538	680
2537	680
2537	679
2536	679
2536	678
2534	678
2534	676
2533	676
2533	675
2532	675
2532	674
2531	674
2531	673
2530	673
2530	672
2528	672
2528	671
2527	671
2527	670
2526	670
2526	669
2524	669
2524	670
2523	670
2523	668
2524	668
2524	666
2522	666
2522	664
2520	664
2520	662
2518	662
2518	661
2517	661
2517	660
2516	660
2516	659
2515	659
2515	656
2513	656
2513	655
2512	655
2512	652
2511	652
2511	651
2510	651
2510	650
2509	650
2509	648
2508	648
2508	647
2507	647
2507	646
2504	646
2504	644
2499	644
2499	643
2494	643
2494	644
2490	644
2490	643
2485	643
2485	642
2482	642
2482	643
2479	643
2479	644
2478	644
2478	645
2477	645
2477	646
2476	646
2476	647
2475	647
2475	648
2474	648
2474	649
2473	649
2473	650
2471	650
2471	651
2470	651
2470	652
2469	652
2469	653
2468	653
2468	655
2467	655
2467	658
2466	658
2466	660
2465	660
2465	662
2464	662
2464	663
2463	663
2463	664
2462	664
2462	665
2463	665
2463	666
2462	666
2462	669
2461	669
2461	670
2462	670
2462	671
2461	671
2461	679
2460	679
2460	680
2459	680
2459	681
2458	681
2458	683
2457	683
2457	685
2456	685
2456	686
2454	686
2454	687
2452	687
2452	688
2451	688
2451	690
2450	690
2450	694
2449	694
2449	695
2448	695
2448	698
2447	698
2447	702
2446	702
2446	703
2445	703
2445	705
2444	705
2444	707
2443	707
2443	708
2442	708
2442	709
2441	709
2441	711
2440	711
2440	712
2438	712
2438	711
2433	711
2433	712
2432	712
2432	711
2431	711
2431	710
2430	710
2430	711
2427	711
2427	712
2423	712
2423	711
2416	711
2416	710
2415	710
2415	711
2414	711
2414	710
2412	710
2412	711
2407	711
2407	713
2404	713
2404	714
2403	714
2403	715
2400	715
2400	717
2398	717
2398	719
2394	719
2394	720
2395	720
2395	722
2394	722
2394	723
2393	723
2393	725
2392	725
2392	727
2391	727
2391	729
2390	729
2390	730
2389	730
2389	732
2388	732
2388	733
2387	733
2387	735
2386	735
2386	737
2385	737
2385	738
2386	738
2386	739
2384	739
2384	740
2383	740
2383	741
2382	741
2382	743
2381	743
2381	753
2380	753
2380	766
2381	766
2381	771
2382	771
2382	773
2383	773
2383	774
2382	774
2382	776
2381	776
2381	777
2380	777
2380	778
2379	778
2379	779
2378	779
2378	781
2377	781
2377	782
2376	782
2376	783
2375	783
2375	784
2374	784
2374	785
2372	785
2372	787
2371	787
2371	788
2370	788
2370	789
2369	789
2369	790
2368	790
2368	792
2367	792
2367	793
2366	793
2366	795
2365	795
2365	797
2364	797
2364	799
2363	799
2363	801
2362	801
2362	804
2360	804
2360	805
2359	805
2359	807
2358	807
2358	808
2357	808
2357	809
2356	809
2356	811
2355	811
2355	813
2354	813
2354	817
2353	817
2353	820
2354	820
2354	828
2355	828
2355	829
2354	829
2354	833
2355	833
2355	838
2356	838
2356	839
2358	839
2358	840
2361	840
2361	841
2362	841
2362	844
2361	844
2361	852
2360	852
2360	853
2361	853
2361	856
2360	856
2360	857
2361	857
2361	861
2360	861
2360	864
2361	864
2361	865
2360	865
2360	867
2359	867
2359	872
2358	872
2358	874
2359	874
2359	875
2360	875
2360	876
2359	876
2359	877
2360	877
2360	878
2359	878
2359	879
2358	879
2358	887
2357	887
2357	890
2356	890
2356	892
2355	892
2355	893
2354	893
2354	894
2352	894
2352	893
2349	893
2349	892
2348	892
2348	893
2346	893
2346	894
2342	894
2342	893
2340	893
2340	892
2330	892
2330	891
2321	891
2321	892
2320	892
2320	891
2314	891
2314	890
2309	890
2309	889
2308	889
2308	890
2305	890
2305	889
2302	889
2302	888
2299	888
2299	887
2298	887
2298	886
2297	886
2297	887
2293	887
2293	886
2282	886
2282	887
2279	887
2279	888
2277	888
2277	889
2274	889
2274	890
2269	890
2269	891
2260	891
2260	890
2257	890
2257	889
2255	889
2255	887
2254	887
2254	886
2253	886
2253	885
2254	885
2254	884
2253	884
2253	883
2252	883
2252	882
2251	882
2251	881
2250	881
2250	879
2249	879
2249	878
2248	878
2248	876
2247	876
2247	875
2245	875
2245	874
2244	874
2244	872
2241	872
2241	870
2240	870
2240	869
2239	869
2239	867
2238	867
2238	866
2236	866
2236	865
2235	865
2235	864
2234	864
2234	863
2233	863
2233	861
2232	861
2232	859
2230	859
2230	858
2229	858
2229	857
2228	857
2228	856
2224	856
2224	854
2221	854
2221	853
2220	853
2220	854
2218	854
2218	853
2212	853
2212	854
2210	854
2210	855
2206	855
2206	854
2203	854
2203	855
2202	855
2202	856
2200	856
2200	857
2199	857
2199	859
2198	859
2198	860
2196	860
2196	861
2195	861
2195	862
2194	862
2194	863
2190	863
2190	862
2189	862
2189	863
2186	863
2186	862
2178	862
2178	863
2174	863
2174	864
2172	864
2172	863
2171	863
2171	862
2170	862
2170	863
2168	863
2168	862
2167	862
2167	860
2159	860
2159	859
2153	859
2153	858
2142	858
2142	859
2141	859
2141	858
2134	858
2134	855
2125	855
2125	854
2123	854
2123	852
2122	852
2122	851
2121	851
2121	850
2120	850
2120	849
2117	849
2117	848
2114	848
2114	847
2110	847
2110	846
2107	846
2107	845
2103	845
2103	844
2102	844
2102	845
2100	845
2100	844
2099	844
2099	843
2097	843
2097	842
2096	842
2096	841
2095	841
2095	840
2093	840
2093	841
2086	841
2086	840
2085	840
2085	841
2078	841
2078	842
2077	842
2077	841
2071	841
2071	839
2070	839
2070	838
2069	838
2069	834
2068	834
2068	832
2067	832
2067	828
2066	828
2066	826
2065	826
2065	825
2064	825
2064	823
2063	823
2063	817
2062	817
2062	815
2061	815
2061	814
2060	814
2060	813
2061	813
2061	812
2060	812
2060	810
2059	810
2059	808
2058	808
2058	806
2057	806
2057	805
2056	805
2056	804
2055	804
2055	803
2054	803
2054	802
2053	802
2053	801
2052	801
2052	800
2051	800
2051	798
2050	798
2050	797
2048	797
2048	795
2047	795
2047	794
2045	794
2045	793
2044	793
2044	792
2042	792
2042	791
2041	791
2041	789
2040	789
2040	788
2038	788
2038	787
2036	787
2036	786
2033	786
2033	785
2032	785
2032	786
2028	786
2028	785
2026	785
2026	784
2025	784
2025	785
2023	785
2023	784
2018	784
2018	783
2016	783
2016	782
2004	782
2004	784
2003	784
2003	785
2002	785
2002	787
2001	787
2001	788
2000	788
2000	789
1999	789
1999	791
1998	791
1998	792
1997	792
1997	794
1996	794
1996	795
1995	795
1995	796
1993	796
1993	797
1991	797
1991	798
1989	798
1989	799
1988	799
1988	800
1987	800
1987	801
1986	801
1986	804
1985	804
1985	806
1984	806
1984	808
1983	808
1983	813
1982	813
1982	815
1981	815
1981	826
1980	826
1980	827
1979	827
1979	831
1978	831
1978	833
1977	833
1977	835
1976	835
1976	836
1975	836
1975	837
1974	837
1974	838
1971	838
1971	839
1970	839
1970	840
1969	840
1969	841
1968	841
1968	842
1966	842
1966	844
1964	844
1964	846
1963	846
1963	847
1962	847
1962	850
1961	850
1961	852
1960	852
1960	853
1959	853
1959	856
1958	856
1958	858
1959	858
1959	862
1960	862
1960	864
1959	864
1959	874
1958	874
1958	879
1959	879
1959	892
1958	892
1958	897
1957	897
1957	902
1956	902
1956	905
1955	905
1955	908
1956	908
1956	909
1955	909
1955	911
1954	911
1954	912
1953	912
1953	914
1952	914
1952	915
1947	915
1947	916
1944	916
1944	918
1942	918
1942	922
1941	922
1941	923
1940	923
1940	924
1939	924
1939	925
1940	925
1940	927
1939	927
1939	934
1938	934
1938	935
1937	935
