571	89
572	89
572	90
573	90
573	92
574	92
574	93
575	93
575	94
576	94
576	95
577	95
577	97
578	97
578	99
579	99
579	102
580	102
580	103
581	103
581	107
582	107
582	111
583	111
583	114
582	114
582	116
583	116
583	122
584	122
584	123
583	123
583	128
584	128
584	130
583	130
583	136
584	136
584	140
585	140
585	144
586	144
586	150
587	150
587	154
588	154
588	157
589	157
589	160
590	160
590	164
591	164
591	167
592	167
592	170
593	170
593	172
594	172
594	177
595	177
595	179
596	179
596	183
597	183
597	187
598	187
598	188
597	188
597	189
596	189
596	188
595	188
595	189
594	189
594	190
593	190
593	191
592	191
592	193
591	193
591	194
590	194
590	195
589	195
589	196
588	196
588	197
587	197
587	198
585	198
585	201
586	201
586	203
587	203
587	204
592	204
592	203
595	203
595	202
600	202
600	203
603	203
603	204
605	204
605	205
606	205
606	206
607	206
607	208
608	208
608	210
609	210
609	214
610	214
610	222
611	222
611	225
610	225
610	228
611	228
611	230
610	230
610	240
611	240
611	244
612	244
612	249
613	249
613	264
614	264
614	267
613	267
613	268
614	268
614	269
613	269
613	270
614	270
614	282
613	282
613	286
612	286
612	292
611	292
611	294
612	294
612	295
619	295
619	296
617	296
617	298
616	298
616	302
617	302
617	304
618	304
618	306
622	306
622	307
623	307
623	308
641	308
641	309
642	309
642	310
644	310
644	311
646	311
646	312
647	312
647	314
646	314
646	315
647	315
647	317
648	317
648	319
650	319
650	321
651	321
651	322
652	322
652	323
653	323
653	325
654	325
654	327
655	327
655	328
656	328
656	330
657	330
657	332
658	332
658	333
659	333
659	335
660	335
660	337
661	337
661	338
662	338
662	339
663	339
663	341
665	341
665	344
666	344
666	347
667	347
667	349
668	349
668	351
669	351
669	353
670	353
670	355
671	355
671	357
672	357
672	359
673	359
673	362
674	362
674	368
673	368
673	369
674	369
674	372
673	372
673	374
674	374
674	375
675	375
675	376
676	376
676	377
683	377
683	378
684	378
684	377
686	377
686	378
687	378
687	379
688	379
688	381
692	381
692	382
693	382
693	383
694	383
694	385
695	385
695	386
696	386
696	387
700	387
700	388
701	388
701	387
702	387
702	388
710	388
710	389
711	389
711	388
725	388
725	389
729	389
729	390
730	390
730	389
731	389
731	388
732	388
732	389
733	389
733	388
736	388
736	389
738	389
738	388
742	388
742	389
747	389
747	390
750	390
750	389
755	389
755	390
758	390
758	391
759	391
759	392
758	392
758	393
761	393
761	395
763	395
763	396
766	396
766	397
776	397
776	399
779	399
779	400
781	400
781	404
782	404
782	405
783	405
783	409
784	409
784	414
785	414
785	416
784	416
784	417
783	417
783	419
781	419
781	422
780	422
780	424
779	424
779	432
780	432
780	434
779	434
779	440
778	440
778	443
779	443
779	445
778	445
778	456
779	456
779	457
781	457
781	458
797	458
797	459
801	459
801	460
802	460
802	461
803	461
803	462
804	462
804	463
805	463
805	464
806	464
806	465
807	465
807	468
808	468
808	471
809	471
809	472
810	472
810	474
811	474
811	476
812	476
812	479
813	479
813	482
812	482
812	484
811	484
811	487
810	487
810	489
812	489
812	490
815	490
815	491
816	491
816	490
819	490
819	491
820	491
820	490
825	490
825	491
827	491
827	490
830	490
830	491
832	491
832	493
834	493
834	494
836	494
836	495
837	495
837	497
838	497
838	498
840	498
840	499
842	499
842	500
844	500
844	501
846	501
846	502
847	502
847	503
848	503
848	504
849	504
849	505
850	505
850	506
851	506
851	507
852	507
852	508
853	508
853	510
854	510
854	511
855	511
855	513
856	513
856	517
857	517
857	518
859	518
859	519
862	519
862	520
865	520
865	519
871	519
871	520
872	520
872	519
873	519
873	520
875	520
875	521
878	521
878	522
880	522
880	523
882	523
882	522
884	522
884	523
887	523
887	521
891	521
891	520
894	520
894	518
896	518
896	517
900	517
900	516
903	516
903	515
914	515
914	514
919	514
919	513
920	513
920	514
922	514
922	512
924	512
924	511
927	511
927	510
928	510
928	509
930	509
930	508
929	508
929	507
934	507
934	506
937	506
937	507
938	507
938	506
939	506
939	505
943	505
943	504
944	504
944	505
945	505
945	504
950	504
950	503
955	503
955	502
957	502
957	501
962	501
962	500
964	500
964	499
967	499
967	498
970	498
970	499
971	499
971	498
975	498
975	497
977	497
977	496
979	496
979	495
982	495
982	494
994	494
994	495
996	495
996	494
1004	494
1004	493
1012	493
1012	492
1022	492
1022	493
1023	493
1023	492
1026	492
1026	493
1033	493
1033	494
1035	494
1035	493
1044	493
1044	494
1052	494
1052	495
1055	495
1055	496
1057	496
1057	495
1058	495
1058	496
1059	496
1059	497
1060	497
1060	496
1065	496
1065	497
1068	497
1068	496
1069	496
1069	497
1070	497
1070	496
1075	496
1075	497
1077	497
1077	496
1080	496
1080	497
1082	497
1082	498
1092	498
1092	497
1094	497
1094	496
1097	496
1097	495
1100	495
1100	493
1101	493
1101	491
1103	491
1103	490
1104	490
1104	489
1107	489
1107	488
1109	488
1109	487
1111	487
1111	488
1114	488
1114	489
1119	489
1119	490
1122	490
1122	491
1123	491
1123	490
1124	490
1124	491
1129	491
1129	492
1130	492
1130	493
1132	493
1132	492
1136	492
1136	491
1137	491
1137	489
1138	489
1138	487
1139	487
1139	486
1140	486
1140	483
1141	483
1141	479
1142	479
1142	477
1143	477
1143	476
1144	476
1144	473
1145	473
1145	472
1146	472
1146	470
1147	470
1147	468
1148	468
1148	466
1149	466
1149	461
1150	461
1150	454
1151	454
1151	453
1152	453
1152	452
1153	452
1153	450
1154	450
1154	449
1155	449
1155	448
1156	448
1156	447
1157	447
1157	446
1158	446
1158	445
1159	445
1159	446
1160	446
1160	444
1162	444
1162	443
1166	443
1166	444
1168	444
1168	443
1170	443
1170	442
1171	442
1171	440
1172	440
1172	437
1173	437
1173	435
1174	435
1174	433
1175	433
1175	431
1176	431
1176	429
1177	429
1177	426
1178	426
1178	424
1179	424
1179	421
1180	421
1180	420
1181	420
1181	417
1182	417
1182	416
1183	416
1183	414
1184	414
1184	413
1185	413
1185	412
1186	412
1186	408
1187	408
1187	406
1188	406
1188	405
1189	405
1189	402
1190	402
1190	401
1191	401
1191	399
1192	399
1192	398
1194	398
1194	397
1195	397
1195	395
1196	395
1196	394
1197	394
1197	392
1199	392
1199	389
1202	389
1202	388
1203	388
1203	387
1204	387
1204	386
1205	386
1205	385
1206	385
1206	384
1208	384
1208	383
1210	383
1210	381
1213	381
1213	380
1216	380
1216	379
1223	379
1223	378
1233	378
1233	377
1236	377
1236	376
1237	376
1237	377
1239	377
1239	376
1240	376
1240	374
1241	374
1241	373
1243	373
1243	372
1245	372
1245	371
1247	371
1247	370
1250	370
1250	369
1251	369
1251	368
1252	368
1252	367
1254	367
1254	366
1258	366
1258	365
1260	365
1260	366
1264	366
1264	365
1272	365
1272	364
1274	364
1274	363
1275	363
1275	364
1277	364
1277	363
1280	363
1280	362
1284	362
1284	361
1286	361
1286	360
1287	360
1287	359
1289	359
1289	358
1291	358
1291	357
1292	357
1292	356
1293	356
1293	355
1295	355
1295	354
1297	354
1297	353
1300	353
1300	352
1301	352
1301	351
1302	351
1302	348
1303	348
1303	346
1304	346
1304	345
1306	345
1306	344
1310	344
1310	343
1312	343
1312	342
1315	342
1315	341
1316	341
1316	339
1317	339
1317	338
1318	338
1318	337
1319	337
1319	336
1320	336
1320	334
1322	334
1322	332
1325	332
1325	333
1332	333
1332	335
1334	335
1334	336
1336	336
1336	337
1337	337
1337	338
1339	338
1339	339
1340	339
1340	340
1341	340
1341	341
1343	341
1343	342
1344	342
1344	343
1345	343
1345	344
1346	344
1346	345
1348	345
1348	346
1350	346
1350	347
1351	347
1351	348
1352	348
1352	349
1354	349
1354	350
1355	350
1355	351
1356	351
1356	353
1357	353
1357	354
1359	354
1359	355
1360	355
1360	358
1361	358
1361	359
1363	359
1363	360
1364	360
1364	362
1365	362
1365	363
1366	363
1366	365
1367	365
1367	366
1368	366
1368	367
1369	367
1369	368
1370	368
1370	374
1371	374
1371	377
1372	377
1372	383
1373	383
1373	389
1374	389
1374	391
1375	391
1375	393
1376	393
1376	394
1377	394
1377	397
1376	397
1376	398
1377	398
1377	400
1378	400
1378	401
1377	401
1377	402
1378	402
1378	403
1379	403
1379	405
1378	405
1378	406
1377	406
1377	409
1378	409
1378	412
1379	412
1379	421
1378	421
1378	422
1379	422
1379	424
1380	424
1380	428
1381	428
1381	433
1380	433
1380	434
1381	434
1381	437
1382	437
1382	439
1383	439
1383	442
1384	442
1384	443
1383	443
1383	444
1384	444
1384	448
1386	448
1386	452
1387	452
1387	454
1388	454
1388	457
1389	457
1389	458
1390	458
1390	459
1391	459
1391	462
1390	462
1390	468
1391	468
1391	473
1392	473
1392	474
1393	474
1393	476
1394	476
1394	478
1396	478
1396	481
1398	481
1398	482
1399	482
1399	483
1400	483
1400	485
1401	485
1401	486
1402	486
1402	487
1403	487
1403	488
1404	488
1404	489
1406	489
1406	491
1407	491
1407	493
1408	493
1408	494
1409	494
1409	495
1410	495
1410	497
1411	497
1411	499
1412	499
1412	501
1413	501
1413	502
1414	502
1414	504
1415	504
1415	505
1416	505
1416	506
1417	506
1417	507
1418	507
1418	508
1419	508
1419	509
1420	509
1420	510
1422	510
1422	511
1423	511
1423	512
1424	512
1424	513
1427	513
1427	514
1428	514
1428	516
1430	516
1430	517
1431	517
1431	518
1432	518
1432	519
1434	519
1434	520
1436	520
1436	521
1437	521
1437	522
1439	522
1439	530
1440	530
1440	531
1441	531
1441	533
1442	533
1442	538
1443	538
1443	541
1444	541
1444	545
1445	545
1445	552
1446	552
1446	555
1445	555
1445	556
1446	556
1446	558
1445	558
1445	563
1446	563
1446	564
1447	564
1447	569
1448	569
1448	571
1449	571
1449	575
1450	575
1450	579
1451	579
1451	583
1452	583
1452	587
1454	587
1454	591
1455	591
1455	593
1456	593
1456	596
1457	596
1457	597
1458	597
1458	598
1457	598
1457	599
1458	599
1458	603
1459	603
1459	611
1460	611
1460	612
1461	612
1461	613
1465	613
1465	611
1466	611
1466	610
1467	610
1467	609
1468	609
1468	608
1469	608
1469	604
1470	604
1470	603
1473	603
1473	601
1472	601
1472	600
1471	600
1471	598
1469	598
1469	599
1466	599
1466	595
1465	595
1465	593
1464	593
1464	591
1463	591
1463	588
1462	588
1462	586
1461	586
1461	585
1462	585
1462	584
1461	584
1461	583
1460	583
1460	582
1459	582
1459	578
1458	578
1458	574
1457	574
1457	570
1456	570
1456	566
1455	566
1455	562
1454	562
1454	553
1455	553
1455	550
1454	550
1454	545
1453	545
1453	541
1452	541
1452	537
1451	537
1451	535
1450	535
1450	533
1449	533
1449	529
1451	529
1451	530
1452	530
1452	531
1454	531
1454	532
1456	532
1456	533
1457	533
1457	534
1461	534
1461	535
1465	535
1465	536
1466	536
1466	537
1469	537
1469	536
1470	536
1470	535
1469	535
1469	534
1468	534
1468	529
1465	529
1465	527
1462	527
1462	526
1460	526
1460	525
1458	525
1458	524
1457	524
1457	521
1456	521
1456	520
1455	520
1455	519
1454	519
1454	518
1453	518
1453	519
1452	519
1452	517
1451	517
1451	515
1450	515
1450	516
1444	516
1444	515
1443	515
1443	514
1441	514
1441	513
1440	513
1440	512
1439	512
1439	511
1438	511
1438	510
1436	510
1436	509
1434	509
1434	507
1430	507
1430	506
1429	506
1429	505
1428	505
1428	504
1426	504
1426	503
1425	503
1425	502
1423	502
1423	501
1422	501
1422	500
1421	500
1421	498
1420	498
1420	496
1419	496
1419	495
1418	495
1418	493
1417	493
1417	492
1416	492
1416	490
1415	490
1415	489
1414	489
1414	488
1413	488
1413	487
1412	487
1412	485
1411	485
1411	483
1410	483
1410	482
1408	482
1408	479
1407	479
1407	478
1405	478
1405	476
1404	476
1404	475
1403	475
1403	474
1401	474
1401	471
1400	471
1400	469
1399	469
1399	467
1398	467
1398	463
1397	463
1397	458
1396	458
1396	457
1397	457
1397	455
1396	455
1396	451
1395	451
1395	449
1394	449
1394	448
1393	448
1393	446
1392	446
1392	443
1391	443
1391	439
1390	439
1390	437
1389	437
1389	434
1390	434
1390	431
1389	431
1389	427
1388	427
1388	424
1387	424
1387	420
1386	420
1386	415
1385	415
1385	398
1384	398
1384	397
1385	397
1385	396
1384	396
1384	394
1385	394
1385	392
1384	392
1384	391
1383	391
1383	388
1382	388
1382	385
1381	385
1381	382
1380	382
1380	380
1379	380
1379	379
1380	379
1380	372
1379	372
1379	370
1378	370
1378	367
1377	367
1377	363
1376	363
1376	362
1375	362
1375	361
1374	361
1374	358
1373	358
1373	357
1372	357
1372	356
1371	356
1371	355
1370	355
1370	353
1367	353
1367	351
1366	351
1366	350
1365	350
1365	349
1364	349
1364	347
1363	347
1363	346
1362	346
1362	345
1360	345
1360	344
1359	344
1359	342
1358	342
1358	341
1356	341
1356	340
1354	340
1354	339
1353	339
1353	337
1351	337
1351	336
1349	336
1349	335
1347	335
1347	334
1345	334
1345	333
1344	333
1344	332
1343	332
1343	331
1342	331
1342	330
1341	330
1341	329
1340	329
1340	328
1339	328
1339	327
1337	327
1337	326
1333	326
1333	325
1332	325
1332	321
1331	321
1331	318
1332	318
1332	312
1333	312
1333	309
1334	309
1334	307
1335	307
1335	304
1334	304
1334	302
1333	302
1333	298
1332	298
1332	296
1328	296
1328	297
1327	297
1327	299
1326	299
1326	304
1325	304
1325	307
1323	307
1323	308
1324	308
1324	309
1325	309
1325	314
1324	314
1324	317
1323	317
1323	318
1322	318
1322	319
1321	319
1321	322
1319	322
1319	324
1318	324
1318	325
1317	325
1317	326
1316	326
1316	327
1315	327
1315	329
1314	329
1314	330
1313	330
1313	331
1312	331
1312	332
1311	332
1311	334
1310	334
1310	335
1308	335
1308	336
1306	336
1306	337
1305	337
1305	336
1304	336
1304	337
1302	337
1302	338
1301	338
1301	339
1300	339
1300	340
1298	340
1298	341
1297	341
1297	343
1296	343
1296	345
1295	345
1295	346
1293	346
1293	347
1291	347
1291	348
1289	348
1289	349
1287	349
1287	350
1286	350
1286	351
1285	351
1285	352
1284	352
1284	353
1281	353
1281	355
1280	355
1280	356
1276	356
1276	355
1274	355
1274	356
1273	356
1273	357
1272	357
1272	356
1267	356
1267	357
1256	357
1256	358
1255	358
1255	359
1254	359
1254	360
1248	360
1248	362
1245	362
1245	363
1242	363
1242	364
1240	364
1240	365
1238	365
1238	366
1237	366
1237	367
1236	367
1236	368
1234	368
1234	369
1233	369
1233	370
1221	370
1221	371
1220	371
1220	370
1217	370
1217	371
1212	371
1212	372
1211	372
1211	373
1210	373
1210	374
1207	374
1207	375
1205	375
1205	376
1204	376
1204	378
1201	378
1201	379
1200	379
1200	380
1199	380
1199	381
1197	381
1197	382
1196	382
1196	383
1195	383
1195	384
1194	384
1194	385
1193	385
1193	386
1192	386
1192	388
1190	388
1190	390
1189	390
1189	393
1188	393
1188	394
1187	394
1187	393
1186	393
1186	394
1185	394
1185	396
1184	396
1184	397
1183	397
1183	398
1182	398
1182	400
1181	400
1181	401
1180	401
1180	403
1179	403
1179	409
1178	409
1178	410
1177	410
1177	411
1175	411
1175	415
1174	415
1174	416
1173	416
1173	420
1172	420
1172	422
1171	422
1171	425
1170	425
1170	427
1169	427
1169	429
1168	429
1168	430
1167	430
1167	431
1166	431
1166	432
1165	432
1165	434
1163	434
1163	433
1161	433
1161	434
1160	434
1160	435
1158	435
1158	436
1157	436
1157	437
1156	437
1156	438
1154	438
1154	439
1152	439
1152	440
1151	440
1151	441
1150	441
1150	443
1149	443
1149	444
1147	444
1147	445
1146	445
1146	447
1145	447
1145	448
1144	448
1144	450
1143	450
1143	454
1142	454
1142	464
1141	464
1141	466
1140	466
1140	467
1139	467
1139	469
1137	469
1137	473
1136	473
1136	474
1134	474
1134	478
1133	478
1133	482
1130	482
1130	483
1128	483
1128	482
1127	482
1127	483
1124	483
1124	484
1119	484
1119	483
1115	483
1115	484
1114	484
1114	483
1113	483
1113	481
1111	481
1111	480
1109	480
1109	479
1105	479
1105	480
1104	480
1104	479
1103	479
1103	482
1102	482
1102	484
1098	484
1098	486
1097	486
1097	487
1095	487
1095	488
1093	488
1093	489
1088	489
1088	490
1086	490
1086	489
1084	489
1084	488
1083	488
1083	489
1077	489
1077	488
1076	488
1076	489
1075	489
1075	488
1068	488
1068	489
1064	489
1064	488
1058	488
1058	487
1051	487
1051	486
1049	486
1049	485
1039	485
1039	484
1038	484
1038	485
1032	485
1032	484
1030	484
1030	485
1029	485
1029	484
1024	484
1024	485
1021	485
1021	484
1006	484
1006	485
1003	485
1003	486
1000	486
1000	485
988	485
988	486
986	486
986	485
985	485
985	486
984	486
984	485
983	485
983	486
982	486
982	487
980	487
980	488
978	488
978	489
975	489
975	490
969	490
969	491
967	491
967	492
966	492
966	491
960	491
960	492
958	492
958	493
957	493
957	494
954	494
954	495
948	495
948	496
943	496
943	497
937	497
937	498
934	498
934	499
929	499
929	500
927	500
927	501
924	501
924	503
922	503
922	504
920	504
920	505
919	505
919	504
917	504
917	505
914	505
914	506
912	506
912	505
911	505
911	506
905	506
905	507
902	507
902	506
901	506
901	507
899	507
899	508
897	508
897	509
896	509
896	510
893	510
893	511
889	511
889	512
888	512
888	513
885	513
885	514
882	514
882	513
881	513
881	514
879	514
879	513
878	513
878	511
875	511
875	510
864	510
864	509
862	509
862	507
861	507
861	506
860	506
860	504
859	504
859	502
858	502
858	501
857	501
857	499
856	499
856	497
855	497
855	496
854	496
854	495
853	495
853	494
851	494
851	493
849	493
849	492
844	492
844	491
843	491
843	490
841	490
841	489
839	489
839	488
838	488
838	487
836	487
836	486
835	486
835	485
834	485
834	484
833	484
833	485
832	485
832	484
831	484
831	483
829	483
829	482
823	482
823	481
821	481
821	480
820	480
820	479
819	479
819	474
818	474
818	469
817	469
817	467
816	467
816	465
817	465
817	463
816	463
816	462
815	462
815	461
814	461
814	460
812	460
812	459
811	459
811	458
809	458
809	457
808	457
808	456
807	456
807	455
806	455
806	454
804	454
804	452
803	452
803	451
802	451
802	450
799	450
799	449
798	449
798	450
796	450
796	449
794	449
794	450
791	450
791	449
787	449
787	450
786	450
786	444
787	444
787	442
786	442
786	439
785	439
785	438
786	438
786	436
787	436
787	428
788	428
788	423
789	423
789	421
791	421
791	419
792	419
792	410
793	410
793	409
792	409
792	405
791	405
791	402
790	402
790	400
789	400
789	395
788	395
788	393
784	393
784	392
783	392
783	391
780	391
780	390
778	390
778	389
777	389
777	388
768	388
768	387
767	387
767	386
763	386
763	385
762	385
762	383
761	383
761	382
760	382
760	381
759	381
759	380
757	380
757	379
754	379
754	380
743	380
743	379
741	379
741	380
740	380
740	379
734	379
734	380
725	380
725	379
724	379
724	378
721	378
721	379
720	379
720	378
719	378
719	379
705	379
705	380
699	380
699	379
698	379
698	378
697	378
697	377
695	377
695	376
694	376
694	375
693	375
693	374
692	374
692	372
691	372
691	371
690	371
690	370
689	370
689	369
686	369
686	368
682	368
682	359
681	359
681	358
680	358
680	356
679	356
679	352
678	352
678	350
677	350
677	348
676	348
676	347
675	347
675	346
674	346
674	345
675	345
675	344
674	344
674	342
673	342
673	340
672	340
672	337
671	337
671	336
670	336
670	333
669	333
669	332
668	332
668	331
667	331
667	328
666	328
666	327
665	327
665	326
664	326
664	324
663	324
663	323
662	323
662	322
660	322
660	321
659	321
659	319
658	319
658	316
657	316
657	313
656	313
656	311
655	311
655	310
653	310
653	308
652	308
652	307
650	307
650	306
649	306
649	305
648	305
648	303
647	303
647	302
646	302
646	301
644	301
644	300
640	300
640	299
638	299
638	300
637	300
637	299
627	299
627	300
626	300
626	298
625	298
625	296
623	296
623	295
625	295
625	293
626	293
626	289
625	289
625	287
623	287
623	286
620	286
620	284
621	284
621	254
620	254
620	245
619	245
619	241
618	241
618	240
619	240
619	234
618	234
618	231
619	231
619	224
618	224
618	222
619	222
619	216
618	216
618	211
617	211
617	208
618	208
618	207
616	207
616	205
615	205
615	204
614	204
614	202
613	202
613	201
612	201
612	200
611	200
611	199
610	199
610	198
608	198
608	197
607	197
607	196
606	196
606	195
603	195
603	194
601	194
601	190
602	190
602	188
601	188
601	181
600	181
600	176
599	176
599	174
598	174
598	164
597	164
597	162
596	162
596	161
597	161
597	160
596	160
596	155
594	155
594	147
593	147
593	145
594	145
594	144
593	144
593	143
592	143
592	138
591	138
591	134
590	134
590	132
591	132
591	127
590	127
590	126
591	126
591	123
592	123
592	121
591	121
591	120
590	120
590	116
591	116
591	115
590	115
590	109
589	109
589	106
588	106
588	103
587	103
587	102
588	102
588	101
587	101
587	99
586	99
586	98
585	98
585	95
584	95
584	94
583	94
583	92
582	92
582	91
581	91
581	89
580	89
580	88
579	88
579	86
578	86
578	84
576	84
576	82
575	82
575	81
574	81
574	79
573	79
573	78
572	78
572	76
570	76
570	74
574	74
574	72
570	72
570	71
567	71
567	68
564	68
564	69
562	69
562	70
558	70
558	69
554	69
554	68
552	68
552	67
550	67
550	66
547	66
547	65
535	65
535	66
529	66
529	67
524	67
524	68
521	68
521	69
517	69
517	70
508	70
508	71
506	71
506	73
505	73
505	74
503	74
503	75
502	75
502	76
500	76
500	77
499	77
499	78
498	78
498	79
497	79
497	82
496	82
496	83
495	83
495	86
494	86
494	87
493	87
493	88
492	88
492	89
490	89
490	90
488	90
488	91
487	91
487	92
482	92
482	93
470	93
470	94
469	94
469	93
468	93
468	92
467	92
467	93
465	93
465	94
451	94
451	95
449	95
449	96
447	96
447	98
446	98
446	99
444	99
444	100
436	100
436	101
435	101
435	100
429	100
429	99
427	99
427	98
426	98
426	99
423	99
423	100
412	100
412	101
408	101
408	100
400	100
400	101
397	101
397	102
391	102
391	103
389	103
389	102
387	102
387	103
386	103
386	104
385	104
385	105
384	105
384	106
382	106
382	107
380	107
380	108
379	108
379	109
377	109
377	110
376	110
376	111
375	111
375	113
374	113
374	115
372	115
372	116
369	116
369	118
363	118
363	119
362	119
362	118
349	118
349	119
345	119
345	118
344	118
344	119
343	119
343	118
342	118
342	119
340	119
340	120
339	120
339	121
338	121
338	123
337	123
337	126
336	126
336	128
335	128
335	129
334	129
334	131
333	131
333	132
330	132
330	133
328	133
328	134
327	134
327	133
323	133
323	134
322	134
322	133
317	133
317	134
312	134
312	136
311	136
311	135
309	135
309	134
306	134
306	135
304	135
304	136
301	136
301	137
295	137
295	138
291	138
291	139
286	139
286	140
280	140
280	141
279	141
279	142
278	142
278	143
277	143
277	144
276	144
276	146
274	146
274	149
273	149
273	151
272	151
272	154
271	154
271	157
270	157
270	160
269	160
269	161
268	161
268	163
267	163
267	167
266	167
266	170
265	170
265	177
264	177
264	180
263	180
263	183
259	183
259	184
256	184
256	185
254	185
254	186
253	186
253	189
252	189
252	191
251	191
251	193
250	193
250	194
249	194
249	195
246	195
246	196
244	196
244	195
242	195
242	196
226	196
226	197
221	197
221	198
219	198
219	199
217	199
217	200
216	200
216	203
215	203
215	204
216	204
216	206
214	206
214	208
213	208
213	210
212	210
212	212
211	212
211	213
210	213
210	214
209	214
209	213
208	213
208	212
207	212
207	211
205	211
205	210
204	210
204	209
203	209
203	208
191	208
191	207
188	207
188	206
180	206
180	205
179	205
179	204
177	204
177	203
174	203
174	201
172	201
172	200
167	200
167	199
166	199
166	198
165	198
165	197
163	197
163	196
162	196
162	195
150	195
150	194
147	194
147	195
145	195
145	194
144	194
144	195
142	195
142	194
140	194
140	193
139	193
139	192
138	192
138	191
137	191
137	189
136	189
136	187
135	187
135	183
134	183
134	182
133	182
133	179
132	179
132	178
131	178
131	177
130	177
130	176
129	176
129	174
128	174
128	173
127	173
127	172
125	172
125	171
124	171
124	170
122	170
122	169
120	169
120	168
118	168
118	167
116	167
116	166
115	166
115	164
114	164
114	163
113	163
113	162
112	162
112	160
111	160
111	158
110	158
110	157
109	157
109	155
108	155
108	150
107	150
107	143
105	143
105	141
104	141
104	140
103	140
103	139
102	139
102	137
101	137
101	134
98	134
98	132
97	132
97	131
96	131
96	130
95	130
95	129
89	129
89	128
87	128
87	127
86	127
86	125
85	125
85	112
86	112
86	109
85	109
85	103
87	103
87	102
86	102
86	99
85	99
85	95
86	95
86	92
85	92
85	89
84	89
84	88
83	88
83	87
82	87
82	86
78	86
78	87
77	87
77	88
76	88
76	89
75	89
75	90
62	90
62	91
61	91
61	90
58	90
58	91
56	91
56	92
55	92
55	94
56	94
56	95
58	95
58	97
74	97
74	96
75	96
75	97
76	97
76	96
78	96
78	99
79	99
79	105
78	105
78	106
79	106
79	110
78	110
78	111
79	111
79	112
78	112
78	114
77	114
77	125
78	125
78	129
79	129
79	133
81	133
81	135
83	135
83	136
89	136
89	137
90	137
90	136
91	136
91	137
93	137
93	138
94	138
94	140
95	140
95	141
96	141
96	143
97	143
97	146
98	146
98	148
99	148
99	150
100	150
100	151
99	151
99	152
100	152
100	156
101	156
101	157
102	157
102	159
103	159
103	161
104	161
104	163
105	163
105	165
106	165
106	166
107	166
107	168
108	168
108	169
110	169
110	170
112	170
112	171
113	171
113	172
114	172
114	173
115	173
115	174
117	174
117	176
118	176
118	177
119	177
119	178
120	178
120	179
122	179
122	180
123	180
123	181
124	181
124	182
125	182
125	183
126	183
126	185
128	185
128	187
129	187
129	188
130	188
130	191
131	191
131	192
132	192
132	194
133	194
133	197
134	197
134	202
136	202
136	203
144	203
144	202
148	202
148	203
149	203
149	202
151	202
151	203
152	203
152	202
154	202
154	203
157	203
157	202
159	202
159	203
160	203
160	204
161	204
161	205
162	205
162	206
163	206
163	207
164	207
164	206
165	206
165	207
166	207
166	208
168	208
168	209
172	209
172	210
174	210
174	212
175	212
175	213
177	213
177	214
189	214
189	215
197	215
197	216
200	216
200	217
202	217
202	218
204	218
204	220
205	220
205	221
206	221
206	222
208	222
208	223
209	223
209	224
213	224
213	225
214	225
214	224
215	224
215	223
216	223
216	221
217	221
217	220
218	220
218	218
217	218
217	215
218	215
218	212
219	212
219	211
220	211
220	209
221	209
221	206
222	206
222	205
224	205
224	204
236	204
236	203
238	203
238	204
239	204
239	203
244	203
244	202
246	202
246	203
250	203
250	201
251	201
251	200
252	200
252	199
253	199
253	198
255	198
255	196
256	196
256	195
257	195
257	192
258	192
258	191
261	191
261	190
264	190
264	189
267	189
267	188
269	188
269	187
270	187
270	183
269	183
269	182
270	182
270	178
271	178
271	176
272	176
272	169
273	169
273	167
274	167
274	166
275	166
275	165
276	165
276	162
277	162
277	157
278	157
278	155
279	155
279	153
280	153
280	151
281	151
281	150
282	150
282	149
283	149
283	148
286	148
286	147
293	147
293	146
296	146
296	145
302	145
302	144
304	144
304	143
308	143
308	142
313	142
313	141
316	141
316	142
324	142
324	141
326	141
326	142
328	142
328	141
331	141
331	140
334	140
334	139
336	139
336	138
337	138
337	137
338	137
338	136
339	136
339	135
340	135
340	134
341	134
341	132
342	132
342	131
344	131
344	127
349	127
349	126
350	126
350	127
351	127
351	126
353	126
353	127
355	127
355	126
362	126
362	127
365	127
365	126
368	126
368	125
371	125
371	124
372	124
372	123
374	123
374	122
376	122
376	121
377	121
377	120
378	120
378	118
379	118
379	117
380	117
380	116
381	116
381	115
382	115
382	114
383	114
383	113
385	113
385	112
386	112
386	111
388	111
388	110
390	110
390	109
393	109
393	108
398	108
398	107
399	107
399	108
402	108
402	107
414	107
414	106
415	106
415	107
417	107
417	106
419	106
419	107
420	107
420	106
428	106
428	105
430	105
430	106
434	106
434	107
435	107
435	106
441	106
441	105
446	105
446	104
447	104
447	103
448	103
448	102
450	102
450	101
451	101
451	100
452	100
452	99
455	99
455	98
461	98
461	99
463	99
463	98
468	98
468	99
474	99
474	98
482	98
482	97
487	97
487	96
489	96
489	95
490	95
490	94
492	94
492	93
494	93
494	92
495	92
495	91
496	91
496	88
498	88
498	86
499	86
499	82
500	82
500	81
501	81
501	80
502	80
502	79
504	79
504	78
505	78
505	77
507	77
507	76
508	76
508	74
513	74
513	73
520	73
520	72
523	72
523	71
528	71
528	70
532	70
532	69
534	69
534	68
537	68
537	67
538	67
538	68
547	68
547	69
548	69
548	70
551	70
551	71
554	71
554	72
557	72
557	73
558	73
558	74
560	74
560	75
561	75
561	76
563	76
563	77
564	77
564	79
565	79
565	80
566	80
566	81
567	81
567	82
568	82
568	84
569	84
569	85
570	85
570	87
571	87
1792	658
1793	658
1793	659
1794	659
1794	660
1796	660
1796	662
1797	662
1797	664
1798	664
1798	667
1799	667
1799	668
1800	668
1800	671
1802	671
1802	672
1803	672
1803	674
1802	674
1802	675
1804	675
1804	676
1806	676
1806	677
1807	677
1807	678
1808	678
1808	679
1809	679
1809	680
1810	680
1810	681
1812	681
1812	683
1814	683
1814	685
1815	685
1815	686
1816	686
1816	688
1817	688
1817	690
1819	690
1819	691
1821	691
1821	693
1820	693
1820	694
1822	694
1822	695
1823	695
1823	696
1825	696
1825	697
1826	697
1826	698
1827	698
1827	700
1830	700
1830	699
1835	699
1835	700
1836	700
1836	699
1837	699
1837	700
1845	700
1845	701
1851	701
1851	702
1852	702
1852	703
1854	703
1854	704
1855	704
1855	705
1856	705
1856	706
1858	706
1858	707
1860	707
1860	709
1871	709
1871	708
1872	708
1872	709
1873	709
1873	708
1874	708
1874	709
1881	709
1881	710
1883	710
1883	709
1894	709
1894	710
1896	710
1896	709
1898	709
1898	710
1903	710
1903	711
1906	711
1906	710
1911	710
1911	711
1912	711
1912	710
1914	710
1914	709
1916	709
1916	707
1917	707
1917	706
1918	706
1918	705
1919	705
1919	704
1920	704
1920	702
1922	702
1922	701
1923	701
1923	700
1924	700
1924	699
1927	699
1927	697
1929	697
1929	696
1930	696
1930	695
1931	695
1931	694
1932	694
1932	693
1933	693
1933	692
1934	692
1934	690
1935	690
1935	691
1936	691
1936	689
1938	689
1938	688
1939	688
1939	686
1940	686
1940	685
1941	685
1941	683
1942	683
1942	682
1943	682
1943	681
1944	681
1944	679
1945	679
1945	678
1946	678
1946	676
1947	676
1947	675
1948	675
1948	673
1949	673
1949	670
1951	670
1951	669
1952	669
1952	668
1956	668
1956	663
1957	663
1957	662
1958	662
1958	660
1959	660
1959	658
1960	658
1960	655
1961	655
1961	653
1962	653
1962	652
1963	652
1963	651
1964	651
1964	650
1965	650
1965	649
1966	649
1966	648
1967	648
1967	646
1969	646
1969	645
1970	645
1970	643
1971	643
1971	642
1972	642
1972	640
1973	640
1973	639
1974	639
1974	638
1975	638
1975	637
1976	637
1976	635
1977	635
1977	633
1978	633
1978	632
1979	632
1979	630
1980	630
1980	627
1981	627
1981	626
1982	626
1982	623
1983	623
1983	621
1984	621
1984	620
1986	620
1986	619
1988	619
1988	617
1989	617
1989	616
1990	616
1990	615
1991	615
1991	613
1992	613
1992	598
1993	598
1993	597
1994	597
1994	592
1995	592
1995	590
1996	590
1996	589
1998	589
1998	588
1999	588
1999	585
2000	585
2000	581
2001	581
2001	578
2002	578
2002	577
2003	577
2003	578
2004	578
2004	577
2005	577
2005	575
2006	575
2006	573
2007	573
2007	572
2008	572
2008	571
2010	571
2010	570
2011	570
2011	569
2014	569
2014	568
2015	568
2015	567
2016	567
2016	566
2019	566
2019	565
2021	565
2021	564
2022	564
2022	563
2024	563
2024	562
2026	562
2026	561
2030	561
2030	560
2042	560
2042	561
2043	561
2043	560
2045	560
2045	559
2046	559
2046	558
2048	558
2048	557
2050	557
2050	556
2051	556
2051	555
2052	555
2052	553
2053	553
2053	543
2052	543
2052	542
2050	542
2050	541
2051	541
2051	540
2052	540
2052	536
2051	536
2051	532
2052	532
2052	525
2053	525
2053	523
2055	523
2055	522
2056	522
2056	521
2057	521
2057	520
2059	520
2059	519
2061	519
2061	517
2062	517
2062	516
2063	516
2063	512
2064	512
2064	511
2065	511
2065	509
2066	509
2066	508
2067	508
2067	507
2069	507
2069	505
2070	505
2070	504
2071	504
2071	502
2072	502
2072	501
2075	501
2075	500
2076	500
2076	499
2077	499
2077	498
2078	498
2078	497
2080	497
2080	496
2082	496
2082	495
2084	495
2084	493
2088	493
2088	492
2089	492
2089	491
2091	491
2091	490
2095	490
2095	489
2098	489
2098	490
2102	490
2102	489
2103	489
2103	490
2116	490
2116	489
2118	489
2118	488
2119	488
2119	489
2120	489
2120	488
2124	488
2124	481
2123	481
2123	479
2122	479
2122	474
2121	474
2121	468
2120	468
2120	467
2119	467
2119	461
2118	461
2118	460
2119	460
2119	456
2118	456
2118	454
2119	454
2119	449
2120	449
2120	447
2121	447
2121	446
2122	446
2122	445
2124	445
2124	443
2126	443
2126	442
2127	442
2127	441
2128	441
2128	439
2129	439
2129	437
2130	437
2130	436
2131	436
2131	435
2134	435
2134	434
2147	434
2147	433
2148	433
2148	434
2159	434
2159	435
2164	435
2164	436
2166	436
2166	437
2169	437
2169	436
2183	436
2183	437
2191	437
2191	438
2193	438
2193	437
2196	437
2196	438
2197	438
2197	437
2206	437
2206	438
2208	438
2208	437
2210	437
2210	438
2212	438
2212	439
2213	439
2213	440
2217	440
2217	441
2221	441
2221	442
2223	442
2223	443
2224	443
2224	444
2226	444
2226	445
2229	445
2229	446
2230	446
2230	447
2232	447
2232	448
2234	448
2234	449
2235	449
2235	450
2236	450
2236	451
2238	451
2238	452
2239	452
2239	454
2244	454
2244	455
2246	455
2246	456
2247	456
2247	457
2248	457
2248	458
2251	458
2251	459
2252	459
2252	460
2253	460
2253	459
2254	459
2254	460
2255	460
2255	462
2257	462
2257	463
2258	463
2258	464
2260	464
2260	465
2261	465
2261	466
2263	466
2263	467
2264	467
2264	468
2266	468
2266	470
2267	470
2267	471
2268	471
2268	472
2270	472
2270	473
2271	473
2271	474
2272	474
2272	475
2273	475
2273	476
2274	476
2274	477
2275	477
2275	478
2277	478
2277	479
2279	479
2279	480
2280	480
2280	481
2281	481
2281	482
2282	482
2282	483
2283	483
2283	484
2284	484
2284	485
2286	485
2286	486
2292	486
2292	485
2301	485
2301	483
2302	483
2302	482
2303	482
2303	481
2306	481
2306	482
2307	482
2307	483
2309	483
2309	482
2310	482
2310	483
2311	483
2311	484
2312	484
2312	485
2314	485
2314	490
2316	490
2316	491
2317	491
2317	492
2318	492
2318	499
2316	499
2316	500
2314	500
2314	501
2316	501
2316	502
2313	502
2313	506
2314	506
2314	507
2315	507
2315	508
2314	508
2314	509
2315	509
2315	511
2316	511
2316	513
2317	513
2317	515
2318	515
2318	516
2319	516
2319	520
2320	520
2320	521
2322	521
2322	524
2323	524
2323	525
2324	525
2324	526
2325	526
2325	527
2326	527
2326	528
2328	528
2328	530
2329	530
2329	531
2330	531
2330	532
2331	532
2331	534
2332	534
2332	535
2333	535
2333	536
2335	536
2335	537
2336	537
2336	538
2337	538
2337	539
2338	539
2338	540
2339	540
2339	541
2340	541
2340	542
2341	542
2341	543
2342	543
2342	544
2344	544
2344	545
2345	545
2345	546
2346	546
2346	547
2348	547
2348	548
2349	548
2349	549
2350	549
2350	550
2351	550
2351	551
2352	551
2352	552
2354	552
2354	553
2356	553
2356	555
2357	555
2357	556
2358	556
2358	557
2359	557
2359	558
2360	558
2360	559
2361	559
2361	560
2362	560
2362	561
2363	561
2363	562
2365	562
2365	564
2366	564
2366	565
2368	565
2368	566
2369	566
2369	567
2370	567
2370	568
2371	568
2371	569
2373	569
2373	570
2374	570
2374	572
2376	572
2376	574
2379	574
2379	575
2380	575
2380	577
2382	577
2382	579
2384	579
2384	580
2385	580
2385	581
2387	581
2387	584
2389	584
2389	585
2391	585
2391	586
2392	586
2392	588
2393	588
2393	589
2395	589
2395	590
2397	590
2397	592
2399	592
2399	593
2400	593
2400	595
2402	595
2402	596
2403	596
2403	597
2404	597
2404	598
2406	598
2406	599
2407	599
2407	600
2409	600
2409	601
2410	601
2410	602
2411	602
2411	603
2413	603
2413	604
2414	604
2414	605
2416	605
2416	606
2417	606
2417	607
2418	607
2418	608
2419	608
2419	609
2420	609
2420	610
2421	610
2421	611
2422	611
2422	612
2424	612
2424	613
2426	613
2426	614
2427	614
2427	615
2428	615
2428	616
2430	616
2430	617
2431	617
2431	618
2432	618
2432	619
2434	619
2434	620
2435	620
2435	621
2436	621
2436	622
2438	622
2438	623
2440	623
2440	624
2441	624
2441	625
2442	625
2442	626
2444	626
2444	627
2446	627
2446	628
2448	628
2448	629
2449	629
2449	630
2452	630
2452	631
2453	631
2453	632
2455	632
2455	633
2456	633
2456	634
2459	634
2459	635
2462	635
2462	637
2463	637
2463	638
2465	638
2465	639
2466	639
2466	640
2468	640
2468	642
2472	642
2472	643
2474	643
2474	644
2475	644
2475	645
2477	645
2477	646
2479	646
2479	647
2480	647
2480	648
2483	648
2483	649
2485	649
2485	650
2486	650
2486	651
2487	651
2487	652
2490	652
2490	653
2491	653
2491	654
2493	654
2493	655
2496	655
2496	656
2500	656
2500	657
2502	657
2502	658
2505	658
2505	659
2507	659
2507	660
2511	660
2511	661
2513	661
2513	662
2514	662
2514	663
2518	663
2518	664
2520	664
2520	665
2522	665
2522	666
2526	666
2526	667
2527	667
2527	668
2530	668
2530	669
2533	669
2533	670
2541	670
2541	671
2543	671
2543	672
2544	672
2544	671
2546	671
2546	672
2552	672
2552	673
2555	673
2555	672
2566	672
2566	674
2568	674
2568	673
2571	673
2571	672
2572	672
2572	671
2577	671
2577	670
2580	670
2580	671
2583	671
2583	670
2586	670
2586	671
2587	671
2587	670
2590	670
2590	669
2594	669
2594	668
2596	668
2596	667
2597	667
2597	666
2598	666
2598	664
2600	664
2600	663
2601	663
2601	662
2602	662
2602	661
2603	661
2603	660
2604	660
2604	659
2605	659
2605	658
2607	658
2607	657
2609	657
2609	656
2610	656
2610	655
2612	655
2612	654
2613	654
2613	653
2615	653
2615	654
2616	654
2616	653
2617	653
2617	652
2618	652
2618	651
2620	651
2620	649
2621	649
2621	648
2623	648
2623	649
2624	649
2624	648
2625	648
2625	647
2627	647
2627	646
2628	646
2628	647
2629	647
2629	646
2631	646
2631	645
2632	645
2632	646
2633	646
2633	645
2634	645
2634	644
2635	644
2635	645
2636	645
2636	644
2638	644
2638	643
2639	643
2639	644
2640	644
2640	643
2642	643
2642	642
2644	642
2644	641
2646	641
2646	640
2648	640
2648	639
2650	639
2650	637
2651	637
2651	636
2654	636
2654	635
2655	635
2655	634
2657	634
2657	633
2658	633
2658	631
2661	631
2661	632
2662	632
2662	631
2664	631
2664	632
2665	632
2665	631
2667	631
2667	630
2668	630
2668	631
2670	631
2670	632
2672	632
2672	631
2673	631
2673	632
2674	632
2674	631
2678	631
2678	630
2679	630
2679	629
2682	629
2682	628
2684	628
2684	627
2686	627
2686	626
2690	626
2690	625
2691	625
2691	624
2694	624
2694	623
2698	623
2698	622
2705	622
2705	621
2708	621
2708	620
2709	620
2709	621
2716	621
2716	620
2719	620
2719	621
2720	621
2720	620
2723	620
2723	619
2724	619
2724	620
2731	620
2731	619
2732	619
2732	620
2733	620
2733	621
2734	621
2734	620
2743	620
2743	621
2745	621
2745	620
2748	620
2748	621
2751	621
2751	620
2752	620
2752	621
2754	621
2754	620
2755	620
2755	619
2758	619
2758	618
2761	618
2761	617
2762	617
2762	615
2763	615
2763	612
2764	612
2764	611
2765	611
2765	606
2766	606
2766	604
2767	604
2767	603
2768	603
2768	601
2770	601
2770	598
2771	598
2771	595
2772	595
2772	593
2771	593
2771	588
2770	588
2770	587
2771	587
2771	575
2772	575
2772	574
2771	574
2771	572
2772	572
2772	571
2771	571
2771	569
2770	569
2770	563
2769	563
2769	553
2768	553
2768	548
2769	548
2769	540
2768	540
2768	537
2767	537
2767	532
2766	532
2766	525
2765	525
2765	518
2766	518
2766	515
2765	515
2765	512
2766	512
2766	509
2765	509
2765	507
2766	507
2766	495
2767	495
2767	491
2768	491
2768	487
2769	487
2769	484
2770	484
2770	482
2771	482
2771	479
2772	479
2772	477
2773	477
2773	475
2775	475
2775	474
2776	474
2776	473
2777	473
2777	471
2778	471
2778	467
2779	467
2779	466
2780	466
2780	465
2781	465
2781	463
2782	463
2782	462
2783	462
2783	460
2784	460
2784	458
2785	458
2785	455
2786	455
2786	454
2785	454
2785	452
2784	452
2784	451
2783	451
2783	450
2782	450
2782	449
2783	449
2783	450
2785	450
2785	448
2786	448
2786	447
2785	447
2785	446
2786	446
2786	445
2787	445
2787	443
2788	443
2788	442
2789	442
2789	438
2790	438
2790	437
2791	437
2791	434
2792	434
2792	433
2793	433
2793	432
2794	432
2794	431
2793	431
2793	430
2797	430
2797	429
2798	429
2798	427
2801	427
2801	426
2802	426
2802	424
2804	424
2804	423
2809	423
2809	422
2813	422
2813	420
2816	420
2816	418
2818	418
2818	417
2822	417
2822	416
2826	416
2826	415
2827	415
2827	413
2829	413
2829	414
2830	414
2830	413
2831	413
2831	412
2832	412
2832	411
2833	411
2833	412
2834	412
2834	411
2835	411
2835	410
2836	410
2836	409
2838	409
2838	408
2839	408
2839	407
2840	407
2840	406
2843	406
2843	405
2845	405
2845	404
2846	404
2846	403
2850	403
2850	402
2855	402
2855	401
2857	401
2857	400
2861	400
2861	399
2864	399
2864	398
2865	398
2865	397
2868	397
2868	396
2878	396
2878	397
2880	397
2880	396
2884	396
2884	397
2887	397
2887	396
2899	396
2899	395
2900	395
2900	396
2904	396
2904	395
2906	395
2906	396
2908	396
2908	394
2909	394
2909	395
2910	395
2910	396
2912	396
2912	395
2920	395
2920	396
2921	396
2921	395
2922	395
2922	392
2921	392
2921	384
2920	384
2920	382
2921	382
2921	376
2922	376
2922	374
2923	374
2923	373
2924	373
2924	371
2926	371
2926	370
2927	370
2927	369
2928	369
2928	368
2929	368
2929	367
2930	367
2930	368
2932	368
2932	367
2933	367
2933	366
2934	366
2934	365
2937	365
2937	363
2938	363
2938	361
2940	361
2940	360
2949	360
2949	359
2953	359
2953	360
2954	360
2954	359
2959	359
2959	358
2961	358
2961	359
2973	359
2973	360
2974	360
2974	361
2979	361
2979	362
2980	362
2980	363
2981	363
2981	364
2982	364
2982	365
2984	365
2984	367
2986	367
2986	368
2988	368
2988	369
2990	369
2990	371
2991	371
2991	372
2992	372
2992	373
2993	373
2993	374
2994	374
2994	375
2996	375
2996	377
2997	377
2997	378
3000	378
3000	382
3002	382
3002	385
3003	385
3003	387
3004	387
3004	392
3005	392
3005	395
3004	395
3004	396
3005	396
3005	398
3006	398
3006	399
3007	399
3007	400
3008	400
3008	403
3009	403
3009	404
3010	404
3010	409
3011	409
3011	410
3012	410
3012	412
3014	412
3014	413
3015	413
3015	416
3019	416
3019	418
3020	418
3020	420
3022	420
3022	421
3023	421
3023	422
3025	422
3025	424
3028	424
3028	425
3037	425
3037	426
3038	426
3038	425
3041	425
3041	426
3043	426
3043	425
3053	425
3053	424
3069	424
3069	425
3070	425
3070	424
3072	424
3072	425
3073	425
3073	424
3080	424
3080	423
3082	423
3082	424
3091	424
3091	425
3092	425
3092	426
3093	426
3093	427
3096	427
3096	428
3097	428
3097	427
3098	427
3098	428
3104	428
3104	429
3107	429
3107	430
3110	430
3110	431
3112	431
3112	432
3119	432
3119	433
3120	433
3120	434
3122	434
3122	435
3125	435
3125	436
3126	436
3126	437
3130	437
3130	438
3132	438
3132	439
3134	439
3134	440
3136	440
3136	441
3138	441
3138	442
3141	442
3141	443
3142	443
3142	444
3143	444
3143	445
3146	445
3146	447
3149	447
3149	448
3154	448
3154	449
3161	449
3161	450
3163	450
3163	449
3170	449
3170	448
3171	448
3171	449
3173	449
3173	450
3175	450
3175	451
3181	451
3181	450
3182	450
3182	451
3184	451
3184	452
3185	452
3185	453
3188	453
3188	454
3189	454
3189	453
3192	453
3192	454
3195	454
3195	456
3196	456
3196	457
3197	457
3197	458
3200	458
3200	459
3201	459
3201	461
3202	461
3202	464
3204	464
3204	465
3205	465
3205	467
3206	467
3206	468
3207	468
3207	469
3208	469
3208	470
3209	470
3209	471
3210	471
3210	483
3211	483
3211	486
3212	486
3212	487
3211	487
3211	489
3212	489
3212	494
3211	494
3211	497
3212	497
3212	503
3213	503
3213	505
3212	505
3212	507
3213	507
3213	510
3214	510
3214	511
3215	511
3215	512
3216	512
3216	515
3218	515
3218	516
3219	516
3219	515
3220	515
3220	516
3223	516
3223	518
3227	518
3227	519
3229	519
3229	520
3230	520
3230	521
3231	521
3231	522
3232	522
3232	523
3234	523
3234	524
3247	524
3247	523
3248	523
3248	524
3250	524
3250	525
3252	525
3252	524
3255	524
3255	523
3259	523
3259	522
3261	522
3261	523
3262	523
3262	524
3264	524
3264	525
3265	525
3265	524
3266	524
3266	525
3267	525
3267	526
3268	526
3268	528
3267	528
3267	529
3271	529
3271	530
3277	530
3277	531
3278	531
3278	532
3280	532
3280	533
3281	533
3281	532
3282	532
3282	533
3285	533
3285	535
3286	535
3286	536
3287	536
3287	537
3286	537
3286	538
3287	538
3287	539
3288	539
3288	540
3299	540
3299	539
3301	539
3301	540
3302	540
3302	539
3308	539
3308	538
3325	538
3325	539
3330	539
3330	540
3331	540
3331	539
3335	539
3335	538
3336	538
3336	539
3338	539
3338	538
3341	538
3341	539
3347	539
3347	538
3352	538
3352	537
3353	537
3353	538
3360	538
3360	539
3361	539
3361	540
3363	540
3363	541
3364	541
3364	543
3367	543
3367	544
3369	544
3369	545
3371	545
3371	544
3372	544
3372	543
3373	543
3373	544
3375	544
3375	545
3376	545
3376	546
3377	546
3377	549
3378	549
3378	550
3379	550
3379	551
3381	551
3381	552
3402	552
3402	554
3405	554
3405	555
3406	555
3406	556
3409	556
3409	557
3412	557
3412	558
3413	558
3413	559
3414	559
3414	560
3416	560
3416	561
3419	561
3419	562
3420	562
3420	563
3421	563
3421	564
3450	564
3450	563
3453	563
3453	564
3459	564
3459	565
3460	565
3460	564
3482	564
3482	563
3487	563
3487	562
3492	562
3492	561
3494	561
3494	559
3495	559
3495	558
3496	558
3496	557
3497	557
3497	556
3499	556
3499	553
3501	553
3501	551
3502	551
3502	550
3503	550
3503	548
3504	548
3504	547
3506	547
3506	544
3507	544
3507	541
3508	541
3508	535
3509	535
3509	533
3510	533
3510	532
3509	532
3509	530
3510	530
3510	529
3509	529
3509	524
3510	524
3510	522
3509	522
3509	512
3507	512
3507	510
3508	510
3508	506
3507	506
3507	497
3508	497
3508	496
3507	496
3507	494
3508	494
3508	492
3507	492
3507	491
3508	491
3508	488
3507	488
3507	487
3508	487
3508	482
3507	482
3507	481
3508	481
3508	477
3507	477
3507	475
3508	475
3508	470
3509	470
3509	468
3508	468
3508	464
3509	464
3509	450
3510	450
3510	447
3511	447
3511	443
3510	443
3510	442
3511	442
3511	441
3510	441
3510	440
3511	440
3511	438
3512	438
3512	436
3511	436
3511	434
3512	434
3512	433
3511	433
3511	425
3510	425
3510	424
3511	424
3511	419
3510	419
3510	417
3511	417
3511	415
3510	415
3510	413
3511	413
3511	408
3510	408
3510	407
3511	407
3511	406
3510	406
3510	405
3511	405
3511	401
3510	401
3510	394
3511	394
3511	390
3510	390
3510	388
3511	388
3511	376
3512	376
3512	374
3513	374
3513	369
3514	369
3514	368
3515	368
3515	362
3516	362
3516	359
3517	359
3517	349
3518	349
3518	339
3517	339
3517	338
3518	338
3518	335
3520	335
3520	332
3519	332
3519	330
3520	330
3520	328
3521	328
3521	323
3522	323
3522	318
3524	318
3524	315
3523	315
3523	313
3524	313
3524	311
3523	311
3523	309
3524	309
3524	302
3525	302
3525	298
3526	298
3526	295
3525	295
3525	293
3526	293
3526	291
3525	291
3525	290
3526	290
3526	287
3527	287
3527	285
3526	285
3526	284
3527	284
3527	283
3528	283
3528	277
3529	277
3529	274
3530	274
3530	268
3531	268
3531	267
3532	267
3532	265
3533	265
3533	260
3534	260
3534	256
3535	256
3535	255
3539	255
3539	254
3540	254
3540	249
3541	249
3541	248
3542	248
3542	247
3544	247
3544	245
3546	245
3546	244
3548	244
3548	243
3550	243
3550	242
3552	242
3552	241
3553	241
3553	239
3554	239
3554	238
3557	238
3557	237
3558	237
3558	236
3562	236
3562	235
3565	235
3565	236
3567	236
3567	235
3570	235
3570	236
3572	236
3572	237
3574	237
3574	238
3576	238
3576	239
3577	239
3577	240
3579	240
3579	241
3580	241
3580	242
3584	242
3584	243
3587	243
3587	244
3588	244
3588	243
3590	243
3590	244
3592	244
3592	245
3594	245
3594	246
3598	246
3598	247
3599	247
3599	248
3602	248
3602	249
3604	249
3604	250
3605	250
3605	251
3607	251
3607	252
3608	252
3608	253
3609	253
3609	255
3610	255
3610	258
3611	258
3611	260
3612	260
3612	262
3618	262
3618	261
3631	261
3631	260
3632	260
3632	256
3633	256
3633	239
3634	239
3634	234
3633	234
3633	232
3632	232
3632	229
3631	229
3631	225
3630	225
3630	214
3632	214
3632	213
3633	213
3633	212
3631	212
3631	210
3632	210
3632	208
3633	208
3633	207
3634	207
3634	205
3636	205
3636	203
3637	203
3637	202
3638	202
3638	198
3639	198
3639	196
3640	196
3640	192
3641	192
3641	191
3642	191
3642	189
3643	189
3643	186
3644	186
3644	185
3645	185
3645	183
3646	183
3646	181
3648	181
3648	180
3650	180
3650	179
3653	179
3653	178
3654	178
3654	177
3655	177
3655	176
3656	176
3656	175
3657	175
3657	174
3656	174
3656	173
3657	173
3657	174
3658	174
3658	173
3659	173
3659	172
3663	172
3663	171
3665	171
3665	170
3666	170
3666	169
3668	169
3668	168
3670	168
3670	167
3676	167
3676	166
3682	166
3682	165
3684	165
3684	163
3697	163
3697	162
3700	162
3700	161
3703	161
3703	160
3704	160
3704	159
3706	159
3706	158
3707	158
3707	157
3709	157
3709	156
3710	156
3710	155
3718	155
3718	156
3720	156
3720	157
3721	157
3721	158
3724	158
3724	159
3725	159
3725	160
3726	160
3726	161
3729	161
3729	162
3731	162
3731	163
3733	163
3733	164
3735	164
3735	165
3737	165
3737	166
3739	166
3739	167
3742	167
3742	168
3743	168
3743	169
3744	169
3744	170
3743	170
3743	172
3744	172
3744	189
3743	189
3743	192
3744	192
3744	193
3742	193
3742	198
3741	198
3741	214
3740	214
3740	221
3741	221
3741	222
3743	222
3743	223
3741	223
3741	226
3742	226
3742	229
3743	229
3743	235
3744	235
3744	237
3745	237
3745	238
3746	238
3746	239
3745	239
3745	244
3746	244
3746	245
3745	245
3745	249
3744	249
3744	250
3745	250
3745	252
3744	252
3744	257
3745	257
3745	262
3744	262
3744	264
3745	264
3745	270
3744	270
3744	271
3743	271
3743	274
3742	274
3742	296
3743	296
3743	302
3744	302
3744	303
3745	303
3745	308
3747	308
3747	309
3748	309
3748	310
3751	310
3751	311
3752	311
3752	312
3753	312
3753	313
3756	313
3756	315
3758	315
3758	317
3760	317
3760	318
3762	318
3762	319
3766	319
3766	320
3767	320
3767	321
3769	321
3769	322
3770	322
3770	323
3771	323
3771	324
3773	324
3773	326
3774	326
3774	329
3775	329
3775	331
3776	331
3776	334
3777	334
3777	338
3778	338
3778	340
3779	340
3779	341
3780	341
3780	344
3781	344
3781	347
3782	347
3782	349
3783	349
3783	351
3784	351
3784	353
3785	353
3785	354
3786	354
3786	356
3788	356
3788	359
3790	359
3790	362
3791	362
3791	363
3792	363
3792	369
3793	369
3793	371
3794	371
3794	372
3795	372
3795	373
3798	373
3798	372
3799	372
3799	371
3801	371
3801	370
3802	370
3802	372
3800	372
3800	373
3799	373
3799	375
3794	375
3794	378
3795	378
3795	383
3796	383
3796	384
3797	384
3797	386
3798	386
3798	388
3799	388
3799	391
3800	391
3800	394
3801	394
3801	396
3804	396
3804	397
3806	397
3806	396
3807	396
3807	397
3814	397
3814	396
3816	396
3816	397
3818	397
3818	398
3819	398
3819	399
3820	399
3820	400
3823	400
3823	401
3825	401
3825	402
3826	402
3826	401
3828	401
3828	402
3830	402
3830	403
3832	403
3832	404
3834	404
3834	403
3840	403
3840	402
3848	402
3848	401
3850	401
3850	402
3851	402
3851	401
3852	401
3852	399
3858	399
3858	398
3859	398
3859	397
3860	397
3860	395
3861	395
3861	394
3863	394
3863	393
3864	393
3864	392
3867	392
3867	391
3870	391
3870	390
3872	390
3872	389
3874	389
3874	387
3876	387
3876	385
3880	385
3880	384
3883	384
3883	383
3884	383
3884	381
3886	381
3886	377
3887	377
3887	375
3888	375
3888	374
3889	374
3889	373
3890	373
3890	372
3891	372
3891	371
3892	371
3892	370
3893	370
3893	369
3894	369
3894	368
3895	368
3895	367
3896	367
3896	365
3897	365
3897	364
3898	364
3898	363
3900	363
3900	362
3901	362
3901	360
3902	360
3902	359
3903	359
3903	357
3904	357
3904	356
3906	356
3906	354
3908	354
3908	353
3910	353
3910	352
3912	352
3912	351
3915	351
3915	350
3916	350
3916	351
3917	351
3917	350
3918	350
3918	349
3919	349
3919	348
3921	348
3921	347
3922	347
3922	346
3923	346
3923	345
3924	345
3924	344
3925	344
3925	343
3926	343
3926	342
3925	342
3925	340
3926	340
3926	338
3924	338
3924	337
3926	337
3926	333
3927	333
3927	332
3928	332
3928	329
3929	329
3929	326
3930	326
3930	324
3932	324
3932	320
3933	320
3933	317
3934	317
3934	313
3935	313
3935	310
3936	310
3936	309
3937	309
3937	307
3938	307
3938	306
3939	306
3939	302
3940	302
3940	301
3941	301
3941	297
3942	297
3942	295
3943	295
3943	292
3944	292
3944	289
3945	289
3945	286
3946	286
3946	284
3947	284
3947	275
3948	275
3948	271
3949	271
3949	270
3950	270
3950	266
3951	266
3951	265
3952	265
3952	263
3953	263
3953	262
3954	262
3954	260
3953	260
3953	258
3955	258
3955	254
3954	254
3954	252
3955	252
3955	251
3954	251
3954	249
3955	249
3955	241
3954	241
3954	240
3955	240
3955	239
3956	239
3956	237
3955	237
3955	234
3956	234
3956	222
3957	222
3957	217
3956	217
3956	215
3955	215
3955	199
3954	199
3954	194
3953	194
3953	189
3954	189
3954	186
3955	186
3955	181
3956	181
3956	174
3957	174
3957	172
3956	172
3956	168
3957	168
3957	162
3958	162
3958	158
3957	158
3957	154
3958	154
3958	152
3957	152
3957	149
3956	149
3956	148
3957	148
3957	140
3958	140
3958	138
3959	138
3959	137
3960	137
3960	136
3961	136
3961	134
3962	134
3962	133
3963	133
3963	132
3964	132
3964	131
3965	131
3965	130
3966	130
3966	129
3967	129
3967	127
3968	127
3968	124
3970	124
3970	122
3971	122
3971	123
3972	123
3972	122
3974	122
3974	121
3975	121
3975	119
3976	119
3976	117
3977	117
3977	114
3978	114
3978	133
3977	133
3977	134
3974	134
3974	137
3972	137
3972	138
3971	138
3971	139
3969	139
3969	142
3967	142
3967	145
3966	145
3966	147
3965	147
3965	150
3966	150
3966	153
3967	153
3967	154
3966	154
3966	166
3965	166
3965	167
3966	167
3966	168
3967	168
3967	169
3966	169
3966	170
3965	170
3965	173
3966	173
3966	174
3965	174
3965	175
3964	175
3964	181
3963	181
3963	191
3962	191
3962	193
3963	193
3963	197
3964	197
3964	201
3963	201
3963	204
3964	204
3964	215
3965	215
3965	224
3964	224
3964	225
3965	225
3965	227
3964	227
3964	236
3963	236
3963	258
3964	258
3964	260
3962	260
3962	262
3961	262
3961	264
3960	264
3960	268
3959	268
3959	269
3958	269
3958	271
3957	271
3957	274
3956	274
3956	278
3955	278
3955	280
3954	280
3954	284
3955	284
3955	285
3954	285
3954	287
3953	287
3953	288
3954	288
3954	289
3953	289
3953	291
3952	291
3952	294
3951	294
3951	297
3950	297
3950	298
3949	298
3949	301
3948	301
3948	302
3947	302
3947	306
3946	306
3946	307
3945	307
3945	310
3944	310
3944	312
3943	312
3943	315
3942	315
3942	318
3941	318
3941	321
3940	321
3940	324
3939	324
3939	327
3938	327
3938	328
3937	328
3937	330
3936	330
3936	332
3935	332
3935	336
3934	336
3934	342
3933	342
3933	345
3932	345
3932	347
3931	347
3931	348
3930	348
3930	351
3928	351
3928	352
3927	352
3927	353
3925	353
3925	354
3924	354
3924	355
3923	355
3923	356
3921	356
3921	357
3918	357
3918	358
3916	358
3916	359
3913	359
3913	360
3911	360
3911	362
3909	362
3909	363
3908	363
3908	364
3907	364
3907	367
3906	367
3906	368
3904	368
3904	369
3903	369
3903	371
3902	371
3902	372
3901	372
3901	373
3899	373
3899	375
3898	375
3898	377
3896	377
3896	378
3895	378
3895	379
3894	379
3894	382
3893	382
3893	384
3892	384
3892	387
3891	387
3891	388
3890	388
3890	389
3888	389
3888	390
3886	390
3886	391
3884	391
3884	392
3880	392
3880	393
3879	393
3879	396
3875	396
3875	397
3874	397
3874	398
3871	398
3871	399
3870	399
3870	400
3868	400
3868	402
3867	402
3867	403
3866	403
3866	404
3865	404
3865	405
3864	405
3864	406
3861	406
3861	407
3859	407
3859	408
3857	408
3857	409
3852	409
3852	410
3850	410
3850	411
3841	411
3841	412
3839	412
3839	413
3838	413
3838	412
3836	412
3836	413
3834	413
3834	412
3829	412
3829	411
3828	411
3828	409
3827	409
3827	410
3825	410
3825	408
3823	408
3823	407
3814	407
3814	406
3811	406
3811	405
3798	405
3798	404
3797	404
3797	402
3796	402
3796	401
3795	401
3795	399
3794	399
3794	396
3793	396
3793	391
3792	391
3792	389
3791	389
3791	387
3790	387
3790	386
3789	386
3789	385
3788	385
3788	382
3787	382
3787	376
3786	376
3786	369
3785	369
3785	365
3784	365
3784	364
3783	364
3783	362
3782	362
3782	361
3781	361
3781	359
3780	359
3780	358
3778	358
3778	356
3777	356
3777	354
3776	354
3776	350
3774	350
3774	346
3773	346
3773	345
3772	345
3772	343
3771	343
3771	338
3770	338
3770	336
3768	336
3768	334
3769	334
3769	332
3766	332
3766	330
3765	330
3765	329
3763	329
3763	328
3761	328
3761	327
3757	327
3757	326
3756	326
3756	325
3753	325
3753	324
3752	324
3752	322
3751	322
3751	320
3748	320
3748	319
3747	319
3747	318
3746	318
3746	317
3743	317
3743	316
3742	316
3742	315
3741	315
3741	313
3740	313
3740	311
3739	311
3739	309
3738	309
3738	306
3737	306
3737	303
3736	303
3736	302
3737	302
3737	301
3736	301
3736	286
3735	286
3735	280
3736	280
3736	274
3737	274
3737	272
3738	272
3738	265
3739	265
3739	261
3738	261
3738	256
3739	256
3739	254
3738	254
3738	249
3739	249
3739	237
3738	237
3738	234
3737	234
3737	230
3736	230
3736	228
3735	228
3735	224
3734	224
3734	222
3733	222
3733	215
3734	215
3734	207
3735	207
3735	191
3736	191
3736	186
3737	186
3737	181
3736	181
3736	175
3735	175
3735	174
3732	174
3732	173
3731	173
3731	172
3728	172
3728	171
3727	171
3727	170
3723	170
3723	169
3721	169
3721	168
3719	168
3719	167
3718	167
3718	166
3714	166
3714	165
3713	165
3713	166
3712	166
3712	165
3711	165
3711	166
3710	166
3710	167
3708	167
3708	168
3706	168
3706	170
3704	170
3704	171
3702	171
3702	172
3695	172
3695	171
3693	171
3693	172
3688	172
3688	173
3683	173
3683	174
3681	174
3681	175
3676	175
3676	176
3672	176
3672	177
3670	177
3670	178
3668	178
3668	179
3666	179
3666	180
3664	180
3664	181
3663	181
3663	182
3662	182
3662	183
3660	183
3660	184
3659	184
3659	185
3657	185
3657	186
3655	186
3655	187
3653	187
3653	188
3652	188
3652	189
3651	189
3651	192
3650	192
3650	193
3649	193
3649	194
3648	194
3648	195
3647	195
3647	199
3646	199
3646	203
3645	203
3645	204
3644	204
3644	207
3642	207
3642	208
3641	208
3641	211
3640	211
3640	213
3639	213
3639	217
3638	217
3638	221
3639	221
3639	224
3640	224
3640	228
3641	228
3641	230
3642	230
3642	234
3641	234
3641	237
3642	237
3642	238
3641	238
3641	241
3642	241
3642	243
3641	243
3641	262
3640	262
3640	264
3639	264
3639	265
3638	265
3638	267
3636	267
3636	268
3635	268
3635	269
3634	269
3634	270
3629	270
3629	271
3623	271
3623	270
3620	270
3620	271
3619	271
3619	270
3615	270
3615	271
3608	271
3608	269
3607	269
3607	267
3606	267
3606	264
3605	264
3605	263
3604	263
3604	262
3603	262
3603	261
3602	261
3602	259
3601	259
3601	258
3600	258
3600	257
3598	257
3598	256
3596	256
3596	255
3594	255
3594	254
3591	254
3591	253
3586	253
3586	252
3585	252
3585	253
3584	253
3584	252
3582	252
3582	251
3580	251
3580	250
3579	250
3579	249
3578	249
3578	250
3577	250
3577	249
3572	249
3572	248
3557	248
3557	249
3556	249
3556	250
3554	250
3554	251
3552	251
3552	253
3551	253
3551	254
3549	254
3549	255
3547	255
3547	258
3546	258
3546	260
3545	260
3545	261
3544	261
3544	262
3542	262
3542	263
3541	263
3541	265
3540	265
3540	266
3539	266
3539	270
3538	270
3538	275
3537	275
3537	276
3536	276
3536	280
3537	280
3537	281
3536	281
3536	282
3535	282
3535	286
3534	286
3534	291
3533	291
3533	293
3534	293
3534	294
3533	294
3533	299
3534	299
3534	301
3533	301
3533	302
3532	302
3532	307
3531	307
3531	313
3530	313
3530	317
3531	317
3531	318
3530	318
3530	322
3529	322
3529	327
3528	327
3528	330
3527	330
3527	334
3526	334
3526	336
3525	336
3525	337
3526	337
3526	339
3525	339
3525	340
3526	340
3526	342
3525	342
3525	344
3526	344
3526	345
3525	345
3525	348
3524	348
3524	349
3525	349
3525	350
3524	350
3524	352
3525	352
3525	358
3524	358
3524	363
3523	363
3523	366
3522	366
3522	367
3523	367
3523	368
3522	368
3522	369
3521	369
3521	373
3520	373
3520	377
3519	377
3519	379
3518	379
3518	381
3519	381
3519	389
3518	389
3518	391
3519	391
3519	397
3518	397
3518	416
3519	416
3519	417
3518	417
3518	421
3519	421
3519	423
3518	423
3518	428
3519	428
3519	429
3518	429
3518	443
3517	443
3517	445
3518	445
3518	447
3519	447
3519	449
3518	449
3518	452
3517	452
3517	454
3516	454
3516	459
3515	459
3515	464
3516	464
3516	469
3515	469
3515	470
3516	470
3516	471
3515	471
3515	473
3514	473
3514	475
3515	475
3515	480
3516	480
3516	481
3515	481
3515	490
3516	490
3516	491
3515	491
3515	492
3516	492
3516	493
3515	493
3515	499
3514	499
3514	500
3515	500
3515	502
3514	502
3514	506
3515	506
3515	508
3516	508
3516	509
3515	509
3515	513
3514	513
3514	515
3515	515
3515	518
3516	518
3516	522
3517	522
3517	527
3518	527
3518	528
3517	528
3517	536
3516	536
3516	538
3515	538
3515	540
3516	540
3516	541
3515	541
3515	543
3516	543
3516	544
3514	544
3514	547
3513	547
3513	552
3511	552
3511	553
3510	553
3510	556
3508	556
3508	558
3506	558
3506	560
3505	560
3505	561
3504	561
3504	562
3503	562
3503	563
3501	563
3501	565
3500	565
3500	566
3498	566
3498	567
3497	567
3497	568
3496	568
3496	569
3494	569
3494	570
3484	570
3484	571
3474	571
3474	572
3473	572
3473	571
3467	571
3467	570
3461	570
3461	571
3459	571
3459	570
3458	570
3458	571
3452	571
3452	570
3451	570
3451	571
3449	571
3449	570
3447	570
3447	571
3435	571
3435	572
3433	572
3433	571
3429	571
3429	572
3423	572
3423	571
3422	571
3422	570
3418	570
3418	569
3417	569
3417	568
3414	568
3414	567
3413	567
3413	565
3412	565
3412	564
3411	564
3411	563
3408	563
3408	562
3405	562
3405	561
3401	561
3401	560
3396	560
3396	561
3394	561
3394	560
3390	560
3390	561
3388	561
3388	560
3385	560
3385	561
3383	561
3383	560
3377	560
3377	559
3376	559
3376	557
3375	557
3375	555
3374	555
3374	551
3373	551
3373	549
3372	549
3372	548
3370	548
3370	549
3369	549
3369	548
3363	548
3363	547
3359	547
3359	548
3352	548
3352	547
3344	547
3344	546
3343	546
3343	547
3342	547
3342	546
3340	546
3340	547
3339	547
3339	546
3338	546
3338	547
3331	547
3331	546
3327	546
3327	547
3321	547
3321	548
3319	548
3319	547
3315	547
3315	548
3314	548
3314	547
3308	547
3308	546
3306	546
3306	547
3297	547
3297	548
3296	548
3296	547
3295	547
3295	548
3288	548
3288	547
3287	547
3287	545
3286	545
3286	544
3285	544
3285	543
3284	543
3284	542
3283	542
3283	541
3282	541
3282	538
3281	538
3281	537
3280	537
3280	536
3279	536
3279	535
3275	535
3275	534
3273	534
3273	535
3272	535
3272	533
3270	533
3270	532
3266	532
3266	531
3264	531
3264	532
3255	532
3255	531
3251	531
3251	532
3237	532
3237	531
3233	531
3233	530
3231	530
3231	529
3230	529
3230	528
3229	528
3229	527
3228	527
3228	526
3224	526
3224	525
3220	525
3220	524
3213	524
3213	521
3212	521
3212	520
3211	520
3211	518
3210	518
3210	516
3209	516
3209	513
3208	513
3208	512
3207	512
3207	508
3206	508
3206	505
3205	505
3205	497
3206	497
3206	496
3205	496
3205	490
3206	490
3206	488
3205	488
3205	485
3204	485
3204	480
3203	480
3203	475
3201	475
3201	474
3200	474
3200	472
3199	472
3199	468
3198	468
3198	467
3197	467
3197	465
3196	465
3196	464
3194	464
3194	463
3193	463
3193	462
3191	462
3191	463
3190	463
3190	462
3188	462
3188	461
3187	461
3187	460
3186	460
3186	459
3182	459
3182	458
3167	458
3167	457
3150	457
3150	456
3146	456
3146	455
3145	455
3145	454
3142	454
3142	453
3141	453
3141	452
3140	452
3140	451
3138	451
3138	450
3137	450
3137	449
3135	449
3135	448
3133	448
3133	447
3131	447
3131	446
3129	446
3129	445
3127	445
3127	444
3124	444
3124	443
3121	443
3121	442
3118	442
3118	441
3117	441
3117	440
3114	440
3114	439
3113	439
3113	440
3112	440
3112	439
3110	439
3110	438
3107	438
3107	437
3103	437
3103	436
3102	436
3102	435
3100	435
3100	434
3098	434
3098	433
3077	433
3077	432
3067	432
3067	431
3063	431
3063	432
3062	432
3062	433
3057	433
3057	432
3056	432
3056	433
3039	433
3039	434
3038	434
3038	433
3036	433
3036	434
3026	434
3026	433
3024	433
3024	431
3022	431
3022	429
3020	429
3020	428
3019	428
3019	427
3017	427
3017	426
3016	426
3016	425
3015	425
3015	424
3014	424
3014	423
3012	423
3012	422
3011	422
3011	421
3010	421
3010	420
3009	420
3009	419
3008	419
3008	418
3007	418
3007	416
3006	416
3006	414
3005	414
3005	413
3004	413
3004	410
3003	410
3003	408
3002	408
3002	405
3001	405
3001	403
3000	403
3000	401
2999	401
2999	397
2998	397
2998	394
2997	394
2997	392
2996	392
2996	391
2997	391
2997	389
2996	389
2996	388
2995	388
2995	387
2994	387
2994	385
2992	385
2992	384
2991	384
2991	383
2990	383
2990	382
2989	382
2989	381
2988	381
2988	379
2987	379
2987	378
2985	378
2985	376
2984	376
2984	375
2982	375
2982	374
2981	374
2981	373
2980	373
2980	372
2979	372
2979	371
2976	371
2976	370
2974	370
2974	369
2970	369
2970	368
2960	368
2960	369
2959	369
2959	368
2956	368
2956	369
2954	369
2954	368
2950	368
2950	369
2948	369
2948	368
2947	368
2947	369
2944	369
2944	370
2942	370
2942	371
2941	371
2941	372
2939	372
2939	373
2937	373
2937	374
2936	374
2936	375
2934	375
2934	377
2933	377
2933	376
2931	376
2931	377
2930	377
2930	378
2929	378
2929	380
2928	380
2928	381
2927	381
2927	386
2928	386
2928	390
2929	390
2929	393
2930	393
2930	395
2931	395
2931	401
2929	401
2929	402
2928	402
2928	403
2927	403
2927	404
2922	404
2922	403
2920	403
2920	404
2894	404
2894	405
2893	405
2893	404
2891	404
2891	405
2880	405
2880	404
2877	404
2877	405
2870	405
2870	406
2867	406
2867	407
2865	407
2865	408
2863	408
2863	407
2862	407
2862	408
2857	408
2857	410
2856	410
2856	411
2854	411
2854	410
2853	410
2853	411
2850	411
2850	412
2848	412
2848	414
2845	414
2845	415
2843	415
2843	416
2841	416
2841	417
2839	417
2839	418
2838	418
2838	419
2836	419
2836	420
2835	420
2835	421
2832	421
2832	422
2830	422
2830	424
2824	424
2824	425
2822	425
2822	426
2818	426
2818	427
2817	427
2817	428
2816	428
2816	429
2814	429
2814	430
2812	430
2812	431
2808	431
2808	432
2807	432
2807	433
2805	433
2805	434
2803	434
2803	435
2802	435
2802	436
2800	436
2800	438
2799	438
2799	439
2798	439
2798	441
2797	441
2797	442
2796	442
2796	444
2795	444
2795	446
2794	446
2794	448
2793	448
2793	449
2792	449
2792	450
2793	450
2793	460
2792	460
2792	462
2791	462
2791	464
2790	464
2790	467
2789	467
2789	468
2788	468
2788	469
2787	469
2787	470
2786	470
2786	472
2785	472
2785	475
2784	475
2784	476
2783	476
2783	478
2782	478
2782	479
2781	479
2781	480
2780	480
2780	482
2779	482
2779	484
2780	484
2780	485
2779	485
2779	486
2778	486
2778	488
2776	488
2776	491
2775	491
2775	493
2774	493
2774	494
2775	494
2775	497
2774	497
2774	501
2773	501
2773	505
2774	505
2774	507
2773	507
2773	512
2774	512
2774	513
2773	513
2773	522
2772	522
2772	524
2773	524
2773	525
2772	525
2772	528
2774	528
2774	533
2775	533
2775	540
2776	540
2776	544
2778	544
2778	545
2776	545
2776	553
2775	553
2775	558
2776	558
2776	560
2775	560
2775	561
2776	561
2776	564
2777	564
2777	571
2778	571
2778	574
2777	574
2777	578
2776	578
2776	582
2777	582
2777	599
2776	599
2776	602
2775	602
2775	604
2774	604
2774	605
2773	605
2773	606
2774	606
2774	607
2772	607
2772	608
2771	608
2771	611
2770	611
2770	612
2769	612
2769	616
2768	616
2768	620
2767	620
2767	621
2766	621
2766	622
2767	622
2767	623
2765	623
2765	624
2764	624
2764	625
2762	625
2762	626
2759	626
2759	627
2757	627
2757	628
2754	628
2754	629
2752	629
2752	628
2744	628
2744	627
2743	627
2743	628
2740	628
2740	627
2738	627
2738	628
2736	628
2736	627
2722	627
2722	628
2710	628
2710	629
2704	629
2704	630
2701	630
2701	631
2698	631
2698	632
2694	632
2694	633
2692	633
2692	634
2690	634
2690	635
2688	635
2688	636
2683	636
2683	637
2681	637
2681	638
2673	638
2673	639
2667	639
2667	638
2666	638
2666	640
2664	640
2664	639
2662	639
2662	640
2660	640
2660	641
2658	641
2658	643
2657	643
2657	644
2655	644
2655	645
2653	645
2653	646
2652	646
2652	647
2651	647
2651	648
2647	648
2647	649
2645	649
2645	650
2640	650
2640	651
2637	651
2637	652
2635	652
2635	653
2633	653
2633	654
2629	654
2629	655
2626	655
2626	656
2623	656
2623	657
2622	657
2622	658
2620	658
2620	659
2619	659
2619	660
2617	660
2617	661
2616	661
2616	662
2613	662
2613	663
2612	663
2612	664
2610	664
2610	665
2609	665
2609	666
2608	666
2608	667
2606	667
2606	668
2605	668
2605	669
2604	669
2604	670
2603	670
2603	671
2602	671
2602	673
2601	673
2601	674
2600	674
2600	675
2599	675
2599	676
2597	676
2597	677
2594	677
2594	678
2588	678
2588	679
2587	679
2587	678
2586	678
2586	679
2576	679
2576	680
2570	680
2570	681
2566	681
2566	682
2564	682
2564	681
2554	681
2554	680
2552	680
2552	679
2548	679
2548	678
2547	678
2547	679
2546	679
2546	678
2544	678
2544	679
2543	679
2543	678
2540	678
2540	679
2538	679
2538	678
2535	678
2535	677
2532	677
2532	676
2527	676
2527	675
2524	675
2524	674
2523	674
2523	673
2522	673
2522	672
2521	672
2521	673
2518	673
2518	672
2517	672
2517	671
2514	671
2514	670
2512	670
2512	669
2508	669
2508	668
2507	668
2507	667
2505	667
2505	666
2503	666
2503	665
2500	665
2500	664
2496	664
2496	663
2494	663
2494	662
2493	662
2493	661
2490	661
2490	660
2486	660
2486	659
2485	659
2485	658
2484	658
2484	657
2482	657
2482	656
2480	656
2480	655
2479	655
2479	654
2478	654
2478	653
2476	653
2476	652
2475	652
2475	651
2472	651
2472	650
2469	650
2469	649
2467	649
2467	647
2464	647
2464	646
2462	646
2462	645
2460	645
2460	644
2459	644
2459	643
2456	643
2456	642
2455	642
2455	641
2454	641
2454	640
2452	640
2452	639
2451	639
2451	638
2448	638
2448	637
2446	637
2446	636
2445	636
2445	634
2444	634
2444	635
2442	635
2442	634
2441	634
2441	633
2440	633
2440	632
2437	632
2437	631
2435	631
2435	630
2434	630
2434	628
2432	628
2432	626
2430	626
2430	625
2429	625
2429	624
2427	624
2427	623
2425	623
2425	622
2424	622
2424	620
2421	620
2421	619
2420	619
2420	618
2419	618
2419	617
2416	617
2416	616
2415	616
2415	615
2414	615
2414	614
2413	614
2413	613
2412	613
2412	612
2411	612
2411	611
2409	611
2409	610
2408	610
2408	609
2407	609
2407	608
2406	608
2406	607
2404	607
2404	605
2402	605
2402	604
2400	604
2400	603
2399	603
2399	602
2398	602
2398	601
2397	601
2397	600
2395	600
2395	598
2394	598
2394	597
2392	597
2392	595
2391	595
2391	594
2390	594
2390	593
2388	593
2388	592
2386	592
2386	591
2385	591
2385	589
2384	589
2384	588
2383	588
2383	587
2382	587
2382	586
2380	586
2380	584
2379	584
2379	585
2378	585
2378	583
2376	583
2376	582
2375	582
2375	580
2373	580
2373	578
2372	578
2372	577
2370	577
2370	576
2369	576
2369	575
2368	575
2368	574
2367	574
2367	573
2366	573
2366	572
2365	572
2365	571
2364	571
2364	570
2363	570
2363	569
2362	569
2362	568
2360	568
2360	567
2358	567
2358	565
2356	565
2356	564
2355	564
2355	561
2352	561
2352	560
2351	560
2351	559
2350	559
2350	558
2349	558
2349	557
2347	557
2347	556
2346	556
2346	555
2345	555
2345	554
2344	554
2344	553
2342	553
2342	551
2340	551
2340	549
2338	549
2338	548
2336	548
2336	546
2335	546
2335	545
2334	545
2334	544
2333	544
2333	543
2332	543
2332	542
2330	542
2330	541
2329	541
2329	539
2328	539
2328	538
2327	538
2327	537
2326	537
2326	536
2325	536
2325	535
2323	535
2323	533
2322	533
2322	531
2320	531
2320	530
2319	530
2319	528
2318	528
2318	527
2316	527
2316	525
2315	525
2315	523
2314	523
2314	521
2313	521
2313	520
2311	520
2311	517
2310	517
2310	514
2309	514
2309	512
2308	512
2308	508
2307	508
2307	503
2308	503
2308	501
2312	501
2312	500
2313	500
2313	499
2312	499
2312	498
2311	498
2311	497
2309	497
2309	496
2308	496
2308	495
2307	495
2307	494
2304	494
2304	493
2295	493
2295	494
2286	494
2286	493
2283	493
2283	492
2282	492
2282	491
2280	491
2280	490
2278	490
2278	488
2277	488
2277	487
2276	487
2276	486
2274	486
2274	484
2272	484
2272	483
2271	483
2271	482
2270	482
2270	481
2268	481
2268	480
2267	480
2267	479
2266	479
2266	478
2265	478
2265	477
2264	477
2264	476
2262	476
2262	475
2261	475
2261	474
2260	474
2260	472
2259	472
2259	471
2257	471
2257	470
2256	470
2256	469
2254	469
2254	468
2253	468
2253	467
2250	467
2250	466
2249	466
2249	465
2246	465
2246	464
2244	464
2244	463
2243	463
2243	462
2240	462
2240	461
2239	461
2239	460
2238	460
2238	459
2236	459
2236	458
2234	458
2234	457
2233	457
2233	456
2231	456
2231	455
2230	455
2230	454
2227	454
2227	453
2224	453
2224	452
2223	452
2223	451
2220	451
2220	450
2218	450
2218	449
2216	449
2216	448
2214	448
2214	447
2211	447
2211	446
2209	446
2209	445
2200	445
2200	446
2199	446
2199	445
2196	445
2196	446
2190	446
2190	445
2163	445
2163	444
2160	444
2160	443
2158	443
2158	442
2155	442
2155	441
2152	441
2152	442
2148	442
2148	441
2147	441
2147	442
2146	442
2146	441
2142	441
2142	442
2139	442
2139	443
2136	443
2136	444
2135	444
2135	445
2134	445
2134	447
2133	447
2133	449
2132	449
2132	450
2130	450
2130	451
2129	451
2129	452
2127	452
2127	457
2128	457
2128	467
2129	467
2129	472
2128	472
2128	473
2129	473
2129	474
2130	474
2130	479
2131	479
2131	481
2132	481
2132	483
2133	483
2133	485
2134	485
2134	486
2138	486
2138	487
2140	487
2140	489
2141	489
2141	494
2140	494
2140	495
2139	495
2139	496
2136	496
2136	497
2133	497
2133	496
2128	496
2128	497
2127	497
2127	496
2120	496
2120	497
2118	497
2118	498
2111	498
2111	499
2108	499
2108	498
2105	498
2105	497
2103	497
2103	498
2101	498
2101	497
2099	497
2099	498
2094	498
2094	499
2092	499
2092	500
2090	500
2090	501
2089	501
2089	502
2086	502
2086	503
2085	503
2085	504
2083	504
2083	505
2082	505
2082	507
2080	507
2080	508
2077	508
2077	509
2076	509
2076	512
2075	512
2075	513
2074	513
2074	514
2073	514
2073	515
2070	515
2070	517
2069	517
2069	521
2068	521
2068	522
2067	522
2067	524
2066	524
2066	525
2065	525
2065	526
2063	526
2063	527
2062	527
2062	529
2061	529
2061	531
2060	531
2060	532
2059	532
2059	534
2060	534
2060	542
2061	542
2061	545
2060	545
2060	546
2061	546
2061	553
2060	553
2060	556
2059	556
2059	559
2058	559
2058	561
2056	561
2056	563
2054	563
2054	564
2052	564
2052	565
2051	565
2051	566
2050	566
2050	567
2049	567
2049	568
2044	568
2044	569
2031	569
2031	570
2028	570
2028	571
2026	571
2026	573
2022	573
2022	574
2021	574
2021	575
2018	575
2018	576
2016	576
2016	577
2014	577
2014	578
2012	578
2012	580
2011	580
2011	581
2010	581
2010	582
2009	582
2009	583
2008	583
2008	586
2006	586
2006	590
2005	590
2005	591
2004	591
2004	592
2003	592
2003	595
2002	595
2002	598
2000	598
2000	599
1999	599
1999	601
1998	601
1998	603
1999	603
1999	615
1998	615
1998	618
1997	618
1997	619
1996	619
1996	621
1995	621
1995	623
1994	623
1994	625
1991	625
1991	626
1990	626
1990	628
1988	628
1988	629
1987	629
1987	631
1986	631
1986	634
1985	634
1985	635
1984	635
1984	636
1983	636
1983	638
1982	638
1982	640
1981	640
1981	642
1980	642
1980	643
1979	643
1979	644
1978	644
1978	647
1977	647
1977	648
1976	648
1976	649
1975	649
1975	650
1974	650
1974	651
1973	651
1973	653
1972	653
1972	655
1970	655
1970	656
1969	656
1969	657
1968	657
1968	658
1967	658
1967	659
1966	659
1966	661
1965	661
1965	665
1964	665
1964	666
1963	666
1963	667
1962	667
1962	669
1961	669
1961	670
1960	670
1960	672
1958	672
1958	674
1956	674
1956	676
1955	676
1955	679
1954	679
1954	680
1953	680
1953	682
1952	682
1952	683
1951	683
1951	685
1950	685
1950	686
1949	686
1949	687
1948	687
1948	689
1947	689
1947	690
1946	690
1946	692
1945	692
1945	693
1944	693
1944	694
1943	694
1943	695
1942	695
1942	697
1940	697
1940	699
1938	699
1938	700
1936	700
1936	702
1935	702
1935	703
1934	703
1934	704
1933	704
1933	705
1930	705
1930	706
1929	706
1929	707
1928	707
1928	708
1927	708
1927	709
1926	709
1926	710
1925	710
1925	711
1924	711
1924	712
1923	712
1923	713
1922	713
1922	715
1920	715
1920	717
1918	717
1918	718
1916	718
1916	719
1905	719
1905	718
1904	718
1904	719
1902	719
1902	718
1901	718
1901	719
1900	719
1900	720
1898	720
1898	719
1894	719
1894	718
1892	718
1892	719
1891	719
1891	718
1888	718
1888	719
1887	719
1887	718
1876	718
1876	717
1874	717
1874	716
1873	716
1873	717
1872	717
1872	716
1870	716
1870	717
1869	717
1869	716
1866	716
1866	715
1863	715
1863	714
1861	714
1861	713
1855	713
1855	711
1852	711
1852	710
1843	710
1843	709
1838	709
1838	708
1836	708
1836	709
1830	709
1830	708
1827	708
1827	709
1825	709
1825	708
1824	708
1824	707
1823	707
1823	706
1822	706
1822	704
1821	704
1821	702
1820	702
1820	701
1818	701
1818	700
1817	700
1817	699
1815	699
1815	697
1814	697
1814	696
1812	696
1812	695
1811	695
1811	694
1810	694
1810	692
1809	692
1809	691
1808	691
1808	690
1807	690
1807	689
1806	689
1806	688
1804	688
1804	687
1802	687
1802	685
1801	685
1801	682
1799	682
1799	681
1798	681
1798	680
1797	680
1797	679
1796	679
1796	676
1795	676
1795	675
1794	675
1794	670
1791	670
1791	669
1790	669
1790	668
1791	668
1791	666
1789	666
1789	665
1787	665
1787	664
1786	664
1786	663
1785	663
1785	662
1784	662
1784	659
1781	659
1781	658
1779	658
1779	657
1777	657
1777	656
1775	656
1775	655
1774	655
1774	654
1773	654
1773	653
1772	653
1772	652
1770	652
1770	651
1768	651
1768	650
1766	650
1766	649
1765	649
1765	648
1762	648
1762	647
1760	647
1760	646
1758	646
1758	645
1751	645
1751	646
1750	646
1750	645
1743	645
1743	644
1739	644
1739	643
1738	643
1738	644
1733	644
1733	643
1724	643
1724	644
1720	644
1720	645
1719	645
1719	644
1704	644
1704	643
1701	643
1701	641
1700	641
1700	642
1698	642
1698	641
1694	641
1694	640
1693	640
1693	641
1692	641
1692	640
1686	640
1686	639
1684	639
1684	638
1677	638
1677	637
1674	637
1674	636
1668	636
1668	635
1667	635
1667	634
1664	634
1664	633
1658	633
1658	632
1656	632
1656	631
1653	631
1653	630
1652	630
1652	629
1650	629
1650	628
1647	628
1647	629
1646	629
1646	628
1644	628
1644	627
1643	627
1643	626
1641	626
1641	627
1640	627
1640	626
1639	626
1639	625
1638	625
1638	624
1634	624
1634	625
1626	625
1626	624
1625	624
1625	625
1623	625
1623	624
1622	624
1622	625
1617	625
1617	624
1616	624
1616	625
1612	625
1612	624
1606	624
1606	623
1602	623
1602	622
1590	622
1590	623
1589	623
1589	622
1585	622
1585	623
1584	623
1584	622
1583	622
1583	623
1581	623
1581	622
1571	622
1571	621
1564	621
1564	620
1559	620
1559	619
1552	619
1552	618
1551	618
1551	617
1549	617
1549	616
1548	616
1548	615
1547	615
1547	614
1546	614
1546	613
1544	613
1544	611
1543	611
1543	609
1542	609
1542	610
1541	610
1541	611
1540	611
1540	610
1539	610
1539	609
1537	609
1537	610
1534	610
1534	609
1531	609
1531	608
1530	608
1530	607
1525	607
1525	606
1522	606
1522	607
1519	607
1519	608
1513	608
1513	609
1512	609
1512	608
1506	608
1506	607
1503	607
1503	608
1501	608
1501	607
1498	607
1498	608
1497	608
1497	607
1482	607
1482	606
1477	606
1477	603
1476	603
1476	602
1474	602
1474	601
1483	601
1483	600
1493	600
1493	601
1494	601
1494	600
1508	600
1508	601
1511	601
1511	600
1520	600
1520	599
1522	599
1522	598
1523	598
1523	599
1524	599
1524	598
1525	598
1525	599
1526	599
1526	600
1529	600
1529	601
1530	601
1530	602
1531	602
1531	601
1532	601
1532	603
1535	603
1535	604
1537	604
1537	605
1538	605
1538	606
1540	606
1540	607
1542	607
1542	608
1543	608
1543	607
1544	607
1544	605
1546	605
1546	604
1550	604
1550	605
1552	605
1552	607
1556	607
1556	608
1558	608
1558	610
1559	610
1559	613
1563	613
1563	614
1569	614
1569	615
1573	615
1573	614
1594	614
1594	613
1598	613
1598	614
1601	614
1601	615
1602	615
1602	616
1605	616
1605	617
1607	617
1607	616
1608	616
1608	617
1616	617
1616	618
1617	618
1617	617
1624	617
1624	616
1626	616
1626	617
1639	617
1639	618
1641	618
1641	619
1644	619
1644	620
1646	620
1646	621
1649	621
1649	622
1654	622
1654	623
1656	623
1656	624
1658	624
1658	625
1664	625
1664	627
1670	627
1670	628
1674	628
1674	629
1675	629
1675	630
1677	630
1677	631
1679	631
1679	630
1684	630
1684	631
1685	631
1685	632
1688	632
1688	631
1689	631
1689	632
1696	632
1696	633
1704	633
1704	634
1707	634
1707	635
1710	635
1710	634
1720	634
1720	635
1722	635
1722	634
1729	634
1729	635
1742	635
1742	636
1745	636
1745	635
1747	635
1747	636
1756	636
1756	637
1758	637
1758	638
1760	638
1760	639
1762	639
1762	640
1764	640
1764	641
1766	641
1766	642
1769	642
1769	643
1772	643
1772	644
1773	644
1773	645
1775	645
1775	646
1777	646
1777	647
1779	647
1779	648
1780	648
1780	649
1784	649
1784	650
1785	650
1785	651
1787	651
1787	652
1788	652
1788	653
1789	653
1789	654
1790	654
1790	655
1791	655
1791	657
1792	657
