464	598
465	598
465	606
464	606
464	607
465	607
465	608
466	608
466	609
465	609
465	625
466	625
466	629
467	629
467	630
466	630
466	636
467	636
467	637
466	637
466	642
467	642
467	643
466	643
466	644
467	644
467	645
468	645
468	646
467	646
467	654
468	654
468	666
469	666
469	668
468	668
468	670
469	670
469	674
468	674
468	676
469	676
469	677
470	677
470	680
469	680
469	682
470	682
470	684
469	684
469	693
470	693
470	702
471	702
471	705
470	705
470	707
471	707
471	717
472	717
472	718
471	718
471	721
472	721
472	723
471	723
471	725
472	725
472	735
473	735
473	736
474	736
474	735
476	735
476	733
478	733
478	732
483	732
483	731
486	731
486	732
488	732
488	733
489	733
489	735
490	735
490	736
494	736
494	737
496	737
496	738
498	738
498	740
500	740
500	741
501	741
501	740
503	740
503	741
506	741
506	742
508	742
508	743
512	743
512	744
513	744
513	745
515	745
515	746
516	746
516	747
517	747
517	749
518	749
518	751
519	751
519	753
520	753
520	754
519	754
519	755
520	755
520	759
522	759
522	760
523	760
523	761
525	761
525	762
528	762
528	763
532	763
532	764
533	764
533	765
534	765
534	770
535	770
535	771
536	771
536	773
537	773
537	775
538	775
538	789
539	789
539	797
542	797
542	798
543	798
543	797
545	797
545	798
546	798
546	799
547	799
547	800
548	800
548	801
549	801
549	803
548	803
548	804
547	804
547	805
544	805
544	804
540	804
540	805
539	805
539	804
533	804
533	803
532	803
532	797
531	797
531	796
530	796
530	795
531	795
531	787
530	787
530	782
529	782
529	775
528	775
528	773
527	773
527	772
526	772
526	771
525	771
525	770
523	770
523	769
520	769
520	768
517	768
517	767
515	767
515	766
514	766
514	765
513	765
513	763
512	763
512	756
511	756
511	754
509	754
509	752
508	752
508	751
504	751
504	750
502	750
502	749
500	749
500	748
496	748
496	747
494	747
494	746
491	746
491	745
488	745
488	744
481	744
481	743
479	743
479	741
478	741
478	742
475	742
475	743
474	743
474	744
472	744
472	745
467	745
467	744
465	744
465	737
466	737
466	733
465	733
465	723
464	723
464	721
465	721
465	720
464	720
464	716
463	716
463	712
464	712
464	710
463	710
463	709
464	709
464	707
463	707
463	705
464	705
464	703
463	703
463	694
462	694
462	688
461	688
461	687
462	687
462	681
461	681
461	663
460	663
460	662
461	662
461	660
460	660
460	651
459	651
459	650
460	650
460	647
459	647
459	646
460	646
460	644
459	644
459	641
460	641
460	640
459	640
459	636
458	636
458	635
459	635
459	622
458	622
458	618
457	618
457	615
458	615
458	612
457	612
457	610
456	610
456	609
457	609
457	599
456	599
456	598
457	598
457	596
456	596
456	589
457	589
457	581
456	581
456	576
455	576
455	557
454	557
454	550
453	550
453	549
454	549
454	547
453	547
453	546
454	546
454	541
453	541
453	531
454	531
454	530
453	530
453	523
452	523
452	510
451	510
451	498
450	498
450	484
449	484
449	470
448	470
448	467
449	467
449	465
448	465
448	458
447	458
447	457
446	457
446	454
445	454
445	451
444	451
444	448
443	448
443	446
442	446
442	441
441	441
441	438
440	438
440	437
439	437
439	435
438	435
438	434
439	434
439	432
438	432
438	427
437	427
437	425
436	425
436	424
435	424
435	421
434	421
434	417
433	417
433	414
432	414
432	413
431	413
431	410
432	410
432	408
431	408
431	404
430	404
430	401
429	401
429	397
428	397
428	391
429	391
429	389
428	389
428	388
427	388
427	384
426	384
426	377
425	377
425	367
424	367
424	365
425	365
425	364
424	364
424	358
423	358
423	353
422	353
422	349
423	349
423	348
422	348
422	344
421	344
421	341
420	341
420	335
419	335
419	334
418	334
418	332
417	332
417	330
416	330
416	329
413	329
413	328
410	328
410	327
405	327
405	326
402	326
402	325
394	325
394	330
397	330
397	331
395	331
395	334
394	334
394	336
393	336
393	338
379	338
379	337
377	337
377	338
376	338
376	337
375	337
375	338
374	338
374	337
369	337
369	338
367	338
367	337
359	337
359	338
350	338
350	339
342	339
342	340
336	340
336	341
334	341
334	340
332	340
332	341
328	341
328	342
326	342
326	343
324	343
324	344
323	344
323	345
321	345
321	346
320	346
320	347
319	347
319	348
318	348
318	349
312	349
312	350
309	350
309	351
306	351
306	352
303	352
303	353
301	353
301	352
300	352
300	353
297	353
297	354
291	354
291	355
290	355
290	354
286	354
286	355
279	355
279	354
278	354
278	355
277	355
277	354
276	354
276	355
271	355
271	356
268	356
268	357
265	357
265	358
254	358
254	359
252	359
252	360
250	360
250	361
248	361
248	362
245	362
245	363
244	363
244	365
243	365
243	366
242	366
242	367
241	367
241	375
242	375
242	378
241	378
241	385
240	385
240	386
239	386
239	387
238	387
238	388
237	388
237	389
236	389
236	390
235	390
235	391
234	391
234	393
233	393
233	394
232	394
232	395
231	395
231	398
230	398
230	400
229	400
229	402
228	402
228	403
227	403
227	407
226	407
226	411
225	411
225	412
224	412
224	413
221	413
221	414
218	414
218	415
216	415
216	416
215	416
215	417
214	417
214	418
213	418
213	420
212	420
212	422
211	422
211	426
210	426
210	427
209	427
209	428
208	428
208	429
203	429
203	428
201	428
201	429
199	429
199	428
191	428
191	427
190	427
190	426
186	426
186	427
180	427
180	426
178	426
178	427
176	427
176	426
175	426
175	427
170	427
170	428
168	428
168	427
166	427
166	428
165	428
165	427
162	427
162	426
161	426
161	425
160	425
160	424
159	424
159	423
157	423
157	422
155	422
155	421
151	421
151	420
142	420
142	419
140	419
140	420
136	420
136	421
134	421
134	423
132	423
132	424
131	424
131	425
125	425
125	424
121	424
121	423
120	423
120	421
118	421
118	422
103	422
103	423
97	423
97	422
96	422
96	417
95	417
95	408
96	408
96	405
97	405
97	392
98	392
98	388
97	388
97	385
96	385
96	382
95	382
95	380
94	380
94	378
92	378
92	379
91	379
91	378
90	378
90	379
80	379
80	380
79	380
79	379
78	379
78	378
77	378
77	377
76	377
76	376
75	376
75	374
74	374
74	369
73	369
73	368
72	368
72	365
71	365
71	364
70	364
70	363
74	363
74	365
75	365
75	367
78	367
78	368
79	368
79	369
81	369
81	370
87	370
87	371
88	371
88	370
92	370
92	369
94	369
94	368
97	368
97	369
98	369
98	370
99	370
99	373
100	373
100	374
101	374
101	377
102	377
102	380
103	380
103	382
104	382
104	383
105	383
105	386
104	386
104	388
106	388
106	389
105	389
105	390
104	390
104	391
103	391
103	392
104	392
104	403
103	403
103	406
102	406
102	413
103	413
103	414
117	414
117	415
118	415
118	414
124	414
124	415
125	415
125	416
126	416
126	415
128	415
128	414
130	414
130	413
132	413
132	412
133	412
133	411
138	411
138	412
153	412
153	413
157	413
157	412
159	412
159	413
160	413
160	414
161	414
161	415
163	415
163	416
164	416
164	417
165	417
165	418
166	418
166	419
167	419
167	418
170	418
170	419
171	419
171	418
178	418
178	419
182	419
182	418
183	418
183	419
201	419
201	420
202	420
202	419
203	419
203	420
204	420
204	419
205	419
205	417
206	417
206	415
207	415
207	414
208	414
208	413
209	413
209	412
210	412
210	411
211	411
211	409
213	409
213	408
214	408
214	407
216	407
216	406
219	406
219	404
220	404
220	400
221	400
221	397
222	397
222	395
224	395
224	392
225	392
225	391
226	391
226	389
227	389
227	387
228	387
228	386
229	386
229	384
230	384
230	383
231	383
231	381
233	381
233	380
234	380
234	374
235	374
235	373
234	373
234	372
235	372
235	366
236	366
236	365
237	365
237	364
236	364
236	362
237	362
237	361
238	361
238	359
239	359
239	357
240	357
240	356
241	356
241	355
242	355
242	354
243	354
243	353
244	353
244	352
248	352
248	351
249	351
249	350
251	350
251	349
253	349
253	350
255	350
255	349
256	349
256	350
259	350
259	349
261	349
261	348
269	348
269	347
275	347
275	346
278	346
278	345
280	345
280	346
290	346
290	345
300	345
300	344
303	344
303	343
309	343
309	342
310	342
310	341
315	341
315	340
317	340
317	339
318	339
318	337
319	337
319	335
321	335
321	334
322	334
322	333
326	333
326	332
329	332
329	333
333	333
333	332
335	332
335	331
341	331
341	333
342	333
342	331
343	331
343	330
353	330
353	329
361	329
361	328
375	328
375	329
384	329
384	327
382	327
382	326
379	326
379	325
378	325
378	320
379	320
379	319
377	319
377	317
376	317
376	316
377	316
377	313
382	313
382	314
383	314
383	315
386	315
386	317
388	317
388	316
397	316
397	315
405	315
405	317
406	317
406	318
408	318
408	319
412	319
412	320
418	320
418	321
420	321
420	322
422	322
422	323
423	323
423	324
424	324
424	325
425	325
425	329
426	329
426	330
427	330
427	335
428	335
428	336
429	336
429	344
430	344
430	345
429	345
429	347
430	347
430	348
429	348
429	349
430	349
430	353
431	353
431	359
432	359
432	363
433	363
433	365
432	365
432	371
433	371
433	373
432	373
432	376
433	376
433	381
434	381
434	382
435	382
435	389
436	389
436	399
437	399
437	401
438	401
438	403
439	403
439	407
440	407
440	412
441	412
441	416
442	416
442	418
443	418
443	421
444	421
444	426
445	426
445	427
446	427
446	428
445	428
445	429
446	429
446	431
447	431
447	435
448	435
448	437
447	437
447	439
448	439
448	440
449	440
449	443
450	443
450	445
451	445
451	447
452	447
452	448
453	448
453	450
454	450
454	455
455	455
455	462
457	462
457	463
455	463
455	464
456	464
456	466
455	466
455	467
456	467
456	468
457	468
457	470
456	470
456	477
457	477
457	489
458	489
458	490
457	490
457	492
458	492
458	505
459	505
459	512
460	512
460	515
459	515
459	517
460	517
460	532
461	532
461	537
460	537
460	540
461	540
461	541
462	541
462	542
461	542
461	544
462	544
462	546
461	546
461	547
462	547
462	551
461	551
461	555
462	555
462	561
463	561
463	578
464	578
464	587
463	587
463	588
464	588
977	628
978	628
978	632
979	632
979	637
980	637
980	639
981	639
981	640
982	640
982	641
983	641
983	642
984	642
984	643
985	643
985	644
986	644
986	645
988	645
988	646
992	646
992	647
994	647
994	648
996	648
996	649
998	649
998	650
999	650
999	651
1006	651
1006	652
1009	652
1009	653
1011	653
1011	654
1012	654
1012	655
1013	655
1013	661
1014	661
1014	674
1015	674
1015	682
1016	682
1016	683
1015	683
1015	686
1016	686
1016	690
1017	690
1017	692
1018	692
1018	693
1019	693
1019	694
1021	694
1021	695
1023	695
1023	694
1024	694
1024	693
1025	693
1025	689
1024	689
1024	688
1023	688
1023	686
1024	686
1024	685
1023	685
1023	683
1022	683
1022	678
1021	678
1021	676
1022	676
1022	673
1021	673
1021	672
1022	672
1022	667
1021	667
1021	662
1020	662
1020	661
1021	661
1021	659
1022	659
1022	658
1021	658
1021	653
1020	653
1020	645
1021	645
1021	639
1020	639
1020	638
1017	638
1017	639
1016	639
1016	638
1013	638
1013	639
1008	639
1008	638
1007	638
1007	639
1006	639
1006	638
1003	638
1003	639
1001	639
1001	638
999	638
999	637
1000	637
1000	636
999	636
999	634
997	634
997	633
993	633
993	634
991	634
991	635
990	635
990	636
989	636
989	637
987	637
987	635
986	635
986	629
985	629
985	627
984	627
984	621
983	621
983	616
982	616
982	610
981	610
981	604
980	604
980	599
979	599
979	598
978	598
978	595
977	595
977	594
976	594
976	593
975	593
975	592
974	592
974	591
973	591
973	589
970	589
970	587
969	587
969	586
968	586
968	587
965	587
965	586
963	586
963	585
962	585
962	584
960	584
960	583
959	583
959	582
958	582
958	581
956	581
956	580
954	580
954	579
953	579
953	578
950	578
950	577
949	577
949	575
948	575
948	574
947	574
947	573
946	573
946	571
945	571
945	569
944	569
944	568
943	568
943	566
942	566
942	563
941	563
941	562
940	562
940	561
938	561
938	560
934	560
934	559
932	559
932	558
930	558
930	557
929	557
929	556
928	556
928	555
926	555
926	554
916	554
916	553
912	553
912	554
909	554
909	553
903	553
903	554
898	554
898	555
895	555
895	556
892	556
892	557
891	557
891	558
890	558
890	559
889	559
889	560
887	560
887	562
886	562
886	564
885	564
885	565
883	565
883	567
882	567
882	568
881	568
881	571
879	571
879	572
878	572
878	573
877	573
877	575
876	575
876	577
874	577
874	578
873	578
873	579
871	579
871	581
870	581
870	583
869	583
869	586
868	586
868	587
869	587
869	589
868	589
868	595
867	595
867	594
863	594
863	593
861	593
861	594
852	594
852	593
851	593
851	592
848	592
848	591
846	591
846	590
843	590
843	591
841	591
841	589
840	589
840	588
837	588
837	587
830	587
830	586
829	586
829	585
827	585
827	586
824	586
824	587
821	587
821	588
819	588
819	589
818	589
818	591
813	591
813	592
812	592
812	593
811	593
811	594
810	594
810	596
809	596
809	598
808	598
808	600
807	600
807	605
806	605
806	610
805	610
805	611
804	611
804	616
805	616
805	618
804	618
804	619
805	619
805	627
804	627
804	630
803	630
803	631
802	631
802	632
797	632
797	633
794	633
794	634
793	634
793	633
790	633
790	632
788	632
788	633
787	633
787	632
784	632
784	631
783	631
783	630
780	630
780	629
779	629
779	630
778	630
778	629
775	629
775	630
770	630
770	631
768	631
768	632
764	632
764	633
760	633
760	634
744	634
744	633
742	633
742	634
741	634
741	633
735	633
735	632
733	632
733	631
732	631
732	632
727	632
727	633
726	633
726	634
719	634
719	635
716	635
716	636
713	636
713	637
712	637
712	639
711	639
711	638
709	638
709	639
708	639
708	638
707	638
707	639
706	639
706	641
705	641
705	642
701	642
701	643
699	643
699	644
698	644
698	645
697	645
697	646
696	646
696	647
694	647
694	648
693	648
693	649
691	649
691	650
690	650
690	651
688	651
688	654
687	654
687	655
686	655
686	658
685	658
685	660
684	660
684	663
683	663
683	664
681	664
681	665
679	665
679	666
677	666
677	667
675	667
675	668
674	668
674	670
673	670
673	671
672	671
672	673
671	673
671	674
670	674
670	676
669	676
669	677
668	677
668	678
667	678
667	679
664	679
664	680
663	680
663	682
662	682
662	683
661	683
661	684
662	684
662	685
663	685
663	686
662	686
662	689
660	689
660	690
658	690
658	691
656	691
656	692
655	692
655	693
653	693
653	694
652	694
652	695
651	695
651	697
650	697
650	698
649	698
649	699
648	699
648	701
647	701
647	702
646	702
646	704
644	704
644	706
645	706
645	707
644	707
644	708
642	708
642	709
641	709
641	712
640	712
640	714
639	714
639	715
638	715
638	716
637	716
637	718
636	718
636	719
635	719
635	721
634	721
634	722
633	722
633	723
632	723
632	724
631	724
631	725
630	725
630	729
629	729
629	733
626	733
626	736
625	736
625	738
624	738
624	739
623	739
623	742
622	742
622	745
621	745
621	747
620	747
620	748
621	748
621	749
620	749
620	751
621	751
621	753
620	753
620	756
619	756
619	761
620	761
620	765
621	765
621	769
620	769
620	773
621	773
621	784
620	784
620	785
621	785
621	790
622	790
622	793
621	793
621	795
622	795
622	796
621	796
621	799
620	799
620	800
617	800
617	801
614	801
614	802
612	802
612	803
611	803
611	804
609	804
609	805
606	805
606	804
604	804
604	805
589	805
589	806
580	806
580	807
578	807
578	808
577	808
577	807
567	807
567	806
565	806
565	805
560	805
560	802
559	802
559	800
557	800
557	799
553	799
553	800
551	800
551	802
550	802
550	806
551	806
551	808
553	808
553	809
554	809
554	810
555	810
555	811
564	811
564	812
568	812
568	813
571	813
571	814
575	814
575	815
576	815
576	816
580	816
580	815
582	815
582	816
586	816
586	815
590	815
590	814
595	814
595	813
609	813
609	814
610	814
610	813
615	813
615	812
617	812
617	810
618	810
618	809
620	809
620	808
624	808
624	807
625	807
625	808
627	808
627	807
628	807
628	806
629	806
629	800
630	800
630	794
629	794
629	793
630	793
630	791
629	791
629	790
628	790
628	789
629	789
629	777
628	777
628	776
629	776
629	769
628	769
628	757
631	757
631	756
629	756
629	755
628	755
628	751
629	751
629	747
630	747
630	745
631	745
631	744
632	744
632	742
633	742
633	740
634	740
634	737
636	737
636	736
637	736
637	734
638	734
638	730
639	730
639	729
640	729
640	728
641	728
641	727
642	727
642	726
643	726
643	723
644	723
644	720
645	720
645	719
646	719
646	717
647	717
647	716
648	716
648	715
649	715
649	713
650	713
650	711
652	711
652	709
653	709
653	708
654	708
654	706
655	706
655	705
656	705
656	704
657	704
657	703
658	703
658	702
664	702
664	701
665	701
665	700
666	700
666	698
668	698
668	697
669	697
669	696
670	696
670	695
671	695
671	694
672	694
672	693
674	693
674	689
675	689
675	688
676	688
676	686
675	686
675	685
676	685
676	683
677	683
677	678
678	678
678	677
679	677
679	675
680	675
680	674
681	674
681	673
682	673
682	672
685	672
685	670
688	670
688	669
690	669
690	668
691	668
691	667
692	667
692	665
693	665
693	660
694	660
694	659
695	659
695	657
696	657
696	656
698	656
698	655
699	655
699	654
701	654
701	653
702	653
702	652
703	652
703	651
707	651
707	650
710	650
710	649
711	649
711	648
712	648
712	647
714	647
714	646
715	646
715	645
716	645
716	644
717	644
717	643
720	643
720	642
721	642
721	641
734	641
734	640
735	640
735	641
744	641
744	642
745	642
745	643
756	643
756	642
760	642
760	643
763	643
763	642
765	642
765	641
769	641
769	642
770	642
770	641
771	641
771	639
778	639
778	638
780	638
780	639
781	639
781	640
787	640
787	641
788	641
788	642
793	642
793	643
794	643
794	642
796	642
796	643
798	643
798	642
800	642
800	641
804	641
804	640
806	640
806	639
808	639
808	638
809	638
809	636
811	636
811	632
812	632
812	626
813	626
813	618
814	618
814	617
813	617
813	613
814	613
814	610
815	610
815	604
816	604
816	601
817	601
817	600
818	600
818	598
821	598
821	597
824	597
824	596
826	596
826	595
830	595
830	596
831	596
831	595
834	595
834	596
837	596
837	597
838	597
838	598
840	598
840	599
844	599
844	600
848	600
848	599
850	599
850	600
855	600
855	601
858	601
858	602
860	602
860	603
867	603
867	604
870	604
870	605
872	605
872	606
873	606
873	605
877	605
877	588
878	588
878	585
880	585
880	583
881	583
881	582
882	582
882	581
883	581
883	580
884	580
884	579
885	579
885	578
886	578
886	577
887	577
887	576
888	576
888	574
889	574
889	573
890	573
890	571
891	571
891	570
892	570
892	569
893	569
893	567
894	567
894	565
897	565
897	564
900	564
900	563
901	563
901	564
902	564
902	567
901	567
901	568
902	568
902	569
908	569
908	568
910	568
910	567
913	567
913	566
915	566
915	565
917	565
917	566
923	566
923	565
924	565
924	566
932	566
932	567
934	567
934	568
935	568
935	569
936	569
936	570
937	570
937	571
938	571
938	573
939	573
939	575
940	575
940	576
941	576
941	578
942	578
942	580
944	580
944	583
945	583
945	584
946	584
946	585
948	585
948	586
950	586
950	587
952	587
952	588
954	588
954	589
955	589
955	590
958	590
958	591
960	591
960	592
962	592
962	593
963	593
963	594
965	594
965	595
968	595
968	596
969	596
969	597
970	597
970	599
972	599
972	601
973	601
973	603
974	603
974	606
975	606
975	620
976	620
976	621
977	621
1563	713
1564	713
1564	714
1565	714
1565	715
1568	715
1568	714
1569	714
1569	715
1570	715
1570	714
1581	714
1581	715
1586	715
1586	716
1588	716
1588	717
1590	717
1590	718
1594	718
1594	717
1604	717
1604	718
1605	718
1605	717
1610	717
1610	718
1611	718
1611	719
1620	719
1620	718
1624	718
1624	717
1626	717
1626	716
1627	716
1627	715
1634	715
1634	714
1635	714
1635	711
1636	711
1636	708
1637	708
1637	706
1638	706
1638	704
1639	704
1639	701
1638	701
1638	699
1639	699
1639	696
1640	696
1640	695
1639	695
1639	687
1638	687
1638	686
1639	686
1639	685
1638	685
1638	677
1639	677
1639	670
1640	670
1640	666
1641	666
1641	664
1640	664
1640	662
1641	662
1641	661
1642	661
1642	659
1641	659
1641	656
1642	656
1642	652
1643	652
1643	651
1644	651
1644	649
1645	649
1645	648
1647	648
1647	647
1650	647
1650	646
1651	646
1651	645
1658	645
1658	643
1660	643
1660	641
1661	641
1661	639
1662	639
1662	634
1663	634
1663	630
1664	630
1664	621
1665	621
1665	617
1666	617
1666	615
1667	615
1667	613
1668	613
1668	609
1669	609
1669	607
1670	607
1670	604
1671	604
1671	603
1672	603
1672	602
1673	602
1673	601
1674	601
1674	600
1675	600
1675	599
1676	599
1676	598
1677	598
1677	597
1678	597
1678	594
1679	594
1679	593
1680	593
1680	590
1681	590
1681	588
1682	588
1682	584
1683	584
1683	582
1684	582
1684	581
1685	581
1685	580
1686	580
1686	578
1687	578
1687	577
1688	577
1688	575
1689	575
1689	573
1690	573
1690	572
1689	572
1689	569
1690	569
1690	566
1691	566
1691	564
1692	564
1692	563
1696	563
1696	562
1698	562
1698	561
1701	561
1701	560
1702	560
1702	559
1703	559
1703	558
1710	558
1710	557
1718	557
1718	556
1720	556
1720	555
1728	555
1728	554
1738	554
1738	553
1744	553
1744	554
1745	554
1745	553
1747	553
1747	552
1748	552
1748	553
1751	553
1751	554
1756	554
1756	556
1758	556
1758	555
1760	555
1760	554
1761	554
1761	555
1762	555
1762	554
1765	554
1765	555
1767	555
1767	554
1768	554
1768	555
1769	555
1769	554
1770	554
1770	555
1774	555
1774	554
1782	554
1782	556
1783	556
1783	561
1784	561
1784	563
1785	563
1785	564
1786	564
1786	566
1787	566
1787	582
1788	582
1788	588
1789	588
1789	589
1788	589
1788	595
1789	595
1789	599
1788	599
1788	601
1789	601
1789	603
1788	603
1788	605
1789	605
1789	610
1790	610
1790	615
1789	615
1789	616
1790	616
1790	618
1789	618
1789	620
1790	620
1790	630
1791	630
1791	635
1792	635
1792	636
1793	636
1793	640
1794	640
1794	641
1795	641
1795	643
1796	643
1796	653
1797	653
1797	654
1798	654
1798	655
1799	655
1799	656
1800	656
1800	657
1801	657
1801	658
1804	658
1804	659
1806	659
1806	660
1807	660
1807	664
1808	664
1808	666
1809	666
1809	668
1810	668
1810	670
1811	670
1811	671
1812	671
1812	673
1813	673
1813	674
1814	674
1814	675
1826	675
1826	673
1828	673
1828	671
1830	671
1830	670
1831	670
1831	669
1832	669
1832	668
1833	668
1833	666
1834	666
1834	665
1836	665
1836	663
1837	663
1837	662
1838	662
1838	661
1840	661
1840	660
1843	660
1843	659
1845	659
1845	660
1846	660
1846	659
1847	659
1847	658
1848	658
1848	657
1849	657
1849	656
1850	656
1850	655
1851	655
1851	653
1853	653
1853	652
1854	652
1854	651
1857	651
1857	652
1858	652
1858	651
1862	651
1862	652
1864	652
1864	651
1875	651
1875	652
1877	652
1877	653
1880	653
1880	654
1881	654
1881	655
1882	655
1882	656
1883	656
1883	658
1882	658
1882	659
1883	659
1883	661
1884	661
1884	662
1883	662
1883	666
1884	666
1884	667
1885	667
1885	668
1886	668
1886	670
1887	670
1887	672
1888	672
1888	673
1890	673
1890	674
1891	674
1891	675
1893	675
1893	676
1894	676
1894	677
1895	677
1895	678
1896	678
1896	679
1897	679
1897	680
1898	680
1898	681
1899	681
1899	684
1900	684
1900	685
1901	685
1901	686
1902	686
1902	687
1903	687
1903	689
1904	689
1904	690
1910	690
1910	691
1916	691
1916	690
1920	690
1920	689
1921	689
1921	690
1924	690
1924	689
1930	689
1930	688
1933	688
1933	689
1936	689
1936	688
1941	688
1941	689
1948	689
1948	688
1970	688
1970	689
1977	689
1977	688
1980	688
1980	686
1981	686
1981	683
1982	683
1982	682
1983	682
1983	681
1984	681
1984	677
1986	677
1986	676
1987	676
1987	675
1989	675
1989	674
1993	674
1993	673
1994	673
1994	674
1996	674
1996	675
1997	675
1997	673
1996	673
1996	672
1997	672
1997	673
1998	673
1998	672
1999	672
1999	671
2005	671
2005	672
2011	672
2011	671
2014	671
2014	670
2015	670
2015	667
2014	667
2014	666
2015	666
2015	665
2016	665
2016	664
2017	664
2017	663
2018	663
2018	662
2020	662
2020	660
2021	660
2021	658
2022	658
2022	654
2023	654
2023	651
2024	651
2024	649
2025	649
2025	647
2024	647
2024	643
2023	643
2023	639
2022	639
2022	635
2021	635
2021	630
2020	630
2020	622
2021	622
2021	617
2022	617
2022	613
2021	613
2021	612
2022	612
2022	605
2023	605
2023	604
2024	604
2024	603
2025	603
2025	602
2026	602
2026	601
2028	601
2028	600
2029	600
2029	599
2030	599
2030	598
2031	598
2031	597
2032	597
2032	596
2033	596
2033	594
2034	594
2034	593
2036	593
2036	590
2038	590
2038	589
2040	589
2040	588
2042	588
2042	587
2044	587
2044	586
2045	586
2045	587
2046	587
2046	586
2048	586
2048	587
2052	587
2052	588
2054	588
2054	590
2056	590
2056	592
2057	592
2057	595
2058	595
2058	596
2059	596
2059	599
2060	599
2060	600
2061	600
2061	603
2062	603
2062	604
2065	604
2065	605
2069	605
2069	606
2072	606
2072	607
2077	607
2077	608
2078	608
2078	609
2079	609
2079	610
2080	610
2080	611
2083	611
2083	613
2088	613
2088	612
2090	612
2090	611
2092	611
2092	610
2093	610
2093	609
2094	609
2094	603
2095	603
2095	582
2094	582
2094	581
2095	581
2095	578
2094	578
2094	568
2095	568
2095	565
2096	565
2096	563
2097	563
2097	562
2098	562
2098	561
2099	561
2099	560
2100	560
2100	559
2101	559
2101	558
2102	558
2102	557
2104	557
2104	556
2106	556
2106	555
2107	555
2107	554
2109	554
2109	553
2110	553
2110	552
2112	552
2112	551
2113	551
2113	550
2114	550
2114	548
2115	548
2115	547
2117	547
2117	546
2118	546
2118	545
2119	545
2119	543
2121	543
2121	542
2123	542
2123	541
2125	541
2125	540
2126	540
2126	539
2128	539
2128	538
2129	538
2129	537
2130	537
2130	536
2131	536
2131	535
2132	535
2132	534
2136	534
2136	533
2138	533
2138	532
2140	532
2140	530
2143	530
2143	529
2147	529
2147	528
2150	528
2150	527
2157	527
2157	526
2158	526
2158	525
2161	525
2161	524
2164	524
2164	523
2169	523
2169	522
2175	522
2175	521
2178	521
2178	520
2180	520
2180	519
2183	519
2183	518
2186	518
2186	517
2187	517
2187	516
2191	516
2191	514
2192	514
2192	513
2196	513
2196	512
2210	512
2210	511
2211	511
2211	512
2213	512
2213	511
2214	511
2214	512
2215	512
2215	513
2220	513
2220	514
2221	514
2221	515
2222	515
2222	514
2224	514
2224	515
2231	515
2231	516
2240	516
2240	517
2243	517
2243	518
2247	518
2247	519
2248	519
2248	520
2253	520
2253	521
2257	521
2257	522
2259	522
2259	523
2260	523
2260	524
2261	524
2261	525
2262	525
2262	527
2266	527
2266	528
2270	528
2270	529
2272	529
2272	530
2273	530
2273	531
2274	531
2274	530
2275	530
2275	529
2277	529
2277	530
2279	530
2279	531
2283	531
2283	532
2284	532
2284	533
2289	533
2289	534
2290	534
2290	535
2291	535
2291	536
2293	536
2293	537
2294	537
2294	538
2295	538
2295	539
2296	539
2296	540
2297	540
2297	541
2299	541
2299	542
2300	542
2300	543
2301	543
2301	544
2302	544
2302	545
2303	545
2303	546
2304	546
2304	547
2305	547
2305	548
2306	548
2306	549
2307	549
2307	550
2308	550
2308	551
2310	551
2310	552
2311	552
2311	553
2312	553
2312	554
2313	554
2313	555
2315	555
2315	556
2317	556
2317	557
2319	557
2319	558
2322	558
2322	559
2323	559
2323	558
2324	558
2324	559
2325	559
2325	558
2326	558
2326	559
2329	559
2329	560
2332	560
2332	559
2333	559
2333	560
2336	560
2336	559
2344	559
2344	558
2346	558
2346	557
2347	557
2347	558
2355	558
2355	559
2357	559
2357	560
2358	560
2358	561
2361	561
2361	562
2362	562
2362	561
2366	561
2366	560
2371	560
2371	561
2373	561
2373	562
2374	562
2374	563
2376	563
2376	564
2378	564
2378	565
2379	565
2379	566
2382	566
2382	567
2383	567
2383	568
2384	568
2384	569
2387	569
2387	570
2388	570
2388	569
2394	569
2394	568
2399	568
2399	569
2400	569
2400	570
2403	570
2403	569
2406	569
2406	567
2407	567
2407	565
2408	565
2408	564
2410	564
2410	563
2413	563
2413	562
2422	562
2422	561
2427	561
2427	562
2433	562
2433	563
2434	563
2434	565
2436	565
2436	566
2437	566
2437	567
2438	567
2438	569
2439	569
2439	570
2440	570
2440	571
2442	571
2442	572
2443	572
2443	576
2444	576
2444	577
2445	577
2445	581
2446	581
2446	583
2447	583
2447	585
2448	585
2448	587
2449	587
2449	589
2450	589
2450	590
2451	590
2451	591
2452	591
2452	592
2453	592
2453	593
2454	593
2454	594
2455	594
2455	595
2458	595
2458	596
2460	596
2460	597
2464	597
2464	598
2466	598
2466	599
2467	599
2467	600
2468	600
2468	602
2469	602
2469	603
2470	603
2470	605
2472	605
2472	606
2473	606
2473	607
2475	607
2475	608
2478	608
2478	609
2480	609
2480	610
2481	610
2481	609
2483	609
2483	610
2484	610
2484	612
2486	612
2486	613
2488	613
2488	614
2489	614
2489	615
2492	615
2492	616
2493	616
2493	617
2496	617
2496	618
2498	618
2498	619
2511	619
2511	618
2517	618
2517	617
2518	617
2518	616
2521	616
2521	615
2522	615
2522	614
2524	614
2524	613
2525	613
2525	612
2526	612
2526	611
2527	611
2527	609
2528	609
2528	608
2529	608
2529	607
2530	607
2530	606
2532	606
2532	605
2533	605
2533	604
2534	604
2534	602
2535	602
2535	600
2536	600
2536	597
2537	597
2537	592
2536	592
2536	590
2535	590
2535	589
2536	589
2536	583
2537	583
2537	582
2536	582
2536	581
2537	581
2537	580
2538	580
2538	577
2539	577
2539	576
2540	576
2540	575
2541	575
2541	574
2542	574
2542	571
2544	571
2544	570
2545	570
2545	569
2546	569
2546	567
2547	567
2547	564
2546	564
2546	563
2547	563
2547	562
2548	562
2548	560
2549	560
2549	559
2550	559
2550	556
2551	556
2551	553
2552	553
2552	551
2553	551
2553	550
2554	550
2554	546
2556	546
2556	544
2557	544
2557	541
2558	541
2558	539
2557	539
2557	537
2558	537
2558	536
2559	536
2559	533
2560	533
2560	532
2561	532
2561	531
2563	531
2563	530
2564	530
2564	529
2565	529
2565	528
2566	528
2566	527
2567	527
2567	525
2569	525
2569	524
2567	524
2567	520
2568	520
2568	519
2569	519
2569	517
2570	517
2570	516
2571	516
2571	515
2572	515
2572	514
2573	514
2573	513
2575	513
2575	512
2577	512
2577	513
2578	513
2578	512
2579	512
2579	511
2580	511
2580	512
2583	512
2583	511
2587	511
2587	510
2590	510
2590	509
2591	509
2591	508
2594	508
2594	507
2597	507
2597	506
2598	506
2598	505
2600	505
2600	504
2603	504
2603	503
2605	503
2605	502
2610	502
2610	501
2611	501
2611	502
2613	502
2613	501
2615	501
2615	500
2617	500
2617	501
2621	501
2621	500
2624	500
2624	499
2626	499
2626	496
2627	496
2627	493
2628	493
2628	492
2631	492
2631	489
2633	489
2633	488
2634	488
2634	487
2635	487
2635	485
2637	485
2637	483
2638	483
2638	480
2639	480
2639	479
2640	479
2640	475
2641	475
2641	473
2642	473
2642	472
2641	472
2641	470
2642	470
2642	463
2643	463
2643	457
2644	457
2644	456
2643	456
2643	452
2642	452
2642	449
2641	449
2641	437
2640	437
2640	436
2639	436
2639	434
2638	434
2638	432
2637	432
2637	429
2636	429
2636	424
2637	424
2637	420
2638	420
2638	419
2639	419
2639	418
2641	418
2641	417
2643	417
2643	416
2645	416
2645	415
2646	415
2646	414
2649	414
2649	413
2650	413
2650	415
2651	415
2651	412
2652	412
2652	411
2656	411
2656	410
2657	410
2657	409
2659	409
2659	408
2660	408
2660	409
2662	409
2662	408
2663	408
2663	407
2668	407
2668	408
2669	408
2669	407
2670	407
2670	406
2673	406
2673	407
2678	407
2678	408
2679	408
2679	409
2680	409
2680	410
2681	410
2681	411
2682	411
2682	412
2687	412
2687	413
2691	413
2691	414
2694	414
2694	415
2700	415
2700	414
2703	414
2703	413
2706	413
2706	414
2707	414
2707	413
2709	413
2709	412
2710	412
2710	410
2711	410
2711	408
2712	408
2712	406
2713	406
2713	405
2714	405
2714	401
2715	401
2715	395
2716	395
2716	391
2717	391
2717	388
2718	388
2718	383
2719	383
2719	380
2718	380
2718	379
2719	379
2719	372
2720	372
2720	367
2719	367
2719	365
2720	365
2720	361
2721	361
2721	359
2722	359
2722	356
2723	356
2723	355
2724	355
2724	354
2725	354
2725	353
2729	353
2729	352
2744	352
2744	353
2747	353
2747	354
2748	354
2748	355
2749	355
2749	354
2752	354
2752	355
2755	355
2755	356
2761	356
2761	357
2765	357
2765	358
2769	358
2769	359
2773	359
2773	360
2774	360
2774	361
2779	361
2779	362
2782	362
2782	363
2784	363
2784	364
2786	364
2786	365
2789	365
2789	366
2791	366
2791	365
2792	365
2792	366
2798	366
2798	365
2799	365
2799	366
2814	366
2814	367
2822	367
2822	366
2828	366
2828	367
2832	367
2832	366
2839	366
2839	365
2844	365
2844	364
2846	364
2846	363
2847	363
2847	362
2849	362
2849	361
2868	361
2868	360
2870	360
2870	359
2871	359
2871	358
2872	358
2872	354
2873	354
2873	352
2874	352
2874	350
2875	350
2875	348
2876	348
2876	346
2877	346
2877	343
2878	343
2878	339
2879	339
2879	337
2880	337
2880	332
2881	332
2881	329
2882	329
2882	327
2883	327
2883	324
2884	324
2884	321
2885	321
2885	320
2886	320
2886	319
2887	319
2887	318
2889	318
2889	317
2890	317
2890	316
2893	316
2893	315
2895	315
2895	314
2897	314
2897	313
2901	313
2901	314
2902	314
2902	313
2915	313
2915	314
2920	314
2920	315
2931	315
2931	314
2934	314
2934	313
2938	313
2938	314
2944	314
2944	313
2948	313
2948	312
2950	312
2950	313
2951	313
2951	312
2956	312
2956	310
2957	310
2957	309
2960	309
2960	307
2961	307
2961	305
2960	305
2960	304
2961	304
2961	298
2960	298
2960	297
2961	297
2961	296
2960	296
2960	291
2959	291
2959	284
2960	284
2960	281
2961	281
2961	274
2969	274
2969	273
2970	273
2970	274
2974	274
2974	275
2975	275
2975	274
2978	274
2978	273
2982	273
2982	274
2984	274
2984	273
2985	273
2985	274
2988	274
2988	275
2991	275
2991	276
2994	276
2994	277
2996	277
2996	278
2998	278
2998	279
3000	279
3000	280
3002	280
3002	281
3004	281
3004	282
3006	282
3006	283
3009	283
3009	284
3010	284
3010	285
3011	285
3011	286
3014	286
3014	287
3016	287
3016	288
3019	288
3019	289
3020	289
3020	290
3024	290
3024	291
3025	291
3025	293
3027	293
3027	294
3028	294
3028	295
3030	295
3030	296
3031	296
3031	297
3032	297
3032	298
3034	298
3034	299
3035	299
3035	300
3036	300
3036	301
3038	301
3038	302
3041	302
3041	303
3043	303
3043	304
3044	304
3044	305
3047	305
3047	304
3048	304
3048	305
3049	305
3049	306
3054	306
3054	307
3056	307
3056	308
3057	308
3057	309
3059	309
3059	310
3062	310
3062	311
3064	311
3064	312
3065	312
3065	313
3067	313
3067	314
3070	314
3070	315
3072	315
3072	316
3074	316
3074	317
3075	317
3075	318
3077	318
3077	319
3079	319
3079	320
3080	320
3080	321
3081	321
3081	322
3083	322
3083	323
3085	323
3085	324
3086	324
3086	325
3088	325
3088	326
3092	326
3092	327
3093	327
3093	328
3094	328
3094	329
3096	329
3096	330
3099	330
3099	331
3103	331
3103	332
3108	332
3108	333
3109	333
3109	334
3113	334
3113	335
3116	335
3116	336
3124	336
3124	335
3126	335
3126	336
3127	336
3127	335
3132	335
3132	334
3134	334
3134	332
3133	332
3133	330
3132	330
3132	328
3131	328
3131	327
3130	327
3130	326
3128	326
3128	325
3129	325
3129	323
3130	323
3130	322
3131	322
3131	321
3132	321
3132	319
3133	319
3133	315
3134	315
3134	311
3133	311
3133	306
3134	306
3134	305
3133	305
3133	301
3132	301
3132	298
3133	298
3133	295
3134	295
3134	294
3133	294
3133	285
3134	285
3134	277
3135	277
3135	267
3137	267
3137	263
3138	263
3138	262
3137	262
3137	260
3138	260
3138	259
3139	259
3139	257
3140	257
3140	256
3141	256
3141	255
3142	255
3142	254
3143	254
3143	253
3148	253
3148	252
3165	252
3165	251
3168	251
3168	250
3171	250
3171	249
3177	249
3177	248
3178	248
3178	249
3180	249
3180	248
3182	248
3182	247
3183	247
3183	248
3188	248
3188	247
3191	247
3191	248
3192	248
3192	247
3200	247
3200	248
3206	248
3206	249
3209	249
3209	248
3210	248
3210	249
3213	249
3213	250
3215	250
3215	249
3218	249
3218	250
3231	250
3231	251
3234	251
3234	250
3236	250
3236	251
3238	251
3238	252
3242	252
3242	253
3249	253
3249	254
3250	254
3250	255
3251	255
3251	254
3252	254
3252	255
3253	255
3253	254
3264	254
3264	255
3272	255
3272	256
3273	256
3273	255
3277	255
3277	256
3288	256
3288	255
3290	255
3290	256
3298	256
3298	255
3299	255
3299	256
3311	256
3311	255
3313	255
3313	254
3315	254
3315	253
3319	253
3319	252
3322	252
3322	251
3324	251
3324	250
3325	250
3325	243
3326	243
3326	241
3327	241
3327	239
3328	239
3328	236
3329	236
3329	235
3330	235
3330	233
3331	233
3331	232
3332	232
3332	229
3333	229
3333	225
3332	225
3332	219
3333	219
3333	218
3332	218
3332	217
3333	217
3333	215
3332	215
3332	210
3333	210
3333	204
3332	204
3332	203
3331	203
3331	202
3332	202
3332	199
3331	199
3331	182
3330	182
3330	180
3331	180
3331	178
3330	178
3330	165
3329	165
3329	160
3330	160
3330	159
3329	159
3329	156
3330	156
3330	155
3329	155
3329	153
3330	153
3330	151
3329	151
3329	149
3328	149
3328	148
3329	148
3329	147
3328	147
3328	139
3327	139
3327	136
3328	136
3328	131
3329	131
3329	130
3330	130
3330	128
3329	128
3329	127
3330	127
3330	125
3331	125
3331	115
3332	115
3332	113
3333	113
3333	110
3334	110
3334	107
3335	107
3335	104
3336	104
3336	101
3337	101
3337	100
3338	100
3338	98
3339	98
3339	97
3338	97
3338	96
3339	96
3339	92
3340	92
3340	89
3341	89
3341	88
3342	88
3342	85
3343	85
3343	82
3342	82
3342	81
3341	81
3341	80
3340	80
3340	79
3338	79
3338	78
3335	78
3335	79
3328	79
3328	81
3326	81
3326	82
3323	82
3323	84
3322	84
3322	85
3321	85
3321	87
3320	87
3320	88
3321	88
3321	90
3324	90
3324	91
3327	91
3327	90
3330	90
3330	89
3331	89
3331	90
3332	90
3332	91
3331	91
3331	93
3330	93
3330	96
3329	96
3329	100
3328	100
3328	102
3327	102
3327	104
3326	104
3326	108
3325	108
3325	110
3324	110
3324	112
3323	112
3323	117
3322	117
3322	122
3321	122
3321	126
3320	126
3320	135
3319	135
3319	136
3318	136
3318	141
3319	141
3319	144
3320	144
3320	145
3319	145
3319	151
3320	151
3320	158
3321	158
3321	165
3320	165
3320	169
3321	169
3321	172
3320	172
3320	173
3321	173
3321	182
3322	182
3322	183
3323	183
3323	202
3322	202
3322	203
3323	203
3323	204
3322	204
3322	205
3323	205
3323	208
3322	208
3322	209
3323	209
3323	219
3322	219
3322	220
3323	220
3323	226
3324	226
3324	228
3323	228
3323	230
3322	230
3322	233
3321	233
3321	234
3320	234
3320	235
3319	235
3319	237
3318	237
3318	238
3317	238
3317	240
3316	240
3316	242
3315	242
3315	244
3313	244
3313	245
3311	245
3311	246
3308	246
3308	247
3304	247
3304	248
3300	248
3300	247
3297	247
3297	248
3280	248
3280	247
3278	247
3278	248
3272	248
3272	247
3260	247
3260	246
3259	246
3259	247
3258	247
3258	246
3248	246
3248	245
3243	245
3243	244
3242	244
3242	245
3241	245
3241	244
3240	244
3240	245
3236	245
3236	243
3231	243
3231	244
3225	244
3225	243
3218	243
3218	244
3216	244
3216	243
3215	243
3215	242
3212	242
3212	241
3208	241
3208	240
3199	240
3199	239
3195	239
3195	240
3194	240
3194	239
3184	239
3184	240
3174	240
3174	241
3168	241
3168	242
3166	242
3166	244
3165	244
3165	243
3142	243
3142	244
3140	244
3140	245
3138	245
3138	246
3137	246
3137	247
3133	247
3133	249
3132	249
3132	252
3131	252
3131	254
3130	254
3130	256
3129	256
3129	261
3128	261
3128	262
3127	262
3127	263
3126	263
3126	269
3125	269
3125	283
3124	283
3124	285
3125	285
3125	287
3124	287
3124	293
3125	293
3125	294
3124	294
3124	298
3125	298
3125	299
3124	299
3124	303
3125	303
3125	304
3126	304
3126	306
3125	306
3125	312
3126	312
3126	314
3125	314
3125	316
3124	316
3124	317
3123	317
3123	319
3122	319
3122	320
3121	320
3121	321
3120	321
3120	322
3115	322
3115	323
3113	323
3113	324
3112	324
3112	325
3110	325
3110	324
3109	324
3109	323
3104	323
3104	322
3100	322
3100	321
3098	321
3098	320
3096	320
3096	319
3092	319
3092	318
3090	318
3090	317
3089	317
3089	316
3086	316
3086	315
3085	315
3085	314
3084	314
3084	313
3083	313
3083	312
3082	312
3082	311
3078	311
3078	309
3076	309
3076	308
3073	308
3073	307
3072	307
3072	306
3070	306
3070	305
3068	305
3068	304
3067	304
3067	303
3064	303
3064	302
3063	302
3063	303
3062	303
3062	302
3060	302
3060	301
3059	301
3059	300
3058	300
3058	298
3054	298
3054	297
3049	297
3049	296
3048	296
3048	295
3045	295
3045	294
3044	294
3044	295
3042	295
3042	294
3041	294
3041	293
3040	293
3040	292
3039	292
3039	291
3036	291
3036	290
3035	290
3035	289
3034	289
3034	288
3032	288
3032	287
3031	287
3031	285
3030	285
3030	284
3028	284
3028	283
3027	283
3027	282
3023	282
3023	281
3021	281
3021	280
3018	280
3018	279
3017	279
3017	278
3014	278
3014	276
3013	276
3013	275
3011	275
3011	274
3010	274
3010	273
3008	273
3008	271
3020	271
3020	272
3021	272
3021	271
3036	271
3036	272
3042	272
3042	273
3043	273
3043	274
3047	274
3047	273
3048	273
3048	272
3049	272
3049	269
3048	269
3048	266
3047	266
3047	265
3048	265
3048	264
3047	264
3047	263
3045	263
3045	262
3038	262
3038	263
3037	263
3037	262
3032	262
3032	261
3030	261
3030	260
3029	260
3029	262
3028	262
3028	263
3026	263
3026	264
3025	264
3025	263
3019	263
3019	262
3017	262
3017	263
3014	263
3014	262
3013	262
3013	263
3006	263
3006	262
3004	262
3004	263
3001	263
3001	264
3000	264
3000	263
2994	263
2994	264
2989	264
2989	263
2988	263
2988	262
2986	262
2986	261
2984	261
2984	260
2980	260
2980	259
2973	259
2973	258
2971	258
2971	257
2967	257
2967	256
2965	256
2965	255
2964	255
2964	254
2962	254
2962	255
2960	255
2960	256
2959	256
2959	258
2957	258
2957	259
2956	259
2956	262
2955	262
2955	263
2954	263
2954	267
2953	267
2953	268
2952	268
2952	279
2951	279
2951	281
2950	281
2950	286
2949	286
2949	289
2950	289
2950	291
2951	291
2951	293
2953	293
2953	296
2952	296
2952	301
2951	301
2951	302
2950	302
2950	303
2949	303
2949	304
2947	304
2947	305
2942	305
2942	304
2938	304
2938	303
2937	303
2937	304
2933	304
2933	305
2930	305
2930	306
2921	306
2921	307
2919	307
2919	306
2918	306
2918	305
2913	305
2913	304
2911	304
2911	303
2910	303
2910	304
2904	304
2904	305
2900	305
2900	304
2898	304
2898	305
2896	305
2896	306
2893	306
2893	307
2889	307
2889	308
2887	308
2887	309
2885	309
2885	310
2882	310
2882	311
2881	311
2881	312
2880	312
2880	313
2878	313
2878	314
2877	314
2877	316
2876	316
2876	318
2875	318
2875	320
2876	320
2876	322
2875	322
2875	323
2874	323
2874	327
2873	327
2873	328
2872	328
2872	331
2871	331
2871	335
2870	335
2870	337
2869	337
2869	345
2868	345
2868	346
2867	346
2867	348
2866	348
2866	349
2865	349
2865	351
2863	351
2863	352
2860	352
2860	353
2857	353
2857	352
2856	352
2856	353
2850	353
2850	354
2846	354
2846	355
2844	355
2844	356
2841	356
2841	357
2835	357
2835	358
2832	358
2832	359
2817	359
2817	360
2815	360
2815	359
2813	359
2813	358
2795	358
2795	357
2787	357
2787	356
2786	356
2786	355
2784	355
2784	354
2778	354
2778	353
2773	353
2773	352
2772	352
2772	351
2767	351
2767	350
2766	350
2766	349
2760	349
2760	348
2756	348
2756	347
2750	347
2750	346
2748	346
2748	345
2746	345
2746	346
2743	346
2743	345
2742	345
2742	344
2737	344
2737	343
2733	343
2733	344
2732	344
2732	343
2730	343
2730	344
2724	344
2724	345
2722	345
2722	346
2720	346
2720	347
2718	347
2718	348
2717	348
2717	349
2716	349
2716	351
2715	351
2715	354
2714	354
2714	355
2713	355
2713	356
2712	356
2712	361
2711	361
2711	370
2710	370
2710	378
2709	378
2709	387
2708	387
2708	389
2707	389
2707	391
2706	391
2706	399
2705	399
2705	402
2704	402
2704	404
2702	404
2702	405
2700	405
2700	406
2696	406
2696	405
2695	405
2695	406
2693	406
2693	405
2692	405
2692	404
2686	404
2686	402
2684	402
2684	401
2682	401
2682	400
2680	400
2680	398
2664	398
2664	399
2660	399
2660	400
2659	400
2659	399
2657	399
2657	400
2656	400
2656	401
2652	401
2652	402
2648	402
2648	403
2646	403
2646	404
2644	404
2644	405
2643	405
2643	406
2641	406
2641	407
2638	407
2638	408
2637	408
2637	409
2636	409
2636	410
2634	410
2634	411
2632	411
2632	413
2630	413
2630	414
2629	414
2629	416
2630	416
2630	418
2629	418
2629	421
2628	421
2628	427
2627	427
2627	429
2628	429
2628	432
2629	432
2629	433
2630	433
2630	434
2629	434
2629	435
2630	435
2630	437
2631	437
2631	440
2632	440
2632	443
2633	443
2633	445
2632	445
2632	448
2633	448
2633	452
2634	452
2634	457
2635	457
2635	458
2634	458
2634	459
2633	459
2633	460
2634	460
2634	462
2633	462
2633	471
2632	471
2632	473
2631	473
2631	475
2632	475
2632	477
2630	477
2630	480
2629	480
2629	482
2628	482
2628	483
2627	483
2627	484
2625	484
2625	485
2624	485
2624	486
2623	486
2623	487
2622	487
2622	488
2621	488
2621	491
2620	491
2620	492
2608	492
2608	493
2607	493
2607	492
2606	492
2606	493
2603	493
2603	494
2601	494
2601	495
2600	495
2600	496
2598	496
2598	497
2595	497
2595	498
2593	498
2593	499
2591	499
2591	500
2590	500
2590	501
2588	501
2588	500
2587	500
2587	501
2584	501
2584	502
2580	502
2580	503
2576	503
2576	504
2574	504
2574	505
2571	505
2571	506
2568	506
2568	507
2564	507
2564	508
2563	508
2563	509
2562	509
2562	511
2561	511
2561	513
2560	513
2560	515
2559	515
2559	517
2558	517
2558	523
2556	523
2556	524
2555	524
2555	526
2553	526
2553	527
2552	527
2552	532
2551	532
2551	533
2549	533
2549	540
2547	540
2547	541
2546	541
2546	543
2545	543
2545	547
2544	547
2544	549
2543	549
2543	553
2542	553
2542	555
2541	555
2541	556
2540	556
2540	558
2539	558
2539	562
2538	562
2538	564
2537	564
2537	566
2536	566
2536	567
2535	567
2535	569
2534	569
2534	570
2533	570
2533	572
2532	572
2532	575
2531	575
2531	577
2530	577
2530	579
2529	579
2529	584
2528	584
2528	586
2529	586
2529	593
2528	593
2528	598
2527	598
2527	599
2525	599
2525	600
2524	600
2524	601
2523	601
2523	603
2522	603
2522	604
2520	604
2520	605
2517	605
2517	608
2515	608
2515	609
2514	609
2514	610
2510	610
2510	611
2507	611
2507	610
2502	610
2502	611
2499	611
2499	610
2495	610
2495	609
2494	609
2494	608
2493	608
2493	607
2492	607
2492	608
2491	608
2491	607
2490	607
2490	606
2489	606
2489	605
2486	605
2486	603
2483	603
2483	601
2481	601
2481	599
2474	599
2474	598
2473	598
2473	597
2472	597
2472	596
2471	596
2471	595
2470	595
2470	594
2469	594
2469	593
2468	593
2468	592
2467	592
2467	590
2464	590
2464	587
2463	587
2463	586
2459	586
2459	585
2457	585
2457	584
2454	584
2454	583
2453	583
2453	581
2452	581
2452	577
2451	577
2451	576
2450	576
2450	572
2449	572
2449	570
2448	570
2448	568
2447	568
2447	567
2446	567
2446	566
2445	566
2445	565
2444	565
2444	564
2442	564
2442	562
2441	562
2441	560
2439	560
2439	558
2438	558
2438	557
2437	557
2437	558
2436	558
2436	557
2434	557
2434	555
2431	555
2431	554
2429	554
2429	553
2427	553
2427	554
2426	554
2426	553
2418	553
2418	554
2414	554
2414	555
2412	555
2412	554
2407	554
2407	555
2406	555
2406	556
2404	556
2404	557
2403	557
2403	559
2402	559
2402	561
2400	561
2400	562
2398	562
2398	561
2393	561
2393	560
2389	560
2389	561
2388	561
2388	560
2385	560
2385	559
2384	559
2384	558
2383	558
2383	557
2381	557
2381	556
2379	556
2379	555
2377	555
2377	554
2376	554
2376	553
2374	553
2374	552
2372	552
2372	551
2371	551
2371	552
2365	552
2365	553
2358	553
2358	552
2356	552
2356	551
2352	551
2352	552
2350	552
2350	551
2349	551
2349	552
2344	552
2344	551
2331	551
2331	552
2329	552
2329	551
2328	551
2328	552
2324	552
2324	551
2321	551
2321	550
2318	550
2318	548
2317	548
2317	547
2315	547
2315	546
2314	546
2314	545
2312	545
2312	544
2311	544
2311	543
2310	543
2310	542
2309	542
2309	541
2308	541
2308	539
2306	539
2306	538
2304	538
2304	537
2303	537
2303	536
2302	536
2302	535
2301	535
2301	534
2300	534
2300	533
2298	533
2298	532
2297	532
2297	531
2296	531
2296	530
2295	530
2295	529
2294	529
2294	528
2292	528
2292	527
2291	527
2291	526
2290	526
2290	525
2289	525
2289	524
2287	524
2287	523
2285	523
2285	522
2283	522
2283	521
2280	521
2280	518
2279	518
2279	517
2278	517
2278	514
2277	514
2277	515
2276	515
2276	516
2275	516
2275	517
2273	517
2273	518
2270	518
2270	519
2265	519
2265	518
2264	518
2264	517
2263	517
2263	516
2260	516
2260	515
2259	515
2259	514
2256	514
2256	513
2252	513
2252	512
2250	512
2250	511
2244	511
2244	509
2241	509
2241	508
2238	508
2238	507
2231	507
2231	506
2230	506
2230	507
2228	507
2228	506
2224	506
2224	505
2221	505
2221	504
2212	504
2212	503
2204	503
2204	504
2203	504
2203	503
2198	503
2198	504
2190	504
2190	505
2188	505
2188	506
2187	506
2187	507
2184	507
2184	508
2182	508
2182	509
2181	509
2181	510
2179	510
2179	511
2176	511
2176	512
2168	512
2168	513
2166	513
2166	514
2163	514
2163	515
2160	515
2160	516
2158	516
2158	517
2153	517
2153	518
2152	518
2152	517
2150	517
2150	518
2148	518
2148	519
2146	519
2146	520
2144	520
2144	521
2139	521
2139	522
2136	522
2136	523
2133	523
2133	524
2131	524
2131	525
2130	525
2130	526
2128	526
2128	528
2126	528
2126	529
2124	529
2124	531
2122	531
2122	532
2121	532
2121	533
2119	533
2119	534
2116	534
2116	535
2115	535
2115	536
2114	536
2114	537
2112	537
2112	538
2111	538
2111	539
2110	539
2110	540
2109	540
2109	541
2108	541
2108	543
2105	543
2105	545
2104	545
2104	546
2103	546
2103	547
2102	547
2102	548
2101	548
2101	549
2099	549
2099	550
2097	550
2097	551
2096	551
2096	552
2094	552
2094	553
2093	553
2093	554
2092	554
2092	555
2091	555
2091	556
2090	556
2090	558
2089	558
2089	559
2088	559
2088	560
2087	560
2087	566
2086	566
2086	570
2085	570
2085	571
2086	571
2086	579
2087	579
2087	599
2086	599
2086	604
2084	604
2084	603
2082	603
2082	602
2080	602
2080	601
2079	601
2079	600
2078	600
2078	599
2075	599
2075	598
2073	598
2073	597
2068	597
2068	596
2066	596
2066	595
2065	595
2065	594
2064	594
2064	590
2063	590
2063	589
2062	589
2062	586
2061	586
2061	585
2060	585
2060	583
2059	583
2059	581
2058	581
2058	580
2056	580
2056	579
2053	579
2053	578
2049	578
2049	577
2045	577
2045	576
2040	576
2040	577
2038	577
2038	578
2037	578
2037	580
2036	580
2036	581
2035	581
2035	582
2033	582
2033	583
2031	583
2031	584
2030	584
2030	586
2028	586
2028	587
2025	587
2025	588
2026	588
2026	589
2025	589
2025	591
2024	591
2024	592
2023	592
2023	593
2022	593
2022	594
2021	594
2021	595
2020	595
2020	596
2019	596
2019	597
2018	597
2018	598
2016	598
2016	599
2015	599
2015	600
2014	600
2014	613
2013	613
2013	615
2014	615
2014	617
2013	617
2013	620
2012	620
2012	631
2013	631
2013	634
2014	634
2014	636
2015	636
2015	641
2016	641
2016	645
2015	645
2015	647
2016	647
2016	651
2015	651
2015	653
2014	653
2014	655
2013	655
2013	657
2012	657
2012	658
2011	658
2011	659
2009	659
2009	661
2008	661
2008	662
2004	662
2004	663
2000	663
2000	664
1997	664
1997	665
1994	665
1994	666
1992	666
1992	667
1988	667
1988	668
1986	668
1986	669
1982	669
1982	670
1981	670
1981	671
1980	671
1980	672
1979	672
1979	673
1978	673
1978	674
1977	674
1977	676
1976	676
1976	677
1974	677
1974	679
1968	679
1968	680
1962	680
1962	679
1961	679
1961	680
1957	680
1957	681
1955	681
1955	680
1949	680
1949	679
1947	679
1947	680
1946	680
1946	681
1945	681
1945	680
1943	680
1943	679
1942	679
1942	680
1926	680
1926	681
1922	681
1922	682
1910	682
1910	681
1908	681
1908	680
1905	680
1905	679
1904	679
1904	677
1903	677
1903	675
1902	675
1902	674
1901	674
1901	673
1900	673
1900	671
1899	671
1899	669
1898	669
1898	668
1896	668
1896	667
1895	667
1895	666
1894	666
1894	665
1893	665
1893	664
1892	664
1892	663
1890	663
1890	659
1891	659
1891	658
1893	658
1893	657
1896	657
1896	655
1897	655
1897	654
1896	654
1896	650
1895	650
1895	649
1894	649
1894	647
1892	647
1892	646
1888	646
1888	647
1884	647
1884	642
1883	642
1883	643
1882	643
1882	642
1876	642
1876	641
1871	641
1871	642
1867	642
1867	641
1861	641
1861	642
1856	642
1856	643
1854	643
1854	644
1852	644
1852	643
1850	643
1850	644
1848	644
1848	645
1847	645
1847	646
1846	646
1846	647
1845	647
1845	648
1843	648
1843	649
1841	649
1841	650
1840	650
1840	651
1837	651
1837	652
1836	652
1836	654
1833	654
1833	655
1832	655
1832	656
1831	656
1831	658
1830	658
1830	659
1829	659
1829	661
1828	661
1828	662
1827	662
1827	663
1825	663
1825	664
1824	664
1824	665
1822	665
1822	666
1821	666
1821	665
1819	665
1819	666
1818	666
1818	665
1817	665
1817	666
1814	666
1814	665
1813	665
1813	664
1812	664
1812	661
1810	661
1810	658
1809	658
1809	657
1808	657
1808	651
1807	651
1807	649
1808	649
1808	643
1809	643
1809	639
1810	639
1810	637
1811	637
1811	636
1810	636
1810	631
1809	631
1809	630
1808	630
1808	631
1807	631
1807	633
1808	633
1808	635
1807	635
1807	638
1806	638
1806	639
1807	639
1807	640
1806	640
1806	644
1804	644
1804	643
1803	643
1803	640
1802	640
1802	639
1801	639
1801	636
1800	636
1800	634
1799	634
1799	629
1798	629
1798	624
1797	624
1797	623
1798	623
1798	617
1797	617
1797	616
1798	616
1798	611
1799	611
1799	610
1798	610
1798	607
1797	607
1797	606
1798	606
1798	604
1797	604
1797	596
1798	596
1798	595
1797	595
1797	585
1796	585
1796	581
1795	581
1795	579
1796	579
1796	576
1795	576
1795	573
1796	573
1796	571
1795	571
1795	564
1794	564
1794	563
1795	563
1795	562
1794	562
1794	561
1793	561
1793	560
1792	560
1792	559
1791	559
1791	554
1790	554
1790	552
1791	552
1791	551
1792	551
1792	549
1791	549
1791	546
1792	546
1792	545
1795	545
1795	543
1796	543
1796	541
1795	541
1795	540
1794	540
1794	539
1789	539
1789	540
1787	540
1787	541
1786	541
1786	542
1783	542
1783	543
1782	543
1782	544
1780	544
1780	545
1778	545
1778	546
1773	546
1773	545
1772	545
1772	544
1768	544
1768	543
1765	543
1765	542
1763	542
1763	541
1762	541
1762	542
1759	542
1759	543
1755	543
1755	542
1754	542
1754	543
1751	543
1751	544
1749	544
1749	545
1748	545
1748	546
1747	546
1747	545
1744	545
1744	546
1742	546
1742	545
1738	545
1738	546
1735	546
1735	547
1734	547
1734	546
1726	546
1726	547
1725	547
1725	546
1723	546
1723	547
1721	547
1721	548
1716	548
1716	549
1714	549
1714	550
1702	550
1702	551
1700	551
1700	552
1695	552
1695	553
1694	553
1694	554
1692	554
1692	555
1690	555
1690	556
1688	556
1688	557
1686	557
1686	558
1685	558
1685	560
1684	560
1684	561
1683	561
1683	562
1682	562
1682	570
1683	570
1683	571
1682	571
1682	572
1680	572
1680	573
1678	573
1678	575
1676	575
1676	577
1675	577
1675	581
1674	581
1674	584
1673	584
1673	586
1672	586
1672	588
1670	588
1670	589
1671	589
1671	592
1670	592
1670	593
1669	593
1669	595
1667	595
1667	596
1666	596
1666	597
1664	597
1664	598
1663	598
1663	602
1662	602
1662	603
1661	603
1661	608
1660	608
1660	610
1659	610
1659	611
1660	611
1660	613
1659	613
1659	614
1658	614
1658	615
1657	615
1657	620
1656	620
1656	621
1655	621
1655	622
1656	622
1656	625
1655	625
1655	628
1656	628
1656	629
1655	629
1655	632
1654	632
1654	634
1652	634
1652	636
1649	636
1649	637
1648	637
1648	638
1643	638
1643	639
1641	639
1641	640
1639	640
1639	641
1638	641
1638	642
1637	642
1637	645
1636	645
1636	646
1635	646
1635	647
1634	647
1634	650
1633	650
1633	654
1634	654
1634	656
1633	656
1633	659
1632	659
1632	661
1633	661
1633	662
1632	662
1632	666
1631	666
1631	673
1632	673
1632	674
1630	674
1630	676
1631	676
1631	679
1630	679
1630	681
1631	681
1631	682
1630	682
1630	683
1631	683
1631	687
1632	687
1632	688
1631	688
1631	691
1630	691
1630	693
1631	693
1631	700
1630	700
1630	702
1629	702
1629	704
1628	704
1628	707
1625	707
1625	708
1621	708
1621	709
1616	709
1616	708
1615	708
1615	709
1614	709
1614	710
1613	710
1613	711
1612	711
1612	710
1611	710
1611	711
1610	711
1610	710
1608	710
1608	709
1606	709
1606	708
1600	708
1600	709
1596	709
1596	708
1593	708
1593	709
1584	709
1584	708
1581	708
1581	707
1580	707
1580	705
1575	705
1575	704
1574	704
1574	705
1572	705
1572	704
1571	704
1571	703
1570	703
1570	701
1569	701
1569	700
1568	700
1568	699
1567	699
1567	698
1566	698
1566	697
1565	697
1565	696
1563	696
1563	695
1562	695
1562	694
1561	694
1561	693
1559	693
1559	692
1554	692
1554	691
1552	691
1552	690
1551	690
1551	689
1550	689
1550	688
1549	688
1549	687
1548	687
1548	686
1539	686
1539	685
1538	685
1538	682
1537	682
1537	681
1536	681
1536	680
1534	680
1534	679
1533	679
1533	677
1532	677
1532	676
1531	676
1531	673
1529	673
1529	671
1528	671
1528	672
1520	672
1520	671
1516	671
1516	670
1518	670
1518	669
1519	669
1519	663
1518	663
1518	662
1517	662
1517	660
1516	660
1516	659
1515	659
1515	657
1514	657
1514	655
1513	655
1513	652
1512	652
1512	648
1511	648
1511	645
1508	645
1508	644
1505	644
1505	643
1502	643
1502	642
1500	642
1500	641
1498	641
1498	640
1496	640
1496	639
1494	639
1494	640
1487	640
1487	639
1481	639
1481	638
1478	638
1478	637
1476	637
1476	636
1472	636
1472	635
1469	635
1469	634
1467	634
1467	633
1464	633
1464	632
1463	632
1463	633
1462	633
1462	634
1458	634
1458	635
1456	635
1456	636
1453	636
1453	637
1452	637
1452	638
1447	638
1447	639
1443	639
1443	641
1441	641
1441	644
1440	644
1440	646
1439	646
1439	647
1438	647
1438	648
1437	648
1437	653
1438	653
1438	654
1437	654
1437	656
1438	656
1438	657
1437	657
1437	663
1436	663
1436	673
1435	673
1435	678
1436	678
1436	683
1435	683
1435	686
1434	686
1434	688
1436	688
1436	691
1435	691
1435	693
1433	693
1433	692
1432	692
1432	691
1431	691
1431	692
1430	692
1430	691
1426	691
1426	692
1418	692
1418	690
1416	690
1416	689
1414	689
1414	688
1408	688
1408	686
1405	686
1405	685
1404	685
1404	684
1403	684
1403	683
1400	683
1400	682
1398	682
1398	681
1396	681
1396	675
1397	675
1397	668
1396	668
1396	667
1394	667
1394	666
1393	666
1393	665
1392	665
1392	664
1390	664
1390	663
1387	663
1387	662
1384	662
1384	661
1383	661
1383	660
1376	660
1376	659
1374	659
1374	658
1368	658
1368	659
1366	659
1366	660
1364	660
1364	661
1360	661
1360	662
1357	662
1357	664
1356	664
1356	666
1355	666
1355	671
1354	671
1354	673
1353	673
1353	697
1352	697
1352	699
1353	699
1353	704
1354	704
1354	705
1353	705
1353	712
1354	712
1354	716
1353	716
1353	721
1354	721
1354	725
1353	725
1353	727
1352	727
1352	728
1353	728
1353	742
1354	742
1354	743
1353	743
1353	745
1354	745
1354	747
1353	747
1353	748
1351	748
1351	749
1349	749
1349	748
1348	748
1348	749
1343	749
1343	750
1335	750
1335	749
1334	749
1334	750
1333	750
1333	751
1332	751
1332	752
1331	752
1331	751
1330	751
1330	752
1329	752
1329	753
1328	753
1328	754
1326	754
1326	755
1325	755
1325	758
1321	758
1321	757
1316	757
1316	758
1314	758
1314	756
1313	756
1313	754
1312	754
1312	751
1311	751
1311	747
1310	747
1310	746
1309	746
1309	743
1308	743
1308	742
1307	742
1307	741
1308	741
1308	739
1307	739
1307	735
1305	735
1305	732
1307	732
1307	733
1308	733
1308	732
1309	732
1309	729
1310	729
1310	728
1311	728
1311	726
1312	726
1312	722
1311	722
1311	721
1310	721
1310	720
1304	720
1304	719
1303	719
1303	717
1302	717
1302	714
1300	714
1300	713
1296	713
1296	714
1294	714
1294	715
1293	715
1293	716
1286	716
1286	717
1282	717
1282	718
1281	718
1281	719
1279	719
1279	721
1278	721
1278	722
1277	722
1277	723
1276	723
1276	724
1275	724
1275	726
1274	726
1274	727
1272	727
1272	730
1271	730
1271	732
1270	732
1270	735
1269	735
1269	737
1264	737
1264	736
1262	736
1262	735
1261	735
1261	734
1258	734
1258	733
1249	733
1249	732
1238	732
1238	728
1237	728
1237	721
1236	721
1236	719
1237	719
1237	715
1236	715
1236	696
1235	696
1235	694
1236	694
1236	693
1235	693
1235	692
1234	692
1234	691
1233	691
1233	690
1232	690
1232	689
1230	689
1230	688
1228	688
1228	687
1227	687
1227	686
1226	686
1226	685
1225	685
1225	684
1222	684
1222	685
1221	685
1221	683
1216	683
1216	682
1211	682
1211	681
1209	681
1209	678
1208	678
1208	677
1207	677
1207	676
1202	676
1202	675
1200	675
1200	674
1199	674
1199	673
1195	673
1195	672
1190	672
1190	671
1188	671
1188	669
1189	669
1189	667
1190	667
1190	661
1189	661
1189	660
1190	660
1190	658
1189	658
1189	657
1188	657
1188	653
1187	653
1187	652
1186	652
1186	650
1184	650
1184	649
1183	649
1183	647
1182	647
1182	645
1181	645
1181	643
1179	643
1179	642
1175	642
1175	641
1174	641
1174	640
1168	640
1168	641
1166	641
1166	642
1164	642
1164	643
1162	643
1162	645
1160	645
1160	644
1156	644
1156	645
1155	645
1155	646
1154	646
1154	647
1153	647
1153	648
1152	648
1152	651
1151	651
1151	652
1150	652
1150	654
1149	654
1149	657
1148	657
1148	658
1147	658
1147	661
1146	661
1146	664
1145	664
1145	666
1144	666
1144	667
1143	667
1143	669
1142	669
1142	677
1141	677
1141	678
1117	678
1117	679
1112	679
1112	680
1108	680
1108	681
1106	681
1106	682
1103	682
1103	683
1102	683
1102	685
1101	685
1101	686
1098	686
1098	687
1097	687
1097	686
1096	686
1096	685
1092	685
1092	686
1090	686
1090	685
1088	685
1088	684
1086	684
1086	683
1085	683
1085	682
1084	682
1084	681
1083	681
1083	680
1081	680
1081	679
1076	679
1076	678
1075	678
1075	677
1074	677
1074	676
1072	676
1072	675
1071	675
1071	673
1069	673
1069	672
1068	672
1068	673
1065	673
1065	674
1066	674
1066	675
1065	675
1065	677
1064	677
1064	680
1065	680
1065	682
1066	682
1066	684
1065	684
1065	685
1064	685
1064	686
1063	686
1063	687
1062	687
1062	689
1059	689
1059	690
1057	690
1057	691
1056	691
1056	692
1055	692
1055	693
1054	693
1054	694
1053	694
1053	695
1052	695
1052	696
1051	696
1051	698
1046	698
1046	699
1044	699
1044	698
1043	698
1043	697
1041	697
1041	698
1040	698
1040	697
1036	697
1036	698
1032	698
1032	697
1030	697
1030	698
1028	698
1028	699
1027	699
1027	700
1026	700
1026	701
1027	701
1027	702
1026	702
1026	706
1028	706
1028	707
1045	707
1045	706
1054	706
1054	707
1055	707
1055	706
1056	706
1056	705
1057	705
1057	704
1058	704
1058	702
1059	702
1059	701
1060	701
1060	699
1063	699
1063	698
1066	698
1066	697
1067	697
1067	696
1068	696
1068	695
1070	695
1070	694
1072	694
1072	693
1073	693
1073	690
1074	690
1074	689
1079	689
1079	690
1080	690
1080	689
1083	689
1083	690
1084	690
1084	691
1086	691
1086	692
1087	692
1087	693
1088	693
1088	695
1089	695
1089	696
1090	696
1090	697
1091	697
1091	696
1097	696
1097	695
1099	695
1099	696
1104	696
1104	695
1105	695
1105	694
1106	694
1106	693
1108	693
1108	690
1109	690
1109	689
1113	689
1113	688
1126	688
1126	687
1135	687
1135	686
1141	686
1141	687
1145	687
1145	686
1147	686
1147	685
1148	685
1148	683
1149	683
1149	682
1148	682
1148	680
1149	680
1149	677
1148	677
1148	673
1149	673
1149	672
1150	672
1150	671
1151	671
1151	669
1152	669
1152	667
1153	667
1153	666
1154	666
1154	663
1155	663
1155	660
1156	660
1156	659
1157	659
1157	657
1158	657
1158	654
1159	654
1159	653
1162	653
1162	652
1165	652
1165	651
1170	651
1170	650
1172	650
1172	649
1173	649
1173	650
1175	650
1175	651
1176	651
1176	653
1178	653
1178	654
1179	654
1179	656
1181	656
1181	660
1182	660
1182	661
1183	661
1183	667
1182	667
1182	669
1181	669
1181	675
1182	675
1182	677
1183	677
1183	679
1185	679
1185	680
1189	680
1189	679
1192	679
1192	680
1194	680
1194	679
1195	679
1195	680
1196	680
1196	681
1198	681
1198	682
1200	682
1200	683
1201	683
1201	684
1200	684
1200	685
1202	685
1202	687
1201	687
1201	689
1202	689
1202	690
1204	690
1204	691
1206	691
1206	692
1208	692
1208	691
1215	691
1215	692
1220	692
1220	693
1225	693
1225	695
1226	695
1226	696
1227	696
1227	697
1228	697
1228	704
1229	704
1229	706
1230	706
1230	713
1231	713
1231	714
1230	714
1230	721
1231	721
1231	725
1230	725
1230	726
1231	726
1231	732
1232	732
1232	733
1231	733
1231	739
1232	739
1232	741
1235	741
1235	742
1236	742
1236	741
1238	741
1238	742
1240	742
1240	741
1244	741
1244	740
1246	740
1246	741
1247	741
1247	740
1253	740
1253	741
1254	741
1254	740
1256	740
1256	741
1258	741
1258	742
1260	742
1260	743
1261	743
1261	744
1262	744
1262	745
1266	745
1266	746
1269	746
1269	749
1271	749
1271	750
1275	750
1275	749
1276	749
1276	748
1277	748
1277	739
1278	739
1278	737
1277	737
1277	736
1278	736
1278	734
1279	734
1279	733
1280	733
1280	732
1281	732
1281	731
1282	731
1282	729
1283	729
1283	727
1287	727
1287	726
1290	726
1290	725
1293	725
1293	727
1295	727
1295	730
1296	730
1296	731
1297	731
1297	734
1298	734
1298	735
1299	735
1299	740
1300	740
1300	742
1301	742
1301	745
1302	745
1302	748
1303	748
1303	751
1304	751
1304	755
1305	755
1305	757
1306	757
1306	762
1307	762
1307	764
1306	764
1306	766
1307	766
1307	767
1308	767
1308	768
1310	768
1310	769
1313	769
1313	767
1315	767
1315	766
1316	766
1316	767
1323	767
1323	768
1329	768
1329	767
1332	767
1332	765
1333	765
1333	763
1334	763
1334	760
1336	760
1336	759
1339	759
1339	758
1343	758
1343	759
1349	759
1349	758
1350	758
1350	757
1351	757
1351	756
1359	756
1359	755
1360	755
1360	752
1361	752
1361	745
1362	745
1362	743
1361	743
1361	740
1362	740
1362	739
1360	739
1360	733
1361	733
1361	729
1360	729
1360	728
1361	728
1361	717
1360	717
1360	716
1361	716
1361	700
1360	700
1360	699
1361	699
1361	688
1360	688
1360	686
1361	686
1361	680
1360	680
1360	679
1361	679
1361	675
1362	675
1362	669
1364	669
1364	668
1372	668
1372	669
1388	669
1388	670
1389	670
1389	672
1388	672
1388	679
1389	679
1389	681
1388	681
1388	684
1389	684
1389	687
1390	687
1390	689
1392	689
1392	690
1400	690
1400	691
1402	691
1402	692
1404	692
1404	693
1405	693
1405	695
1406	695
1406	696
1407	696
1407	697
1408	697
1408	698
1409	698
1409	699
1410	699
1410	698
1417	698
1417	699
1420	699
1420	700
1422	700
1422	701
1424	701
1424	702
1426	702
1426	701
1433	701
1433	702
1434	702
1434	703
1435	703
1435	704
1441	704
1441	703
1442	703
1442	702
1443	702
1443	694
1442	694
1442	691
1443	691
1443	686
1444	686
1444	684
1443	684
1443	675
1444	675
1444	666
1445	666
1445	663
1444	663
1444	661
1445	661
1445	660
1446	660
1446	659
1445	659
1445	653
1446	653
1446	650
1447	650
1447	648
1448	648
1448	646
1449	646
1449	645
1450	645
1450	644
1454	644
1454	643
1467	643
1467	644
1468	644
1468	645
1471	645
1471	644
1472	644
1472	645
1474	645
1474	646
1480	646
1480	648
1483	648
1483	649
1488	649
1488	648
1492	648
1492	647
1495	647
1495	648
1497	648
1497	649
1498	649
1498	650
1501	650
1501	651
1503	651
1503	652
1505	652
1505	654
1506	654
1506	656
1507	656
1507	660
1508	660
1508	661
1509	661
1509	663
1506	663
1506	664
1504	664
1504	666
1503	666
1503	674
1502	674
1502	675
1503	675
1503	679
1504	679
1504	680
1505	680
1505	681
1507	681
1507	682
1510	682
1510	681
1512	681
1512	680
1515	680
1515	679
1516	679
1516	678
1517	678
1517	679
1518	679
1518	680
1520	680
1520	681
1524	681
1524	682
1525	682
1525	683
1526	683
1526	682
1528	682
1528	683
1529	683
1529	684
1531	684
1531	686
1532	686
1532	687
1533	687
1533	690
1532	690
1532	691
1533	691
1533	692
1534	692
1534	693
1535	693
1535	694
1536	694
1536	695
1541	695
1541	697
1542	697
1542	696
1545	696
1545	695
1549	695
1549	696
1551	696
1551	697
1552	697
1552	698
1555	698
1555	699
1559	699
1559	701
1560	701
1560	702
1561	702
1561	703
1562	703
1562	704
1563	704
1563	706
1562	706
1562	709
1563	709
