155	179
154	179
154	200
155	200
155	216
156	216
156	226
157	226
157	227
156	227
156	229
157	229
157	235
158	235
158	239
159	239
159	241
160	241
160	243
161	243
161	245
162	245
162	246
163	246
163	248
164	248
164	249
165	249
165	250
168	250
168	251
169	251
169	252
170	252
170	251
172	251
172	252
173	252
173	253
176	253
176	254
178	254
178	255
179	255
179	256
183	256
183	255
184	255
184	256
186	256
186	255
194	255
194	256
195	256
195	257
196	257
196	258
197	258
197	259
199	259
199	261
200	261
200	262
201	262
201	263
202	263
202	264
203	264
203	265
205	265
205	267
206	267
206	268
207	268
207	269
208	269
208	270
209	270
209	272
210	272
210	273
211	273
211	275
212	275
212	276
213	276
213	277
214	277
214	279
215	279
215	281
216	281
216	282
217	282
217	284
218	284
218	285
219	285
219	288
220	288
220	290
221	290
221	291
222	291
222	293
223	293
223	294
224	294
224	297
225	297
225	300
226	300
226	302
227	302
227	303
229	303
229	302
231	302
231	301
234	301
234	300
235	300
235	299
238	299
238	298
240	298
240	297
249	297
249	298
253	298
253	299
256	299
256	300
258	300
258	301
260	301
260	302
261	302
261	303
263	303
263	304
264	304
264	305
265	305
265	306
267	306
267	307
268	307
268	309
269	309
269	310
270	310
270	311
271	311
271	313
272	313
272	315
274	315
274	317
275	317
275	320
276	320
276	321
277	321
277	320
278	320
278	318
279	318
279	313
278	313
278	311
277	311
277	310
276	310
276	311
277	311
277	313
276	313
276	314
275	314
275	313
274	313
274	312
273	312
273	311
272	311
272	309
271	309
271	308
270	308
270	306
269	306
269	305
268	305
268	304
266	304
266	303
265	303
265	302
264	302
264	301
262	301
262	300
261	300
261	299
259	299
259	298
258	298
258	297
256	297
256	296
252	296
252	295
246	295
246	294
242	294
242	295
236	295
236	296
232	296
232	297
231	297
231	298
229	298
229	299
228	299
228	298
227	298
227	295
226	295
226	294
225	294
225	292
224	292
224	289
223	289
223	287
222	287
222	286
221	286
221	284
220	284
220	283
219	283
219	282
218	282
218	279
217	279
217	277
215	277
215	275
214	275
214	274
213	274
213	272
212	272
212	271
211	271
211	269
210	269
210	268
209	268
209	266
208	266
208	265
207	265
207	264
206	264
206	263
205	263
205	262
203	262
203	260
202	260
202	259
201	259
201	258
200	258
200	257
199	257
199	256
198	256
198	255
196	255
196	254
195	254
195	253
194	253
194	252
178	252
178	251
176	251
176	250
174	250
174	249
170	249
170	248
167	248
167	247
166	247
166	246
165	246
165	245
164	245
164	243
163	243
163	242
162	242
162	240
161	240
161	237
160	237
160	230
159	230
159	215
158	215
158	204
157	204
157	182
158	182
158	171
159	171
159	167
158	167
158	165
159	165
159	154
160	154
160	145
159	145
159	143
158	143
158	138
157	138
157	137
156	137
156	136
154	136
154	135
152	135
152	134
149	134
149	133
147	133
147	132
146	132
146	131
144	131
144	130
136	130
136	129
134	129
134	128
131	128
131	127
128	127
128	126
124	126
124	125
117	125
117	123
116	123
116	122
115	122
115	121
114	121
114	120
113	120
113	119
112	119
112	118
108	118
108	117
104	117
104	115
105	115
105	113
106	113
106	110
105	110
105	111
104	111
104	112
103	112
103	114
102	114
102	115
101	115
101	119
102	119
102	120
103	120
103	121
104	121
104	120
111	120
111	121
112	121
112	122
113	122
113	123
114	123
114	124
115	124
115	126
116	126
116	127
117	127
117	128
124	128
124	129
129	129
129	130
133	130
133	131
135	131
135	132
140	132
140	133
144	133
144	134
146	134
146	135
148	135
148	136
151	136
151	137
153	137
153	138
155	138
155	139
156	139
156	143
157	143
157	151
156	151
156	162
155	162
289	392
290	392
290	394
291	394
291	395
293	395
293	396
294	396
294	397
296	397
296	398
298	398
298	399
299	399
299	400
301	400
301	401
305	401
305	402
307	402
307	403
310	403
310	404
312	404
312	405
315	405
315	404
316	404
316	402
317	402
317	399
318	399
318	397
319	397
319	395
321	395
321	394
322	394
322	393
323	393
323	392
325	392
325	390
326	390
326	389
328	389
328	387
329	387
329	386
330	386
330	385
331	385
331	384
332	384
332	385
333	385
333	386
335	386
335	387
337	387
337	388
340	388
340	389
341	389
341	390
344	390
344	389
346	389
346	388
350	388
350	391
349	391
349	392
350	392
350	393
349	393
349	397
350	397
350	398
349	398
349	399
350	399
350	401
349	401
349	405
350	405
350	407
349	407
349	415
348	415
348	420
350	420
350	419
351	419
351	417
352	417
352	409
353	409
353	396
352	396
352	392
353	392
353	391
352	391
352	390
353	390
353	389
352	389
352	388
356	388
356	387
357	387
357	386
356	386
356	385
355	385
355	386
354	386
354	384
353	384
353	381
354	381
354	380
353	380
353	372
352	372
352	369
351	369
351	368
349	368
349	374
350	374
350	386
344	386
344	387
340	387
340	386
338	386
338	385
336	385
336	384
334	384
334	383
332	383
332	382
329	382
329	384
328	384
328	385
327	385
327	386
326	386
326	387
325	387
325	388
324	388
324	389
323	389
323	390
322	390
322	391
320	391
320	392
319	392
319	393
318	393
318	394
317	394
317	395
316	395
316	398
315	398
315	401
314	401
314	402
311	402
311	401
309	401
309	400
306	400
306	399
304	399
304	398
302	398
302	397
300	397
300	396
298	396
298	395
296	395
296	394
294	394
294	393
293	393
293	392
292	392
292	391
291	391
291	379
290	379
290	374
291	374
291	373
290	373
290	325
291	325
291	323
292	323
292	320
291	320
291	322
290	322
290	323
289	323
289	326
288	326
288	370
289	370
388	438
389	438
389	439
390	439
390	441
391	441
391	442
396	442
396	441
397	441
397	442
404	442
404	443
406	443
406	444
410	444
410	446
412	446
412	447
414	447
414	448
417	448
417	447
418	447
418	448
419	448
419	449
421	449
421	450
423	450
423	451
427	451
427	452
431	452
431	453
434	453
434	454
435	454
435	455
437	455
437	456
438	456
438	457
439	457
439	458
441	458
441	459
443	459
443	460
444	460
444	461
446	461
446	463
448	463
448	465
450	465
450	466
451	466
451	467
452	467
452	468
454	468
454	469
455	469
455	470
460	470
460	471
464	471
464	470
467	470
467	469
468	469
468	468
469	468
469	467
470	467
470	465
471	465
471	464
473	464
473	463
474	463
474	462
475	462
475	461
476	461
476	460
479	460
479	459
480	459
480	458
481	458
481	457
482	457
482	456
484	456
484	454
487	454
487	453
490	453
490	451
491	451
491	452
492	452
492	451
494	451
494	450
499	450
499	449
503	449
503	448
504	448
504	449
505	449
505	448
508	448
508	447
516	447
516	448
518	448
518	447
519	447
519	448
520	448
520	447
529	447
529	448
531	448
531	449
534	449
534	450
536	450
536	451
537	451
537	452
539	452
539	453
541	453
541	454
542	454
542	455
543	455
543	456
544	456
544	457
545	457
545	458
546	458
546	459
547	459
547	460
548	460
548	461
549	461
549	462
550	462
550	463
551	463
551	464
553	464
553	465
554	465
554	466
557	466
557	467
558	467
558	468
561	468
561	469
568	469
568	468
571	468
571	469
572	469
572	468
575	468
575	469
577	469
577	468
578	468
578	469
587	469
587	468
592	468
592	465
593	465
593	462
594	462
594	461
596	461
596	460
602	460
602	459
609	459
609	458
615	458
615	457
621	457
621	456
624	456
624	455
621	455
621	454
616	454
616	455
611	455
611	456
604	456
604	457
600	457
600	458
593	458
593	459
591	459
591	462
590	462
590	466
585	466
585	467
580	467
580	468
579	468
579	467
564	467
564	468
562	468
562	467
559	467
559	466
557	466
557	465
555	465
555	464
553	464
553	463
551	463
551	461
550	461
550	460
549	460
549	459
548	459
548	458
547	458
547	457
546	457
546	456
545	456
545	455
544	455
544	454
543	454
543	453
542	453
542	452
541	452
541	451
539	451
539	449
536	449
536	448
534	448
534	447
531	447
531	446
526	446
526	445
509	445
509	446
508	446
508	445
507	445
507	446
500	446
500	447
498	447
498	448
493	448
493	449
491	449
491	450
489	450
489	451
487	451
487	452
485	452
485	453
483	453
483	454
482	454
482	455
480	455
480	456
479	456
479	458
476	458
476	459
475	459
475	460
473	460
473	461
472	461
472	462
471	462
471	463
470	463
470	464
468	464
468	466
467	466
467	467
466	467
466	468
459	468
459	467
456	467
456	466
455	466
455	465
453	465
453	464
452	464
452	463
451	463
451	462
449	462
449	461
448	461
448	460
447	460
447	459
446	459
446	458
445	458
445	457
442	457
442	456
441	456
441	455
440	455
440	454
439	454
439	453
438	453
438	452
435	452
435	451
432	451
432	450
428	450
428	449
424	449
424	448
421	448
421	447
420	447
420	446
417	446
417	445
412	445
412	443
410	443
410	442
407	442
407	441
405	441
405	440
393	440
393	439
392	439
392	438
391	438
391	437
390	437
390	435
389	435
389	434
388	434
388	433
387	433
387	432
386	432
386	431
385	431
385	430
384	430
384	429
383	429
383	428
382	428
382	427
379	427
379	426
376	426
376	425
368	425
368	424
360	424
360	425
359	425
359	424
356	424
356	423
354	423
354	422
350	422
350	424
351	424
351	425
354	425
354	426
367	426
367	427
378	427
378	428
379	428
379	429
380	429
380	430
381	430
381	431
383	431
383	432
384	432
384	433
385	433
385	436
386	436
386	437
388	437
667	453
666	453
666	454
663	454
663	453
661	453
661	454
660	454
660	453
659	453
659	454
657	454
657	453
655	453
655	454
649	454
649	455
648	455
648	454
639	454
639	455
629	455
629	456
628	456
628	455
627	455
627	457
641	457
641	456
656	456
656	455
657	455
657	456
667	456
667	455
668	455
668	451
669	451
669	450
668	450
668	443
669	443
669	429
670	429
670	428
669	428
669	427
670	427
670	423
671	423
671	422
670	422
670	420
671	420
671	419
672	419
672	418
671	418
671	417
672	417
672	413
673	413
673	411
674	411
674	409
675	409
675	408
676	408
676	407
677	407
677	406
679	406
679	407
683	407
683	406
694	406
694	405
697	405
697	406
698	406
698	405
699	405
699	406
701	406
701	405
705	405
705	404
711	404
711	403
716	403
716	402
718	402
718	401
719	401
719	402
720	402
720	401
724	401
724	399
723	399
723	400
716	400
716	401
715	401
715	402
714	402
714	401
713	401
713	402
706	402
706	403
702	403
702	404
690	404
690	403
688	403
688	404
687	404
687	403
685	403
685	404
677	404
677	405
676	405
676	406
675	406
675	407
674	407
674	408
672	408
672	411
671	411
671	413
670	413
670	418
669	418
669	422
668	422
668	439
667	439
667	441
668	441
668	442
667	442
761	405
762	405
762	407
763	407
763	410
764	410
764	411
769	411
769	410
770	410
770	411
771	411
771	410
776	410
776	409
779	409
779	408
782	408
782	407
784	407
784	405
783	405
783	406
779	406
779	407
776	407
776	408
775	408
775	407
774	407
774	408
765	408
765	407
764	407
764	406
763	406
763	403
762	403
762	402
760	402
760	400
759	400
759	398
758	398
758	397
757	397
757	393
756	393
756	394
755	394
755	393
754	393
754	392
747	392
747	391
738	391
738	390
737	390
737	391
734	391
734	390
733	390
733	391
732	391
732	392
733	392
733	393
745	393
745	394
747	394
747	393
748	393
748	394
753	394
753	395
755	395
755	398
756	398
756	400
757	400
757	401
759	401
759	402
760	402
760	404
761	404
908	367
906	367
906	368
904	368
904	369
901	369
901	370
900	370
900	372
899	372
899	374
897	374
897	375
895	375
895	374
883	374
883	375
881	375
881	374
875	374
875	375
871	375
871	376
870	376
870	375
863	375
863	377
862	377
862	376
861	376
861	377
859	377
859	376
858	376
858	377
855	377
855	376
854	376
854	377
851	377
851	378
847	378
847	379
845	379
845	380
843	380
843	382
841	382
841	383
840	383
840	384
838	384
838	385
835	385
835	386
832	386
832	387
829	387
829	388
826	388
826	389
824	389
824	390
821	390
821	391
826	391
826	390
829	390
829	389
832	389
832	388
835	388
835	387
837	387
837	386
839	386
839	385
841	385
841	384
843	384
843	383
844	383
844	381
847	381
847	380
850	380
850	379
853	379
853	378
854	378
854	377
855	377
855	378
856	378
856	379
862	379
862	378
866	378
866	376
867	376
867	377
875	377
875	376
876	376
876	377
879	377
879	378
880	378
880	377
885	377
885	376
891	376
891	375
893	375
893	376
898	376
898	375
900	375
900	374
901	374
901	372
902	372
902	370
904	370
904	369
908	369
908	367
909	367
909	361
910	361
910	352
909	352
909	360
908	360
946	329
947	329
947	330
948	330
948	331
949	331
949	332
951	332
951	333
952	333
952	334
954	334
954	335
956	335
956	336
958	336
958	337
959	337
959	336
961	336
961	337
963	337
963	335
962	335
962	334
963	334
963	329
964	329
964	328
965	328
965	327
964	327
964	326
966	326
966	323
967	323
967	321
968	321
968	318
969	318
969	317
970	317
970	316
971	316
971	314
972	314
972	315
975	315
975	314
976	314
976	312
977	312
977	309
978	309
978	308
979	308
979	307
980	307
980	305
982	305
982	304
983	304
983	303
982	303
982	302
984	302
984	301
986	301
986	300
987	300
987	299
988	299
988	298
991	298
991	297
992	297
992	296
995	296
995	295
1019	295
1019	294
1020	294
1020	293
1021	293
1021	292
1022	292
1022	290
1023	290
1023	289
1024	289
1024	288
1025	288
1025	287
1026	287
1026	286
1027	286
1027	283
1028	283
1028	282
1029	282
1029	281
1033	281
1033	277
1032	277
1032	273
1033	273
1033	265
1032	265
1032	264
1031	264
1031	263
1030	263
1030	264
1031	264
1031	269
1032	269
1032	270
1031	270
1031	279
1029	279
1029	280
1028	280
1028	281
1027	281
1027	282
1026	282
1026	284
1025	284
1025	285
1024	285
1024	286
1023	286
1023	287
1022	287
1022	288
1021	288
1021	290
1020	290
1020	291
1019	291
1019	292
1018	292
1018	293
1011	293
1011	294
1010	294
1010	293
1000	293
1000	292
998	292
998	293
993	293
993	294
992	294
992	295
990	295
990	296
988	296
988	297
987	297
987	298
985	298
985	299
983	299
983	300
982	300
982	301
981	301
981	302
980	302
980	303
979	303
979	305
978	305
978	306
977	306
977	307
976	307
976	309
975	309
975	311
973	311
973	313
972	313
972	311
971	311
971	312
970	312
970	314
969	314
969	315
968	315
968	316
969	316
969	317
967	317
967	319
966	319
966	322
965	322
965	324
964	324
964	325
963	325
963	326
962	326
962	328
961	328
961	330
960	330
960	334
958	334
958	333
956	333
956	332
955	332
955	331
953	331
953	330
950	330
950	328
949	328
949	327
947	327
947	326
946	326
946	325
944	325
944	324
941	324
941	323
935	323
935	322
934	322
934	323
933	323
933	322
932	322
932	321
930	321
930	323
928	323
928	322
927	322
927	323
926	323
926	324
921	324
921	325
920	325
920	326
917	326
917	327
915	327
915	329
914	329
914	330
915	330
915	331
916	331
916	330
917	330
917	328
918	328
918	327
922	327
922	325
923	325
923	326
925	326
925	325
929	325
929	324
932	324
932	325
939	325
939	324
940	324
940	325
942	325
942	326
941	326
941	327
944	327
944	328
946	328
