225	274
226	274
226	276
225	276
225	288
226	288
226	294
225	294
225	297
226	297
226	319
227	319
227	330
228	330
228	340
229	340
229	344
228	344
228	346
229	346
229	351
230	351
230	366
231	366
231	374
232	374
232	378
233	378
233	383
234	383
234	385
235	385
235	386
237	386
237	385
241	385
241	386
243	386
243	387
246	387
246	386
252	386
252	385
257	385
257	383
258	383
258	384
259	384
259	383
260	383
260	382
262	382
262	381
263	381
263	380
264	380
264	381
267	381
267	379
266	379
266	378
263	378
263	379
262	379
262	381
260	381
260	382
256	382
256	383
253	383
253	384
252	384
252	383
248	383
248	384
242	384
242	383
237	383
237	382
236	382
236	378
235	378
235	373
234	373
234	366
233	366
233	364
234	364
234	363
233	363
233	350
232	350
232	341
231	341
231	330
230	330
230	329
231	329
231	327
230	327
230	313
229	313
229	289
228	289
228	288
229	288
229	286
228	286
228	284
229	284
229	283
228	283
228	260
227	260
227	257
228	257
228	234
229	234
229	230
228	230
228	217
229	217
229	216
228	216
228	206
229	206
229	197
228	197
228	196
229	196
229	186
230	186
230	185
229	185
229	183
230	183
230	182
229	182
229	181
230	181
230	177
231	177
231	173
230	173
230	172
231	172
231	170
230	170
230	166
231	166
231	164
232	164
232	162
233	162
233	161
232	161
232	153
231	153
231	151
230	151
230	149
229	149
229	148
228	148
228	147
227	147
227	146
225	146
225	144
219	144
219	145
217	145
217	144
215	144
215	145
213	145
213	146
210	146
210	147
209	147
209	148
207	148
207	149
206	149
206	150
205	150
205	151
202	151
202	152
199	152
199	153
198	153
198	154
196	154
196	155
195	155
195	156
192	156
192	157
184	157
184	156
183	156
183	157
182	157
182	156
170	156
170	155
160	155
160	154
156	154
156	153
155	153
155	154
154	154
154	153
152	153
152	154
151	154
151	153
143	153
143	152
142	152
142	151
139	151
139	150
135	150
135	149
133	149
133	148
132	148
132	146
131	146
131	145
129	145
129	144
115	144
115	142
114	142
114	141
113	141
113	140
111	140
111	138
109	138
109	137
107	137
107	136
106	136
106	135
104	135
104	134
103	134
103	133
102	133
102	132
101	132
101	131
100	131
100	130
98	130
98	129
97	129
97	128
95	128
95	127
94	127
94	126
93	126
93	125
90	125
90	124
86	124
86	123
85	123
85	122
84	122
84	121
83	121
83	119
82	119
82	118
81	118
81	117
79	117
79	116
73	116
73	117
68	117
68	116
67	116
67	115
66	115
66	114
65	114
65	113
66	113
66	111
65	111
65	105
66	105
66	104
65	104
65	101
64	101
64	99
63	99
63	100
62	100
62	113
63	113
63	117
64	117
64	118
65	118
65	119
68	119
68	120
71	120
71	119
72	119
72	120
75	120
75	121
78	121
78	122
79	122
79	123
80	123
80	125
81	125
81	126
82	126
82	128
83	128
83	129
84	129
84	130
85	130
85	129
89	129
89	130
90	130
90	131
92	131
92	132
94	132
94	133
95	133
95	134
96	134
96	135
97	135
97	136
98	136
98	138
100	138
100	139
101	139
101	140
103	140
103	141
104	141
104	142
106	142
106	143
107	143
107	144
108	144
108	145
109	145
109	146
110	146
110	147
111	147
111	148
114	148
114	149
116	149
116	148
117	148
117	149
128	149
128	151
129	151
129	153
130	153
130	154
131	154
131	155
138	155
138	156
140	156
140	158
144	158
144	159
145	159
145	158
146	158
146	159
147	159
147	158
148	158
148	159
149	159
149	158
150	158
150	159
151	159
151	158
152	158
152	159
157	159
157	160
168	160
168	161
176	161
176	162
177	162
177	161
181	161
181	162
186	162
186	161
188	161
188	162
193	162
193	161
196	161
196	160
199	160
199	159
200	159
200	158
201	158
201	157
204	157
204	156
206	156
206	155
209	155
209	153
211	153
211	152
213	152
213	150
215	150
215	149
222	149
222	150
223	150
223	152
224	152
224	153
225	153
225	156
226	156
226	166
225	166
225	171
226	171
226	172
225	172
225	180
224	180
224	193
225	193
225	215
224	215
224	216
225	216
354	385
356	385
356	386
364	386
364	385
366	385
366	386
367	386
367	385
369	385
369	386
370	386
370	385
371	385
371	384
372	384
372	385
374	385
374	383
370	383
370	384
369	384
369	383
367	383
367	384
363	384
363	383
357	383
357	382
355	382
355	381
354	381
354	380
352	380
352	379
342	379
342	378
340	378
340	377
338	377
338	376
335	376
335	375
333	375
333	374
330	374
330	373
324	373
324	374
322	374
322	375
314	375
314	376
313	376
313	375
303	375
303	374
297	374
297	375
296	375
296	376
298	376
298	377
307	377
307	378
309	378
309	377
310	377
310	378
311	378
311	377
315	377
315	378
318	378
318	377
324	377
324	376
331	376
331	377
333	377
333	378
336	378
336	379
338	379
338	380
339	380
339	381
340	381
340	382
354	382
417	355
416	355
416	356
415	356
415	359
414	359
414	362
413	362
413	364
412	364
412	366
411	366
411	367
410	367
410	368
409	368
409	369
407	369
407	374
406	374
406	375
402	375
402	376
401	376
401	377
399	377
399	378
398	378
398	379
396	379
396	380
393	380
393	381
389	381
389	382
380	382
380	383
379	383
379	382
377	382
377	383
376	383
376	382
375	382
375	385
379	385
379	384
380	384
380	385
387	385
387	384
393	384
393	383
396	383
396	382
399	382
399	381
400	381
400	380
401	380
401	379
403	379
403	378
406	378
406	377
407	377
407	375
408	375
408	374
409	374
409	371
410	371
410	370
412	370
412	369
413	369
413	367
414	367
414	365
415	365
415	364
416	364
416	361
417	361
417	357
418	357
418	354
419	354
419	353
420	353
420	350
421	350
421	346
422	346
422	342
423	342
423	338
424	338
424	337
425	337
425	335
426	335
426	333
427	333
427	332
428	332
428	331
429	331
429	330
430	330
430	329
431	329
431	327
432	327
432	326
433	326
433	325
434	325
434	323
435	323
435	319
436	319
436	313
437	313
437	310
438	310
438	305
439	305
439	303
440	303
440	301
441	301
441	300
442	300
442	297
443	297
443	295
444	295
444	293
445	293
445	292
446	292
446	290
447	290
447	289
448	289
448	287
450	287
450	285
451	285
451	283
452	283
452	282
453	282
453	281
454	281
454	280
455	280
455	279
456	279
456	278
457	278
457	277
458	277
458	276
459	276
459	274
460	274
460	273
461	273
461	272
463	272
463	270
464	270
464	269
465	269
465	267
466	267
466	266
467	266
467	263
468	263
468	262
470	262
470	261
471	261
471	260
473	260
473	259
475	259
475	258
476	258
476	257
478	257
478	256
479	256
479	254
480	254
480	253
481	253
481	252
482	252
482	251
483	251
483	248
484	248
484	246
485	246
485	240
483	240
483	244
484	244
484	245
483	245
483	246
482	246
482	248
481	248
481	249
480	249
480	252
479	252
479	253
478	253
478	254
476	254
476	256
474	256
474	257
472	257
472	258
470	258
470	259
467	259
467	260
466	260
466	263
465	263
465	264
464	264
464	265
463	265
463	267
462	267
462	268
461	268
461	271
460	271
460	272
459	272
459	273
458	273
458	274
457	274
457	275
456	275
456	277
454	277
454	278
453	278
453	279
452	279
452	280
451	280
451	281
450	281
450	282
449	282
449	284
448	284
448	286
446	286
446	287
445	287
445	289
444	289
444	290
443	290
443	291
442	291
442	292
441	292
441	295
440	295
440	297
439	297
439	299
438	299
438	302
437	302
437	305
436	305
436	308
435	308
435	310
434	310
434	318
433	318
433	320
432	320
432	322
431	322
431	324
430	324
430	325
429	325
429	327
428	327
428	328
427	328
427	330
426	330
426	331
425	331
425	332
424	332
424	333
423	333
423	335
422	335
422	338
421	338
421	341
420	341
420	344
419	344
419	348
418	348
418	352
417	352
519	259
520	259
520	260
519	260
519	262
518	262
518	267
519	267
519	269
520	269
520	272
521	272
521	276
522	276
522	277
534	277
534	278
536	278
536	279
537	279
537	278
539	278
539	277
542	277
542	276
546	276
546	275
550	275
550	276
553	276
553	275
555	275
555	274
554	274
554	273
546	273
546	274
543	274
543	275
539	275
539	276
538	276
538	275
537	275
537	276
535	276
535	275
533	275
533	274
524	274
524	271
523	271
523	269
522	269
522	259
521	259
521	254
522	254
522	253
521	253
521	250
522	250
522	244
521	244
521	240
520	240
520	237
519	237
519	235
518	235
518	233
516	233
516	228
514	228
514	227
513	227
513	226
512	226
512	225
509	225
509	224
500	224
500	223
499	223
499	224
496	224
496	225
494	225
494	226
492	226
492	227
489	227
489	228
488	228
488	227
486	227
486	229
485	229
485	232
484	232
484	236
485	236
485	238
484	238
484	239
485	239
485	238
486	238
486	235
487	235
487	232
488	232
488	230
489	230
489	229
491	229
491	228
494	228
494	227
498	227
498	226
499	226
499	225
500	225
500	226
502	226
502	225
503	225
503	226
508	226
508	227
510	227
510	228
511	228
511	229
513	229
513	230
514	230
514	232
515	232
515	233
516	233
516	235
515	235
515	236
516	236
516	238
517	238
517	240
518	240
518	244
519	244
519	246
518	246
518	248
519	248
519	249
518	249
518	255
519	255
636	327
634	327
634	328
631	328
631	329
628	329
628	330
626	330
626	331
621	331
621	332
608	332
608	331
607	331
607	329
606	329
606	326
604	326
604	324
603	324
603	323
602	323
602	322
601	322
601	320
600	320
600	319
599	319
599	318
598	318
598	317
597	317
597	316
595	316
595	315
594	315
594	314
593	314
593	312
592	312
592	310
591	310
591	309
592	309
592	308
591	308
591	306
590	306
590	297
589	297
589	289
588	289
588	287
589	287
589	284
588	284
588	282
587	282
587	280
586	280
586	278
585	278
585	277
584	277
584	276
583	276
583	278
582	278
582	279
583	279
583	281
584	281
584	282
585	282
585	285
586	285
586	291
587	291
587	292
586	292
586	301
587	301
587	306
588	306
588	310
589	310
589	315
590	315
590	316
592	316
592	317
593	317
593	318
595	318
595	319
596	319
596	320
597	320
597	321
598	321
598	322
599	322
599	323
601	323
601	326
602	326
602	328
603	328
603	330
604	330
604	333
605	333
605	335
615	335
615	334
625	334
625	333
629	333
629	332
630	332
630	331
633	331
633	330
636	330
636	329
639	329
639	328
642	328
642	327
643	327
643	326
642	326
642	325
639	325
639	326
636	326
696	352
697	352
697	353
696	353
696	354
697	354
697	361
696	361
696	375
695	375
695	380
694	380
694	381
695	381
695	382
694	382
694	387
695	387
695	388
697	388
697	389
705	389
705	388
706	388
706	389
724	389
724	388
728	388
728	387
733	387
733	386
745	386
745	385
747	385
747	384
748	384
748	383
751	383
751	382
759	382
759	381
761	381
761	380
762	380
762	379
764	379
764	378
765	378
765	377
777	377
777	376
779	376
779	375
780	375
780	374
782	374
782	373
790	373
790	372
793	372
793	371
794	371
794	370
796	370
796	369
800	369
800	368
805	368
805	367
809	367
809	368
810	368
810	367
815	367
815	368
816	368
816	367
819	367
819	366
822	366
822	365
829	365
829	363
830	363
830	362
832	362
832	361
833	361
833	360
834	360
834	359
835	359
835	358
838	358
838	357
841	357
841	356
843	356
843	355
846	355
846	354
850	354
850	353
861	353
861	352
863	352
863	353
864	353
864	352
867	352
867	351
870	351
870	350
878	350
878	349
883	349
883	348
890	348
890	347
892	347
892	346
893	346
893	347
894	347
894	346
896	346
896	343
894	343
894	344
893	344
893	345
892	345
892	344
890	344
890	345
886	345
886	346
885	346
885	345
882	345
882	346
876	346
876	347
871	347
871	349
870	349
870	348
867	348
867	349
859	349
859	350
851	350
851	351
849	351
849	350
848	350
848	351
846	351
846	352
842	352
842	353
840	353
840	354
837	354
837	355
834	355
834	356
833	356
833	357
831	357
831	359
830	359
830	360
829	360
829	361
828	361
828	362
826	362
826	363
822	363
822	362
820	362
820	363
818	363
818	364
816	364
816	365
811	365
811	364
801	364
801	365
798	365
798	366
796	366
796	367
795	367
795	366
794	366
794	367
793	367
793	368
790	368
790	369
783	369
783	370
781	370
781	371
780	371
780	372
779	372
779	373
776	373
776	374
766	374
766	375
763	375
763	376
761	376
761	377
759	377
759	378
757	378
757	379
750	379
750	380
744	380
744	381
743	381
743	383
732	383
732	384
727	384
727	385
726	385
726	386
722	386
722	387
721	387
721	386
717	386
717	387
713	387
713	386
701	386
701	385
700	385
700	386
699	386
699	385
697	385
697	384
698	384
698	376
699	376
699	371
698	371
698	369
699	369
699	364
700	364
700	360
701	360
701	359
700	359
700	353
699	353
699	348
698	348
698	341
697	341
697	333
698	333
698	316
697	316
697	311
696	311
696	309
695	309
695	297
694	297
694	295
693	295
693	294
692	294
692	293
691	293
691	292
690	292
690	291
687	291
687	289
684	289
684	290
683	290
683	289
682	289
682	288
677	288
677	289
674	289
674	290
672	290
672	291
670	291
670	292
669	292
669	293
668	293
668	294
667	294
667	295
666	295
666	296
665	296
665	297
664	297
664	299
663	299
663	301
662	301
662	304
661	304
661	307
660	307
660	310
661	310
661	311
660	311
660	312
659	312
659	316
658	316
658	318
657	318
657	319
656	319
656	320
655	320
655	322
652	322
652	323
648	323
648	324
645	324
645	326
644	326
644	327
645	327
645	328
646	328
646	327
647	327
647	326
654	326
654	325
655	325
655	324
656	324
656	323
657	323
657	322
658	322
658	321
659	321
659	319
660	319
660	318
661	318
661	316
662	316
662	311
663	311
663	308
664	308
664	305
665	305
665	303
666	303
666	301
667	301
667	299
668	299
668	298
669	298
669	296
670	296
670	294
672	294
672	293
674	293
674	292
675	292
675	291
686	291
686	292
688	292
688	293
689	293
689	295
690	295
690	296
691	296
691	297
692	297
692	304
691	304
691	306
692	306
692	308
693	308
693	311
694	311
694	318
695	318
695	332
694	332
694	342
695	342
695	350
696	350
965	391
964	391
964	393
963	393
963	394
964	394
964	396
963	396
963	397
962	397
962	398
960	398
960	399
958	399
958	400
956	400
956	399
954	399
954	397
953	397
953	394
952	394
952	392
951	392
951	389
950	389
950	386
949	386
949	382
948	382
948	381
947	381
947	378
946	378
946	374
945	374
945	371
944	371
944	369
943	369
943	367
942	367
942	363
941	363
941	359
940	359
940	357
939	357
939	355
938	355
938	354
937	354
937	353
936	353
936	352
933	352
933	351
931	351
931	350
930	350
930	349
929	349
929	348
926	348
926	347
923	347
923	346
922	346
922	345
919	345
919	344
915	344
915	343
911	343
911	342
908	342
908	343
907	343
907	342
905	342
905	343
898	343
898	344
897	344
897	345
898	345
898	346
906	346
906	345
910	345
910	346
916	346
916	345
917	345
917	347
920	347
920	348
921	348
921	349
924	349
924	350
926	350
926	351
927	351
927	352
928	352
928	353
931	353
931	354
933	354
933	355
935	355
935	356
936	356
936	358
937	358
937	359
938	359
938	364
939	364
939	367
941	367
941	368
940	368
940	369
941	369
941	372
942	372
942	375
943	375
943	377
944	377
944	382
945	382
945	384
946	384
946	387
947	387
947	389
948	389
948	392
949	392
949	395
950	395
950	397
951	397
951	400
952	400
952	403
955	403
955	402
962	402
962	401
964	401
964	400
965	400
965	397
966	397
966	395
967	395
967	392
968	392
968	389
969	389
969	384
970	384
970	381
971	381
971	379
972	379
972	374
973	374
973	369
974	369
974	364
975	364
975	357
976	357
976	353
977	353
977	350
978	350
978	344
979	344
979	342
980	342
980	341
979	341
979	337
978	337
978	313
979	313
979	309
980	309
980	305
981	305
981	304
980	304
980	303
981	303
981	301
980	301
980	293
981	293
981	292
982	292
982	291
983	291
983	286
984	286
984	284
985	284
985	281
986	281
986	280
987	280
987	279
988	279
988	277
989	277
989	274
990	274
990	272
991	272
991	271
992	271
992	269
994	269
994	268
998	268
998	267
1000	267
1000	266
1006	266
1006	264
1007	264
1007	263
1008	263
1008	262
1009	262
1009	260
1010	260
1010	259
1011	259
1011	257
1012	257
1012	256
1013	256
1013	253
1014	253
1014	251
1015	251
1015	249
1016	249
1016	247
1017	247
1017	246
1018	246
1018	245
1019	245
1019	244
1020	244
1020	243
1021	243
1021	242
1023	242
1023	241
1025	241
1025	240
1026	240
1026	239
1030	239
1030	238
1031	238
1031	239
1038	239
1038	240
1044	240
1044	241
1046	241
1046	244
1047	244
1047	245
1048	245
1048	246
1049	246
1049	249
1050	249
1050	251
1051	251
1051	254
1052	254
1052	256
1053	256
1053	262
1054	262
1054	272
1055	272
1055	275
1056	275
1056	277
1055	277
1055	281
1056	281
1056	286
1057	286
1057	285
1064	285
1064	286
1066	286
1066	287
1068	287
1068	288
1077	288
1077	289
1078	289
1078	288
1082	288
1082	289
1084	289
1084	291
1087	291
1087	292
1091	292
1091	293
1120	293
1120	292
1128	292
1128	291
1135	291
1135	290
1139	290
1139	289
1142	289
1142	288
1145	288
1145	287
1147	287
1147	286
1150	286
1150	285
1151	285
1151	284
1153	284
1153	283
1154	283
1154	282
1156	282
1156	281
1157	281
1157	280
1158	280
1158	279
1160	279
1160	278
1163	278
1163	277
1174	277
1174	278
1180	278
1180	279
1182	279
1182	280
1183	280
1183	281
1184	281
1184	282
1185	282
1185	283
1187	283
1187	285
1188	285
1188	287
1189	287
1189	289
1190	289
1190	305
1189	305
1189	307
1190	307
1190	308
1194	308
1194	307
1195	307
1195	306
1196	306
1196	308
1199	308
1199	309
1202	309
1202	310
1204	310
1204	311
1205	311
1205	313
1206	313
1206	316
1207	316
1207	319
1208	319
1208	322
1209	322
1209	331
1210	331
1210	335
1211	335
1211	339
1210	339
1210	341
1211	341
1211	343
1210	343
1210	347
1209	347
1209	354
1210	354
1210	359
1209	359
1209	379
1210	379
1210	380
1209	380
1209	382
1211	382
1211	385
1212	385
1212	387
1216	387
1216	388
1217	388
1217	387
1219	387
1219	388
1230	388
1230	387
1233	387
1233	386
1236	386
1236	385
1238	385
1238	384
1240	384
1240	383
1241	383
1241	382
1244	382
1244	381
1247	381
1247	380
1249	380
1249	379
1250	379
1250	378
1251	378
1251	377
1255	377
1255	376
1265	376
1265	375
1269	375
1269	374
1272	374
1272	373
1278	373
1278	372
1281	372
1281	371
1286	371
1286	370
1289	370
1289	369
1292	369
1292	368
1295	368
1295	367
1298	367
1298	366
1299	366
1299	365
1302	365
1302	364
1304	364
1304	363
1305	363
1305	362
1306	362
1306	361
1307	361
1307	360
1309	360
1309	359
1310	359
1310	358
1311	358
1311	357
1313	357
1313	356
1314	356
1314	355
1316	355
1316	354
1318	354
1318	353
1320	353
1320	352
1321	352
1321	351
1324	351
1324	350
1327	350
1327	348
1330	348
1330	347
1332	347
1332	346
1334	346
1334	345
1336	345
1336	344
1340	344
1340	343
1341	343
1341	344
1342	344
1342	343
1343	343
1343	341
1344	341
1344	340
1345	340
1345	339
1347	339
1347	338
1349	338
1349	337
1351	337
1351	336
1352	336
1352	335
1354	335
1354	334
1355	334
1355	333
1357	333
1357	332
1358	332
1358	331
1367	331
1367	330
1370	330
1370	329
1373	329
1373	328
1386	328
1386	329
1387	329
1387	328
1388	328
1388	329
1396	329
1396	328
1397	328
1397	329
1401	329
1401	328
1418	328
1418	329
1431	329
1431	330
1432	330
1432	329
1436	329
1436	330
1437	330
1437	329
1442	329
1442	330
1446	330
1446	329
1447	329
1447	330
1448	330
1448	329
1459	329
1459	328
1469	328
1469	327
1474	327
1474	326
1476	326
1476	325
1477	325
1477	324
1479	324
1479	323
1481	323
1481	322
1482	322
1482	321
1483	321
1483	320
1485	320
1485	319
1486	319
1486	318
1487	318
1487	317
1490	317
1490	316
1492	316
1492	315
1493	315
1493	314
1494	314
1494	313
1497	313
1497	312
1498	312
1498	311
1501	311
1501	310
1502	310
1502	309
1506	309
1506	308
1507	308
1507	307
1509	307
1509	306
1510	306
1510	305
1512	305
1512	306
1513	306
1513	305
1514	305
1514	304
1522	304
1522	303
1525	303
1525	302
1529	302
1529	301
1531	301
1531	300
1533	300
1533	299
1535	299
1535	298
1538	298
1538	292
1537	292
1537	288
1536	288
1536	287
1537	287
1537	285
1536	285
1536	284
1537	284
1537	279
1536	279
1536	269
1535	269
1535	268
1536	268
1536	267
1535	267
1535	258
1534	258
1534	252
1533	252
1533	244
1532	244
1532	242
1533	242
1533	234
1532	234
1532	233
1533	233
1533	227
1534	227
1534	223
1535	223
1535	206
1534	206
1534	197
1535	197
1535	192
1534	192
1534	186
1535	186
1535	180
1536	180
1536	176
1537	176
1537	175
1538	175
1538	173
1539	173
1539	171
1540	171
1540	169
1541	169
1541	167
1542	167
1542	166
1544	166
1544	164
1545	164
1545	162
1546	162
1546	160
1547	160
1547	159
1548	159
1548	158
1549	158
1549	157
1550	157
1550	156
1551	156
1551	155
1553	155
1553	154
1554	154
1554	153
1555	153
1555	152
1560	152
1560	151
1570	151
1570	150
1587	150
1587	151
1588	151
1588	150
1593	150
1593	149
1595	149
1595	150
1596	150
1596	149
1601	149
1601	150
1607	150
1607	151
1609	151
1609	152
1610	152
1610	153
1611	153
1611	154
1613	154
1613	155
1614	155
1614	156
1615	156
1615	157
1617	157
1617	158
1619	158
1619	160
1620	160
1620	162
1621	162
1621	168
1622	168
1622	171
1623	171
1623	175
1624	175
1624	181
1625	181
1625	183
1624	183
1624	184
1625	184
1625	185
1626	185
1626	186
1627	186
1627	189
1628	189
1628	190
1629	190
1629	192
1631	192
1631	193
1637	193
1637	192
1641	192
1641	191
1643	191
1643	190
1645	190
1645	189
1647	189
1647	188
1648	188
1648	187
1649	187
1649	186
1652	186
1652	185
1653	185
1653	184
1654	184
1654	183
1655	183
1655	182
1656	182
1656	181
1658	181
1658	180
1659	180
1659	179
1660	179
1660	178
1661	178
1661	177
1662	177
1662	176
1663	176
1663	174
1665	174
1665	173
1666	173
1666	172
1669	172
1669	171
1671	171
1671	170
1675	170
1675	169
1676	169
1676	168
1679	168
1679	167
1681	167
1681	168
1682	168
1682	167
1684	167
1684	168
1685	168
1685	167
1689	167
1689	166
1708	166
1708	165
1714	165
1714	164
1720	164
1720	163
1725	163
1725	162
1727	162
1727	163
1728	163
1728	162
1737	162
1737	161
1739	161
1739	160
1743	160
1743	159
1746	159
1746	158
1749	158
1749	157
1753	157
1753	156
1755	156
1755	155
1757	155
1757	154
1760	154
1760	153
1764	153
1764	152
1766	152
1766	151
1769	151
1769	150
1771	150
1771	149
1773	149
1773	148
1775	148
1775	147
1778	147
1778	146
1782	146
1782	145
1784	145
1784	144
1787	144
1787	143
1790	143
1790	142
1793	142
1793	141
1795	141
1795	140
1796	140
1796	139
1797	139
1797	138
1798	138
1798	137
1799	137
1799	136
1800	136
1800	135
1801	135
1801	134
1802	134
1802	133
1803	133
1803	132
1804	132
1804	131
1805	131
1805	130
1806	130
1806	129
1807	129
1807	128
1808	128
1808	127
1809	127
1809	126
1811	126
1811	125
1812	125
1812	124
1814	124
1814	122
1815	122
1815	121
1817	121
1817	120
1818	120
1818	117
1819	117
1819	114
1820	114
1820	113
1821	113
1821	110
1822	110
1822	107
1823	107
1823	106
1824	106
1824	103
1825	103
1825	100
1826	100
1826	98
1827	98
1827	94
1828	94
1828	92
1829	92
1829	87
1830	87
1830	86
1831	86
1831	85
1832	85
1832	84
1833	84
1833	85
1834	85
1834	92
1835	92
1835	93
1834	93
1834	97
1835	97
1835	101
1836	101
1836	106
1837	106
1837	128
1838	128
1838	129
1837	129
1837	130
1838	130
1838	135
1839	135
1839	136
1838	136
1838	138
1839	138
1839	140
1840	140
1840	145
1841	145
1841	146
1840	146
1840	147
1841	147
1841	148
1842	148
1842	149
1843	149
1843	151
1844	151
1844	153
1845	153
1845	154
1844	154
1844	155
1845	155
1845	156
1846	156
1846	159
1847	159
1847	161
1848	161
1848	163
1849	163
1849	165
1850	165
1850	166
1851	166
1851	167
1853	167
1853	166
1854	166
1854	164
1855	164
1855	161
1856	161
1856	155
1857	155
1857	154
1858	154
1858	151
1859	151
1859	148
1860	148
1860	147
1861	147
1861	144
1862	144
1862	142
1863	142
1863	140
1864	140
1864	139
1865	139
1865	137
1866	137
1866	135
1867	135
1867	134
1868	134
1868	132
1869	132
1869	131
1870	131
1870	129
1871	129
1871	128
1872	128
1872	127
1873	127
1873	126
1874	126
1874	125
1875	125
1875	124
1876	124
1876	123
1878	123
1878	122
1879	122
1879	121
1880	121
1880	120
1881	120
1881	119
1883	119
1883	118
1885	118
1885	117
1886	117
1886	116
1887	116
1887	115
1888	115
1888	114
1890	114
1890	113
1891	113
1891	112
1893	112
1893	111
1895	111
1895	110
1896	110
1896	109
1897	109
1897	108
1899	108
1899	107
1901	107
1901	106
1907	106
1907	105
1910	105
1910	104
1913	104
1913	103
1915	103
1915	102
1918	102
1918	101
1922	101
1922	100
1926	100
1926	99
1934	99
1934	98
1944	98
1944	97
1946	97
1946	96
1951	96
1951	95
1954	95
1954	94
1959	94
1959	93
1960	93
1960	92
1963	92
1963	91
1965	91
1965	90
1968	90
1968	89
1974	89
1974	88
1979	88
1979	87
1983	87
1983	86
1987	86
1987	85
1989	85
1989	84
1991	84
1991	83
1998	83
1998	82
2000	82
2000	83
2002	83
2002	82
2012	82
2012	83
2015	83
2015	84
2017	84
2017	85
2020	85
2020	86
2021	86
2021	85
2022	85
2022	86
2032	86
2032	87
2036	87
2036	88
2039	88
2039	89
2051	89
2051	90
2054	90
2054	89
2057	89
2057	90
2063	90
2063	89
2081	89
2081	87
2082	87
2082	86
2081	86
2081	85
2080	85
2080	84
2077	84
2077	85
2076	85
2076	84
2073	84
2073	85
2071	85
2071	84
2067	84
2067	85
2066	85
2066	84
2063	84
2063	85
2061	85
2061	86
2052	86
2052	85
2049	85
2049	84
2048	84
2048	85
2044	85
2044	84
2039	84
2039	83
2034	83
2034	82
2032	82
2032	81
2031	81
2031	82
2030	82
2030	81
2022	81
2022	80
2019	80
2019	79
2017	79
2017	78
2016	78
2016	77
2014	77
2014	76
2011	76
2011	77
2002	77
2002	78
1998	78
1998	77
1996	77
1996	78
1992	78
1992	79
1991	79
1991	78
1990	78
1990	79
1988	79
1988	80
1987	80
1987	81
1983	81
1983	82
1978	82
1978	83
1973	83
1973	84
1970	84
1970	85
1965	85
1965	86
1963	86
1963	87
1960	87
1960	88
1958	88
1958	89
1956	89
1956	90
1952	90
1952	91
1950	91
1950	92
1946	92
1946	93
1942	93
1942	94
1941	94
1941	93
1940	93
1940	94
1938	94
1938	93
1937	93
1937	94
1932	94
1932	95
1925	95
1925	96
1921	96
1921	97
1917	97
1917	98
1915	98
1915	99
1912	99
1912	100
1909	100
1909	101
1906	101
1906	102
1902	102
1902	103
1899	103
1899	104
1897	104
1897	105
1896	105
1896	106
1894	106
1894	107
1893	107
1893	108
1891	108
1891	109
1889	109
1889	110
1888	110
1888	111
1887	111
1887	112
1885	112
1885	113
1884	113
1884	114
1882	114
1882	115
1880	115
1880	117
1878	117
1878	118
1876	118
1876	119
1875	119
1875	120
1874	120
1874	122
1872	122
1872	123
1871	123
1871	124
1869	124
1869	125
1868	125
1868	127
1867	127
1867	129
1866	129
1866	130
1865	130
1865	131
1864	131
1864	132
1863	132
1863	136
1862	136
1862	137
1861	137
1861	138
1860	138
1860	140
1859	140
1859	143
1858	143
1858	144
1857	144
1857	145
1856	145
1856	147
1855	147
1855	150
1854	150
1854	153
1853	153
1853	155
1852	155
1852	161
1851	161
1851	159
1850	159
1850	156
1849	156
1849	153
1848	153
1848	151
1847	151
1847	150
1846	150
1846	149
1845	149
1845	144
1844	144
1844	142
1843	142
1843	139
1842	139
1842	132
1841	132
1841	124
1840	124
1840	118
1841	118
1841	117
1840	117
1840	116
1841	116
1841	112
1840	112
1840	101
1839	101
1839	98
1838	98
1838	92
1837	92
1837	85
1836	85
1836	79
1832	79
1832	80
1831	80
1831	81
1829	81
1829	82
1827	82
1827	86
1826	86
1826	88
1825	88
1825	92
1824	92
1824	95
1823	95
1823	97
1822	97
1822	99
1821	99
1821	102
1820	102
1820	104
1819	104
1819	108
1818	108
1818	110
1817	110
1817	112
1816	112
1816	113
1815	113
1815	116
1814	116
1814	117
1813	117
1813	119
1811	119
1811	120
1810	120
1810	121
1809	121
1809	122
1808	122
1808	123
1807	123
1807	124
1806	124
1806	125
1805	125
1805	126
1803	126
1803	127
1802	127
1802	128
1801	128
1801	130
1799	130
1799	131
1798	131
1798	133
1797	133
1797	134
1796	134
1796	135
1793	135
1793	136
1792	136
1792	137
1791	137
1791	138
1788	138
1788	139
1786	139
1786	140
1782	140
1782	141
1780	141
1780	142
1777	142
1777	143
1774	143
1774	144
1772	144
1772	145
1770	145
1770	146
1768	146
1768	147
1765	147
1765	148
1763	148
1763	149
1760	149
1760	150
1757	150
1757	151
1754	151
1754	152
1752	152
1752	153
1749	153
1749	154
1744	154
1744	155
1740	155
1740	156
1737	156
1737	157
1728	157
1728	158
1725	158
1725	159
1718	159
1718	160
1714	160
1714	161
1708	161
1708	162
1700	162
1700	163
1699	163
1699	162
1693	162
1693	163
1690	163
1690	164
1681	164
1681	165
1680	165
1680	164
1679	164
1679	165
1674	165
1674	166
1672	166
1672	167
1669	167
1669	168
1668	168
1668	169
1666	169
1666	170
1664	170
1664	171
1662	171
1662	172
1661	172
1661	173
1660	173
1660	175
1658	175
1658	176
1656	176
1656	177
1655	177
1655	178
1654	178
1654	179
1653	179
1653	180
1652	180
1652	181
1651	181
1651	182
1650	182
1650	183
1648	183
1648	184
1647	184
1647	185
1645	185
1645	186
1644	186
1644	187
1643	187
1643	188
1640	188
1640	189
1636	189
1636	190
1634	190
1634	189
1633	189
1633	188
1630	188
1630	184
1629	184
1629	179
1628	179
1628	176
1627	176
1627	173
1626	173
1626	169
1625	169
1625	168
1626	168
1626	167
1625	167
1625	165
1624	165
1624	162
1623	162
1623	159
1622	159
1622	157
1621	157
1621	155
1619	155
1619	154
1616	154
1616	153
1614	153
1614	152
1613	152
1613	151
1612	151
1612	150
1609	150
1609	148
1607	148
1607	147
1597	147
1597	148
1596	148
1596	147
1594	147
1594	146
1593	146
1593	147
1585	147
1585	148
1582	148
1582	147
1580	147
1580	148
1577	148
1577	147
1574	147
1574	148
1572	148
1572	147
1568	147
1568	148
1564	148
1564	149
1554	149
1554	150
1553	150
1553	151
1552	151
1552	152
1550	152
1550	153
1549	153
1549	154
1548	154
1548	155
1545	155
1545	157
1544	157
1544	159
1543	159
1543	160
1542	160
1542	161
1541	161
1541	162
1540	162
1540	164
1539	164
1539	165
1538	165
1538	167
1537	167
1537	169
1536	169
1536	170
1535	170
1535	172
1534	172
1534	173
1533	173
1533	178
1532	178
1532	183
1531	183
1531	190
1532	190
1532	191
1531	191
1531	223
1530	223
1530	228
1529	228
1529	233
1528	233
1528	236
1529	236
1529	239
1528	239
1528	241
1529	241
1529	243
1528	243
1528	244
1529	244
1529	247
1530	247
1530	255
1531	255
1531	263
1532	263
1532	275
1533	275
1533	285
1534	285
1534	291
1535	291
1535	292
1534	292
1534	295
1533	295
1533	296
1532	296
1532	297
1530	297
1530	298
1528	298
1528	299
1523	299
1523	300
1515	300
1515	301
1510	301
1510	302
1508	302
1508	303
1506	303
1506	304
1505	304
1505	305
1502	305
1502	306
1499	306
1499	307
1498	307
1498	308
1494	308
1494	309
1493	309
1493	310
1491	310
1491	311
1489	311
1489	312
1487	312
1487	313
1486	313
1486	314
1485	314
1485	315
1484	315
1484	316
1482	316
1482	317
1481	317
1481	318
1480	318
1480	319
1479	319
1479	320
1478	320
1478	321
1477	321
1477	322
1475	322
1475	323
1472	323
1472	324
1467	324
1467	325
1454	325
1454	326
1431	326
1431	325
1429	325
1429	326
1427	326
1427	325
1426	325
1426	326
1422	326
1422	325
1420	325
1420	326
1419	326
1419	325
1411	325
1411	324
1403	324
1403	325
1397	325
1397	326
1389	326
1389	325
1379	325
1379	324
1376	324
1376	323
1375	323
1375	324
1374	324
1374	325
1370	325
1370	326
1365	326
1365	327
1361	327
1361	328
1358	328
1358	329
1354	329
1354	330
1353	330
1353	331
1352	331
1352	333
1351	333
1351	332
1350	332
1350	333
1349	333
1349	334
1348	334
1348	335
1346	335
1346	336
1345	336
1345	337
1343	337
1343	339
1341	339
1341	340
1337	340
1337	341
1335	341
1335	342
1331	342
1331	343
1330	343
1330	344
1327	344
1327	345
1325	345
1325	346
1323	346
1323	347
1321	347
1321	348
1319	348
1319	349
1318	349
1318	350
1315	350
1315	351
1314	351
1314	352
1313	352
1313	353
1311	353
1311	354
1310	354
1310	355
1309	355
1309	356
1307	356
1307	357
1306	357
1306	358
1304	358
1304	359
1302	359
1302	360
1300	360
1300	361
1298	361
1298	362
1296	362
1296	363
1294	363
1294	364
1290	364
1290	365
1288	365
1288	366
1284	366
1284	367
1279	367
1279	368
1275	368
1275	369
1271	369
1271	370
1268	370
1268	371
1265	371
1265	372
1259	372
1259	373
1258	373
1258	372
1257	372
1257	373
1252	373
1252	374
1251	374
1251	375
1249	375
1249	376
1246	376
1246	377
1244	377
1244	378
1242	378
1242	379
1240	379
1240	380
1239	380
1239	381
1237	381
1237	382
1235	382
1235	383
1233	383
1233	384
1230	384
1230	385
1227	385
1227	384
1215	384
1215	382
1214	382
1214	379
1213	379
1213	347
1214	347
1214	335
1213	335
1213	325
1212	325
1212	321
1211	321
1211	319
1210	319
1210	316
1209	316
1209	313
1208	313
1208	312
1207	312
1207	309
1206	309
1206	308
1205	308
1205	307
1203	307
1203	306
1201	306
1201	305
1195	305
1195	306
1194	306
1194	305
1193	305
1193	300
1194	300
1194	296
1193	296
1193	288
1192	288
1192	286
1191	286
1191	284
1189	284
1189	282
1188	282
1188	281
1187	281
1187	280
1186	280
1186	278
1185	278
1185	277
1184	277
1184	276
1183	276
1183	275
1174	275
1174	276
1173	276
1173	275
1171	275
1171	274
1167	274
1167	275
1160	275
1160	276
1159	276
1159	277
1157	277
1157	278
1155	278
1155	280
1153	280
1153	281
1150	281
1150	282
1149	282
1149	283
1147	283
1147	284
1145	284
1145	285
1143	285
1143	286
1140	286
1140	287
1137	287
1137	288
1129	288
1129	289
1128	289
1128	288
1125	288
1125	289
1116	289
1116	290
1110	290
1110	289
1109	289
1109	290
1096	290
1096	289
1094	289
1094	290
1093	290
1093	289
1088	289
1088	288
1086	288
1086	287
1084	287
1084	286
1081	286
1081	285
1072	285
1072	284
1067	284
1067	283
1063	283
1063	282
1061	282
1061	283
1059	283
1059	282
1058	282
1058	279
1059	279
1059	274
1058	274
1058	271
1057	271
1057	263
1056	263
1056	259
1055	259
1055	256
1054	256
1054	252
1053	252
1053	248
1052	248
1052	246
1051	246
1051	244
1050	244
1050	243
1049	243
1049	241
1048	241
1048	240
1047	240
1047	239
1046	239
1046	238
1040	238
1040	237
1038	237
1038	236
1027	236
1027	237
1025	237
1025	238
1023	238
1023	239
1021	239
1021	240
1019	240
1019	241
1018	241
1018	242
1017	242
1017	243
1016	243
1016	244
1015	244
1015	246
1013	246
1013	249
1012	249
1012	250
1011	250
1011	251
1010	251
1010	254
1009	254
1009	257
1008	257
1008	258
1007	258
1007	260
1006	260
1006	262
1005	262
1005	263
1000	263
1000	264
998	264
998	265
995	265
995	266
991	266
991	267
989	267
989	269
988	269
988	272
987	272
987	273
986	273
986	274
985	274
985	276
984	276
984	277
983	277
983	280
982	280
982	283
981	283
981	285
980	285
980	286
981	286
981	287
980	287
980	289
979	289
979	290
978	290
978	291
977	291
977	294
978	294
978	295
977	295
977	296
978	296
978	299
977	299
977	300
978	300
978	301
977	301
977	306
976	306
976	311
975	311
975	315
974	315
974	332
975	332
975	334
976	334
976	336
975	336
975	341
976	341
976	342
975	342
975	348
974	348
974	350
973	350
973	357
972	357
972	358
971	358
971	365
970	365
970	372
969	372
969	375
968	375
968	378
967	378
967	382
966	382
966	385
965	385
965	388
966	388
966	389
965	389
