261	252
262	252
262	258
263	258
263	259
264	259
264	270
265	270
265	271
264	271
264	283
265	283
265	288
266	288
266	293
267	293
267	300
268	300
268	302
269	302
269	303
270	303
270	304
271	304
271	306
272	306
272	309
273	309
273	310
274	310
274	311
298	311
298	310
299	310
299	311
300	311
300	310
303	310
303	311
306	311
306	310
307	310
307	311
309	311
309	312
314	312
314	313
316	313
316	314
317	314
317	315
318	315
318	317
319	317
319	318
320	318
320	320
321	320
321	321
324	321
324	320
326	320
326	321
327	321
327	320
330	320
330	321
331	321
331	322
332	322
332	323
335	323
335	324
336	324
336	325
337	325
337	326
339	326
339	327
340	327
340	328
341	328
341	329
342	329
342	330
343	330
343	331
346	331
346	332
347	332
347	333
348	333
348	334
350	334
350	335
352	335
352	337
353	337
353	339
354	339
354	340
353	340
353	341
354	341
354	347
353	347
353	350
352	350
352	352
353	352
353	357
354	357
354	361
355	361
355	363
356	363
356	364
357	364
357	365
358	365
358	364
366	364
366	363
368	363
368	362
374	362
374	363
377	363
377	364
380	364
380	365
382	365
382	366
384	366
384	367
386	367
386	368
388	368
388	369
391	369
391	370
393	370
393	371
395	371
395	372
396	372
396	373
399	373
399	374
401	374
401	375
409	375
409	376
410	376
410	375
417	375
417	376
418	376
418	377
420	377
420	378
423	378
423	380
426	380
426	385
427	385
427	386
430	386
430	387
432	387
432	388
435	388
435	389
439	389
439	388
440	388
440	387
443	387
443	388
444	388
444	387
446	387
446	386
451	386
451	385
453	385
453	384
455	384
455	383
457	383
457	382
459	382
459	381
461	381
461	380
462	380
462	379
464	379
464	378
465	378
465	377
466	377
466	375
467	375
467	372
468	372
468	370
469	370
469	369
470	369
470	366
471	366
471	365
472	365
472	364
473	364
473	363
475	363
475	360
476	360
476	358
477	358
477	356
478	356
478	350
479	350
479	347
480	347
480	344
481	344
481	338
482	338
482	333
483	333
483	332
482	332
482	320
483	320
483	319
492	319
492	318
496	318
496	317
498	317
498	316
501	316
501	315
502	315
502	314
504	314
504	315
505	315
505	314
520	314
520	313
522	313
522	312
524	312
524	311
531	311
531	310
534	310
534	309
537	309
537	308
539	308
539	305
538	305
538	303
539	303
539	302
537	302
537	301
536	301
536	299
535	299
535	296
534	296
534	294
533	294
533	291
534	291
534	284
537	284
537	285
541	285
541	286
544	286
544	287
545	287
545	286
548	286
548	287
561	287
561	286
564	286
564	285
567	285
567	284
571	284
571	283
577	283
577	282
587	282
587	281
588	281
588	282
593	282
593	283
596	283
596	282
598	282
598	281
599	281
599	282
600	282
600	281
609	281
609	282
613	282
613	284
614	284
614	287
615	287
615	288
616	288
616	286
618	286
618	287
622	287
622	288
625	288
625	287
626	287
626	288
629	288
629	289
630	289
630	290
631	290
631	294
632	294
632	300
633	300
633	305
634	305
634	316
635	316
635	322
634	322
634	327
633	327
633	337
634	337
634	338
633	338
633	340
634	340
634	346
635	346
635	349
634	349
634	350
635	350
635	362
636	362
636	363
635	363
635	366
636	366
636	367
635	367
635	405
636	405
636	410
635	410
635	424
634	424
634	425
635	425
635	426
636	426
636	429
637	429
637	433
638	433
638	436
639	436
639	438
640	438
640	440
641	440
641	441
646	441
646	442
649	442
649	443
650	443
650	444
651	444
651	445
652	445
652	446
654	446
654	447
656	447
656	453
657	453
657	456
658	456
658	458
659	458
659	459
661	459
661	461
662	461
662	463
663	463
663	465
664	465
664	468
665	468
665	471
666	471
666	472
668	472
668	473
679	473
679	474
681	474
681	472
679	472
679	471
677	471
677	470
668	470
668	469
667	469
667	466
666	466
666	464
665	464
665	461
664	461
664	460
663	460
663	458
662	458
662	457
661	457
661	455
660	455
660	454
659	454
659	447
658	447
658	445
657	445
657	444
655	444
655	443
653	443
653	442
652	442
652	441
648	441
648	440
647	440
647	439
645	439
645	438
642	438
642	435
641	435
641	433
640	433
640	429
639	429
639	425
640	425
640	422
639	422
639	421
640	421
640	419
641	419
641	418
642	418
642	417
638	417
638	412
639	412
639	404
638	404
638	403
639	403
639	396
638	396
638	386
639	386
639	385
638	385
638	373
639	373
639	371
638	371
638	370
639	370
639	363
640	363
640	361
639	361
639	359
640	359
640	356
639	356
639	353
640	353
640	352
639	352
639	350
640	350
640	349
639	349
639	347
640	347
640	346
639	346
639	336
638	336
638	335
639	335
639	334
638	334
638	328
639	328
639	325
640	325
640	322
641	322
641	320
640	320
640	304
639	304
639	300
638	300
638	299
639	299
639	295
638	295
638	292
637	292
637	288
636	288
636	284
634	284
634	283
632	283
632	282
628	282
628	280
624	280
624	278
623	278
623	277
622	277
622	276
616	276
616	274
615	274
615	273
611	273
611	275
610	275
610	277
609	277
609	276
608	276
608	277
607	277
607	276
599	276
599	277
598	277
598	276
597	276
597	277
595	277
595	276
593	276
593	277
591	277
591	276
589	276
589	275
588	275
588	276
579	276
579	275
578	275
578	276
573	276
573	277
572	277
572	278
570	278
570	279
566	279
566	278
565	278
565	279
561	279
561	280
560	280
560	281
559	281
559	280
558	280
558	281
555	281
555	280
554	280
554	281
553	281
553	280
543	280
543	279
539	279
539	278
535	278
535	277
529	277
529	278
528	278
528	279
527	279
527	286
528	286
528	297
529	297
529	301
530	301
530	304
527	304
527	305
523	305
523	306
519	306
519	307
515	307
515	308
508	308
508	309
507	309
507	308
504	308
504	309
500	309
500	310
497	310
497	311
493	311
493	312
487	312
487	313
485	313
485	312
483	312
483	313
482	313
482	312
480	312
480	313
479	313
479	314
478	314
478	315
477	315
477	317
476	317
476	325
477	325
477	332
476	332
476	333
477	333
477	334
476	334
476	340
475	340
475	345
474	345
474	349
473	349
473	352
472	352
472	355
471	355
471	357
470	357
470	359
469	359
469	360
468	360
468	362
467	362
467	363
466	363
466	364
465	364
465	365
464	365
464	367
463	367
463	370
462	370
462	373
461	373
461	374
459	374
459	375
457	375
457	376
455	376
455	377
454	377
454	378
451	378
451	380
448	380
448	381
447	381
447	380
445	380
445	381
441	381
441	382
439	382
439	383
435	383
435	382
433	382
433	381
432	381
432	380
431	380
431	379
430	379
430	378
429	378
429	377
428	377
428	375
427	375
427	374
426	374
426	373
424	373
424	372
422	372
422	371
420	371
420	370
419	370
419	369
415	369
415	368
409	368
409	369
403	369
403	368
400	368
400	367
399	367
399	366
396	366
396	365
394	365
394	364
392	364
392	363
388	363
388	362
386	362
386	361
383	361
383	359
382	359
382	358
380	358
380	357
377	357
377	356
375	356
375	355
371	355
371	356
365	356
365	357
363	357
363	358
362	358
362	357
361	357
361	358
360	358
360	354
359	354
359	348
360	348
360	343
361	343
361	342
360	342
360	336
359	336
359	332
357	332
357	331
356	331
356	330
354	330
354	329
352	329
352	328
351	328
351	327
349	327
349	326
346	326
346	325
345	325
345	324
342	324
342	323
340	323
340	322
339	322
339	321
337	321
337	320
336	320
336	319
335	319
335	317
334	317
334	316
333	316
333	315
331	315
331	314
326	314
326	313
325	313
325	314
324	314
324	313
323	313
323	312
321	312
321	310
319	310
319	308
318	308
318	306
316	306
316	305
313	305
313	304
312	304
312	298
311	298
311	297
309	297
309	296
308	296
308	295
305	295
305	294
304	294
304	293
298	293
298	294
297	294
297	295
296	295
296	296
295	296
295	297
294	297
294	298
293	298
293	301
292	301
292	302
293	302
293	303
292	303
292	304
288	304
288	305
283	305
283	306
282	306
282	305
279	305
279	304
276	304
276	302
275	302
275	301
274	301
274	299
273	299
273	296
272	296
272	293
271	293
271	287
270	287
270	286
269	286
269	271
270	271
270	265
269	265
269	260
268	260
268	256
267	256
267	254
266	254
266	253
267	253
267	250
266	250
266	246
265	246
265	245
266	245
266	243
265	243
265	241
266	241
266	238
267	238
267	236
266	236
266	234
267	234
267	233
268	233
268	232
269	232
269	230
270	230
270	229
271	229
271	226
270	226
270	225
269	225
269	223
267	223
267	221
266	221
266	216
265	216
265	215
264	215
264	214
263	214
263	211
262	211
262	210
261	210
261	208
260	208
260	207
259	207
259	205
257	205
257	204
254	204
254	205
252	205
252	204
249	204
249	205
248	205
248	202
243	202
243	201
241	201
241	200
239	200
239	199
236	199
236	198
235	198
235	197
234	197
234	196
233	196
233	195
232	195
232	188
231	188
231	176
232	176
232	173
233	173
233	169
232	169
232	168
233	168
233	158
232	158
232	157
230	157
230	156
225	156
225	155
223	155
223	154
221	154
221	155
216	155
216	156
213	156
213	157
210	157
210	158
209	158
209	159
208	159
208	160
207	160
207	161
204	161
204	162
201	162
201	163
200	163
200	164
190	164
190	165
189	165
189	164
187	164
187	165
183	165
183	164
182	164
182	165
178	165
178	166
176	166
176	165
175	165
175	164
171	164
171	163
163	163
163	164
145	164
145	163
143	163
143	162
141	162
141	161
138	161
138	160
137	160
137	161
134	161
134	160
131	160
131	161
127	161
127	160
125	160
125	161
120	161
120	160
119	160
119	161
111	161
111	144
110	144
110	141
111	141
111	139
112	139
112	136
111	136
111	135
110	135
110	134
109	134
109	132
108	132
108	131
106	131
106	132
103	132
103	131
102	131
102	132
101	132
101	131
99	131
99	132
91	132
91	131
82	131
82	132
73	132
73	133
71	133
71	134
66	134
66	135
65	135
65	136
66	136
66	137
80	137
80	138
90	138
90	139
92	139
92	138
96	138
96	139
104	139
104	160
103	160
103	161
104	161
104	164
105	164
105	165
106	165
106	167
109	167
109	168
111	168
111	167
118	167
118	168
119	168
119	167
139	167
139	168
141	168
141	169
142	169
142	170
146	170
146	171
148	171
148	170
149	170
149	171
152	171
152	170
163	170
163	169
164	169
164	170
165	170
165	169
170	169
170	170
174	170
174	171
175	171
175	170
176	170
176	171
178	171
178	172
179	172
179	171
184	171
184	172
185	172
185	171
196	171
196	170
200	170
200	169
201	169
201	168
205	168
205	167
208	167
208	166
209	166
209	165
211	165
211	164
212	164
212	163
214	163
214	162
218	162
218	161
223	161
223	162
226	162
226	170
227	170
227	175
226	175
226	180
225	180
225	183
226	183
226	184
225	184
225	185
226	185
226	186
225	186
225	187
226	187
226	193
227	193
227	196
228	196
228	197
229	197
229	199
230	199
230	200
231	200
231	202
232	202
232	203
233	203
233	204
234	204
234	205
236	205
236	206
238	206
238	207
240	207
240	208
243	208
243	209
247	209
247	210
252	210
252	211
255	211
255	212
256	212
256	213
257	213
257	214
258	214
258	216
259	216
259	220
260	220
260	222
261	222
261	223
262	223
262	225
263	225
263	227
264	227
264	230
263	230
263	232
262	232
262	236
261	236
797	491
796	491
796	492
792	492
792	491
791	491
791	490
789	490
789	489
788	489
788	488
786	488
786	487
784	487
784	486
783	486
783	485
782	485
782	483
780	483
780	482
776	482
776	481
775	481
775	480
774	480
774	479
772	479
772	477
770	477
770	475
767	475
767	474
765	474
765	473
763	473
763	472
758	472
758	471
757	471
757	472
754	472
754	471
752	471
752	472
744	472
744	471
742	471
742	472
736	472
736	473
733	473
733	474
729	474
729	476
728	476
728	477
727	477
727	478
725	478
725	479
723	479
723	480
721	480
721	482
719	482
719	483
716	483
716	484
714	484
714	485
713	485
713	484
712	484
712	483
710	483
710	482
707	482
707	481
705	481
705	480
701	480
701	479
694	479
694	478
693	478
693	477
691	477
691	476
690	476
690	475
689	475
689	474
685	474
685	473
683	473
683	475
685	475
685	476
687	476
687	478
688	478
688	479
689	479
689	481
690	481
690	482
691	482
691	483
693	483
693	484
696	484
696	485
702	485
702	486
704	486
704	487
705	487
705	488
707	488
707	489
718	489
718	488
722	488
722	487
723	487
723	486
728	486
728	485
729	485
729	484
731	484
731	483
732	483
732	482
733	482
733	481
734	481
734	480
735	480
735	479
736	479
736	478
738	478
738	477
739	477
739	478
743	478
743	479
744	479
744	478
747	478
747	479
753	479
753	478
757	478
757	479
761	479
761	480
763	480
763	479
764	479
764	480
766	480
766	481
767	481
767	482
769	482
769	483
770	483
770	484
771	484
771	485
773	485
773	487
774	487
774	488
775	488
775	489
776	489
776	490
777	490
777	489
779	489
779	490
782	490
782	491
784	491
784	492
785	492
785	493
786	493
786	494
787	494
787	495
788	495
788	498
790	498
790	499
799	499
799	497
801	497
801	495
802	495
802	494
803	494
803	493
802	493
802	489
803	489
803	488
802	488
802	484
803	484
803	481
804	481
804	480
803	480
803	479
804	479
804	477
805	477
805	475
806	475
806	474
808	474
808	473
810	473
810	472
811	472
811	471
812	471
812	470
814	470
814	469
816	469
816	467
817	467
817	466
818	466
818	467
819	467
819	466
821	466
821	465
822	465
822	464
824	464
824	463
826	463
826	462
827	462
827	463
831	463
831	462
833	462
833	461
835	461
835	460
836	460
836	458
837	458
837	459
838	459
838	456
839	456
839	453
840	453
840	452
841	452
841	451
842	451
842	449
843	449
843	448
844	448
844	447
845	447
845	446
847	446
847	445
848	445
848	444
849	444
849	442
853	442
853	439
854	439
854	436
855	436
855	432
856	432
856	428
857	428
857	421
858	421
858	420
859	420
859	418
860	418
860	416
861	416
861	413
862	413
862	411
863	411
863	409
865	409
865	407
866	407
866	405
867	405
867	404
868	404
868	402
869	402
869	401
870	401
870	400
871	400
871	399
872	399
872	398
875	398
875	397
879	397
879	396
892	396
892	397
894	397
894	395
896	395
896	394
898	394
898	395
900	395
900	396
902	396
902	398
903	398
903	403
904	403
904	410
905	410
905	411
904	411
904	412
905	412
905	417
904	417
904	418
905	418
905	419
904	419
904	437
903	437
903	438
904	438
904	445
905	445
905	447
906	447
906	448
905	448
905	450
906	450
906	461
905	461
905	466
904	466
904	470
903	470
903	471
904	471
904	473
905	473
905	474
906	474
906	475
907	475
907	476
909	476
909	475
910	475
910	474
911	474
911	471
910	471
910	470
908	470
908	471
907	471
907	465
908	465
908	461
909	461
909	460
908	460
908	459
909	459
909	448
908	448
908	443
907	443
907	439
908	439
908	438
907	438
907	437
908	437
908	432
907	432
907	430
908	430
908	428
907	428
907	418
908	418
908	410
907	410
907	399
906	399
906	397
905	397
905	395
904	395
904	394
903	394
903	393
898	393
898	392
897	392
897	391
894	391
894	390
893	390
893	388
892	388
892	387
891	387
891	386
889	386
889	385
888	385
888	386
887	386
887	387
886	387
886	388
887	388
887	389
886	389
886	391
884	391
884	392
880	392
880	391
877	391
877	392
875	392
875	393
870	393
870	394
868	394
868	395
867	395
867	398
866	398
866	399
864	399
864	400
863	400
863	401
862	401
862	402
861	402
861	404
860	404
860	405
859	405
859	407
858	407
858	409
857	409
857	410
856	410
856	412
855	412
855	416
854	416
854	417
853	417
853	420
852	420
852	425
851	425
851	426
852	426
852	427
851	427
851	430
850	430
850	432
849	432
849	437
846	437
846	438
845	438
845	439
844	439
844	441
843	441
843	442
841	442
841	444
840	444
840	445
839	445
839	446
837	446
837	448
836	448
836	449
833	449
833	450
835	450
835	451
834	451
834	453
833	453
833	454
832	454
832	455
831	455
831	456
830	456
830	457
827	457
827	458
822	458
822	459
818	459
818	460
817	460
817	461
815	461
815	462
813	462
813	463
811	463
811	467
810	467
810	468
809	468
809	467
805	467
805	469
802	469
802	470
801	470
801	472
800	472
800	473
799	473
799	475
798	475
798	480
797	480
1310	547
1313	547
1313	548
1314	548
1314	549
1315	549
1315	550
1316	550
1316	551
1318	551
1318	553
1319	553
1319	554
1321	554
1321	555
1322	555
1322	556
1324	556
1324	557
1325	557
1325	556
1328	556
1328	557
1334	557
1334	556
1335	556
1335	555
1336	555
1336	553
1338	553
1338	552
1339	552
1339	549
1340	549
1340	539
1341	539
1341	538
1342	538
1342	537
1343	537
1343	536
1344	536
1344	535
1351	535
1351	534
1353	534
1353	533
1368	533
1368	534
1371	534
1371	533
1372	533
1372	534
1374	534
1374	533
1377	533
1377	532
1384	532
1384	533
1389	533
1389	534
1394	534
1394	535
1401	535
1401	536
1413	536
1413	535
1414	535
1414	534
1416	534
1416	533
1419	533
1419	532
1421	532
1421	533
1422	533
1422	532
1423	532
1423	531
1424	531
1424	530
1425	530
1425	527
1426	527
1426	526
1427	526
1427	524
1428	524
1428	523
1429	523
1429	522
1430	522
1430	521
1432	521
1432	520
1433	520
1433	519
1436	519
1436	518
1444	518
1444	517
1446	517
1446	516
1447	516
1447	515
1448	515
1448	514
1449	514
1449	513
1450	513
1450	510
1451	510
1451	509
1452	509
1452	508
1453	508
1453	507
1454	507
1454	505
1455	505
1455	503
1456	503
1456	502
1457	502
1457	501
1458	501
1458	500
1459	500
1459	498
1460	498
1460	496
1461	496
1461	494
1460	494
1460	491
1459	491
1459	490
1460	490
1460	485
1461	485
1461	483
1462	483
1462	482
1463	482
1463	481
1465	481
1465	479
1466	479
1466	478
1467	478
1467	477
1469	477
1469	476
1470	476
1470	475
1472	475
1472	474
1473	474
1473	473
1474	473
1474	472
1475	472
1475	471
1478	471
1478	470
1480	470
1480	469
1487	469
1487	468
1488	468
1488	469
1489	469
1489	468
1493	468
1493	467
1495	467
1495	468
1496	468
1496	467
1499	467
1499	466
1500	466
1500	465
1501	465
1501	464
1502	464
1502	463
1503	463
1503	457
1504	457
1504	454
1505	454
1505	453
1506	453
1506	452
1510	452
1510	451
1514	451
1514	452
1515	452
1515	453
1516	453
1516	454
1518	454
1518	455
1519	455
1519	456
1521	456
1521	460
1520	460
1520	465
1521	465
1521	467
1522	467
1522	468
1523	468
1523	470
1524	470
1524	471
1525	471
1525	474
1526	474
1526	476
1527	476
1527	478
1528	478
1528	479
1529	479
1529	480
1530	480
1530	481
1531	481
1531	482
1530	482
1530	483
1529	483
1529	487
1530	487
1530	488
1531	488
1531	489
1532	489
1532	491
1533	491
1533	493
1534	493
1534	495
1535	495
1535	499
1536	499
1536	502
1537	502
1537	504
1536	504
1536	505
1535	505
1535	511
1536	511
1536	512
1537	512
1537	513
1538	513
1538	514
1539	514
1539	519
1540	519
1540	521
1541	521
1541	524
1542	524
1542	525
1541	525
1541	526
1542	526
1542	527
1543	527
1543	528
1545	528
1545	529
1547	529
1547	530
1549	530
1549	532
1550	532
1550	533
1555	533
1555	532
1558	532
1558	534
1559	534
1559	533
1560	533
1560	535
1562	535
1562	536
1563	536
1563	537
1564	537
1564	538
1565	538
1565	540
1567	540
1567	542
1568	542
1568	543
1570	543
1570	545
1571	545
1571	546
1572	546
1572	547
1573	547
1573	548
1574	548
1574	550
1579	550
1579	551
1587	551
1587	552
1589	552
1589	553
1590	553
1590	554
1592	554
1592	555
1594	555
1594	556
1597	556
1597	557
1598	557
1598	558
1600	558
1600	559
1605	559
1605	558
1607	558
1607	557
1609	557
1609	556
1611	556
1611	555
1613	555
1613	554
1614	554
1614	553
1615	553
1615	551
1616	551
1616	550
1618	550
1618	549
1619	549
1619	548
1620	548
1620	547
1622	547
1622	546
1624	546
1624	545
1625	545
1625	544
1627	544
1627	542
1628	542
1628	541
1629	541
1629	539
1630	539
1630	537
1632	537
1632	536
1634	536
1634	535
1637	535
1637	534
1640	534
1640	533
1645	533
1645	532
1647	532
1647	531
1648	531
1648	530
1649	530
1649	529
1652	529
1652	528
1654	528
1654	527
1656	527
1656	526
1657	526
1657	527
1662	527
1662	526
1675	526
1675	525
1679	525
1679	526
1683	526
1683	527
1686	527
1686	528
1688	528
1688	529
1691	529
1691	530
1693	530
1693	531
1696	531
1696	532
1697	532
1697	533
1699	533
1699	534
1704	534
1704	535
1708	535
1708	536
1709	536
1709	535
1711	535
1711	536
1713	536
1713	537
1724	537
1724	536
1725	536
1725	535
1726	535
1726	534
1727	534
1727	533
1729	533
1729	532
1730	532
1730	531
1731	531
1731	529
1732	529
1732	526
1733	526
1733	524
1734	524
1734	519
1735	519
1735	518
1734	518
1734	516
1735	516
1735	515
1736	515
1736	514
1737	514
1737	511
1738	511
1738	507
1739	507
1739	505
1738	505
1738	500
1737	500
1737	495
1738	495
1738	494
1739	494
1739	493
1740	493
1740	492
1741	492
1741	491
1742	491
1742	490
1743	490
1743	489
1746	489
1746	488
1748	488
1748	487
1749	487
1749	486
1750	486
1750	483
1751	483
1751	482
1752	482
1752	480
1753	480
1753	478
1754	478
1754	476
1755	476
1755	475
1756	475
1756	474
1757	474
1757	473
1760	473
1760	472
1762	472
1762	473
1764	473
1764	472
1765	472
1765	473
1766	473
1766	472
1768	472
1768	470
1769	470
1769	467
1770	467
1770	464
1771	464
1771	460
1770	460
1770	459
1771	459
1771	455
1770	455
1770	458
1769	458
1769	460
1770	460
1770	461
1769	461
1769	462
1770	462
1770	463
1769	463
1769	466
1768	466
1768	468
1767	468
1767	469
1766	469
1766	470
1765	470
1765	469
1762	469
1762	470
1756	470
1756	471
1754	471
1754	472
1753	472
1753	473
1752	473
1752	475
1751	475
1751	477
1750	477
1750	478
1749	478
1749	482
1748	482
1748	483
1747	483
1747	484
1746	484
1746	485
1743	485
1743	486
1742	486
1742	487
1740	487
1740	488
1739	488
1739	489
1737	489
1737	490
1736	490
1736	491
1735	491
1735	492
1734	492
1734	493
1733	493
1733	501
1734	501
1734	510
1733	510
1733	512
1732	512
1732	514
1731	514
1731	516
1730	516
1730	519
1729	519
1729	522
1728	522
1728	525
1727	525
1727	527
1726	527
1726	528
1725	528
1725	529
1724	529
1724	530
1723	530
1723	531
1715	531
1715	532
1710	532
1710	531
1709	531
1709	529
1703	529
1703	528
1702	528
1702	529
1698	529
1698	528
1696	528
1696	527
1695	527
1695	526
1694	526
1694	524
1689	524
1689	523
1686	523
1686	522
1685	522
1685	521
1684	521
1684	522
1683	522
1683	521
1682	521
1682	520
1673	520
1673	519
1670	519
1670	520
1665	520
1665	519
1664	519
1664	520
1663	520
1663	521
1658	521
1658	522
1657	522
1657	521
1653	521
1653	522
1649	522
1649	523
1648	523
1648	524
1645	524
1645	525
1644	525
1644	526
1642	526
1642	527
1640	527
1640	528
1637	528
1637	529
1635	529
1635	528
1634	528
1634	529
1632	529
1632	530
1629	530
1629	531
1628	531
1628	532
1626	532
1626	533
1625	533
1625	534
1624	534
1624	536
1623	536
1623	538
1622	538
1622	540
1620	540
1620	541
1619	541
1619	542
1618	542
1618	543
1616	543
1616	544
1615	544
1615	545
1614	545
1614	546
1613	546
1613	547
1612	547
1612	549
1611	549
1611	550
1609	550
1609	551
1608	551
1608	552
1605	552
1605	553
1604	553
1604	552
1600	552
1600	551
1599	551
1599	550
1595	550
1595	551
1593	551
1593	550
1590	550
1590	549
1588	549
1588	548
1586	548
1586	547
1582	547
1582	546
1576	546
1576	544
1575	544
1575	543
1573	543
1573	541
1572	541
1572	540
1570	540
1570	539
1569	539
1569	537
1568	537
1568	535
1567	535
1567	534
1565	534
1565	533
1563	533
1563	532
1562	532
1562	531
1560	531
1560	528
1559	528
1559	527
1556	527
1556	526
1551	526
1551	525
1549	525
1549	524
1548	524
1548	523
1547	523
1547	522
1546	522
1546	521
1545	521
1545	519
1544	519
1544	516
1543	516
1543	513
1542	513
1542	512
1541	512
1541	510
1540	510
1540	507
1541	507
1541	502
1540	502
1540	499
1539	499
1539	497
1540	497
1540	496
1539	496
1539	493
1538	493
1538	492
1537	492
1537	490
1536	490
1536	488
1535	488
1535	487
1534	487
1534	484
1535	484
1535	479
1534	479
1534	478
1533	478
1533	476
1532	476
1532	475
1531	475
1531	472
1530	472
1530	470
1529	470
1529	469
1528	469
1528	466
1527	466
1527	465
1526	465
1526	462
1525	462
1525	461
1526	461
1526	459
1525	459
1525	458
1526	458
1526	457
1527	457
1527	453
1526	453
1526	452
1524	452
1524	451
1521	451
1521	450
1520	450
1520	449
1518	449
1518	448
1517	448
1517	447
1516	447
1516	446
1513	446
1513	445
1512	445
1512	444
1507	444
1507	445
1505	445
1505	446
1502	446
1502	447
1500	447
1500	449
1499	449
1499	452
1498	452
1498	454
1497	454
1497	457
1496	457
1496	458
1497	458
1497	460
1495	460
1495	461
1491	461
1491	462
1488	462
1488	463
1484	463
1484	462
1483	462
1483	463
1481	463
1481	464
1480	464
1480	465
1478	465
1478	464
1474	464
1474	465
1472	465
1472	467
1470	467
1470	468
1469	468
1469	469
1468	469
1468	470
1465	470
1465	471
1463	471
1463	473
1461	473
1461	476
1459	476
1459	477
1458	477
1458	478
1457	478
1457	479
1456	479
1456	481
1455	481
1455	482
1454	482
1454	487
1453	487
1453	492
1454	492
1454	495
1453	495
1453	497
1452	497
1452	498
1451	498
1451	500
1450	500
1450	502
1449	502
1449	503
1448	503
1448	504
1447	504
1447	506
1446	506
1446	507
1445	507
1445	510
1444	510
1444	511
1442	511
1442	512
1440	512
1440	513
1438	513
1438	512
1436	512
1436	513
1433	513
1433	514
1432	514
1432	515
1428	515
1428	516
1426	516
1426	518
1425	518
1425	519
1424	519
1424	520
1422	520
1422	521
1421	521
1421	524
1420	524
1420	525
1419	525
1419	526
1418	526
1418	527
1414	527
1414	528
1413	528
1413	529
1412	529
1412	528
1411	528
1411	529
1410	529
1410	530
1408	530
1408	531
1402	531
1402	530
1401	530
1401	531
1399	531
1399	530
1396	530
1396	529
1389	529
1389	528
1386	528
1386	527
1385	527
1385	528
1384	528
1384	527
1379	527
1379	526
1377	526
1377	527
1374	527
1374	526
1373	526
1373	527
1369	527
1369	528
1368	528
1368	527
1363	527
1363	526
1362	526
1362	527
1360	527
1360	526
1357	526
1357	527
1350	527
1350	528
1347	528
1347	529
1344	529
1344	528
1343	528
1343	529
1342	529
1342	530
1341	530
1341	531
1338	531
1338	532
1337	532
1337	535
1336	535
1336	537
1335	537
1335	539
1334	539
1334	540
1335	540
1335	541
1334	541
1334	546
1333	546
1333	548
1332	548
1332	550
1328	550
1328	549
1326	549
1326	548
1324	548
1324	547
1321	547
1321	546
1320	546
1320	545
1317	545
1317	543
1315	543
1315	542
1313	542
1313	541
1312	541
1312	540
1311	540
1311	539
1308	539
1308	537
1307	537
1307	538
1305	538
1305	537
1304	537
1304	536
1302	536
1302	535
1300	535
1300	534
1299	534
1299	533
1294	533
1294	532
1292	532
1292	531
1290	531
1290	530
1289	530
1289	529
1287	529
1287	527
1282	527
1282	526
1280	526
1280	524
1278	524
1278	523
1277	523
1277	522
1276	522
1276	521
1275	521
1275	520
1269	520
1269	519
1268	519
1268	518
1266	518
1266	517
1265	517
1265	514
1264	514
1264	512
1262	512
1262	511
1255	511
1255	509
1253	509
1253	508
1252	508
1252	506
1250	506
1250	505
1249	505
1249	504
1248	504
1248	503
1246	503
1246	502
1245	502
1245	501
1241	501
1241	498
1240	498
1240	497
1238	497
1238	496
1237	496
1237	494
1236	494
1236	492
1235	492
1235	491
1234	491
1234	489
1233	489
1233	488
1232	488
1232	486
1231	486
1231	484
1230	484
1230	483
1229	483
1229	482
1230	482
1230	481
1227	481
1227	480
1226	480
1226	479
1225	479
1225	477
1223	477
1223	476
1222	476
1222	473
1219	473
1219	471
1218	471
1218	469
1217	469
1217	468
1216	468
1216	466
1215	466
1215	465
1214	465
1214	463
1213	463
1213	462
1212	462
1212	460
1211	460
1211	459
1209	459
1209	458
1208	458
1208	457
1207	457
1207	455
1203	455
1203	461
1194	461
1194	462
1192	462
1192	461
1189	461
1189	462
1188	462
1188	463
1187	463
1187	464
1186	464
1186	465
1185	465
1185	466
1184	466
1184	467
1183	467
1183	469
1182	469
1182	473
1181	473
1181	477
1180	477
1180	478
1181	478
1181	479
1180	479
1180	483
1179	483
1179	487
1178	487
1178	489
1177	489
1177	492
1176	492
1176	496
1175	496
1175	498
1174	498
1174	501
1173	501
1173	503
1171	503
1171	504
1167	504
1167	505
1165	505
1165	506
1162	506
1162	507
1161	507
1161	508
1160	508
1160	507
1159	507
1159	508
1158	508
1158	509
1157	509
1157	508
1155	508
1155	509
1154	509
1154	508
1143	508
1143	507
1142	507
1142	506
1141	506
1141	504
1140	504
1140	503
1139	503
1139	502
1138	502
1138	500
1136	500
1136	499
1135	499
1135	498
1134	498
1134	497
1132	497
1132	496
1130	496
1130	494
1128	494
1128	493
1126	493
1126	492
1125	492
1125	491
1124	491
1124	490
1122	490
1122	489
1120	489
1120	488
1118	488
1118	487
1116	487
1116	486
1111	486
1111	485
1109	485
1109	486
1108	486
1108	485
1107	485
1107	486
1105	486
1105	487
1103	487
1103	488
1102	488
1102	489
1101	489
1101	491
1100	491
1100	494
1098	494
1098	499
1097	499
1097	500
1096	500
1096	501
1097	501
1097	504
1096	504
1096	505
1095	505
1095	507
1094	507
1094	508
1093	508
1093	506
1092	506
1092	504
1091	504
1091	502
1089	502
1089	500
1088	500
1088	499
1087	499
1087	498
1086	498
1086	497
1084	497
1084	495
1083	495
1083	494
1082	494
1082	493
1081	493
1081	492
1080	492
1080	491
1079	491
1079	490
1078	490
1078	489
1077	489
1077	488
1076	488
1076	487
1075	487
1075	489
1076	489
1076	491
1077	491
1077	492
1078	492
1078	494
1079	494
1079	495
1080	495
1080	497
1081	497
1081	498
1082	498
1082	499
1083	499
1083	500
1084	500
1084	501
1085	501
1085	502
1086	502
1086	503
1087	503
1087	505
1088	505
1088	506
1089	506
1089	509
1090	509
1090	512
1091	512
1091	513
1092	513
1092	514
1095	514
1095	515
1099	515
1099	513
1100	513
1100	509
1101	509
1101	508
1102	508
1102	507
1103	507
1103	505
1102	505
1102	504
1103	504
1103	500
1104	500
1104	497
1106	497
1106	494
1108	494
1108	493
1109	493
1109	492
1110	492
1110	493
1115	493
1115	494
1117	494
1117	495
1120	495
1120	496
1121	496
1121	497
1124	497
1124	498
1125	498
1125	499
1127	499
1127	500
1130	500
1130	503
1132	503
1132	504
1134	504
1134	506
1135	506
1135	507
1136	507
1136	508
1137	508
1137	509
1138	509
1138	510
1139	510
1139	511
1140	511
1140	512
1141	512
1141	514
1144	514
1144	515
1145	515
1145	514
1146	514
1146	515
1147	515
1147	516
1148	516
1148	515
1160	515
1160	514
1162	514
1162	513
1164	513
1164	512
1166	512
1166	511
1167	511
1167	510
1172	510
1172	509
1174	509
1174	508
1176	508
1176	507
1177	507
1177	506
1178	506
1178	505
1179	505
1179	503
1180	503
1180	500
1181	500
1181	498
1180	498
1180	497
1181	497
1181	495
1182	495
1182	494
1183	494
1183	492
1184	492
1184	487
1185	487
1185	484
1186	484
1186	478
1187	478
1187	473
1188	473
1188	471
1189	471
1189	470
1190	470
1190	468
1192	468
1192	467
1198	467
1198	468
1201	468
1201	467
1203	467
1203	468
1209	468
1209	469
1211	469
1211	470
1212	470
1212	471
1213	471
1213	472
1214	472
1214	473
1215	473
1215	475
1216	475
1216	476
1217	476
1217	477
1218	477
1218	478
1219	478
1219	479
1220	479
1220	480
1221	480
1221	482
1223	482
1223	484
1225	484
1225	486
1226	486
1226	489
1227	489
1227	492
1228	492
1228	493
1229	493
1229	495
1230	495
1230	496
1231	496
1231	497
1232	497
1232	498
1233	498
1233	499
1234	499
1234	500
1235	500
1235	501
1236	501
1236	502
1237	502
1237	503
1238	503
1238	504
1239	504
1239	506
1240	506
1240	508
1241	508
1241	509
1244	509
1244	510
1248	510
1248	511
1249	511
1249	512
1250	512
1250	513
1251	513
1251	514
1252	514
1252	515
1253	515
1253	516
1254	516
1254	517
1255	517
1255	518
1260	518
1260	519
1262	519
1262	520
1263	520
1263	521
1264	521
1264	522
1265	522
1265	523
1267	523
1267	524
1268	524
1268	525
1270	525
1270	526
1271	526
1271	525
1272	525
1272	526
1273	526
1273	527
1275	527
1275	528
1277	528
1277	529
1279	529
1279	531
1280	531
1280	532
1282	532
1282	534
1286	534
1286	535
1288	535
1288	536
1290	536
1290	537
1292	537
1292	538
1293	538
1293	539
1296	539
1296	540
1298	540
1298	541
1300	541
1300	542
1302	542
1302	543
1304	543
1304	544
1306	544
1306	545
1309	545
1309	546
1310	546
1923	334
1924	334
1924	335
1923	335
1923	341
1922	341
1922	343
1921	343
1921	346
1920	346
1920	350
1919	350
1919	356
1918	356
1918	357
1917	357
1917	358
1914	358
1914	359
1910	359
1910	360
1909	360
1909	361
1908	361
1908	362
1906	362
1906	363
1905	363
1905	364
1903	364
1903	365
1902	365
1902	366
1900	366
1900	367
1898	367
1898	368
1896	368
1896	369
1895	369
1895	370
1894	370
1894	371
1893	371
1893	372
1891	372
1891	374
1890	374
1890	375
1889	375
1889	377
1888	377
1888	379
1887	379
1887	380
1886	380
1886	381
1885	381
1885	382
1884	382
1884	384
1883	384
1883	386
1882	386
1882	388
1881	388
1881	389
1880	389
1880	391
1879	391
1879	393
1878	393
1878	395
1877	395
1877	396
1876	396
1876	397
1875	397
1875	398
1874	398
1874	399
1872	399
1872	400
1871	400
1871	401
1870	401
1870	402
1868	402
1868	403
1867	403
1867	405
1865	405
1865	406
1864	406
1864	407
1862	407
1862	408
1861	408
1861	409
1860	409
1860	410
1858	410
1858	411
1857	411
1857	412
1855	412
1855	413
1854	413
1854	414
1853	414
1853	415
1851	415
1851	416
1849	416
1849	417
1847	417
1847	418
1844	418
1844	419
1843	419
1843	420
1838	420
1838	421
1834	421
1834	422
1831	422
1831	423
1829	423
1829	424
1828	424
1828	425
1826	425
1826	426
1824	426
1824	427
1823	427
1823	428
1822	428
1822	429
1820	429
1820	430
1819	430
1819	432
1818	432
1818	433
1817	433
1817	435
1816	435
1816	439
1815	439
1815	440
1814	440
1814	443
1813	443
1813	444
1814	444
1814	445
1813	445
1813	446
1809	446
1809	445
1807	445
1807	446
1808	446
1808	447
1810	447
1810	448
1815	448
1815	440
1816	440
1816	439
1817	439
1817	436
1818	436
1818	434
1819	434
1819	433
1820	433
1820	432
1821	432
1821	431
1822	431
1822	430
1824	430
1824	428
1826	428
1826	427
1828	427
1828	426
1830	426
1830	425
1832	425
1832	424
1835	424
1835	423
1840	423
1840	422
1842	422
1842	421
1843	421
1843	422
1844	422
1844	421
1846	421
1846	420
1848	420
1848	419
1850	419
1850	418
1852	418
1852	417
1854	417
1854	416
1855	416
1855	414
1857	414
1857	413
1858	413
1858	412
1862	412
1862	410
1863	410
1863	409
1865	409
1865	410
1866	410
1866	409
1865	409
1865	408
1866	408
1866	407
1868	407
1868	406
1869	406
1869	405
1870	405
1870	404
1872	404
1872	402
1874	402
1874	401
1875	401
1875	400
1876	400
1876	399
1878	399
1878	397
1879	397
1879	396
1880	396
1880	395
1881	395
1881	392
1882	392
1882	391
1883	391
1883	389
1884	389
1884	387
1885	387
1885	386
1886	386
1886	384
1887	384
1887	383
1888	383
1888	382
1889	382
1889	380
1890	380
1890	377
1892	377
1892	375
1893	375
1893	374
1895	374
1895	372
1897	372
1897	371
1899	371
1899	370
1900	370
1900	369
1901	369
1901	368
1904	368
1904	367
1905	367
1905	366
1906	366
1906	365
1907	365
1907	364
1909	364
1909	363
1910	363
1910	362
1911	362
1911	361
1916	361
1916	360
1918	360
1918	359
1920	359
1920	358
1921	358
1921	356
1922	356
1922	354
1921	354
1921	353
1922	353
1922	349
1923	349
1923	343
1924	343
1924	340
1925	340
1925	337
1926	337
1926	324
1927	324
1927	323
1926	323
1926	320
1927	320
1927	305
1926	305
1926	298
1925	298
1925	296
1926	296
1926	295
1927	295
1927	294
1929	294
1929	293
1931	293
1931	292
1934	292
1934	291
1936	291
1936	292
1937	292
1937	291
1939	291
1939	292
1942	292
1942	291
1943	291
1943	292
1945	292
1945	293
1947	293
1947	294
1948	294
1948	295
1950	295
1950	296
1951	296
1951	297
1952	297
1952	298
1953	298
1953	299
1955	299
1955	300
1957	300
1957	301
1958	301
1958	302
1959	302
1959	303
1962	303
1962	304
1965	304
1965	305
1971	305
1971	306
1974	306
1974	307
1977	307
1977	308
1980	308
1980	309
1981	309
1981	310
1983	310
1983	311
1985	311
1985	312
1987	312
1987	313
1990	313
1990	314
1991	314
1991	315
1998	315
1998	316
2002	316
2002	317
2004	317
2004	318
2008	318
2008	319
2013	319
2013	320
2019	320
2019	321
2023	321
2023	322
2024	322
2024	321
2026	321
2026	322
2027	322
2027	321
2028	321
2028	322
2030	322
2030	321
2033	321
2033	320
2036	320
2036	319
2037	319
2037	318
2039	318
2039	317
2041	317
2041	315
2043	315
2043	313
2045	313
2045	312
2046	312
2046	311
2047	311
2047	310
2048	310
2048	308
2049	308
2049	306
2050	306
2050	305
2051	305
2051	304
2052	304
2052	302
2053	302
2053	301
2054	301
2054	300
2055	300
2055	299
2056	299
2056	298
2057	298
2057	297
2058	297
2058	296
2060	296
2060	295
2061	295
2061	294
2062	294
2062	293
2063	293
2063	292
2065	292
2065	291
2066	291
2066	290
2067	290
2067	289
2068	289
2068	288
2070	288
2070	287
2072	287
2072	286
2077	286
2077	285
2079	285
2079	284
2082	284
2082	283
2084	283
2084	282
2086	282
2086	281
2088	281
2088	280
2090	280
2090	279
2092	279
2092	278
2094	278
2094	279
2095	279
2095	278
2103	278
2103	279
2106	279
2106	278
2107	278
2107	279
2108	279
2108	278
2109	278
2109	279
2112	279
2112	278
2113	278
2113	279
2114	279
2114	278
2124	278
2124	277
2129	277
2129	276
2131	276
2131	275
2132	275
2132	274
2136	274
2136	273
2144	273
2144	274
2154	274
2154	273
2157	273
2157	272
2161	272
2161	271
2162	271
2162	270
2173	270
2173	268
2176	268
2176	267
2177	267
2177	265
2178	265
2178	263
2179	263
2179	258
2180	258
2180	257
2179	257
2179	252
2180	252
2180	250
2181	250
2181	247
2182	247
2182	246
2183	246
2183	243
2184	243
2184	242
2185	242
2185	240
2184	240
2184	239
2185	239
2185	237
2186	237
2186	234
2187	234
2187	233
2186	233
2186	232
2187	232
2187	229
2188	229
2188	227
2189	227
2189	225
2188	225
2188	223
2189	223
2189	219
2192	219
2192	218
2191	218
2191	216
2192	216
2192	213
2193	213
2193	212
2195	212
2195	211
2194	211
2194	209
2195	209
2195	208
2196	208
2196	206
2197	206
2197	204
2198	204
2198	202
2199	202
2199	200
2200	200
2200	199
2201	199
2201	197
2202	197
2202	195
2203	195
2203	194
2204	194
2204	192
2205	192
2205	191
2206	191
2206	189
2207	189
2207	188
2208	188
2208	186
2210	186
2210	184
2211	184
2211	183
2212	183
2212	182
2213	182
2213	180
2214	180
2214	179
2215	179
2215	177
2217	177
2217	176
2218	176
2218	174
2219	174
2219	173
2220	173
2220	172
2221	172
2221	171
2222	171
2222	170
2223	170
2223	169
2224	169
2224	168
2225	168
2225	167
2226	167
2226	166
2227	166
2227	165
2228	165
2228	164
2229	164
2229	163
2230	163
2230	162
2231	162
2231	161
2233	161
2233	160
2234	160
2234	159
2235	159
2235	157
2236	157
2236	156
2238	156
2238	155
2239	155
2239	154
2240	154
2240	153
2241	153
2241	150
2242	150
2242	149
2243	149
2243	148
2244	148
2244	147
2245	147
2245	146
2246	146
2246	145
2247	145
2247	144
2248	144
2248	143
2250	143
2250	142
2253	142
2253	141
2255	141
2255	140
2256	140
2256	139
2257	139
2257	138
2258	138
2258	137
2260	137
2260	136
2261	136
2261	135
2262	135
2262	134
2263	134
2263	133
2264	133
2264	132
2265	132
2265	131
2266	131
2266	130
2268	130
2268	129
2269	129
2269	128
2270	128
2270	127
2272	127
2272	124
2273	124
2273	123
2274	123
2274	122
2275	122
2275	121
2276	121
2276	120
2277	120
2277	119
2278	119
2278	117
2279	117
2279	116
2281	116
2281	115
2283	115
2283	114
2284	114
2284	113
2285	113
2285	112
2286	112
2286	111
2287	111
2287	110
2288	110
2288	109
2289	109
2289	107
2291	107
2291	105
2293	105
2293	103
2294	103
2294	102
2295	102
2295	101
2296	101
2296	100
2297	100
2297	99
2298	99
2298	98
2300	98
2300	96
2301	96
2301	93
2303	93
2303	92
2304	92
2304	91
2305	91
2305	90
2306	90
2306	88
2308	88
2308	85
2309	85
2309	84
2310	84
2310	83
2312	83
2312	82
2314	82
2314	81
2315	81
2315	80
2318	80
2318	79
2319	79
2319	78
2321	78
2321	77
2325	77
2325	75
2327	75
2327	74
2328	74
2328	73
2330	73
2330	72
2331	72
2331	71
2332	71
2332	70
2334	70
2334	68
2335	68
2335	67
2337	67
2337	66
2339	66
2339	64
2340	64
2340	63
2341	63
2341	62
2343	62
2343	61
2344	61
2344	60
2346	60
2346	59
2347	59
2347	58
2349	58
2349	57
2350	57
2350	56
2352	56
2352	55
2354	55
2354	54
2358	54
2358	53
2360	53
2360	52
2362	52
2362	51
2364	51
2364	50
2367	50
2367	49
2369	49
2369	48
2370	48
2370	47
2371	47
2371	48
2372	48
2372	46
2373	46
2373	45
2374	45
2374	44
2376	44
2376	43
2378	43
2378	42
2380	42
2380	40
2381	40
2381	39
2384	39
2384	38
2389	38
2389	37
2392	37
2392	36
2394	36
2394	35
2395	35
2395	36
2402	36
2402	37
2403	37
2403	40
2404	40
2404	42
2405	42
2405	43
2406	43
2406	44
2407	44
2407	45
2408	45
2408	46
2410	46
2410	47
2411	47
2411	49
2412	49
2412	50
2413	50
2413	52
2414	52
2414	56
2415	56
2415	58
2416	58
2416	61
2417	61
2417	62
2420	62
2420	63
2422	63
2422	62
2425	62
2425	63
2430	63
2430	64
2432	64
2432	65
2434	65
2434	66
2436	66
2436	67
2445	67
2445	66
2447	66
2447	67
2449	67
2449	66
2452	66
2452	65
2454	65
2454	64
2455	64
2455	61
2456	61
2456	53
2455	53
2455	43
2454	43
2454	39
2453	39
2453	37
2452	37
2452	36
2451	36
2451	34
2450	34
2450	33
2449	33
2449	32
2446	32
2446	31
2444	31
2444	30
2443	30
2443	28
2442	28
2442	27
2440	27
2440	26
2438	26
2438	27
2437	27
2437	28
2435	28
2435	30
2436	30
2436	32
2437	32
2437	35
2439	35
2439	37
2442	37
2442	38
2443	38
2443	37
2444	37
2444	38
2446	38
2446	39
2447	39
2447	42
2448	42
2448	44
2449	44
2449	45
2448	45
2448	46
2449	46
2449	52
2450	52
2450	53
2449	53
2449	54
2450	54
2450	59
2449	59
2449	60
2447	60
2447	61
2445	61
2445	60
2442	60
2442	61
2437	61
2437	60
2436	60
2436	59
2430	59
2430	58
2429	58
2429	57
2428	57
2428	56
2421	56
2421	55
2418	55
2418	49
2417	49
2417	47
2416	47
2416	45
2415	45
2415	44
2414	44
2414	43
2413	43
2413	42
2412	42
2412	40
2410	40
2410	38
2409	38
2409	36
2408	36
2408	34
2407	34
2407	30
2405	30
2405	29
2400	29
2400	30
2394	30
2394	32
2391	32
2391	33
2389	33
2389	34
2387	34
2387	35
2386	35
2386	34
2383	34
2383	35
2380	35
2380	36
2379	36
2379	37
2378	37
2378	38
2376	38
2376	39
2375	39
2375	40
2373	40
2373	41
2372	41
2372	42
2369	42
2369	43
2368	43
2368	44
2366	44
2366	45
2364	45
2364	46
2362	46
2362	47
2359	47
2359	48
2357	48
2357	49
2354	49
2354	50
2352	50
2352	51
2349	51
2349	52
2348	52
2348	53
2347	53
2347	54
2344	54
2344	55
2342	55
2342	56
2341	56
2341	57
2339	57
2339	58
2338	58
2338	59
2336	59
2336	61
2335	61
2335	62
2333	62
2333	63
2332	63
2332	64
2330	64
2330	66
2329	66
2329	67
2326	67
2326	68
2325	68
2325	69
2324	69
2324	70
2323	70
2323	71
2322	71
2322	72
2317	72
2317	73
2316	73
2316	74
2314	74
2314	75
2312	75
2312	76
2311	76
2311	77
2310	77
2310	78
2307	78
2307	79
2306	79
2306	80
2305	80
2305	81
2304	81
2304	82
2303	82
2303	83
2302	83
2302	84
2301	84
2301	86
2300	86
2300	88
2299	88
2299	89
2298	89
2298	90
2297	90
2297	91
2296	91
2296	92
2295	92
2295	94
2294	94
2294	96
2292	96
2292	97
2291	97
2291	98
2290	98
2290	99
2289	99
2289	101
2288	101
2288	102
2286	102
2286	104
2285	104
2285	105
2284	105
2284	107
2283	107
2283	108
2282	108
2282	109
2280	109
2280	110
2278	110
2278	111
2277	111
2277	112
2276	112
2276	113
2275	113
2275	114
2273	114
2273	116
2272	116
2272	117
2271	117
2271	118
2270	118
2270	119
2269	119
2269	121
2268	121
2268	122
2267	122
2267	123
2266	123
2266	124
2265	124
2265	125
2264	125
2264	126
2262	126
2262	128
2261	128
2261	129
2260	129
2260	130
2259	130
2259	131
2257	131
2257	132
2256	132
2256	133
2254	133
2254	134
2252	134
2252	135
2251	135
2251	136
2250	136
2250	137
2247	137
2247	138
2246	138
2246	139
2244	139
2244	140
2243	140
2243	141
2242	141
2242	142
2241	142
2241	144
2240	144
2240	145
2238	145
2238	147
2237	147
2237	149
2236	149
2236	150
2235	150
2235	152
2234	152
2234	153
2231	153
2231	154
2230	154
2230	155
2229	155
2229	156
2228	156
2228	158
2227	158
2227	159
2226	159
2226	160
2225	160
2225	161
2223	161
2223	162
2222	162
2222	163
2221	163
2221	165
2219	165
2219	166
2218	166
2218	167
2217	167
2217	169
2216	169
2216	170
2214	170
2214	171
2213	171
2213	173
2211	173
2211	175
2210	175
2210	176
2209	176
2209	177
2208	177
2208	179
2207	179
2207	180
2206	180
2206	183
2205	183
2205	184
2203	184
2203	186
2202	186
2202	188
2201	188
2201	189
2200	189
2200	191
2199	191
2199	192
2198	192
2198	193
2197	193
2197	195
2196	195
2196	197
2195	197
2195	199
2194	199
2194	200
2193	200
2193	203
2192	203
2192	205
2191	205
2191	206
2190	206
2190	208
2189	208
2189	210
2188	210
2188	211
2187	211
2187	214
2186	214
2186	216
2185	216
2185	217
2184	217
2184	218
2185	218
2185	220
2184	220
2184	223
2183	223
2183	227
2182	227
2182	231
2181	231
2181	236
2180	236
2180	239
2179	239
2179	241
2178	241
2178	243
2177	243
2177	246
2176	246
2176	247
2175	247
2175	249
2174	249
2174	255
2173	255
2173	256
2174	256
2174	260
2173	260
2173	261
2172	261
2172	263
2170	263
2170	264
2168	264
2168	265
2162	265
2162	266
2160	266
2160	267
2159	267
2159	266
2158	266
2158	267
2156	267
2156	268
2155	268
2155	267
2153	267
2153	268
2151	268
2151	269
2149	269
2149	268
2148	268
2148	269
2146	269
2146	268
2145	268
2145	269
2136	269
2136	268
2131	268
2131	269
2128	269
2128	270
2127	270
2127	271
2126	271
2126	270
2125	270
2125	271
2121	271
2121	272
2114	272
2114	273
2112	273
2112	274
2110	274
2110	273
2109	273
2109	274
2108	274
2108	273
2107	273
2107	274
2104	274
2104	273
2096	273
2096	274
2095	274
2095	273
2094	273
2094	274
2092	274
2092	275
2089	275
2089	276
2088	276
2088	277
2087	277
2087	276
2086	276
2086	277
2084	277
2084	278
2082	278
2082	279
2080	279
2080	280
2076	280
2076	281
2074	281
2074	282
2069	282
2069	283
2068	283
2068	284
2066	284
2066	287
2065	287
2065	288
2064	288
2064	289
2062	289
2062	290
2061	290
2061	291
2060	291
2060	292
2059	292
2059	293
2058	293
2058	294
2057	294
2057	295
2055	295
2055	296
2054	296
2054	297
2053	297
2053	298
2051	298
2051	300
2050	300
2050	303
2049	303
2049	304
2048	304
2048	305
2047	305
2047	307
2046	307
2046	308
2045	308
2045	310
2044	310
2044	311
2042	311
2042	312
2041	312
2041	313
2040	313
2040	314
2039	314
2039	315
2037	315
2037	316
2035	316
2035	317
2032	317
2032	318
2018	318
2018	317
2013	317
2013	316
2009	316
2009	315
2005	315
2005	314
2001	314
2001	313
1996	313
1996	312
1993	312
1993	311
1990	311
1990	310
1988	310
1988	309
1986	309
1986	308
1983	308
1983	307
1981	307
1981	306
1978	306
1978	305
1976	305
1976	304
1972	304
1972	303
1969	303
1969	302
1964	302
1964	301
1961	301
1961	300
1959	300
1959	299
1957	299
1957	298
1955	298
1955	297
1954	297
1954	296
1953	296
1953	295
1952	295
1952	294
1950	294
1950	293
1948	293
1948	292
1945	292
1945	290
1931	290
1931	291
1930	291
1930	292
1927	292
1927	293
1924	293
1924	294
1923	294
1923	299
1924	299
1924	306
1925	306
1925	311
1924	311
1924	316
1925	316
1925	318
1924	318
1924	325
1923	325
1923	327
1924	327
1924	328
1923	328
1923	331
1924	331
1924	332
1923	332
