336	383
334	383
334	384
332	384
332	385
331	385
331	384
329	384
329	383
328	383
328	382
327	382
327	380
326	380
326	378
325	378
325	377
324	377
324	376
322	376
322	374
320	374
320	372
319	372
319	371
318	371
318	370
316	370
316	369
314	369
314	368
312	368
312	366
311	366
311	365
310	365
310	364
308	364
308	362
307	362
307	360
306	360
306	358
305	358
305	357
304	357
304	356
302	356
302	354
300	354
300	352
299	352
299	351
298	351
298	350
296	350
296	349
270	349
270	350
268	350
268	351
267	351
267	352
266	352
266	353
265	353
265	354
264	354
264	355
262	355
262	356
260	356
260	357
258	357
258	358
256	358
256	360
254	360
254	361
250	361
250	362
248	362
248	363
242	363
242	362
240	362
240	360
238	360
238	359
237	359
237	358
236	358
236	356
234	356
234	354
233	354
233	350
232	350
232	348
231	348
231	326
230	326
230	324
229	324
229	298
228	298
228	296
227	296
227	280
226	280
226	278
225	278
225	276
224	276
224	274
223	274
223	266
222	266
222	264
221	264
221	232
220	232
220	230
219	230
219	194
218	194
218	192
217	192
217	188
216	188
216	186
215	186
215	176
214	176
214	174
213	174
213	142
212	142
212	140
211	140
211	139
210	139
210	138
209	138
209	130
208	130
208	128
207	128
207	122
206	122
206	120
205	120
205	110
204	110
204	108
203	108
203	107
202	107
202	103
200	103
200	104
199	104
199	103
198	103
198	102
196	102
196	101
180	101
180	102
178	102
178	103
176	103
176	104
174	104
174	105
172	105
172	106
170	106
170	107
166	107
166	108
164	108
164	109
162	109
162	110
160	110
160	111
156	111
156	112
154	112
154	113
147	113
147	114
145	114
145	115
130	115
130	114
128	114
128	113
126	113
126	112
124	112
124	111
114	111
114	110
112	110
112	109
100	109
100	108
99	108
99	107
97	107
97	106
96	106
96	105
95	105
95	104
94	104
94	102
91	102
91	101
93	101
93	100
92	100
92	98
91	98
91	99
89	99
89	98
91	98
91	97
90	97
90	96
91	96
91	95
92	95
92	94
91	94
91	93
90	93
90	92
91	92
91	91
90	91
90	87
89	87
89	85
90	85
90	83
88	83
88	82
86	82
86	81
82	81
82	82
80	82
80	84
79	84
79	108
80	108
80	110
82	110
82	112
84	112
84	113
86	113
86	114
88	114
88	115
92	115
92	116
93	116
93	117
94	117
94	118
96	118
96	119
107	119
107	120
110	120
110	122
111	122
111	121
112	121
112	123
113	123
113	122
114	122
114	123
115	123
115	121
116	121
116	123
115	123
115	124
117	124
117	123
120	123
120	124
117	124
117	125
121	125
121	124
125	124
125	125
123	125
123	127
126	127
126	126
127	126
127	127
126	127
126	128
128	128
128	126
129	126
129	125
130	125
130	126
132	126
132	125
134	125
134	126
133	126
133	128
137	128
137	127
136	127
136	126
137	126
137	125
138	125
138	126
139	126
139	127
140	127
140	126
141	126
141	127
142	127
142	125
143	125
143	127
146	127
146	125
148	125
148	124
149	124
149	125
150	125
150	124
151	124
151	123
158	123
158	122
160	122
160	121
166	121
166	120
168	120
168	118
170	118
170	117
176	117
176	116
178	116
178	115
180	115
180	114
182	114
182	112
184	112
184	111
192	111
192	112
193	112
193	114
194	114
194	116
195	116
195	124
196	124
196	126
197	126
197	132
198	132
198	134
199	134
199	141
200	141
200	143
201	143
201	145
202	145
202	146
203	146
203	178
204	178
204	180
205	180
205	190
206	190
206	191
205	191
205	192
207	192
207	193
206	193
206	194
207	194
207	196
208	196
208	198
209	198
209	201
208	201
208	202
209	202
209	236
210	236
210	238
211	238
211	268
212	268
212	270
213	270
213	278
214	278
214	280
215	280
215	282
216	282
216	284
217	284
217	300
218	300
218	302
219	302
219	328
220	328
220	332
221	332
221	333
220	333
220	334
221	334
221	354
222	354
222	356
223	356
223	360
224	360
224	362
226	362
226	364
228	364
228	366
229	366
229	367
230	367
230	368
232	368
232	370
234	370
234	371
236	371
236	372
238	372
238	373
249	373
249	374
251	374
251	373
255	373
255	371
260	371
260	370
262	370
262	368
264	368
264	366
267	366
267	365
270	365
270	364
272	364
272	362
273	362
273	361
274	361
274	359
289	359
289	360
290	360
290	359
291	359
291	361
292	361
292	362
293	362
293	363
294	363
294	364
296	364
296	365
297	365
297	368
298	368
298	370
300	370
300	372
302	372
302	373
303	373
303	374
304	374
304	376
306	376
306	377
308	377
308	378
310	378
310	379
311	379
311	380
312	380
312	382
314	382
314	384
316	384
316	385
317	385
317	386
318	386
318	388
319	388
319	390
320	390
320	392
322	392
322	393
326	393
326	394
328	394
328	395
338	395
338	394
340	394
340	392
342	392
342	391
344	391
344	390
346	390
346	389
352	389
352	390
354	390
354	391
356	391
356	392
358	392
358	393
360	393
360	394
361	394
361	395
362	395
362	396
363	396
363	397
364	397
364	398
366	398
366	400
368	400
368	402
369	402
369	403
370	403
370	404
372	404
372	405
374	405
374	406
375	406
375	408
376	408
376	410
378	410
378	412
379	412
379	414
380	414
380	416
381	416
381	425
382	425
382	427
383	427
383	434
384	434
384	436
385	436
385	446
386	446
386	448
387	448
387	450
386	450
386	451
387	451
387	452
386	452
386	453
387	453
387	454
386	454
386	459
387	459
387	460
386	460
386	462
385	462
385	463
386	463
386	464
384	464
384	465
386	465
386	467
385	467
385	468
386	468
386	469
385	469
385	471
386	471
386	474
385	474
385	475
386	475
386	480
385	480
385	483
384	483
384	509
385	509
385	514
386	514
386	515
387	515
387	518
388	518
388	520
389	520
389	522
390	522
390	524
391	524
391	525
392	525
392	526
393	526
393	527
394	527
394	528
395	528
395	529
396	529
396	530
397	530
397	531
399	531
399	532
402	532
402	533
404	533
404	534
410	534
410	535
414	535
414	536
416	536
416	537
419	537
419	539
421	539
421	540
424	540
424	541
425	541
425	542
427	542
427	543
429	543
429	544
431	544
431	545
433	545
433	546
435	546
435	547
437	547
437	548
439	548
439	549
441	549
441	550
442	550
442	552
443	552
443	551
444	551
444	552
445	552
445	553
447	553
447	554
448	554
448	555
449	555
449	556
450	556
450	557
451	557
451	558
453	558
453	559
454	559
454	560
455	560
455	561
456	561
456	562
457	562
457	563
459	563
459	564
460	564
460	565
462	565
462	566
463	566
463	567
465	567
465	568
467	568
467	569
469	569
469	570
471	570
471	571
473	571
473	573
475	573
475	574
477	574
477	575
479	575
479	577
480	577
480	579
481	579
481	581
482	581
482	582
484	582
484	583
486	583
486	584
488	584
488	585
490	585
490	586
493	586
493	587
497	587
497	588
499	588
499	589
503	589
503	590
506	590
506	591
507	591
507	592
509	592
509	593
512	593
512	594
513	594
513	595
515	595
515	596
517	596
517	597
519	597
519	598
520	598
520	599
522	599
522	600
526	600
526	601
528	601
528	602
537	602
537	603
539	603
539	604
564	604
564	603
568	603
568	602
574	602
574	601
576	601
576	600
583	600
583	599
587	599
587	598
589	598
589	597
590	597
590	596
593	596
593	595
595	595
595	594
598	594
598	593
602	593
602	592
604	592
604	591
605	591
605	590
608	590
608	589
610	589
610	588
611	588
611	587
614	587
614	586
616	586
616	585
617	585
617	584
623	584
623	583
625	583
625	582
628	582
628	581
631	581
631	580
633	580
633	579
635	579
635	578
637	578
637	577
638	577
638	576
640	576
640	575
641	575
641	574
642	574
642	573
643	573
643	571
645	571
645	570
646	570
646	569
648	569
648	568
650	568
650	567
651	567
651	566
653	566
653	565
655	565
655	564
656	564
656	562
658	562
658	560
659	560
659	558
660	558
660	556
661	556
661	555
662	555
662	554
663	554
663	553
664	553
664	552
665	552
665	550
666	550
666	549
667	549
667	548
668	548
668	547
669	547
669	546
671	546
671	545
673	545
673	544
675	544
675	543
676	543
676	542
678	542
678	541
680	541
680	540
681	540
681	539
682	539
682	538
684	538
684	537
685	537
685	536
687	536
687	535
688	535
688	534
689	534
689	533
690	533
690	532
692	532
692	531
694	531
694	530
696	530
696	529
697	529
697	528
698	528
698	526
700	526
700	525
702	525
702	524
703	524
703	523
704	523
704	522
706	522
706	521
707	521
707	520
708	520
708	519
710	519
710	518
711	518
711	516
713	516
713	515
714	515
714	513
715	513
715	510
716	510
716	509
717	509
717	507
718	507
718	506
719	506
719	504
720	504
720	502
721	502
721	501
722	501
722	500
723	500
723	498
725	498
725	497
727	497
727	495
729	495
729	494
730	494
730	493
731	493
731	492
733	492
733	491
734	491
734	490
736	490
736	489
737	489
737	488
738	488
738	487
740	487
740	486
742	486
742	485
744	485
744	484
746	484
746	483
747	483
747	481
748	481
748	480
749	480
749	479
750	479
750	477
752	477
752	476
753	476
753	474
754	474
754	473
756	473
756	472
757	472
757	471
759	471
759	470
761	470
761	468
762	468
762	467
764	467
764	466
766	466
766	465
768	465
768	464
770	464
770	463
771	463
771	462
772	462
772	461
775	461
775	466
776	466
776	468
778	468
778	469
779	469
779	474
780	474
780	476
781	476
781	480
782	480
782	482
783	482
783	483
784	483
784	484
785	484
785	486
786	486
786	488
788	488
788	490
789	490
789	491
790	491
790	492
791	492
791	500
792	500
792	502
793	502
793	506
794	506
794	508
795	508
795	510
796	510
796	512
797	512
797	532
796	532
796	533
797	533
797	535
796	535
796	537
797	537
797	538
796	538
796	542
797	542
797	543
796	543
796	544
797	544
797	546
798	546
798	545
799	545
799	546
798	546
798	549
799	549
799	551
800	551
800	553
801	553
801	554
800	554
800	560
801	560
801	565
802	565
802	570
803	570
803	577
804	577
804	579
805	579
805	584
806	584
806	588
804	588
804	589
806	589
806	590
804	590
804	593
805	593
805	595
804	595
804	598
803	598
803	601
804	601
804	599
805	599
805	601
804	601
804	607
803	607
803	639
802	639
802	675
803	675
803	684
804	684
804	686
805	686
805	692
806	692
806	694
807	694
807	696
808	696
808	699
809	699
809	701
810	701
810	704
811	704
811	706
812	706
812	708
813	708
813	711
814	711
814	713
815	713
815	717
816	717
816	719
817	719
817	721
818	721
818	722
819	722
819	724
821	724
821	725
825	725
825	726
831	726
831	727
833	727
833	728
836	728
836	729
837	729
837	731
839	731
839	732
840	732
840	733
841	733
841	734
842	734
842	735
844	735
844	736
846	736
846	737
847	737
847	738
849	738
849	739
850	739
850	740
851	740
851	741
853	741
853	742
854	742
854	743
855	743
855	744
856	744
856	746
858	746
858	747
860	747
860	748
861	748
861	749
862	749
862	750
863	750
863	751
864	751
864	752
865	752
865	753
866	753
866	754
868	754
868	755
869	755
869	756
871	756
871	757
872	757
872	758
874	758
874	759
875	759
875	760
877	760
877	761
880	761
880	762
883	762
883	763
885	763
885	764
890	764
890	765
893	765
893	766
895	766
895	767
898	767
898	768
901	768
901	769
903	769
903	770
906	770
906	771
908	771
908	772
911	772
911	773
922	773
922	774
958	774
958	773
966	773
966	772
968	772
968	771
970	771
970	770
972	770
972	769
973	769
973	767
975	767
975	765
976	765
976	763
977	763
977	761
978	761
978	759
979	759
979	750
980	750
980	748
981	748
981	746
982	746
982	742
983	742
983	740
984	740
984	738
986	738
986	737
987	737
987	736
988	736
988	735
989	735
989	734
990	734
990	733
991	733
991	732
992	732
992	730
993	730
993	729
994	729
994	727
995	727
995	725
996	725
996	722
997	722
997	720
998	720
998	718
1000	718
1000	717
1001	717
1001	715
1002	715
1002	713
1003	713
1003	712
1004	712
1004	711
1005	711
1005	709
1006	709
1006	708
1007	708
1007	707
1008	707
1008	705
1009	705
1009	704
1010	704
1010	703
1011	703
1011	702
1013	702
1013	701
1017	701
1017	700
1019	700
1019	699
1021	699
1021	698
1024	698
1024	697
1026	697
1026	696
1028	696
1028	695
1031	695
1031	694
1033	694
1033	693
1034	693
1034	692
1035	692
1035	691
1036	691
1036	690
1037	690
1037	688
1038	688
1038	687
1040	687
1040	685
1041	685
1041	682
1042	682
1042	680
1043	680
1043	677
1044	677
1044	675
1045	675
1045	672
1046	672
1046	670
1047	670
1047	665
1048	665
1048	664
1049	664
1049	662
1050	662
1050	660
1051	660
1051	659
1052	659
1052	658
1053	658
1053	656
1054	656
1054	655
1056	655
1056	653
1057	653
1057	652
1059	652
1059	651
1060	651
1060	649
1061	649
1061	648
1063	648
1063	646
1064	646
1064	645
1065	645
1065	644
1066	644
1066	643
1067	643
1067	642
1069	642
1069	640
1071	640
1071	639
1073	639
1073	638
1075	638
1075	637
1077	637
1077	636
1080	636
1080	635
1082	635
1082	634
1083	634
1083	633
1084	633
1084	632
1086	632
1086	631
1087	631
1087	630
1089	630
1089	629
1093	629
1093	628
1095	628
1095	627
1096	627
1096	626
1098	626
1098	625
1099	625
1099	624
1101	624
1101	623
1102	623
1102	621
1103	621
1103	618
1105	618
1105	617
1108	617
1108	616
1110	616
1110	614
1111	614
1111	613
1113	613
1113	612
1114	612
1114	611
1115	611
1115	610
1117	610
1117	609
1118	609
1118	608
1119	608
1119	607
1128	607
1128	606
1130	606
1130	605
1131	605
1131	604
1132	604
1132	602
1133	602
1133	584
1134	584
1134	582
1135	582
1135	576
1136	576
1136	575
1137	575
1137	574
1138	574
1138	573
1139	573
1139	571
1141	571
1141	570
1147	570
1147	571
1148	571
1148	573
1149	573
1149	575
1150	575
1150	577
1151	577
1151	581
1152	581
1152	584
1153	584
1153	586
1154	586
1154	591
1155	591
1155	594
1156	594
1156	596
1157	596
1157	597
1158	597
1158	600
1159	600
1159	602
1160	602
1160	604
1161	604
1161	607
1162	607
1162	609
1163	609
1163	611
1164	611
1164	612
1165	612
1165	614
1166	614
1166	615
1167	615
1167	616
1168	616
1168	617
1169	617
1169	618
1171	618
1171	619
1173	619
1173	620
1175	620
1175	622
1176	622
1176	623
1177	623
1177	624
1178	624
1178	625
1179	625
1179	626
1180	626
1180	627
1181	627
1181	628
1183	628
1183	629
1186	629
1186	630
1188	630
1188	631
1190	631
1190	632
1192	632
1192	633
1194	633
1194	634
1197	634
1197	635
1199	635
1199	636
1202	636
1202	637
1204	637
1204	638
1206	638
1206	639
1207	639
1207	641
1208	641
1208	642
1209	642
1209	643
1210	643
1210	644
1211	644
1211	645
1212	645
1212	646
1213	646
1213	648
1214	648
1214	663
1215	663
1215	666
1216	666
1216	669
1217	669
1217	671
1218	671
1218	672
1219	672
1219	674
1220	674
1220	675
1221	675
1221	676
1225	676
1225	677
1224	677
1224	678
1225	678
1225	679
1226	679
1226	680
1228	680
1228	679
1229	679
1229	680
1231	680
1231	682
1232	682
1232	684
1233	684
1233	685
1234	685
1234	686
1235	686
1235	687
1236	687
1236	688
1238	688
1238	690
1239	690
1239	692
1240	692
1240	694
1241	694
1241	695
1242	695
1242	697
1243	697
1243	708
1242	708
1242	710
1241	710
1241	730
1242	730
1242	732
1243	732
1243	739
1244	739
1244	741
1245	741
1245	748
1246	748
1246	750
1247	750
1247	752
1248	752
1248	754
1250	754
1250	755
1251	755
1251	756
1252	756
1252	758
1254	758
1254	759
1266	759
1266	758
1268	758
1268	757
1270	757
1270	756
1272	756
1272	755
1274	755
1274	754
1276	754
1276	753
1280	753
1280	754
1282	754
1282	755
1286	755
1286	756
1288	756
1288	757
1290	757
1290	758
1292	758
1292	759
1294	759
1294	760
1296	760
1296	761
1298	761
1298	762
1299	762
1299	763
1300	763
1300	764
1302	764
1302	765
1307	765
1307	766
1308	766
1308	768
1310	768
1310	769
1314	769
1314	770
1316	770
1316	772
1318	772
1318	773
1320	773
1320	774
1322	774
1322	776
1324	776
1324	777
1326	777
1326	778
1328	778
1328	779
1329	779
1329	780
1330	780
1330	782
1332	782
1332	783
1336	783
1336	784
1338	784
1338	785
1340	785
1340	786
1341	786
1341	787
1342	787
1342	788
1343	788
1343	789
1344	789
1344	790
1345	790
1345	791
1346	791
1346	792
1348	792
1348	793
1368	793
1368	792
1370	792
1370	790
1373	790
1373	789
1375	789
1375	788
1377	788
1377	787
1379	787
1379	786
1381	786
1381	785
1387	785
1387	784
1391	784
1391	783
1394	783
1394	782
1397	782
1397	781
1399	781
1399	780
1400	780
1400	779
1405	779
1405	778
1411	778
1411	777
1414	777
1414	776
1421	776
1421	775
1426	775
1426	774
1428	774
1428	773
1430	773
1430	772
1432	772
1432	771
1434	771
1434	770
1435	770
1435	769
1436	769
1436	768
1437	768
1437	767
1438	767
1438	766
1439	766
1439	765
1440	765
1440	764
1442	764
1442	763
1443	763
1443	762
1444	762
1444	761
1446	761
1446	760
1447	760
1447	758
1448	758
1448	757
1449	757
1449	755
1450	755
1450	753
1451	753
1451	749
1452	749
1452	747
1453	747
1453	746
1454	746
1454	744
1456	744
1456	743
1457	743
1457	742
1459	742
1459	741
1460	741
1460	740
1462	740
1462	741
1463	741
1463	742
1464	742
1464	743
1465	743
1465	744
1467	744
1467	745
1471	745
1471	746
1480	746
1480	747
1481	747
1481	746
1482	746
1482	747
1485	747
1485	746
1487	746
1487	745
1489	745
1489	744
1490	744
1490	742
1491	742
1491	740
1492	740
1492	735
1493	735
1493	733
1494	733
1494	730
1495	730
1495	728
1496	728
1496	724
1497	724
1497	713
1498	713
1498	691
1497	691
1497	689
1496	689
1496	683
1495	683
1495	680
1494	680
1494	678
1493	678
1493	670
1492	670
1492	664
1491	664
1491	663
1492	663
1492	660
1491	660
1491	659
1492	659
1492	658
1491	658
1491	643
1492	643
1492	642
1493	642
1493	640
1494	640
1494	639
1495	639
1495	637
1496	637
1496	635
1497	635
1497	634
1498	634
1498	632
1499	632
1499	633
1500	633
1500	630
1501	630
1501	631
1502	631
1502	630
1503	630
1503	627
1504	627
1504	626
1505	626
1505	625
1504	625
1504	624
1505	624
1505	623
1506	623
1506	622
1505	622
1505	621
1506	621
1506	620
1505	620
1505	619
1506	619
1506	618
1507	618
1507	615
1508	615
1508	596
1507	596
1507	593
1506	593
1506	590
1505	590
1505	588
1504	588
1504	587
1503	587
1503	586
1502	586
1502	585
1501	585
1501	583
1500	583
1500	581
1499	581
1499	579
1498	579
1498	577
1497	577
1497	574
1496	574
1496	568
1498	568
1498	567
1503	567
1503	566
1505	566
1505	565
1509	565
1509	564
1515	564
1515	563
1521	563
1521	564
1523	564
1523	565
1527	565
1527	566
1529	566
1529	567
1532	567
1532	568
1534	568
1534	569
1538	569
1538	570
1541	570
1541	571
1543	571
1543	572
1545	572
1545	573
1547	573
1547	574
1550	574
1550	575
1552	575
1552	576
1553	576
1553	577
1555	577
1555	578
1558	578
1558	579
1559	579
1559	580
1561	580
1561	581
1563	581
1563	582
1564	582
1564	583
1566	583
1566	584
1570	584
1570	585
1572	585
1572	586
1574	586
1574	587
1576	587
1576	588
1579	588
1579	589
1581	589
1581	590
1583	590
1583	591
1585	591
1585	592
1587	592
1587	593
1591	593
1591	594
1593	594
1593	595
1595	595
1595	596
1599	596
1599	597
1606	597
1606	598
1610	598
1610	599
1615	599
1615	600
1617	600
1617	601
1619	601
1619	602
1620	602
1620	603
1622	603
1622	604
1623	604
1623	605
1624	605
1624	606
1626	606
1626	607
1627	607
1627	608
1628	608
1628	609
1629	609
1629	610
1631	610
1631	611
1632	611
1632	612
1634	612
1634	613
1636	613
1636	614
1637	614
1637	615
1639	615
1639	616
1641	616
1641	617
1643	617
1643	618
1644	618
1644	620
1646	620
1646	622
1648	622
1648	623
1650	623
1650	624
1652	624
1652	625
1653	625
1653	626
1654	626
1654	627
1655	627
1655	628
1656	628
1656	630
1657	630
1657	636
1658	636
1658	638
1659	638
1659	640
1660	640
1660	641
1661	641
1661	643
1662	643
1662	647
1663	647
1663	649
1664	649
1664	650
1665	650
1665	651
1666	651
1666	653
1667	653
1667	657
1668	657
1668	659
1669	659
1669	664
1670	664
1670	668
1671	668
1671	671
1672	671
1672	681
1673	681
1673	685
1674	685
1674	687
1675	687
1675	690
1676	690
1676	694
1677	694
1677	697
1678	697
1678	700
1679	700
1679	702
1680	702
1680	704
1682	704
1682	706
1683	706
1683	708
1685	708
1685	709
1686	709
1686	711
1688	711
1688	713
1690	713
1690	714
1692	714
1692	715
1694	715
1694	716
1696	716
1696	717
1699	717
1699	718
1720	718
1720	717
1727	717
1727	716
1729	716
1729	715
1731	715
1731	714
1733	714
1733	713
1737	713
1737	712
1749	712
1749	711
1751	711
1751	710
1768	710
1768	709
1773	709
1773	708
1776	708
1776	707
1778	707
1778	706
1780	706
1780	705
1781	705
1781	704
1782	704
1782	703
1785	703
1785	702
1788	702
1788	701
1792	701
1792	700
1794	700
1794	699
1797	699
1797	698
1799	698
1799	697
1800	697
1800	696
1801	696
1801	695
1803	695
1803	693
1804	693
1804	691
1805	691
1805	689
1806	689
1806	669
1807	669
1807	663
1808	663
1808	660
1809	660
1809	656
1810	656
1810	651
1811	651
1811	627
1812	627
1812	621
1813	621
1813	600
1814	600
1814	569
1813	569
1813	544
1812	544
1812	539
1811	539
1811	535
1812	535
1812	532
1811	532
1811	531
1812	531
1812	530
1811	530
1811	529
1812	529
1812	528
1811	528
1811	524
1812	524
1812	523
1811	523
1811	522
1812	522
1812	521
1811	521
1811	520
1813	520
1813	519
1812	519
1812	518
1811	518
1811	516
1812	516
1812	515
1811	515
1811	513
1812	513
1812	512
1811	512
1811	510
1812	510
1812	509
1811	509
1811	508
1812	508
1812	507
1811	507
1811	505
1810	505
1810	503
1811	503
1811	502
1810	502
1810	497
1811	497
1811	496
1809	496
1809	495
1810	495
1810	494
1809	494
1809	493
1810	493
1810	494
1811	494
1811	492
1810	492
1810	488
1809	488
1809	485
1808	485
1808	484
1807	484
1807	483
1808	483
1808	481
1807	481
1807	479
1808	479
1808	478
1806	478
1806	475
1807	475
1807	474
1806	474
1806	471
1805	471
1805	451
1804	451
1804	449
1803	449
1803	446
1802	446
1802	438
1809	438
1809	439
1810	439
1810	438
1838	438
1838	439
1840	439
1840	440
1843	440
1843	441
1844	441
1844	442
1846	442
1846	443
1848	443
1848	444
1850	444
1850	445
1851	445
1851	446
1853	446
1853	447
1855	447
1855	448
1858	448
1858	449
1861	449
1861	450
1863	450
1863	451
1866	451
1866	452
1868	452
1868	453
1869	453
1869	454
1871	454
1871	455
1872	455
1872	456
1874	456
1874	457
1875	457
1875	458
1877	458
1877	459
1878	459
1878	460
1879	460
1879	461
1880	461
1880	462
1881	462
1881	463
1883	463
1883	464
1884	464
1884	465
1886	465
1886	466
1889	466
1889	467
1892	467
1892	468
1894	468
1894	469
1896	469
1896	470
1898	470
1898	471
1900	471
1900	472
1902	472
1902	473
1904	473
1904	474
1907	474
1907	475
1908	475
1908	476
1910	476
1910	477
1914	477
1914	478
1917	478
1917	479
1921	479
1921	480
1923	480
1923	481
1925	481
1925	482
1930	482
1930	483
1948	483
1948	482
1951	482
1951	481
1953	481
1953	480
1955	480
1955	479
1957	479
1957	478
1960	478
1960	477
1963	477
1963	476
1965	476
1965	475
1971	475
1971	474
1973	474
1973	473
1976	473
1976	472
1978	472
1978	471
1980	471
1980	470
1983	470
1983	469
1985	469
1985	468
1988	468
1988	467
1991	467
1991	466
1993	466
1993	465
1996	465
1996	464
1998	464
1998	463
1999	463
1999	462
2001	462
2001	461
2005	461
2005	460
2008	460
2008	459
2010	459
2010	458
2013	458
2013	457
2015	457
2015	456
2017	456
2017	455
2019	455
2019	453
2020	453
2020	433
2021	433
2021	432
2022	432
2022	431
2024	431
2024	430
2026	430
2026	428
2028	428
2028	427
2029	427
2029	426
2030	426
2030	425
2031	425
2031	423
2032	423
2032	421
2033	421
2033	418
2034	418
2034	416
2035	416
2035	415
2036	415
2036	413
2037	413
2037	410
2038	410
2038	408
2039	408
2039	407
2040	407
2040	405
2041	405
2041	404
2042	404
2042	403
2043	403
2043	401
2044	401
2044	400
2045	400
2045	398
2046	398
2046	396
2047	396
2047	395
2048	395
2048	394
2049	394
2049	393
2050	393
2050	391
2051	391
2051	389
2052	389
2052	386
2053	386
2053	384
2054	384
2054	383
2055	383
2055	381
2056	381
2056	376
2057	376
2057	375
2058	375
2058	374
2059	374
2059	373
2060	373
2060	372
2061	372
2061	370
2062	370
2062	365
2063	365
2063	363
2064	363
2064	348
2065	348
2065	345
2066	345
2066	334
2065	334
2065	331
2064	331
2064	329
2063	329
2063	327
2062	327
2062	325
2061	325
2061	323
2060	323
2060	314
2059	314
2059	311
2060	311
2060	309
2061	309
2061	307
2062	307
2062	304
2063	304
2063	302
2064	302
2064	296
2065	296
2065	294
2066	294
2066	292
2067	292
2067	283
2066	283
2066	281
2065	281
2065	279
2064	279
2064	273
2065	273
2065	272
2066	272
2066	270
2067	270
2067	269
2068	269
2068	267
2069	267
2069	266
2070	266
2070	265
2071	265
2071	263
2072	263
2072	262
2073	262
2073	260
2074	260
2074	259
2075	259
2075	257
2076	257
2076	256
2077	256
2077	255
2079	255
2079	254
2082	254
2082	253
2085	253
2085	252
2087	252
2087	251
2090	251
2090	250
2092	250
2092	249
2096	249
2096	248
2102	248
2102	247
2104	247
2104	246
2107	246
2107	245
2109	245
2109	244
2110	244
2110	242
2111	242
2111	239
2112	239
2112	238
2140	238
2140	239
2141	239
2141	238
2144	238
2144	239
2150	239
2150	238
2160	238
2160	239
2162	239
2162	240
2165	240
2165	241
2181	241
2181	242
2186	242
2186	243
2195	243
2195	244
2204	244
2204	245
2229	245
2229	244
2231	244
2231	243
2234	243
2234	242
2236	242
2236	241
2237	241
2237	240
2238	240
2238	238
2239	238
2239	235
2241	235
2241	233
2242	233
2242	230
2243	230
2243	228
2244	228
2244	226
2245	226
2245	224
2246	224
2246	222
2247	222
2247	219
2248	219
2248	217
2249	217
2249	215
2250	215
2250	211
2251	211
2251	208
2252	208
2252	205
2253	205
2253	196
2254	196
2254	193
2255	193
2255	191
2256	191
2256	188
2257	188
2257	186
2258	186
2258	184
2259	184
2259	180
2260	180
2260	176
2261	176
2261	174
2262	174
2262	170
2263	170
2263	168
2264	168
2264	164
2265	164
2265	161
2266	161
2266	158
2267	158
2267	153
2268	153
2268	150
2269	150
2269	148
2270	148
2270	146
2272	146
2272	144
2273	144
2273	142
2274	142
2274	140
2275	140
2275	138
2277	138
2277	137
2279	137
2279	136
2283	136
2283	135
2285	135
2285	136
2288	136
2288	137
2290	137
2290	138
2292	138
2292	139
2294	139
2294	140
2295	140
2295	141
2297	141
2297	142
2299	142
2299	143
2301	143
2301	145
2302	145
2302	146
2304	146
2304	147
2305	147
2305	149
2306	149
2306	151
2307	151
2307	153
2308	153
2308	155
2309	155
2309	157
2310	157
2310	158
2311	158
2311	161
2312	161
2312	163
2313	163
2313	165
2314	165
2314	166
2315	166
2315	168
2316	168
2316	174
2317	174
2317	187
2318	187
2318	189
2319	189
2319	191
2320	191
2320	193
2321	193
2321	195
2323	195
2323	197
2324	197
2324	198
2325	198
2325	199
2326	199
2326	200
2327	200
2327	201
2329	201
2329	202
2331	202
2331	203
2356	203
2356	202
2358	202
2358	201
2360	201
2360	200
2361	200
2361	199
2363	199
2363	197
2364	197
2364	196
2365	196
2365	195
2366	195
2366	193
2367	193
2367	192
2368	192
2368	190
2369	190
2369	184
2370	184
2370	169
2371	169
2371	168
2374	168
2374	167
2378	167
2378	166
2380	166
2380	165
2392	165
2392	164
2394	164
2394	162
2395	162
2395	157
2394	157
2394	154
2393	154
2393	151
2392	151
2392	149
2390	149
2390	147
2389	147
2389	145
2388	145
2388	144
2387	144
2387	129
2388	129
2388	127
2389	127
2389	125
2391	125
2391	124
2393	124
2393	123
2395	123
2395	122
2396	122
2396	121
2398	121
2398	120
2400	120
2400	118
2401	118
2401	116
2402	116
2402	114
2403	114
2403	112
2404	112
2404	99
2403	99
2403	97
2401	97
2401	96
2397	96
2397	97
2395	97
2395	99
2394	99
2394	101
2390	101
2390	103
2393	103
2393	102
2394	102
2394	109
2393	109
2393	111
2392	111
2392	112
2391	112
2391	113
2389	113
2389	114
2388	114
2388	115
2385	115
2385	116
2383	116
2383	117
2381	117
2381	119
2380	119
2380	121
2379	121
2379	122
2378	122
2378	124
2377	124
2377	149
2378	149
2378	151
2379	151
2379	152
2381	152
2381	154
2382	154
2382	155
2377	155
2377	156
2375	156
2375	157
2371	157
2371	158
2368	158
2368	159
2366	159
2366	160
2363	160
2363	161
2361	161
2361	163
2360	163
2360	177
2359	177
2359	178
2360	178
2360	179
2359	179
2359	186
2358	186
2358	188
2357	188
2357	189
2355	189
2355	191
2353	191
2353	192
2352	192
2352	193
2334	193
2334	192
2333	192
2333	191
2332	191
2332	190
2331	190
2331	188
2330	188
2330	187
2329	187
2329	185
2328	185
2328	183
2327	183
2327	171
2326	171
2326	165
2325	165
2325	163
2324	163
2324	160
2323	160
2323	158
2321	158
2321	155
2320	155
2320	152
2319	152
2319	150
2318	150
2318	149
2317	149
2317	147
2316	147
2316	145
2315	145
2315	143
2314	143
2314	141
2313	141
2313	140
2312	140
2312	139
2311	139
2311	138
2310	138
2310	137
2309	137
2309	136
2308	136
2308	135
2306	135
2306	134
2305	134
2305	133
2303	133
2303	132
2301	132
2301	131
2300	131
2300	130
2298	130
2298	129
2296	129
2296	128
2294	128
2294	127
2291	127
2291	126
2288	126
2288	125
2280	125
2280	126
2279	126
2279	125
2277	125
2277	124
2276	124
2276	125
2274	125
2274	126
2275	126
2275	127
2274	127
2274	128
2271	128
2271	129
2269	129
2269	130
2268	130
2268	131
2267	131
2267	133
2266	133
2266	134
2265	134
2265	136
2264	136
2264	138
2263	138
2263	139
2262	139
2262	140
2261	140
2261	142
2260	142
2260	144
2259	144
2259	146
2258	146
2258	150
2257	150
2257	155
2256	155
2256	158
2255	158
2255	161
2254	161
2254	164
2253	164
2253	166
2252	166
2252	171
2251	171
2251	173
2250	173
2250	177
2249	177
2249	180
2248	180
2248	182
2247	182
2247	185
2246	185
2246	188
2245	188
2245	190
2244	190
2244	193
2243	193
2243	202
2242	202
2242	205
2241	205
2241	208
2240	208
2240	212
2239	212
2239	214
2238	214
2238	216
2237	216
2237	219
2236	219
2236	221
2235	221
2235	223
2234	223
2234	225
2233	225
2233	227
2232	227
2232	228
2231	228
2231	229
2230	229
2230	230
2229	230
2229	231
2227	231
2227	233
2226	233
2226	234
2225	234
2225	235
2207	235
2207	234
2198	234
2198	233
2190	233
2190	232
2184	232
2184	231
2169	231
2169	230
2166	230
2166	229
2164	229
2164	228
2107	228
2107	229
2105	229
2105	230
2104	230
2104	231
2103	231
2103	233
2102	233
2102	236
2101	236
2101	235
2100	235
2100	237
2098	237
2098	238
2093	238
2093	239
2089	239
2089	240
2087	240
2087	241
2084	241
2084	242
2082	242
2082	243
2079	243
2079	244
2076	244
2076	245
2073	245
2073	246
2071	246
2071	247
2070	247
2070	248
2068	248
2068	250
2067	250
2067	251
2066	251
2066	252
2065	252
2065	254
2064	254
2064	256
2063	256
2063	258
2062	258
2062	259
2061	259
2061	260
2060	260
2060	261
2059	261
2059	263
2058	263
2058	265
2056	265
2056	267
2055	267
2055	269
2054	269
2054	282
2055	282
2055	286
2056	286
2056	290
2055	290
2055	293
2054	293
2054	297
2053	297
2053	299
2052	299
2052	303
2050	303
2050	305
2049	305
2049	317
2050	317
2050	320
2049	320
2049	324
2050	324
2050	326
2051	326
2051	328
2052	328
2052	330
2053	330
2053	332
2054	332
2054	334
2055	334
2055	337
2056	337
2056	342
2055	342
2055	345
2054	345
2054	359
2053	359
2053	361
2052	361
2052	366
2051	366
2051	367
2050	367
2050	368
2049	368
2049	369
2048	369
2048	371
2047	371
2047	373
2046	373
2046	377
2045	377
2045	379
2044	379
2044	380
2043	380
2043	382
2042	382
2042	386
2041	386
2041	387
2040	387
2040	388
2039	388
2039	389
2038	389
2038	391
2037	391
2037	393
2036	393
2036	394
2035	394
2035	396
2034	396
2034	397
2033	397
2033	398
2031	398
2031	399
2032	399
2032	400
2031	400
2031	401
2029	401
2029	403
2028	403
2028	404
2027	404
2027	405
2028	405
2028	406
2027	406
2027	408
2026	408
2026	410
2025	410
2025	411
2024	411
2024	413
2023	413
2023	415
2022	415
2022	416
2023	416
2023	418
2022	418
2022	419
2021	419
2021	420
2019	420
2019	421
2017	421
2017	422
2015	422
2015	423
2014	423
2014	425
2013	425
2013	426
2012	426
2012	428
2011	428
2011	430
2010	430
2010	447
2007	447
2007	448
2005	448
2005	449
2004	449
2004	450
2002	450
2002	451
1998	451
1998	452
1996	452
1996	451
1993	451
1993	450
1992	450
1992	449
1991	449
1991	451
1992	451
1992	452
1995	452
1995	453
1993	453
1993	454
1992	454
1992	455
1989	455
1989	456
1987	456
1987	457
1985	457
1985	456
1984	456
1984	458
1982	458
1982	459
1980	459
1980	460
1977	460
1977	461
1975	461
1975	459
1974	459
1974	462
1972	462
1972	463
1968	463
1968	464
1966	464
1966	465
1962	465
1962	466
1960	466
1960	467
1956	467
1956	468
1953	468
1953	469
1951	469
1951	470
1950	470
1950	471
1948	471
1948	472
1945	472
1945	473
1933	473
1933	472
1929	472
1929	471
1927	471
1927	470
1924	470
1924	469
1920	469
1920	468
1917	468
1917	467
1914	467
1914	466
1912	466
1912	465
1910	465
1910	464
1907	464
1907	463
1906	463
1906	462
1904	462
1904	461
1901	461
1901	460
1900	460
1900	459
1898	459
1898	458
1897	458
1897	457
1893	457
1893	456
1891	456
1891	455
1889	455
1889	454
1887	454
1887	452
1885	452
1885	451
1884	451
1884	450
1882	450
1882	449
1881	449
1881	448
1879	448
1879	447
1878	447
1878	446
1876	446
1876	445
1875	445
1875	444
1873	444
1873	443
1872	443
1872	442
1870	442
1870	441
1867	441
1867	440
1864	440
1864	439
1861	439
1861	438
1858	438
1858	437
1857	437
1857	436
1855	436
1855	435
1854	435
1854	434
1852	434
1852	433
1850	433
1850	432
1848	432
1848	431
1846	431
1846	430
1844	430
1844	429
1842	429
1842	428
1797	428
1797	429
1795	429
1795	430
1793	430
1793	432
1792	432
1792	449
1793	449
1793	452
1794	452
1794	454
1795	454
1795	474
1796	474
1796	481
1797	481
1797	487
1798	487
1798	494
1799	494
1799	501
1800	501
1800	508
1801	508
1801	544
1802	544
1802	547
1803	547
1803	572
1804	572
1804	597
1803	597
1803	618
1802	618
1802	624
1801	624
1801	648
1800	648
1800	653
1799	653
1799	657
1798	657
1798	660
1797	660
1797	666
1796	666
1796	685
1795	685
1795	687
1794	687
1794	688
1792	688
1792	689
1789	689
1789	690
1788	690
1788	691
1785	691
1785	692
1782	692
1782	693
1780	693
1780	692
1779	692
1779	693
1778	693
1778	694
1777	694
1777	695
1775	695
1775	696
1774	696
1774	697
1772	697
1772	698
1770	698
1770	699
1767	699
1767	698
1764	698
1764	699
1765	699
1765	700
1764	700
1764	699
1763	699
1763	700
1760	700
1760	699
1759	699
1759	700
1747	700
1747	701
1745	701
1745	702
1734	702
1734	703
1729	703
1729	704
1727	704
1727	705
1725	705
1725	706
1723	706
1723	707
1717	707
1717	708
1702	708
1702	707
1700	707
1700	706
1698	706
1698	705
1696	705
1696	704
1695	704
1695	703
1694	703
1694	702
1693	702
1693	701
1692	701
1692	700
1691	700
1691	699
1690	699
1690	697
1689	697
1689	696
1688	696
1688	694
1687	694
1687	691
1686	691
1686	687
1685	687
1685	683
1684	683
1684	681
1683	681
1683	678
1682	678
1682	668
1681	668
1681	665
1680	665
1680	660
1679	660
1679	656
1678	656
1678	654
1677	654
1677	650
1676	650
1676	648
1675	648
1675	646
1674	646
1674	644
1673	644
1673	643
1672	643
1672	640
1671	640
1671	638
1670	638
1670	636
1669	636
1669	634
1668	634
1668	632
1667	632
1667	626
1666	626
1666	624
1665	624
1665	622
1664	622
1664	621
1663	621
1663	619
1662	619
1662	618
1661	618
1661	616
1660	616
1660	615
1658	615
1658	614
1656	614
1656	613
1655	613
1655	612
1653	612
1653	611
1651	611
1651	610
1650	610
1650	609
1648	609
1648	608
1647	608
1647	607
1645	607
1645	606
1643	606
1643	605
1642	605
1642	604
1640	604
1640	603
1639	603
1639	602
1638	602
1638	601
1637	601
1637	602
1636	602
1636	600
1635	600
1635	599
1634	599
1634	598
1631	598
1631	596
1629	596
1629	595
1627	595
1627	594
1626	594
1626	593
1625	593
1625	592
1623	592
1623	591
1620	591
1620	590
1618	590
1618	589
1613	589
1613	588
1609	588
1609	587
1602	587
1602	586
1598	586
1598	585
1596	585
1596	584
1594	584
1594	583
1590	583
1590	582
1589	582
1589	581
1587	581
1587	580
1585	580
1585	579
1583	579
1583	578
1579	578
1579	577
1577	577
1577	576
1575	576
1575	575
1573	575
1573	574
1570	574
1570	573
1568	573
1568	572
1566	572
1566	571
1565	571
1565	570
1563	570
1563	569
1561	569
1561	568
1559	568
1559	567
1558	567
1558	566
1556	566
1556	565
1553	565
1553	564
1551	564
1551	563
1549	563
1549	562
1547	562
1547	561
1544	561
1544	560
1541	560
1541	559
1538	559
1538	558
1536	558
1536	557
1532	557
1532	556
1530	556
1530	555
1527	555
1527	554
1525	554
1525	553
1511	553
1511	554
1506	554
1506	555
1502	555
1502	556
1500	556
1500	557
1493	557
1493	558
1491	558
1491	559
1490	559
1490	561
1489	561
1489	563
1487	563
1487	565
1486	565
1486	577
1487	577
1487	580
1488	580
1488	582
1489	582
1489	584
1490	584
1490	587
1491	587
1491	589
1492	589
1492	590
1493	590
1493	592
1494	592
1494	593
1495	593
1495	595
1496	595
1496	597
1497	597
1497	599
1498	599
1498	611
1497	611
1497	614
1496	614
1496	616
1495	616
1495	618
1494	618
1494	619
1493	619
1493	621
1492	621
1492	624
1491	624
1491	625
1490	625
1490	627
1489	627
1489	628
1488	628
1488	630
1487	630
1487	631
1486	631
1486	633
1485	633
1485	635
1483	635
1483	637
1482	637
1482	639
1481	639
1481	667
1482	667
1482	674
1483	674
1483	681
1484	681
1484	684
1485	684
1485	686
1486	686
1486	692
1487	692
1487	695
1488	695
1488	709
1487	709
1487	721
1486	721
1486	724
1485	724
1485	726
1484	726
1484	729
1483	729
1483	732
1482	732
1482	736
1474	736
1474	735
1471	735
1471	733
1469	733
1469	732
1468	732
1468	730
1466	730
1466	729
1458	729
1458	730
1456	730
1456	731
1455	731
1455	732
1453	732
1453	733
1452	733
1452	734
1450	734
1450	735
1448	735
1448	736
1447	736
1447	737
1446	737
1446	738
1445	738
1445	740
1444	740
1444	741
1443	741
1443	743
1442	743
1442	746
1441	746
1441	750
1440	750
1440	751
1439	751
1439	752
1438	752
1438	753
1437	753
1437	754
1436	754
1436	755
1435	755
1435	756
1433	756
1433	757
1431	757
1431	759
1429	759
1429	760
1428	760
1428	762
1427	762
1427	763
1423	763
1423	764
1421	764
1421	765
1418	765
1418	766
1410	766
1410	767
1408	767
1408	768
1402	768
1402	769
1397	769
1397	770
1395	770
1395	771
1393	771
1393	772
1391	772
1391	773
1388	773
1388	774
1384	774
1384	775
1378	775
1378	776
1376	776
1376	777
1374	777
1374	778
1371	778
1371	779
1369	779
1369	780
1365	780
1365	781
1363	781
1363	783
1362	783
1362	782
1356	782
1356	783
1355	783
1355	782
1352	782
1352	781
1350	781
1350	780
1349	780
1349	779
1348	779
1348	778
1347	778
1347	777
1346	777
1346	776
1344	776
1344	774
1342	774
1342	773
1338	773
1338	772
1337	772
1337	771
1336	771
1336	770
1334	770
1334	768
1332	768
1332	767
1330	767
1330	766
1328	766
1328	765
1326	765
1326	764
1324	764
1324	762
1322	762
1322	761
1320	761
1320	760
1318	760
1318	759
1316	759
1316	758
1315	758
1315	757
1314	757
1314	756
1312	756
1312	755
1306	755
1306	754
1305	754
1305	753
1303	753
1303	752
1301	752
1301	751
1300	751
1300	750
1298	750
1298	749
1296	749
1296	748
1294	748
1294	747
1292	747
1292	746
1290	746
1290	745
1286	745
1286	744
1284	744
1284	743
1272	743
1272	744
1270	744
1270	745
1266	745
1266	746
1264	746
1264	748
1262	748
1262	749
1260	749
1260	748
1259	748
1259	747
1258	747
1258	746
1256	746
1256	744
1255	744
1255	738
1254	738
1254	731
1255	731
1255	715
1256	715
1256	706
1255	706
1255	705
1256	705
1256	704
1255	704
1255	700
1254	700
1254	697
1253	697
1253	694
1252	694
1252	692
1251	692
1251	690
1250	690
1250	688
1249	688
1249	686
1248	686
1248	684
1247	684
1247	682
1246	682
1246	680
1244	680
1244	679
1242	679
1242	678
1241	678
1241	676
1240	676
1240	674
1239	674
1239	673
1238	673
1238	672
1237	672
1237	670
1236	670
1236	668
1234	668
1234	666
1232	666
1232	665
1228	665
1228	664
1226	664
1226	663
1225	663
1225	660
1224	660
1224	644
1223	644
1223	642
1222	642
1222	640
1221	640
1221	638
1219	638
1219	637
1218	637
1218	635
1216	635
1216	633
1215	633
1215	631
1214	631
1214	630
1212	630
1212	629
1210	629
1210	628
1208	628
1208	627
1206	627
1206	626
1203	626
1203	625
1200	625
1200	624
1198	624
1198	623
1196	623
1196	622
1193	622
1193	621
1191	621
1191	620
1189	620
1189	619
1187	619
1187	618
1186	618
1186	617
1185	617
1185	616
1184	616
1184	614
1183	614
1183	613
1182	613
1182	612
1180	612
1180	611
1179	611
1179	610
1177	610
1177	609
1176	609
1176	608
1174	608
1174	606
1173	606
1173	604
1172	604
1172	603
1171	603
1171	601
1170	601
1170	599
1169	599
1169	597
1168	597
1168	594
1167	594
1167	591
1166	591
1166	589
1165	589
1165	587
1164	587
1164	582
1163	582
1163	580
1162	580
1162	578
1161	578
1161	573
1160	573
1160	571
1159	571
1159	570
1158	570
1158	567
1157	567
1157	565
1156	565
1156	564
1155	564
1155	563
1154	563
1154	562
1153	562
1153	561
1151	561
1151	560
1138	560
1138	558
1136	558
1136	557
1132	557
1132	558
1130	558
1130	560
1128	560
1128	562
1127	562
1127	571
1126	571
1126	573
1125	573
1125	578
1124	578
1124	580
1123	580
1123	597
1112	597
1112	598
1110	598
1110	600
1108	600
1108	602
1106	602
1106	603
1105	603
1105	604
1104	604
1104	605
1103	605
1103	606
1102	606
1102	607
1100	607
1100	608
1098	608
1098	609
1096	609
1096	610
1094	610
1094	612
1093	612
1093	616
1092	616
1092	617
1091	617
1091	618
1089	618
1089	619
1086	619
1086	620
1083	620
1083	621
1081	621
1081	622
1080	622
1080	623
1079	623
1079	624
1077	624
1077	625
1076	625
1076	626
1074	626
1074	627
1072	627
1072	628
1070	628
1070	629
1068	629
1068	630
1066	630
1066	631
1064	631
1064	632
1062	632
1062	633
1061	633
1061	634
1060	634
1060	635
1059	635
1059	636
1058	636
1058	637
1057	637
1057	638
1056	638
1056	639
1055	639
1055	640
1054	640
1054	641
1053	641
1053	642
1052	642
1052	643
1051	643
1051	644
1050	644
1050	645
1049	645
1049	646
1048	646
1048	647
1047	647
1047	648
1046	648
1046	649
1045	649
1045	650
1044	650
1044	652
1042	652
1042	654
1041	654
1041	657
1040	657
1040	658
1039	658
1039	660
1038	660
1038	662
1037	662
1037	666
1036	666
1036	668
1035	668
1035	672
1034	672
1034	673
1033	673
1033	674
1032	674
1032	675
1033	675
1033	676
1032	676
1032	677
1031	677
1031	678
1032	678
1032	679
1029	679
1029	682
1028	682
1028	684
1027	684
1027	685
1024	685
1024	686
1022	686
1022	687
1021	687
1021	688
1018	688
1018	689
1014	689
1014	690
1013	690
1013	689
1010	689
1010	690
1009	690
1009	692
1008	692
1008	691
1007	691
1007	692
1006	692
1006	693
1005	693
1005	694
1004	694
1004	695
1002	695
1002	697
1000	697
1000	699
999	699
999	700
998	700
998	701
997	701
997	703
996	703
996	705
995	705
995	706
994	706
994	708
993	708
993	709
992	709
992	710
991	710
991	711
990	711
990	713
989	713
989	715
988	715
988	716
987	716
987	718
986	718
986	722
984	722
984	724
983	724
983	726
981	726
981	728
980	728
980	729
979	729
979	730
977	730
977	731
976	731
976	733
975	733
975	734
974	734
974	736
973	736
973	739
972	739
972	741
971	741
971	743
970	743
970	747
969	747
969	755
968	755
968	757
967	757
967	759
966	759
966	760
965	760
965	761
964	761
964	762
962	762
962	763
955	763
955	764
925	764
925	763
915	763
915	761
914	761
914	762
913	762
913	760
910	760
910	759
905	759
905	758
901	758
901	757
899	757
899	756
897	756
897	755
893	755
893	754
889	754
889	753
887	753
887	752
883	752
883	751
881	751
881	750
880	750
880	749
879	749
879	748
877	748
877	747
875	747
875	746
873	746
873	745
872	745
872	743
870	743
870	742
869	742
869	741
868	741
868	740
867	740
867	739
866	739
866	738
865	738
865	737
864	737
864	736
863	736
863	735
862	735
862	734
860	734
860	733
858	733
858	731
857	731
857	730
855	730
855	729
854	729
854	728
853	728
853	727
852	727
852	726
850	726
850	724
848	724
848	722
845	722
845	721
844	721
844	720
841	720
841	719
839	719
839	718
838	718
838	717
836	717
836	716
828	716
828	715
826	715
826	714
825	714
825	710
824	710
824	708
823	708
823	703
822	703
822	701
821	701
821	700
820	700
820	698
819	698
819	696
818	696
818	692
817	692
817	688
816	688
816	686
815	686
815	681
814	681
814	679
813	679
813	671
812	671
812	642
813	642
813	611
814	611
814	605
815	605
815	599
816	599
816	597
817	597
817	585
816	585
816	581
815	581
815	575
814	575
814	573
813	573
813	567
812	567
812	562
811	562
811	557
810	557
810	556
812	556
812	554
813	554
813	550
812	550
812	548
811	548
811	542
810	542
810	540
809	540
809	532
808	532
808	530
807	530
807	508
806	508
806	506
805	506
805	504
804	504
804	502
803	502
803	496
802	496
802	494
801	494
801	488
800	488
800	486
799	486
799	485
798	485
798	484
797	484
797	482
796	482
796	480
794	480
794	478
793	478
793	477
792	477
792	471
791	471
791	468
790	468
790	466
789	466
789	464
788	464
788	462
787	462
787	461
786	461
786	460
785	460
785	456
784	456
784	454
783	454
783	453
782	453
782	452
780	452
780	451
768	451
768	452
766	452
766	453
765	453
765	454
764	454
764	455
762	455
762	456
760	456
760	457
756	457
756	458
754	458
754	460
753	460
753	461
752	461
752	462
750	462
750	463
749	463
749	464
748	464
748	465
747	465
747	466
746	466
746	467
745	467
745	468
744	468
744	469
743	469
743	470
742	470
742	472
741	472
741	473
739	473
739	475
738	475
738	476
736	476
736	477
735	477
735	478
733	478
733	479
731	479
731	480
730	480
730	481
728	481
728	482
726	482
726	484
724	484
724	485
722	485
722	486
721	486
721	487
719	487
719	488
718	488
718	489
717	489
717	490
716	490
716	491
715	491
715	493
714	493
714	494
713	494
713	495
712	495
712	496
711	496
711	498
710	498
710	500
709	500
709	502
708	502
708	503
707	503
707	504
706	504
706	506
705	506
705	507
704	507
704	509
702	509
702	511
700	511
700	512
699	512
699	513
698	513
698	514
697	514
697	515
695	515
695	516
694	516
694	517
692	517
692	518
691	518
691	519
690	519
690	520
689	520
689	521
688	521
688	522
686	522
686	523
684	523
684	524
683	524
683	525
682	525
682	526
681	526
681	527
679	527
679	528
678	528
678	529
677	529
677	530
675	530
675	531
673	531
673	533
670	533
670	534
668	534
668	535
667	535
667	536
665	536
665	537
663	537
663	538
662	538
662	539
661	539
661	540
660	540
660	541
658	541
658	543
657	543
657	544
656	544
656	546
655	546
655	547
654	547
654	548
653	548
653	549
652	549
652	550
651	550
651	552
650	552
650	554
649	554
649	555
648	555
648	556
647	556
647	557
645	557
645	558
644	558
644	557
641	557
641	559
639	559
639	558
638	558
638	557
637	557
637	559
638	559
638	560
639	560
639	561
636	561
636	562
638	562
638	563
636	563
636	562
635	562
635	563
634	563
634	562
635	562
635	561
636	561
636	560
637	560
637	559
635	559
635	560
634	560
634	561
633	561
633	562
632	562
632	563
630	563
630	564
629	564
629	565
626	565
626	566
625	566
625	567
626	567
626	568
627	568
627	566
628	566
628	567
629	567
629	568
630	568
630	567
632	567
632	566
634	566
634	565
635	565
635	566
634	566
634	567
632	567
632	568
630	568
630	569
629	569
629	570
627	570
627	571
626	571
626	570
623	570
623	571
621	571
621	573
619	573
619	574
614	574
614	575
612	575
612	576
610	576
610	577
608	577
608	578
606	578
606	579
603	579
603	580
601	580
601	581
598	581
598	582
597	582
597	581
593	581
593	582
592	582
592	581
591	581
591	582
590	582
590	581
587	581
587	582
582	582
582	583
579	583
579	584
580	584
580	585
579	585
579	584
577	584
577	585
574	585
574	586
572	586
572	587
569	587
569	588
568	588
568	589
565	589
565	590
561	590
561	591
559	591
559	592
556	592
556	594
555	594
555	593
553	593
553	594
543	594
543	593
541	593
541	592
531	592
531	591
529	591
529	590
526	590
526	589
524	589
524	588
523	588
523	587
521	587
521	586
519	586
519	585
517	585
517	584
515	584
515	583
513	583
513	582
512	582
512	581
510	581
510	580
506	580
506	579
502	579
502	578
500	578
500	577
496	577
496	576
493	576
493	575
491	575
491	574
489	574
489	570
488	570
488	568
486	568
486	567
484	567
484	566
482	566
482	565
481	565
481	564
480	564
480	563
478	563
478	562
476	562
476	561
474	561
474	560
472	560
472	559
470	559
470	558
469	558
469	557
467	557
467	556
466	556
466	555
464	555
464	553
463	553
463	552
462	552
462	551
460	551
460	550
459	550
459	549
457	549
457	548
456	548
456	547
455	547
455	546
454	546
454	545
452	545
452	544
451	544
451	543
450	543
450	542
448	542
448	541
447	541
447	540
445	540
445	539
443	539
443	538
441	538
441	537
439	537
439	536
437	536
437	535
435	535
435	534
433	534
433	533
432	533
432	532
430	532
430	531
427	531
427	530
426	530
426	529
425	529
425	528
423	528
423	527
419	527
419	526
417	526
417	525
413	525
413	524
408	524
408	523
406	523
406	522
403	522
403	521
402	521
402	520
401	520
401	519
400	519
400	518
399	518
399	516
398	516
398	514
397	514
397	511
396	511
396	509
395	509
395	506
394	506
394	486
395	486
395	483
396	483
396	468
397	468
397	444
396	444
396	442
395	442
395	432
394	432
394	430
393	430
393	424
392	424
392	422
391	422
391	412
390	412
390	410
389	410
389	406
388	406
388	403
387	403
387	404
386	404
386	403
387	403
387	400
386	400
386	398
385	398
385	395
382	395
382	394
380	394
380	395
379	395
379	393
376	393
376	392
374	392
374	390
373	390
373	389
371	389
371	388
369	388
369	386
368	386
368	385
367	385
367	383
365	383
365	384
364	384
364	383
362	383
362	382
360	382
360	381
358	381
358	380
356	380
356	379
342	379
342	380
341	380
341	379
339	379
339	381
337	381
337	382
336	382
