374	289
368	289
368	290
359	290
359	289
356	289
356	288
355	288
355	289
351	289
351	290
350	290
350	289
348	289
348	290
337	290
337	291
334	291
334	292
331	292
331	293
329	293
329	294
326	294
326	295
282	295
282	296
278	296
278	297
275	297
275	298
273	298
273	300
272	300
272	301
271	301
271	303
270	303
270	305
269	305
269	306
268	306
268	308
267	308
267	309
266	309
266	312
265	312
265	320
264	320
264	326
263	326
263	327
264	327
264	331
263	331
263	335
262	335
262	343
260	343
260	342
255	342
255	341
248	341
248	340
241	340
241	339
236	339
236	338
234	338
234	337
232	337
232	336
225	336
225	335
223	335
223	334
221	334
221	333
219	333
219	332
214	332
214	331
213	331
213	330
211	330
211	329
209	329
209	328
207	328
207	327
205	327
205	326
203	326
203	325
200	325
200	324
198	324
198	322
196	322
196	321
194	321
194	320
191	320
191	319
190	319
190	318
188	318
188	317
185	317
185	316
184	316
184	315
183	315
183	314
181	314
181	313
178	313
178	312
176	312
176	311
174	311
174	310
172	310
172	309
171	309
171	308
169	308
169	307
168	307
168	306
167	306
167	305
166	305
166	304
165	304
165	303
164	303
164	302
163	302
163	301
162	301
162	300
160	300
160	299
157	299
157	298
155	298
155	297
151	297
151	296
148	296
148	295
146	295
146	294
144	294
144	293
143	293
143	292
141	292
141	291
139	291
139	290
138	290
138	289
136	289
136	288
137	288
137	286
136	286
136	284
135	284
135	283
136	283
136	281
134	281
134	280
135	280
135	277
134	277
134	275
133	275
133	272
132	272
132	267
129	267
129	266
131	266
131	265
132	265
132	264
131	264
131	265
130	265
130	262
131	262
131	259
130	259
130	257
129	257
129	256
130	256
130	254
129	254
129	253
128	253
128	251
127	251
127	250
128	250
128	249
127	249
127	246
126	246
126	241
125	241
125	238
124	238
124	230
123	230
123	225
122	225
122	223
123	223
123	222
122	222
122	207
123	207
123	203
124	203
124	200
121	200
121	197
122	197
122	195
121	195
121	194
122	194
122	177
123	177
123	172
122	172
122	165
121	165
121	164
122	164
122	163
121	163
121	162
122	162
122	161
121	161
121	150
120	150
120	148
121	148
121	146
120	146
120	140
119	140
119	137
120	137
120	136
119	136
119	129
118	129
118	128
119	128
119	115
120	115
120	114
119	114
119	113
120	113
120	108
121	108
121	99
122	99
122	90
123	90
123	89
122	89
122	88
120	88
120	87
118	87
118	86
112	86
112	85
110	85
110	84
97	84
97	85
96	85
96	74
95	74
95	73
96	73
96	67
95	67
95	62
91	62
91	64
92	64
92	65
93	65
93	67
92	67
92	68
93	68
93	70
94	70
94	71
92	71
92	72
93	72
93	82
92	82
92	83
93	83
93	84
91	84
91	86
90	86
90	87
91	87
91	88
97	88
97	87
108	87
108	88
109	88
109	87
110	87
110	88
114	88
114	89
117	89
117	90
119	90
119	93
118	93
118	99
117	99
117	100
118	100
118	101
117	101
117	110
116	110
116	116
115	116
115	132
116	132
116	139
115	139
115	140
116	140
116	144
117	144
117	159
118	159
118	169
120	169
120	170
118	170
118	173
119	173
119	177
118	177
118	184
119	184
119	185
118	185
118	186
119	186
119	188
118	188
118	195
117	195
117	200
118	200
118	220
119	220
119	221
118	221
118	243
119	243
119	255
118	255
118	264
119	264
119	271
120	271
120	272
119	272
119	273
120	273
120	281
121	281
121	282
120	282
120	284
119	284
119	290
120	290
120	292
121	292
121	293
122	293
122	295
124	295
124	296
126	296
126	297
129	297
129	298
131	298
131	299
133	299
133	300
136	300
136	301
137	301
137	302
138	302
138	303
140	303
140	305
141	305
141	306
142	306
142	307
141	307
141	308
144	308
144	307
146	307
146	308
148	308
148	307
151	307
151	308
152	308
152	309
155	309
155	310
157	310
157	311
158	311
158	313
160	313
160	314
161	314
161	315
162	315
162	316
164	316
164	317
165	317
165	318
167	318
167	319
169	319
169	320
171	320
171	321
172	321
172	322
174	322
174	323
177	323
177	324
178	324
178	325
180	325
180	326
182	326
182	327
183	327
183	328
185	328
185	329
188	329
188	330
190	330
190	331
191	331
191	332
193	332
193	333
195	333
195	334
197	334
197	335
199	335
199	336
200	336
200	337
202	337
202	338
206	338
206	339
207	339
207	340
209	340
209	341
211	341
211	342
214	342
214	343
216	343
216	344
220	344
220	345
222	345
222	346
226	346
226	347
227	347
227	348
229	348
229	347
231	347
231	348
233	348
233	349
238	349
238	350
245	350
245	351
251	351
251	352
256	352
256	353
257	353
257	354
258	354
258	355
263	355
263	356
264	356
264	355
265	355
265	354
266	354
266	353
268	353
268	352
269	352
269	351
270	351
270	349
271	349
271	346
272	346
272	338
273	338
273	334
274	334
274	332
275	332
275	320
276	320
276	318
277	318
277	313
278	313
278	312
279	312
279	310
280	310
280	307
281	307
281	306
285	306
285	305
329	305
329	304
332	304
332	303
335	303
335	302
337	302
337	301
340	301
340	300
371	300
371	299
377	299
377	298
396	298
396	301
397	301
397	302
396	302
396	307
397	307
397	308
396	308
396	309
397	309
397	311
398	311
398	312
397	312
397	329
398	329
398	330
396	330
396	334
395	334
395	337
394	337
394	338
395	338
395	339
394	339
394	343
395	343
395	345
394	345
394	347
395	347
395	357
394	357
394	359
395	359
395	360
396	360
396	364
397	364
397	366
399	366
399	367
405	367
405	366
413	366
413	367
416	367
416	368
417	368
417	369
418	369
418	370
420	370
420	371
421	371
421	372
423	372
423	373
424	373
424	374
425	374
425	375
426	375
426	376
427	376
427	378
428	378
428	380
429	380
429	381
430	381
430	382
431	382
431	383
432	383
432	385
433	385
433	389
434	389
434	392
435	392
435	399
436	399
436	411
437	411
437	413
438	413
438	417
439	417
439	422
440	422
440	425
441	425
441	427
442	427
442	429
443	429
443	432
444	432
444	434
446	434
446	435
449	435
449	436
475	436
475	435
478	435
478	434
482	434
482	435
483	435
483	437
484	437
484	438
485	438
485	440
486	440
486	441
487	441
487	443
488	443
488	446
489	446
489	448
490	448
490	449
491	449
491	450
492	450
492	453
493	453
493	456
494	456
494	458
495	458
495	460
496	460
496	462
497	462
497	463
498	463
498	464
499	464
499	465
500	465
500	467
501	467
501	468
502	468
502	469
503	469
503	470
504	470
504	471
505	471
505	473
506	473
506	475
507	475
507	477
508	477
508	478
510	478
510	480
511	480
511	481
513	481
513	482
514	482
514	484
515	484
515	485
517	485
517	486
518	486
518	488
520	488
520	489
521	489
521	490
523	490
523	491
524	491
524	492
526	492
526	493
529	493
529	494
533	494
533	495
535	495
535	496
550	496
550	495
552	495
552	494
553	494
553	493
555	493
555	492
556	492
556	491
557	491
557	490
559	490
559	489
561	489
561	488
562	488
562	487
563	487
563	486
564	486
564	485
565	485
565	484
566	484
566	482
568	482
568	480
569	480
569	477
571	477
571	475
572	475
572	473
573	473
573	470
574	470
574	465
575	465
575	452
576	452
576	448
577	448
577	443
578	443
578	441
579	441
579	437
578	437
578	435
577	435
577	434
579	434
579	433
581	433
581	432
583	432
583	431
586	431
586	430
589	430
589	429
598	429
598	428
599	428
599	429
601	429
601	428
606	428
606	427
607	427
607	426
610	426
610	425
612	425
612	427
614	427
614	428
621	428
621	427
623	427
623	426
624	426
624	425
625	425
625	423
626	423
626	418
627	418
627	416
629	416
629	415
630	415
630	414
632	414
632	413
638	413
638	412
640	412
640	411
653	411
653	412
655	412
655	413
656	413
656	414
658	414
658	415
659	415
659	416
660	416
660	422
659	422
659	444
660	444
660	446
661	446
661	447
662	447
662	449
663	449
663	450
665	450
665	452
666	452
666	453
667	453
667	455
668	455
668	463
669	463
669	467
670	467
670	469
671	469
671	470
672	470
672	471
673	471
673	474
674	474
674	477
675	477
675	482
676	482
676	484
677	484
677	486
678	486
678	488
679	488
679	490
680	490
680	491
681	491
681	492
682	492
682	494
683	494
683	496
684	496
684	497
685	497
685	498
686	498
686	500
687	500
687	502
688	502
688	503
689	503
689	504
690	504
690	505
691	505
691	506
693	506
693	508
694	508
694	509
696	509
696	510
698	510
698	511
699	511
699	512
701	512
701	513
703	513
703	514
706	514
706	515
708	515
708	516
711	516
711	517
712	517
712	518
714	518
714	519
717	519
717	520
718	520
718	522
719	522
719	523
720	523
720	524
721	524
721	525
722	525
722	526
724	526
724	527
725	527
725	528
726	528
726	529
727	529
727	532
728	532
728	534
729	534
729	536
728	536
728	539
727	539
727	543
726	543
726	562
728	562
728	563
727	563
727	565
730	565
730	566
729	566
729	567
728	567
728	568
729	568
729	567
730	567
730	568
731	568
731	571
732	571
732	572
733	572
733	574
734	574
734	575
736	575
736	576
738	576
738	577
743	577
743	578
749	578
749	579
770	579
770	580
772	580
772	581
777	581
777	582
779	582
779	583
784	583
784	584
788	584
788	585
797	585
797	586
800	586
800	587
804	587
804	588
806	588
806	589
810	589
810	590
813	590
813	591
815	591
815	592
831	592
831	591
833	591
833	590
837	590
837	589
840	589
840	588
842	588
842	587
844	587
844	586
847	586
847	585
849	585
849	584
853	584
853	583
855	583
855	582
861	582
861	581
874	581
874	580
881	580
881	579
885	579
885	578
889	578
889	577
893	577
893	576
896	576
896	575
928	575
928	574
932	574
932	573
934	573
934	572
935	572
935	571
937	571
937	570
940	570
940	569
945	569
945	568
947	568
947	567
948	567
948	566
949	566
949	564
950	564
950	560
951	560
951	536
950	536
950	533
949	533
949	517
948	517
948	510
949	510
949	508
950	508
950	504
951	504
951	502
952	502
952	498
953	498
953	496
954	496
954	495
955	495
955	494
970	494
970	495
972	495
972	496
974	496
974	497
977	497
977	498
978	498
978	499
980	499
980	500
984	500
984	502
985	502
985	504
986	504
986	508
985	508
985	509
984	509
984	510
983	510
983	511
982	511
982	512
981	512
981	513
980	513
980	514
979	514
979	515
978	515
978	516
977	516
977	518
976	518
976	527
975	527
975	532
976	532
976	538
977	538
977	540
979	540
979	541
983	541
983	540
985	540
985	538
991	538
991	539
994	539
994	540
999	540
999	541
1000	541
1000	539
1001	539
1001	540
1007	540
1007	541
1009	541
1009	543
1011	543
1011	544
1013	544
1013	545
1014	545
1014	546
1016	546
1016	551
1017	551
1017	553
1019	553
1019	554
1023	554
1023	553
1025	553
1025	552
1026	552
1026	550
1029	550
1029	549
1028	549
1028	548
1031	548
1031	547
1032	547
1032	545
1034	545
1034	544
1033	544
1033	543
1035	543
1035	541
1036	541
1036	540
1038	540
1038	539
1040	539
1040	538
1042	538
1042	537
1044	537
1044	536
1046	536
1046	534
1047	534
1047	530
1048	530
1048	522
1049	522
1049	520
1050	520
1050	517
1051	517
1051	516
1052	516
1052	515
1053	515
1053	514
1056	514
1056	513
1077	513
1077	512
1079	512
1079	511
1086	511
1086	514
1085	514
1085	549
1086	549
1086	554
1087	554
1087	557
1088	557
1088	561
1089	561
1089	563
1090	563
1090	565
1091	565
1091	567
1092	567
1092	578
1091	578
1091	579
1092	579
1092	580
1091	580
1091	581
1092	581
1092	582
1093	582
1093	583
1092	583
1092	585
1093	585
1093	587
1092	587
1092	586
1091	586
1091	587
1092	587
1092	588
1091	588
1091	589
1092	589
1092	588
1093	588
1093	587
1094	587
1094	591
1093	591
1093	590
1092	590
1092	597
1094	597
1094	598
1092	598
1092	600
1093	600
1093	601
1094	601
1094	603
1093	603
1093	602
1092	602
1092	603
1093	603
1093	604
1092	604
1092	608
1093	608
1093	609
1092	609
1092	610
1093	610
1093	612
1092	612
1092	628
1091	628
1091	630
1092	630
1092	631
1091	631
1091	633
1092	633
1092	636
1091	636
1091	637
1093	637
1093	638
1092	638
1092	639
1095	639
1095	640
1113	640
1113	639
1115	639
1115	638
1117	638
1117	637
1123	637
1123	638
1127	638
1127	639
1129	639
1129	640
1133	640
1133	641
1140	641
1140	642
1142	642
1142	643
1147	643
1147	644
1148	644
1148	645
1150	645
1150	646
1155	646
1155	647
1179	647
1179	646
1181	646
1181	645
1183	645
1183	644
1184	644
1184	643
1185	643
1185	641
1187	641
1187	640
1189	640
1189	639
1190	639
1190	638
1191	638
1191	636
1192	636
1192	635
1210	635
1210	634
1215	634
1215	633
1217	633
1217	632
1219	632
1219	631
1223	631
1223	630
1225	630
1225	629
1228	629
1228	628
1231	628
1231	627
1234	627
1234	626
1244	626
1244	625
1246	625
1246	624
1248	624
1248	623
1253	623
1253	622
1255	622
1255	621
1256	621
1256	620
1258	620
1258	619
1259	619
1259	618
1261	618
1261	617
1262	617
1262	616
1263	616
1263	615
1264	615
1264	613
1265	613
1265	612
1266	612
1266	611
1267	611
1267	609
1268	609
1268	608
1269	608
1269	607
1270	607
1270	606
1272	606
1272	605
1274	605
1274	603
1276	603
1276	602
1277	602
1277	601
1278	601
1278	600
1279	600
1279	599
1280	599
1280	598
1281	598
1281	596
1282	596
1282	594
1283	594
1283	590
1284	590
1284	588
1285	588
1285	583
1286	583
1286	582
1287	582
1287	581
1288	581
1288	579
1289	579
1289	578
1290	578
1290	577
1291	577
1291	575
1292	575
1292	573
1293	573
1293	571
1294	571
1294	569
1295	569
1295	567
1296	567
1296	564
1297	564
1297	562
1298	562
1298	560
1299	560
1299	557
1300	557
1300	555
1301	555
1301	552
1302	552
1302	550
1303	550
1303	548
1304	548
1304	545
1305	545
1305	543
1306	543
1306	542
1307	542
1307	541
1308	541
1308	540
1309	540
1309	539
1310	539
1310	538
1312	538
1312	537
1313	537
1313	535
1314	535
1314	534
1315	534
1315	532
1316	532
1316	530
1317	530
1317	527
1318	527
1318	515
1319	515
1319	513
1320	513
1320	510
1321	510
1321	508
1322	508
1322	506
1323	506
1323	501
1324	501
1324	499
1325	499
1325	497
1326	497
1326	496
1328	496
1328	495
1333	495
1333	496
1337	496
1337	497
1338	497
1338	498
1340	498
1340	509
1341	509
1341	514
1342	514
1342	517
1343	517
1343	519
1344	519
1344	521
1345	521
1345	523
1346	523
1346	525
1347	525
1347	526
1350	526
1350	527
1352	527
1352	528
1354	528
1354	529
1356	529
1356	530
1362	530
1362	529
1364	529
1364	527
1366	527
1366	526
1368	526
1368	525
1369	525
1369	524
1371	524
1371	520
1372	520
1372	519
1373	519
1373	515
1374	515
1374	514
1373	514
1373	510
1374	510
1374	506
1375	506
1375	504
1376	504
1376	501
1377	501
1377	498
1378	498
1378	496
1379	496
1379	495
1380	495
1380	493
1381	493
1381	491
1383	491
1383	490
1384	490
1384	489
1385	489
1385	488
1387	488
1387	487
1389	487
1389	486
1392	486
1392	485
1396	485
1396	484
1398	484
1398	483
1405	483
1405	484
1414	484
1414	485
1424	485
1424	486
1426	486
1426	487
1429	487
1429	488
1430	488
1430	489
1431	489
1431	491
1432	491
1432	492
1433	492
1433	494
1434	494
1434	496
1435	496
1435	498
1436	498
1436	500
1437	500
1437	503
1438	503
1438	506
1439	506
1439	509
1440	509
1440	518
1441	518
1441	522
1442	522
1442	524
1443	524
1443	526
1444	526
1444	528
1445	528
1445	529
1446	529
1446	531
1447	531
1447	532
1448	532
1448	533
1449	533
1449	534
1450	534
1450	536
1451	536
1451	537
1453	537
1453	538
1454	538
1454	539
1455	539
1455	540
1456	540
1456	541
1458	541
1458	542
1460	542
1460	543
1462	543
1462	544
1464	544
1464	545
1469	545
1469	546
1472	546
1472	547
1474	547
1474	548
1477	548
1477	549
1480	549
1480	550
1482	550
1482	551
1484	551
1484	552
1485	552
1485	553
1487	553
1487	554
1490	554
1490	555
1493	555
1493	556
1494	556
1494	557
1496	557
1496	558
1498	558
1498	559
1500	559
1500	560
1501	560
1501	561
1502	561
1502	562
1503	562
1503	563
1504	563
1504	564
1505	564
1505	566
1506	566
1506	568
1507	568
1507	569
1508	569
1508	572
1509	572
1509	574
1510	574
1510	577
1511	577
1511	584
1512	584
1512	588
1513	588
1513	590
1514	590
1514	591
1515	591
1515	592
1517	592
1517	593
1565	593
1565	592
1569	592
1569	591
1571	591
1571	590
1573	590
1573	589
1574	589
1574	588
1583	588
1583	587
1587	587
1587	586
1589	586
1589	585
1591	585
1591	583
1592	583
1592	582
1593	582
1593	580
1594	580
1594	562
1595	562
1595	559
1596	559
1596	553
1597	553
1597	551
1598	551
1598	548
1599	548
1599	538
1600	538
1600	534
1601	534
1601	532
1602	532
1602	530
1603	530
1603	528
1604	528
1604	527
1605	527
1605	526
1606	526
1606	525
1608	525
1608	524
1609	524
1609	523
1610	523
1610	522
1611	522
1611	521
1612	521
1612	520
1614	520
1614	519
1616	519
1616	517
1618	517
1618	516
1620	516
1620	515
1621	515
1621	514
1625	514
1625	513
1627	513
1627	511
1631	511
1631	510
1633	510
1633	509
1634	509
1634	508
1637	508
1637	507
1639	507
1639	506
1640	506
1640	505
1641	505
1641	504
1643	504
1643	503
1645	503
1645	502
1646	502
1646	501
1647	501
1647	500
1648	500
1648	498
1649	498
1649	497
1650	497
1650	496
1651	496
1651	495
1652	495
1652	493
1653	493
1653	490
1654	490
1654	486
1655	486
1655	481
1656	481
1656	477
1657	477
1657	436
1658	436
1658	433
1659	433
1659	426
1660	426
1660	413
1659	413
1659	411
1658	411
1658	410
1657	410
1657	408
1656	408
1656	407
1655	407
1655	406
1654	406
1654	405
1653	405
1653	404
1652	404
1652	402
1651	402
1651	398
1650	398
1650	396
1649	396
1649	394
1648	394
1648	383
1651	383
1651	382
1654	382
1654	381
1658	381
1658	380
1663	380
1663	379
1667	379
1667	378
1669	378
1669	377
1674	377
1674	376
1677	376
1677	375
1679	375
1679	374
1681	374
1681	373
1697	373
1697	374
1698	374
1698	375
1700	375
1700	376
1701	376
1701	377
1702	377
1702	378
1703	378
1703	379
1704	379
1704	380
1705	380
1705	381
1706	381
1706	382
1707	382
1707	383
1708	383
1708	385
1709	385
1709	387
1710	387
1710	389
1711	389
1711	391
1712	391
1712	392
1713	392
1713	395
1714	395
1714	396
1713	396
1713	397
1714	397
1714	398
1715	398
1715	400
1716	400
1716	402
1717	402
1717	404
1718	404
1718	405
1720	405
1720	406
1721	406
1721	407
1722	407
1722	408
1723	408
1723	409
1724	409
1724	410
1725	410
1725	411
1726	411
1726	412
1727	412
1727	413
1728	413
1728	414
1729	414
1729	415
1731	415
1731	416
1732	416
1732	418
1733	418
1733	419
1734	419
1734	421
1736	421
1736	422
1737	422
1737	423
1736	423
1736	424
1737	424
1737	423
1739	423
1739	424
1738	424
1738	426
1739	426
1739	424
1740	424
1740	425
1741	425
1741	426
1742	426
1742	427
1743	427
1743	428
1744	428
1744	429
1745	429
1745	430
1746	430
1746	431
1747	431
1747	432
1748	432
1748	433
1749	433
1749	434
1751	434
1751	435
1753	435
1753	436
1755	436
1755	437
1757	437
1757	438
1760	438
1760	439
1762	439
1762	440
1764	440
1764	441
1767	441
1767	442
1770	442
1770	443
1772	443
1772	444
1774	444
1774	448
1775	448
1775	450
1776	450
1776	451
1777	451
1777	455
1778	455
1778	457
1779	457
1779	460
1780	460
1780	464
1781	464
1781	467
1782	467
1782	471
1783	471
1783	473
1784	473
1784	475
1785	475
1785	479
1786	479
1786	480
1787	480
1787	482
1788	482
1788	484
1789	484
1789	485
1791	485
1791	486
1810	486
1810	487
1814	487
1814	488
1818	488
1818	489
1819	489
1819	488
1834	488
1834	487
1836	487
1836	486
1837	486
1837	485
1838	485
1838	486
1839	486
1839	484
1841	484
1841	482
1842	482
1842	481
1843	481
1843	480
1844	480
1844	478
1845	478
1845	477
1846	477
1846	475
1847	475
1847	473
1848	473
1848	470
1849	470
1849	468
1850	468
1850	466
1851	466
1851	464
1852	464
1852	463
1853	463
1853	462
1855	462
1855	460
1856	460
1856	458
1857	458
1857	457
1858	457
1858	456
1859	456
1859	454
1860	454
1860	453
1861	453
1861	451
1863	451
1863	449
1865	449
1865	448
1866	448
1866	447
1868	447
1868	445
1869	445
1869	444
1870	444
1870	443
1871	443
1871	442
1872	442
1872	441
1873	441
1873	440
1874	440
1874	439
1876	439
1876	438
1877	438
1877	436
1878	436
1878	434
1879	434
1879	432
1880	432
1880	431
1881	431
1881	429
1882	429
1882	425
1883	425
1883	421
1884	421
1884	418
1885	418
1885	381
1884	381
1884	377
1883	377
1883	374
1882	374
1882	361
1881	361
1881	357
1880	357
1880	342
1881	342
1881	339
1882	339
1882	334
1883	334
1883	329
1884	329
1884	326
1885	326
1885	320
1886	320
1886	319
1887	319
1887	317
1888	317
1888	315
1889	315
1889	313
1890	313
1890	312
1891	312
1891	311
1892	311
1892	310
1893	310
1893	309
1894	309
1894	307
1895	307
1895	305
1896	305
1896	304
1897	304
1897	303
1898	303
1898	301
1899	301
1899	300
1900	300
1900	299
1902	299
1902	298
1904	298
1904	297
1906	297
1906	296
1908	296
1908	295
1910	295
1910	294
1911	294
1911	293
1914	293
1914	292
1916	292
1916	291
1917	291
1917	290
1924	290
1924	291
1926	291
1926	292
1935	292
1935	293
1957	293
1957	292
1963	292
1963	291
1966	291
1966	290
1969	290
1969	289
1974	289
1974	288
1977	288
1977	287
1979	287
1979	286
1983	286
1983	285
1985	285
1985	284
2010	284
2010	285
2012	285
2012	286
2014	286
2014	287
2018	287
2018	288
2023	288
2023	289
2025	289
2025	290
2030	290
2030	291
2033	291
2033	292
2038	292
2038	293
2040	293
2040	294
2044	294
2044	295
2047	295
2047	297
2052	297
2052	298
2053	298
2053	297
2055	297
2055	298
2064	298
2064	299
2066	299
2066	300
2090	300
2090	299
2092	299
2092	298
2093	298
2093	297
2095	297
2095	296
2096	296
2096	294
2097	294
2097	292
2098	292
2098	291
2099	291
2099	290
2100	290
2100	288
2101	288
2101	287
2102	287
2102	286
2103	286
2103	284
2104	284
2104	272
2105	272
2105	270
2106	270
2106	268
2107	268
2107	266
2108	266
2108	264
2109	264
2109	262
2111	262
2111	261
2112	261
2112	259
2113	259
2113	257
2115	257
2115	255
2116	255
2116	254
2117	254
2117	252
2118	252
2118	251
2119	251
2119	250
2120	250
2120	249
2121	249
2121	248
2122	248
2122	247
2124	247
2124	246
2125	246
2125	245
2127	245
2127	244
2128	244
2128	243
2129	243
2129	242
2130	242
2130	241
2132	241
2132	240
2136	240
2136	239
2139	239
2139	238
2141	238
2141	237
2147	237
2147	236
2150	236
2150	235
2154	235
2154	234
2156	234
2156	233
2159	233
2159	232
2162	232
2162	231
2164	231
2164	229
2166	229
2166	228
2167	228
2167	226
2169	226
2169	225
2170	225
2170	224
2171	224
2171	222
2172	222
2172	218
2173	218
2173	216
2174	216
2174	214
2175	214
2175	209
2176	209
2176	168
2177	168
2177	166
2178	166
2178	165
2179	165
2179	164
2180	164
2180	162
2182	162
2182	160
2183	160
2183	159
2184	159
2184	158
2185	158
2185	157
2186	157
2186	155
2187	155
2187	139
2188	139
2188	135
2189	135
2189	131
2190	131
2190	126
2191	126
2191	124
2192	124
2192	123
2193	123
2193	121
2194	121
2194	120
2195	120
2195	118
2196	118
2196	117
2197	117
2197	116
2199	116
2199	115
2200	115
2200	114
2201	114
2201	112
2202	112
2202	108
2203	108
2203	104
2202	104
2202	102
2200	102
2200	101
2196	101
2196	102
2194	102
2194	103
2193	103
2193	105
2192	105
2192	104
2191	104
2191	105
2189	105
2189	106
2191	106
2191	107
2189	107
2189	108
2190	108
2190	109
2189	109
2189	110
2188	110
2188	111
2187	111
2187	112
2186	112
2186	114
2185	114
2185	116
2184	116
2184	117
2183	117
2183	119
2182	119
2182	120
2181	120
2181	122
2180	122
2180	128
2179	128
2179	132
2178	132
2178	134
2177	134
2177	135
2178	135
2178	136
2177	136
2177	137
2176	137
2176	141
2175	141
2175	142
2176	142
2176	143
2175	143
2175	145
2176	145
2176	149
2175	149
2175	150
2176	150
2176	149
2177	149
2177	151
2175	151
2175	153
2174	153
2174	154
2173	154
2173	155
2172	155
2172	157
2171	157
2171	158
2170	158
2170	159
2169	159
2169	160
2168	160
2168	162
2167	162
2167	165
2166	165
2166	174
2165	174
2165	179
2166	179
2166	180
2164	180
2164	186
2163	186
2163	194
2164	194
2164	196
2166	196
2166	197
2164	197
2164	200
2166	200
2166	201
2164	201
2164	202
2166	202
2166	203
2164	203
2164	204
2165	204
2165	206
2164	206
2164	209
2163	209
2163	212
2162	212
2162	213
2161	213
2161	215
2160	215
2160	216
2159	216
2159	217
2158	217
2158	219
2157	219
2157	221
2156	221
2156	220
2155	220
2155	221
2154	221
2154	223
2153	223
2153	224
2151	224
2151	225
2146	225
2146	226
2140	226
2140	227
2138	227
2138	228
2136	228
2136	229
2133	229
2133	230
2129	230
2129	231
2127	231
2127	232
2125	232
2125	233
2123	233
2123	234
2122	234
2122	235
2121	235
2121	236
2120	236
2120	237
2118	237
2118	238
2117	238
2117	239
2115	239
2115	240
2113	240
2113	242
2112	242
2112	243
2111	243
2111	244
2110	244
2110	245
2109	245
2109	246
2108	246
2108	248
2107	248
2107	249
2106	249
2106	250
2105	250
2105	251
2104	251
2104	253
2103	253
2103	254
2102	254
2102	255
2101	255
2101	257
2099	257
2099	258
2098	258
2098	259
2097	259
2097	260
2098	260
2098	261
2097	261
2097	262
2095	262
2095	264
2094	264
2094	266
2093	266
2093	268
2094	268
2094	269
2093	269
2093	270
2092	270
2092	272
2093	272
2093	273
2092	273
2092	274
2093	274
2093	279
2094	279
2094	280
2092	280
2092	282
2091	282
2091	283
2090	283
2090	284
2089	284
2089	286
2087	286
2087	287
2086	287
2086	288
2087	288
2087	287
2088	287
2088	289
2086	289
2086	290
2085	290
2085	288
2084	288
2084	289
2083	289
2083	290
2070	290
2070	289
2068	289
2068	288
2059	288
2059	287
2057	287
2057	286
2053	286
2053	285
2048	285
2048	284
2044	284
2044	283
2042	283
2042	282
2036	282
2036	281
2033	281
2033	280
2028	280
2028	279
2026	279
2026	278
2022	278
2022	277
2018	277
2018	276
2016	276
2016	275
2014	275
2014	274
2003	274
2003	273
2002	273
2002	274
1981	274
1981	275
1979	275
1979	276
1975	276
1975	277
1973	277
1973	278
1970	278
1970	279
1966	279
1966	280
1963	280
1963	281
1960	281
1960	282
1953	282
1953	283
1938	283
1938	282
1932	282
1932	281
1930	281
1930	280
1928	280
1928	279
1919	279
1919	280
1913	280
1913	281
1911	281
1911	282
1910	282
1910	283
1907	283
1907	284
1905	284
1905	285
1904	285
1904	286
1902	286
1902	287
1900	287
1900	288
1898	288
1898	289
1896	289
1896	290
1894	290
1894	291
1893	291
1893	292
1891	292
1891	293
1890	293
1890	295
1889	295
1889	297
1887	297
1887	299
1886	299
1886	302
1885	302
1885	303
1884	303
1884	304
1883	304
1883	305
1882	305
1882	306
1881	306
1881	308
1880	308
1880	309
1879	309
1879	311
1878	311
1878	312
1877	312
1877	314
1876	314
1876	317
1875	317
1875	323
1874	323
1874	326
1873	326
1873	331
1872	331
1872	336
1871	336
1871	339
1870	339
1870	360
1871	360
1871	364
1872	364
1872	377
1873	377
1873	380
1874	380
1874	384
1875	384
1875	414
1874	414
1874	418
1873	418
1873	422
1872	422
1872	425
1871	425
1871	426
1870	426
1870	428
1869	428
1869	430
1868	430
1868	431
1867	431
1867	432
1866	432
1866	433
1865	433
1865	434
1864	434
1864	435
1863	435
1863	436
1862	436
1862	437
1861	437
1861	438
1860	438
1860	439
1858	439
1858	440
1857	440
1857	441
1856	441
1856	442
1855	442
1855	443
1854	443
1854	444
1853	444
1853	446
1852	446
1852	447
1851	447
1851	449
1850	449
1850	450
1849	450
1849	451
1848	451
1848	453
1847	453
1847	454
1846	454
1846	455
1845	455
1845	456
1844	456
1844	457
1843	457
1843	459
1842	459
1842	461
1841	461
1841	463
1840	463
1840	464
1839	464
1839	466
1838	466
1838	470
1837	470
1837	471
1836	471
1836	473
1835	473
1835	474
1834	474
1834	475
1833	475
1833	476
1831	476
1831	477
1830	477
1830	478
1817	478
1817	477
1813	477
1813	476
1796	476
1796	475
1795	475
1795	472
1794	472
1794	470
1793	470
1793	468
1792	468
1792	463
1791	463
1791	460
1790	460
1790	456
1789	456
1789	453
1788	453
1788	451
1787	451
1787	448
1786	448
1786	446
1785	446
1785	444
1784	444
1784	441
1783	441
1783	439
1782	439
1782	437
1781	437
1781	436
1780	436
1780	435
1778	435
1778	434
1777	434
1777	433
1775	433
1775	432
1771	432
1771	431
1769	431
1769	430
1767	430
1767	429
1763	429
1763	428
1761	428
1761	427
1759	427
1759	426
1756	426
1756	424
1754	424
1754	423
1753	423
1753	422
1752	422
1752	420
1750	420
1750	419
1749	419
1749	417
1747	417
1747	416
1746	416
1746	415
1744	415
1744	413
1742	413
1742	412
1741	412
1741	411
1740	411
1740	409
1739	409
1739	408
1738	408
1738	407
1737	407
1737	406
1736	406
1736	405
1734	405
1734	404
1733	404
1733	403
1732	403
1732	402
1731	402
1731	401
1730	401
1730	400
1729	400
1729	399
1728	399
1728	398
1727	398
1727	397
1726	397
1726	396
1725	396
1725	395
1724	395
1724	391
1723	391
1723	388
1722	388
1722	386
1721	386
1721	385
1720	385
1720	382
1719	382
1719	380
1717	380
1717	378
1716	378
1716	376
1715	376
1715	375
1714	375
1714	374
1713	374
1713	373
1712	373
1712	372
1711	372
1711	371
1710	371
1710	370
1709	370
1709	369
1708	369
1708	368
1707	368
1707	367
1706	367
1706	366
1705	366
1705	365
1703	365
1703	364
1700	364
1700	363
1678	363
1678	364
1675	364
1675	365
1673	365
1673	366
1670	366
1670	365
1669	365
1669	366
1670	366
1670	367
1665	367
1665	368
1663	368
1663	369
1660	369
1660	370
1655	370
1655	371
1651	371
1651	372
1648	372
1648	373
1644	373
1644	374
1642	374
1642	375
1641	375
1641	376
1640	376
1640	377
1639	377
1639	379
1638	379
1638	384
1637	384
1637	385
1638	385
1638	397
1639	397
1639	400
1640	400
1640	402
1641	402
1641	406
1642	406
1642	408
1643	408
1643	410
1644	410
1644	411
1645	411
1645	412
1646	412
1646	413
1647	413
1647	415
1649	415
1649	418
1650	418
1650	423
1649	423
1649	429
1648	429
1648	433
1647	433
1647	464
1646	464
1646	467
1647	467
1647	468
1646	468
1646	469
1647	469
1647	470
1645	470
1645	473
1647	473
1647	474
1646	474
1646	478
1645	478
1645	483
1644	483
1644	487
1643	487
1643	488
1642	488
1642	489
1641	489
1641	491
1640	491
1640	492
1639	492
1639	493
1638	493
1638	494
1637	494
1637	495
1636	495
1636	496
1633	496
1633	497
1632	497
1632	498
1630	498
1630	499
1628	499
1628	500
1627	500
1627	501
1624	501
1624	502
1622	502
1622	503
1620	503
1620	504
1617	504
1617	505
1615	505
1615	506
1614	506
1614	507
1613	507
1613	508
1611	508
1611	509
1609	509
1609	510
1608	510
1608	511
1606	511
1606	512
1605	512
1605	513
1603	513
1603	515
1601	515
1601	517
1599	517
1599	518
1598	518
1598	519
1597	519
1597	520
1596	520
1596	521
1595	521
1595	523
1594	523
1594	524
1593	524
1593	526
1592	526
1592	528
1591	528
1591	531
1590	531
1590	535
1589	535
1589	539
1588	539
1588	543
1587	543
1587	544
1588	544
1588	545
1587	545
1587	550
1586	550
1586	556
1585	556
1585	559
1584	559
1584	577
1579	577
1579	578
1570	578
1570	579
1568	579
1568	580
1567	580
1567	581
1565	581
1565	582
1562	582
1562	583
1522	583
1522	581
1521	581
1521	574
1520	574
1520	569
1518	569
1518	566
1517	566
1517	564
1516	564
1516	562
1515	562
1515	560
1514	560
1514	558
1513	558
1513	557
1512	557
1512	556
1511	556
1511	555
1510	555
1510	554
1509	554
1509	553
1508	553
1508	552
1507	552
1507	551
1506	551
1506	550
1504	550
1504	549
1501	549
1501	548
1500	548
1500	547
1498	547
1498	546
1496	546
1496	545
1494	545
1494	544
1492	544
1492	543
1490	543
1490	542
1487	542
1487	541
1486	541
1486	540
1484	540
1484	539
1481	539
1481	538
1478	538
1478	537
1476	537
1476	536
1472	536
1472	535
1468	535
1468	534
1466	534
1466	533
1464	533
1464	532
1463	532
1463	531
1461	531
1461	530
1460	530
1460	529
1458	529
1458	527
1457	527
1457	526
1456	526
1456	525
1455	525
1455	523
1454	523
1454	522
1453	522
1453	520
1452	520
1452	518
1451	518
1451	515
1450	515
1450	505
1449	505
1449	502
1448	502
1448	500
1447	500
1447	497
1446	497
1446	495
1445	495
1445	493
1444	493
1444	491
1443	491
1443	488
1442	488
1442	486
1441	486
1441	485
1440	485
1440	483
1439	483
1439	481
1438	481
1438	480
1437	480
1437	479
1435	479
1435	478
1432	478
1432	477
1430	477
1430	476
1428	476
1428	475
1417	475
1417	474
1408	474
1408	473
1394	473
1394	474
1391	474
1391	475
1389	475
1389	476
1385	476
1385	477
1383	477
1383	478
1381	478
1381	479
1379	479
1379	480
1378	480
1378	481
1377	481
1377	482
1375	482
1375	483
1374	483
1374	484
1373	484
1373	486
1372	486
1372	488
1371	488
1371	489
1370	489
1370	490
1369	490
1369	492
1368	492
1368	495
1367	495
1367	497
1366	497
1366	500
1365	500
1365	503
1364	503
1364	507
1363	507
1363	511
1362	511
1362	515
1361	515
1361	517
1360	517
1360	518
1359	518
1359	519
1357	519
1357	518
1356	518
1356	517
1354	517
1354	516
1353	516
1353	513
1352	513
1352	510
1351	510
1351	506
1350	506
1350	495
1349	495
1349	493
1348	493
1348	491
1347	491
1347	490
1345	490
1345	488
1343	488
1343	487
1340	487
1340	486
1336	486
1336	485
1324	485
1324	486
1322	486
1322	487
1320	487
1320	488
1319	488
1319	489
1318	489
1318	490
1317	490
1317	492
1316	492
1316	493
1315	493
1315	495
1314	495
1314	498
1313	498
1313	503
1312	503
1312	504
1311	504
1311	506
1310	506
1310	509
1309	509
1309	511
1308	511
1308	524
1307	524
1307	527
1306	527
1306	528
1305	528
1305	530
1303	530
1303	531
1302	531
1302	532
1301	532
1301	533
1299	533
1299	534
1298	534
1298	535
1297	535
1297	537
1296	537
1296	539
1295	539
1295	541
1294	541
1294	544
1293	544
1293	546
1292	546
1292	549
1291	549
1291	551
1290	551
1290	553
1289	553
1289	556
1288	556
1288	558
1287	558
1287	561
1286	561
1286	564
1285	564
1285	565
1284	565
1284	567
1283	567
1283	569
1282	569
1282	571
1280	571
1280	573
1279	573
1279	575
1278	575
1278	576
1277	576
1277	578
1276	578
1276	580
1275	580
1275	584
1274	584
1274	586
1273	586
1273	591
1272	591
1272	592
1270	592
1270	594
1269	594
1269	595
1267	595
1267	596
1266	596
1266	597
1265	597
1265	598
1263	598
1263	599
1262	599
1262	600
1261	600
1261	601
1260	601
1260	602
1259	602
1259	604
1258	604
1258	605
1256	605
1256	607
1255	607
1255	608
1254	608
1254	609
1253	609
1253	610
1251	610
1251	611
1250	611
1250	612
1248	612
1248	613
1245	613
1245	614
1242	614
1242	615
1240	615
1240	616
1230	616
1230	617
1228	617
1228	618
1225	618
1225	619
1222	619
1222	620
1220	620
1220	621
1216	621
1216	622
1213	622
1213	623
1211	623
1211	624
1207	624
1207	625
1188	625
1188	626
1186	626
1186	627
1184	627
1184	628
1183	628
1183	630
1182	630
1182	632
1180	632
1180	633
1178	633
1178	634
1177	634
1177	635
1176	635
1176	637
1158	637
1158	636
1155	636
1155	635
1153	635
1153	634
1150	634
1150	633
1145	633
1145	632
1143	632
1143	631
1136	631
1136	630
1132	630
1132	629
1130	629
1130	628
1126	628
1126	627
1114	627
1114	628
1111	628
1111	629
1109	629
1109	630
1102	630
1102	617
1103	617
1103	610
1104	610
1104	571
1103	571
1103	565
1102	565
1102	563
1101	563
1101	561
1100	561
1100	559
1099	559
1099	558
1098	558
1098	554
1097	554
1097	551
1096	551
1096	546
1095	546
1095	518
1096	518
1096	514
1097	514
1097	513
1098	513
1098	511
1099	511
1099	504
1098	504
1098	501
1097	501
1097	502
1096	502
1096	501
1075	501
1075	502
1073	502
1073	503
1053	503
1053	504
1049	504
1049	505
1047	505
1047	506
1046	506
1046	507
1045	507
1045	508
1043	508
1043	509
1042	509
1042	511
1041	511
1041	513
1040	513
1040	516
1039	516
1039	519
1038	519
1038	526
1037	526
1037	528
1036	528
1036	529
1034	529
1034	530
1032	530
1032	531
1030	531
1030	532
1027	532
1027	533
1025	533
1025	534
1024	534
1024	535
1022	535
1022	537
1021	537
1021	539
1020	539
1020	540
1019	540
1019	542
1018	542
1018	544
1017	544
1017	545
1016	545
1016	544
1014	544
1014	542
1011	542
1011	541
1010	541
1010	540
1008	540
1008	539
1007	539
1007	538
1005	538
1005	537
994	537
994	536
990	536
990	535
986	535
986	522
987	522
987	521
988	521
988	520
989	520
989	519
990	519
990	518
992	518
992	516
993	516
993	515
994	515
994	514
995	514
995	512
996	512
996	500
995	500
995	498
994	498
994	496
993	496
993	494
992	494
992	493
991	493
991	492
989	492
989	491
987	491
987	490
984	490
984	489
982	489
982	488
980	488
980	487
978	487
978	486
975	486
975	485
973	485
973	484
952	484
952	485
950	485
950	486
948	486
948	487
947	487
947	488
946	488
946	489
945	489
945	491
944	491
944	492
943	492
943	494
942	494
942	498
941	498
941	500
940	500
940	504
939	504
939	506
938	506
938	520
939	520
939	536
940	536
940	539
941	539
941	556
940	556
940	559
937	559
937	560
925	560
925	561
923	561
923	562
920	562
920	563
917	563
917	564
916	564
916	565
915	565
915	564
914	564
914	565
893	565
893	566
890	566
890	567
886	567
886	568
882	568
882	569
878	569
878	570
871	570
871	571
858	571
858	572
852	572
852	573
850	573
850	574
845	574
845	575
843	575
843	576
841	576
841	577
838	577
838	578
836	578
836	579
833	579
833	580
830	580
830	581
828	581
828	582
819	582
819	581
817	581
817	580
813	580
813	579
810	579
810	578
808	578
808	577
803	577
803	576
800	576
800	575
791	575
791	574
787	574
787	573
782	573
782	572
780	572
780	571
775	571
775	570
773	570
773	569
752	569
752	568
746	568
746	567
742	567
742	566
741	566
741	563
740	563
740	561
739	561
739	560
738	560
738	558
737	558
737	557
736	557
736	547
737	547
737	542
738	542
738	540
739	540
739	530
738	530
738	528
737	528
737	526
736	526
736	523
735	523
735	521
733	521
733	520
732	520
732	518
730	518
730	517
728	517
728	516
727	516
727	515
726	515
726	513
725	513
725	512
724	512
724	511
723	511
723	510
721	510
721	509
718	509
718	508
716	508
716	507
714	507
714	506
711	506
711	505
709	505
709	504
707	504
707	503
705	503
705	502
703	502
703	501
701	501
701	499
700	499
700	498
698	498
698	497
697	497
697	495
696	495
696	494
695	494
695	492
694	492
694	491
693	491
693	489
692	489
692	488
691	488
691	486
690	486
690	485
689	485
689	484
688	484
688	482
687	482
687	481
686	481
686	478
685	478
685	474
684	474
684	470
683	470
683	467
682	467
682	465
681	465
681	464
680	464
680	462
679	462
679	460
678	460
678	450
677	450
677	448
675	448
675	446
674	446
674	445
673	445
673	443
672	443
672	442
671	442
671	441
670	441
670	440
669	440
669	425
670	425
670	411
669	411
669	409
667	409
667	407
666	407
666	406
664	406
664	405
662	405
662	404
660	404
660	403
659	403
659	402
657	402
657	401
637	401
637	402
634	402
634	403
629	403
629	404
627	404
627	405
625	405
625	406
623	406
623	407
622	407
622	408
620	408
620	409
619	409
619	411
618	411
618	413
617	413
617	415
616	415
616	418
614	418
614	419
612	419
612	421
611	421
611	423
609	423
609	424
607	424
607	425
604	425
604	426
593	426
593	427
586	427
586	428
583	428
583	429
581	429
581	430
579	430
579	431
577	431
577	432
575	432
575	433
573	433
573	434
572	434
572	435
570	435
570	436
569	436
569	438
568	438
568	440
567	440
567	444
566	444
566	448
565	448
565	462
564	462
564	467
563	467
563	469
562	469
562	470
561	470
561	472
560	472
560	474
559	474
559	475
558	475
558	477
557	477
557	478
556	478
556	479
555	479
555	480
552	480
552	481
551	481
551	482
550	482
550	483
549	483
549	484
548	484
548	485
546	485
546	486
539	486
539	485
536	485
536	484
532	484
532	483
530	483
530	482
528	482
528	480
526	480
526	479
525	479
525	478
524	478
524	477
523	477
523	476
522	476
522	475
521	475
521	474
520	474
520	473
518	473
518	471
517	471
517	470
516	470
516	469
515	469
515	467
514	467
514	466
513	466
513	464
512	464
512	463
511	463
511	462
510	462
510	461
509	461
509	459
508	459
508	457
506	457
506	456
505	456
505	454
504	454
504	453
503	453
503	450
502	450
502	447
501	447
501	445
500	445
500	443
499	443
499	442
498	442
498	439
497	439
497	437
496	437
496	435
495	435
495	434
494	434
494	432
493	432
493	430
492	430
492	429
491	429
491	427
490	427
490	426
488	426
488	425
486	425
486	424
484	424
484	423
480	423
480	424
474	424
474	425
472	425
472	426
452	426
452	423
451	423
451	421
450	421
450	418
449	418
449	414
448	414
448	410
447	410
447	408
446	408
446	395
445	395
445	389
444	389
444	385
443	385
443	382
442	382
442	378
441	378
441	376
440	376
440	375
438	375
438	373
437	373
437	372
436	372
436	370
435	370
435	369
434	369
434	368
433	368
433	367
432	367
432	366
431	366
431	364
429	364
429	363
427	363
427	362
425	362
425	361
424	361
424	360
423	360
423	359
421	359
421	358
419	358
419	357
417	357
417	356
406	356
406	341
407	341
407	333
408	333
408	320
409	320
409	302
408	302
408	300
407	300
407	298
406	298
406	292
405	292
405	290
403	290
403	289
401	289
401	288
374	288
