1481	273
1480	273
1480	274
1479	274
1479	275
1478	275
1478	276
1477	276
1477	277
1476	277
1476	278
1475	278
1475	279
1474	279
1474	280
1470	280
1470	281
1467	281
1467	282
1461	282
1461	283
1457	283
1457	284
1454	284
1454	285
1453	285
1453	286
1451	286
1451	287
1450	287
1450	288
1449	288
1449	289
1448	289
1448	290
1447	290
1447	292
1446	292
1446	294
1445	294
1445	295
1444	295
1444	297
1442	297
1442	299
1441	299
1441	300
1440	300
1440	302
1439	302
1439	304
1438	304
1438	306
1437	306
1437	307
1436	307
1436	308
1435	308
1435	310
1433	310
1433	311
1431	311
1431	312
1429	312
1429	314
1428	314
1428	315
1427	315
1427	316
1426	316
1426	317
1425	317
1425	318
1424	318
1424	322
1423	322
1423	326
1422	326
1422	328
1421	328
1421	329
1422	329
1422	330
1421	330
1421	334
1420	334
1420	340
1419	340
1419	341
1420	341
1420	345
1421	345
1421	348
1420	348
1420	350
1421	350
1421	352
1420	352
1420	356
1419	356
1419	361
1418	361
1418	362
1416	362
1416	363
1413	363
1413	364
1412	364
1412	363
1411	363
1411	364
1410	364
1410	365
1409	365
1409	366
1408	366
1408	367
1406	367
1406	368
1402	368
1402	369
1395	369
1395	370
1390	370
1390	371
1388	371
1388	372
1385	372
1385	373
1378	373
1378	374
1376	374
1376	375
1373	375
1373	376
1371	376
1371	377
1366	377
1366	378
1364	378
1364	379
1357	379
1357	378
1353	378
1353	379
1347	379
1347	380
1346	380
1346	381
1344	381
1344	382
1342	382
1342	383
1340	383
1340	384
1333	384
1333	385
1330	385
1330	386
1328	386
1328	387
1326	387
1326	388
1325	388
1325	389
1320	389
1320	390
1319	390
1319	391
1317	391
1317	392
1315	392
1315	393
1314	393
1314	395
1313	395
1313	396
1312	396
1312	398
1311	398
1311	401
1310	401
1310	405
1309	405
1309	406
1308	406
1308	407
1302	407
1302	408
1301	408
1301	407
1300	407
1300	408
1294	408
1294	409
1291	409
1291	410
1290	410
1290	409
1289	409
1289	410
1286	410
1286	409
1277	409
1277	408
1267	408
1267	407
1263	407
1263	408
1261	408
1261	409
1260	409
1260	408
1259	408
1259	409
1253	409
1253	410
1246	410
1246	411
1243	411
1243	412
1241	412
1241	413
1240	413
1240	414
1239	414
1239	415
1238	415
1238	416
1237	416
1237	417
1236	417
1236	419
1235	419
1235	420
1234	420
1234	422
1233	422
1233	423
1232	423
1232	424
1231	424
1231	425
1230	425
1230	429
1229	429
1229	433
1228	433
1228	435
1229	435
1229	436
1228	436
1228	445
1229	445
1229	450
1230	450
1230	455
1229	455
1229	457
1230	457
1230	459
1229	459
1229	463
1228	463
1228	464
1227	464
1227	466
1226	466
1226	468
1224	468
1224	470
1222	470
1222	471
1221	471
1221	473
1220	473
1220	477
1219	477
1219	479
1220	479
1220	482
1219	482
1219	491
1218	491
1218	492
1219	492
1219	493
1218	493
1218	496
1217	496
1217	497
1212	497
1212	498
1211	498
1211	497
1210	497
1210	496
1207	496
1207	495
1206	495
1206	494
1205	494
1205	493
1204	493
1204	492
1203	492
1203	491
1202	491
1202	489
1200	489
1200	487
1199	487
1199	486
1198	486
1198	485
1197	485
1197	483
1196	483
1196	482
1195	482
1195	480
1194	480
1194	479
1193	479
1193	478
1192	478
1192	476
1191	476
1191	475
1189	475
1189	474
1187	474
1187	473
1186	473
1186	472
1185	472
1185	471
1183	471
1183	470
1180	470
1180	469
1176	469
1176	468
1171	468
1171	467
1169	467
1169	468
1168	468
1168	467
1167	467
1167	468
1165	468
1165	467
1164	467
1164	468
1163	468
1163	469
1158	469
1158	470
1156	470
1156	471
1152	471
1152	472
1149	472
1149	473
1147	473
1147	474
1145	474
1145	473
1144	473
1144	474
1142	474
1142	475
1141	475
1141	476
1140	476
1140	477
1138	477
1138	478
1137	478
1137	479
1135	479
1135	480
1134	480
1134	479
1133	479
1133	481
1128	481
1128	482
1125	482
1125	483
1123	483
1123	484
1121	484
1121	485
1119	485
1119	486
1118	486
1118	487
1116	487
1116	488
1115	488
1115	489
1114	489
1114	491
1110	491
1110	492
1109	492
1109	493
1108	493
1108	494
1104	494
1104	493
1102	493
1102	492
1100	492
1100	491
1098	491
1098	488
1097	488
1097	487
1096	487
1096	486
1095	486
1095	484
1094	484
1094	481
1095	481
1095	479
1096	479
1096	477
1097	477
1097	475
1098	475
1098	473
1099	473
1099	469
1098	469
1098	465
1099	465
1099	456
1100	456
1100	454
1101	454
1101	453
1102	453
1102	451
1103	451
1103	449
1104	449
1104	447
1105	447
1105	444
1104	444
1104	443
1103	443
1103	442
1102	442
1102	441
1101	441
1101	438
1099	438
1099	437
1098	437
1098	435
1096	435
1096	434
1095	434
1095	433
1093	433
1093	432
1089	432
1089	431
1088	431
1088	432
1087	432
1087	431
1079	431
1079	432
1074	432
1074	431
1073	431
1073	433
1070	433
1070	434
1068	434
1068	435
1066	435
1066	436
1065	436
1065	437
1064	437
1064	438
1063	438
1063	439
1062	439
1062	438
1061	438
1061	439
1060	439
1060	440
1059	440
1059	441
1058	441
1058	442
1057	442
1057	444
1056	444
1056	445
1054	445
1054	446
1053	446
1053	447
1051	447
1051	448
1050	448
1050	449
1051	449
1051	450
1050	450
1050	452
1049	452
1049	458
1048	458
1048	461
1049	461
1049	467
1050	467
1050	469
1049	469
1049	471
1050	471
1050	473
1051	473
1051	484
1050	484
1050	490
1049	490
1049	496
1048	496
1048	500
1045	500
1045	499
1044	499
1044	500
1043	500
1043	499
1037	499
1037	498
1035	498
1035	497
1034	497
1034	498
1031	498
1031	499
1028	499
1028	500
1027	500
1027	501
1024	501
1024	502
1023	502
1023	503
1022	503
1022	504
1020	504
1020	505
1019	505
1019	508
1018	508
1018	511
1017	511
1017	517
1016	517
1016	525
1015	525
1015	530
1014	530
1014	533
1013	533
1013	541
1012	541
1012	542
1011	542
1011	546
1012	546
1012	551
1011	551
1011	561
1010	561
1010	563
1011	563
1011	564
1004	564
1004	563
998	563
998	562
985	562
985	561
979	561
979	560
974	560
974	559
972	559
972	560
971	560
971	559
963	559
963	558
959	558
959	556
956	556
956	558
955	558
955	557
953	557
953	556
952	556
952	557
950	557
950	558
948	558
948	557
946	557
946	556
943	556
943	555
941	555
941	554
940	554
940	553
937	553
937	552
935	552
935	551
933	551
933	550
919	550
919	549
916	549
916	550
912	550
912	549
910	549
910	548
907	548
907	547
904	547
904	546
902	546
902	545
899	545
899	544
895	544
895	543
892	543
892	542
887	542
887	541
881	541
881	540
878	540
878	539
874	539
874	538
867	538
867	537
863	537
863	536
862	536
862	535
861	535
861	534
860	534
860	533
859	533
859	532
856	532
856	531
855	531
855	530
854	530
854	529
853	529
853	528
849	528
849	529
847	529
847	531
846	531
846	530
844	530
844	529
841	529
841	528
840	528
840	529
834	529
834	528
832	528
832	529
830	529
830	530
828	530
828	531
827	531
827	532
826	532
826	534
825	534
825	535
823	535
823	534
822	534
822	535
821	535
821	536
820	536
820	539
819	539
819	543
818	543
818	544
817	544
817	545
816	545
816	547
815	547
815	548
814	548
814	550
813	550
813	552
812	552
812	554
811	554
811	557
808	557
808	556
806	556
806	555
804	555
804	553
803	553
803	552
802	552
802	551
801	551
801	550
800	550
800	548
799	548
799	545
797	545
797	544
794	544
794	543
791	543
791	542
789	542
789	541
785	541
785	540
782	540
782	539
781	539
781	538
775	538
775	537
770	537
770	536
767	536
767	535
766	535
766	534
763	534
763	533
760	533
760	532
757	532
757	531
745	531
745	530
744	530
744	529
743	529
743	528
741	528
741	527
738	527
738	526
737	526
737	525
734	525
734	524
732	524
732	523
730	523
730	524
729	524
729	523
727	523
727	522
726	522
726	521
724	521
724	520
721	520
721	521
718	521
718	520
717	520
717	518
716	518
716	517
715	517
715	516
714	516
714	515
711	515
711	514
708	514
708	513
705	513
705	512
696	512
696	511
695	511
695	510
689	510
689	509
684	509
684	508
683	508
683	507
681	507
681	499
680	499
680	497
681	497
681	496
680	496
680	493
681	493
681	488
680	488
680	486
679	486
679	485
680	485
680	484
684	484
684	483
686	483
686	482
687	482
687	483
690	483
690	484
693	484
693	481
697	481
697	483
698	483
698	486
699	486
699	487
702	487
702	486
703	486
703	481
702	481
702	477
701	477
701	476
700	476
700	475
701	475
701	474
700	474
700	472
699	472
699	471
696	471
696	476
691	476
691	477
687	477
687	478
684	478
684	479
679	479
679	480
675	480
675	481
673	481
673	482
670	482
670	483
667	483
667	484
665	484
665	485
664	485
664	486
662	486
662	487
660	487
660	488
659	488
659	489
657	489
657	490
656	490
656	491
655	491
655	492
653	492
653	494
650	494
650	495
648	495
648	496
647	496
647	498
646	498
646	499
645	499
645	501
644	501
644	504
643	504
643	510
642	510
642	511
641	511
641	513
640	513
640	514
639	514
639	515
638	515
638	516
637	516
637	517
636	517
636	519
635	519
635	520
634	520
634	522
633	522
633	524
632	524
632	528
631	528
631	529
625	529
625	528
624	528
624	527
623	527
623	528
622	528
622	527
620	527
620	526
618	526
618	525
617	525
617	526
616	526
616	525
610	525
610	522
609	522
609	520
608	520
608	518
606	518
606	517
604	517
604	516
603	516
603	515
602	515
602	514
601	514
601	513
600	513
600	512
599	512
599	511
597	511
597	510
595	510
595	509
594	509
594	510
593	510
593	509
591	509
591	510
572	510
572	511
570	511
570	510
556	510
556	509
555	509
555	510
554	510
554	509
550	509
550	508
549	508
549	507
542	507
542	506
536	506
536	505
535	505
535	506
533	506
533	505
523	505
523	506
521	506
521	505
512	505
512	504
510	504
510	505
508	505
508	504
501	504
501	503
498	503
498	502
495	502
495	501
494	501
494	500
493	500
493	499
492	499
492	497
491	497
491	495
490	495
490	492
489	492
489	488
488	488
488	484
487	484
487	482
484	482
484	481
482	481
482	480
481	480
481	479
479	479
479	476
478	476
478	474
477	474
477	473
476	473
476	472
475	472
475	470
474	470
474	469
473	469
473	467
471	467
471	465
470	465
470	463
469	463
469	462
468	462
468	458
469	458
469	457
470	457
470	456
472	456
472	453
471	453
471	447
470	447
470	442
471	442
471	440
472	440
472	439
471	439
471	434
470	434
470	432
471	432
471	428
470	428
470	426
471	426
471	421
472	421
472	418
471	418
471	417
472	417
472	411
473	411
473	408
475	408
475	407
474	407
474	406
475	406
475	403
473	403
473	402
472	402
472	397
470	397
470	396
468	396
468	395
467	395
467	394
462	394
462	393
459	393
459	392
453	392
453	391
451	391
451	392
449	392
449	393
445	393
445	394
443	394
443	395
441	395
441	397
437	397
437	398
436	398
436	399
433	399
433	400
431	400
431	401
430	401
430	402
428	402
428	403
427	403
427	404
426	404
426	406
425	406
425	409
424	409
424	410
423	410
423	411
424	411
424	414
423	414
423	417
422	417
422	420
421	420
421	421
419	421
419	422
418	422
418	423
416	423
416	424
414	424
414	425
413	425
413	426
412	426
412	427
411	427
411	428
409	428
409	429
408	429
408	430
406	430
406	431
394	431
394	430
393	430
393	429
391	429
391	428
390	428
390	427
388	427
388	426
387	426
387	425
385	425
385	424
384	424
384	423
378	423
378	422
374	422
374	421
373	421
373	420
369	420
369	419
368	419
368	420
367	420
367	419
359	419
359	418
356	418
356	419
354	419
354	418
351	418
351	417
349	417
349	416
348	416
348	415
346	415
346	414
345	414
345	412
343	412
343	411
341	411
341	410
340	410
340	407
339	407
339	405
338	405
338	398
337	398
337	396
336	396
336	395
335	395
335	394
333	394
333	393
331	393
331	392
329	392
329	391
325	391
325	389
315	389
315	388
305	388
305	387
303	387
303	386
302	386
302	385
301	385
301	378
302	378
302	370
303	370
303	368
304	368
304	366
303	366
303	364
304	364
304	363
303	363
303	362
304	362
304	360
303	360
303	353
304	353
304	347
303	347
303	346
302	346
302	345
301	345
301	344
300	344
300	343
299	343
299	342
298	342
298	340
297	340
297	338
295	338
295	337
292	337
292	336
290	336
290	334
289	334
289	333
290	333
290	330
289	330
289	329
290	329
290	328
289	328
289	324
290	324
290	320
289	320
289	317
290	317
290	312
289	312
289	311
290	311
290	301
291	301
291	300
290	300
290	292
289	292
289	290
290	290
290	289
289	289
289	285
288	285
288	284
289	284
289	279
290	279
290	277
289	277
289	268
288	268
288	266
289	266
289	262
288	262
288	260
289	260
289	257
288	257
288	253
289	253
289	231
290	231
290	228
289	228
289	227
290	227
290	219
291	219
291	217
292	217
292	213
293	213
293	212
294	212
294	211
293	211
293	208
294	208
294	206
295	206
295	203
294	203
294	202
295	202
295	201
294	201
294	200
295	200
295	199
294	199
294	194
293	194
293	193
292	193
292	192
291	192
291	190
290	190
290	189
289	189
289	186
288	186
288	185
287	185
287	184
286	184
286	183
285	183
285	182
283	182
283	181
279	181
279	180
277	180
277	179
273	179
273	178
264	178
264	179
261	179
261	180
260	180
260	181
252	181
252	182
249	182
249	181
245	181
245	180
238	180
238	179
237	179
237	180
236	180
236	179
231	179
231	180
229	180
229	181
227	181
227	180
226	180
226	181
225	181
225	180
224	180
224	181
219	181
219	180
208	180
208	179
205	179
205	178
193	178
193	177
190	177
190	176
188	176
188	175
186	175
186	174
183	174
183	173
182	173
182	172
179	172
179	171
178	171
178	172
166	172
166	171
164	171
164	170
152	170
152	171
150	171
150	172
133	172
133	170
132	170
132	167
131	167
131	166
130	166
130	163
129	163
129	160
130	160
130	159
129	159
129	158
130	158
130	156
131	156
131	148
132	148
132	144
133	144
133	140
134	140
134	139
133	139
133	138
134	138
134	128
135	128
135	127
134	127
134	123
133	123
133	119
132	119
132	117
131	117
131	113
130	113
130	112
129	112
129	111
128	111
128	109
126	109
126	107
125	107
125	105
124	105
124	104
123	104
123	102
122	102
122	101
121	101
121	100
120	100
120	99
119	99
119	98
118	98
118	97
116	97
116	98
113	98
113	99
112	99
112	100
110	100
110	98
109	98
109	97
110	97
110	96
109	96
109	92
108	92
108	82
107	82
107	73
106	73
106	68
107	68
107	67
106	67
106	64
105	64
105	61
104	61
104	58
103	58
103	57
102	57
102	56
101	56
101	54
100	54
100	53
99	53
99	52
98	52
98	50
97	50
97	49
96	49
96	48
95	48
95	47
93	47
93	46
92	46
92	45
88	45
88	46
82	46
82	45
80	45
80	43
79	43
79	42
78	42
78	40
77	40
77	38
76	38
76	34
74	34
74	33
72	33
72	32
68	32
68	31
64	31
64	30
60	30
60	29
59	29
59	31
61	31
61	33
62	33
62	34
63	34
63	36
65	36
65	37
68	37
68	38
69	38
69	39
70	39
70	40
71	40
71	41
72	41
72	43
73	43
73	45
74	45
74	46
75	46
75	51
76	51
76	52
84	52
84	51
85	51
85	52
88	52
88	51
89	51
89	52
91	52
91	53
92	53
92	54
93	54
93	56
94	56
94	57
95	57
95	58
96	58
96	59
97	59
97	61
98	61
98	64
99	64
99	65
100	65
100	69
101	69
101	72
102	72
102	73
101	73
101	74
102	74
102	88
101	88
101	90
102	90
102	92
103	92
103	96
104	96
104	100
105	100
105	109
107	109
107	110
109	110
109	109
110	109
110	108
111	108
111	107
112	107
112	106
114	106
114	105
115	105
115	104
116	104
116	105
117	105
117	106
118	106
118	107
119	107
119	109
120	109
120	111
121	111
121	113
123	113
123	115
124	115
124	117
125	117
125	118
126	118
126	120
127	120
127	122
128	122
128	132
129	132
129	135
128	135
128	136
129	136
129	138
128	138
128	142
127	142
127	146
126	146
126	151
125	151
125	154
124	154
124	167
125	167
125	168
126	168
126	169
127	169
127	171
128	171
128	175
129	175
129	176
130	176
130	177
132	177
132	178
133	178
133	177
134	177
134	178
147	178
147	179
148	179
148	178
151	178
151	177
154	177
154	176
160	176
160	175
162	175
162	176
166	176
166	177
167	177
167	178
175	178
175	179
176	179
176	178
177	178
177	179
178	179
178	178
179	178
179	179
183	179
183	180
185	180
185	181
187	181
187	182
189	182
189	183
191	183
191	184
198	184
198	185
199	185
199	184
203	184
203	185
207	185
207	186
215	186
215	187
228	187
228	186
231	186
231	185
238	185
238	186
243	186
243	187
247	187
247	188
250	188
250	189
251	189
251	188
255	188
255	187
261	187
261	186
262	186
262	185
263	185
263	184
264	184
264	185
267	185
267	184
271	184
271	185
274	185
274	186
275	186
275	187
276	187
276	188
278	188
278	187
280	187
280	188
281	188
281	189
283	189
283	190
284	190
284	193
285	193
285	195
286	195
286	196
288	196
288	199
289	199
289	203
290	203
290	207
289	207
289	208
288	208
288	211
287	211
287	216
286	216
286	223
285	223
285	225
286	225
286	226
285	226
285	230
284	230
284	244
285	244
285	245
284	245
284	254
283	254
283	255
284	255
284	270
285	270
285	274
284	274
284	284
283	284
283	285
284	285
284	287
285	287
285	288
284	288
284	289
285	289
285	298
286	298
286	299
285	299
285	304
284	304
284	309
285	309
285	311
284	311
284	313
285	313
285	319
284	319
284	324
285	324
285	326
284	326
284	329
285	329
285	335
284	335
284	336
285	336
285	337
284	337
284	338
285	338
285	340
286	340
286	341
289	341
289	342
291	342
291	343
292	343
292	344
293	344
293	345
294	345
294	346
295	346
295	347
296	347
296	348
297	348
297	350
298	350
298	362
299	362
299	363
298	363
298	372
297	372
297	381
296	381
296	382
297	382
297	383
296	383
296	387
295	387
295	392
296	392
296	393
297	393
297	394
307	394
307	395
308	395
308	394
309	394
309	395
310	395
310	394
311	394
311	395
312	395
312	396
325	396
325	397
330	397
330	399
331	399
331	402
332	402
332	405
333	405
333	407
334	407
334	410
335	410
335	415
336	415
336	416
337	416
337	417
339	417
339	418
345	418
345	419
347	419
347	420
348	420
348	421
349	421
349	422
352	422
352	423
354	423
354	424
356	424
356	425
361	425
361	426
364	426
364	425
373	425
373	426
375	426
375	427
377	427
377	428
378	428
378	429
380	429
380	430
383	430
383	431
386	431
386	433
388	433
388	434
389	434
389	436
390	436
390	437
391	437
391	438
392	438
392	437
395	437
395	438
397	438
397	439
399	439
399	438
406	438
406	439
407	439
407	438
409	438
409	437
410	437
410	435
411	435
411	436
413	436
413	434
415	434
415	433
416	433
416	431
417	431
417	430
419	430
419	429
421	429
421	428
422	428
422	427
425	427
425	425
427	425
427	421
428	421
428	419
429	419
429	414
430	414
430	412
431	412
431	409
432	409
432	408
433	408
433	407
434	407
434	406
437	406
437	405
440	405
440	404
441	404
441	403
442	403
442	402
443	402
443	401
446	401
446	400
450	400
450	399
456	399
456	400
457	400
457	399
459	399
459	400
463	400
463	403
465	403
465	405
466	405
466	406
465	406
465	408
466	408
466	412
467	412
467	413
466	413
466	419
465	419
465	441
466	441
466	445
465	445
465	452
457	452
457	455
456	455
456	457
457	457
457	459
459	459
459	460
460	460
460	461
461	461
461	462
462	462
462	464
463	464
463	465
464	465
464	467
465	467
465	472
468	472
468	473
470	473
470	474
471	474
471	475
472	475
472	476
473	476
473	477
474	477
474	479
475	479
475	481
476	481
476	484
478	484
478	485
479	485
479	486
480	486
480	487
481	487
481	490
482	490
482	492
483	492
483	493
484	493
484	494
485	494
485	495
486	495
486	504
488	504
488	505
489	505
489	507
492	507
492	508
495	508
495	509
498	509
498	510
508	510
508	511
518	511
518	512
541	512
541	513
548	513
548	514
551	514
551	515
553	515
553	516
560	516
560	517
574	517
574	516
575	516
575	517
585	517
585	516
587	516
587	517
588	517
588	516
593	516
593	517
596	517
596	518
597	518
597	519
598	519
598	520
600	520
600	523
601	523
601	524
602	524
602	525
605	525
605	527
606	527
606	529
607	529
607	531
609	531
609	532
610	532
610	533
618	533
618	534
623	534
623	535
624	535
624	536
629	536
629	537
632	537
632	536
635	536
635	533
636	533
636	529
637	529
637	526
638	526
638	523
639	523
639	522
640	522
640	520
641	520
641	518
642	518
642	517
643	517
643	516
644	516
644	515
646	515
646	513
647	513
647	511
648	511
648	510
649	510
649	506
650	506
650	505
649	505
649	503
650	503
650	501
651	501
651	500
652	500
652	499
654	499
654	498
655	498
655	497
656	497
656	496
658	496
658	495
659	495
659	494
661	494
661	492
663	492
663	491
665	491
665	490
666	490
666	489
667	489
667	488
670	488
670	487
673	487
673	488
672	488
672	491
673	491
673	494
674	494
674	499
673	499
673	503
674	503
674	513
673	513
673	516
672	516
672	517
673	517
673	519
675	519
675	520
677	520
677	521
678	521
678	522
679	522
679	520
682	520
682	519
681	519
681	518
682	518
682	516
683	516
683	515
685	515
685	516
689	516
689	517
692	517
692	518
698	518
698	519
703	519
703	520
704	520
704	519
705	519
705	520
707	520
707	521
710	521
710	522
712	522
712	523
713	523
713	524
714	524
714	525
715	525
715	527
717	527
717	528
719	528
719	529
720	529
720	528
722	528
722	529
730	529
730	530
734	530
734	531
737	531
737	532
738	532
738	533
740	533
740	534
742	534
742	535
744	535
744	536
745	536
745	537
747	537
747	538
748	538
748	537
749	537
749	538
759	538
759	539
762	539
762	540
765	540
765	541
768	541
768	542
770	542
770	543
773	543
773	544
776	544
776	545
780	545
780	546
781	546
781	547
784	547
784	548
787	548
787	549
789	549
789	550
791	550
791	551
794	551
794	554
795	554
795	557
796	557
796	558
798	558
798	559
799	559
799	560
800	560
800	561
801	561
801	562
803	562
803	563
805	563
805	564
806	564
806	565
809	565
809	566
810	566
810	565
812	565
812	564
815	564
815	563
816	563
816	562
817	562
817	557
818	557
818	555
819	555
819	553
820	553
820	551
821	551
821	549
822	549
822	548
823	548
823	546
824	546
824	543
825	543
825	542
827	542
827	541
828	541
828	540
829	540
829	539
830	539
830	538
831	538
831	537
832	537
832	536
834	536
834	535
836	535
836	536
839	536
839	535
840	535
840	536
845	536
845	537
848	537
848	538
851	538
851	537
855	537
855	538
858	538
858	539
859	539
859	540
860	540
860	541
861	541
861	542
862	542
862	543
864	543
864	544
865	544
865	545
866	545
866	544
867	544
867	545
869	545
869	544
879	544
879	545
886	545
886	546
891	546
891	547
893	547
893	548
897	548
897	549
900	549
900	550
903	550
903	551
905	551
905	552
908	552
908	553
909	553
909	554
912	554
912	555
914	555
914	557
919	557
919	558
920	558
920	557
922	557
922	556
925	556
925	557
926	557
926	556
929	556
929	557
931	557
931	556
933	556
933	557
936	557
936	558
938	558
938	559
941	559
941	560
943	560
943	561
944	561
944	562
946	562
946	563
948	563
948	564
949	564
949	565
954	565
954	564
955	564
955	565
956	565
956	564
958	564
958	565
961	565
961	564
962	564
962	565
963	565
963	564
964	564
964	565
968	565
968	566
973	566
973	567
981	567
981	566
984	566
984	567
987	567
987	568
990	568
990	567
992	567
992	568
993	568
993	569
995	569
995	570
1000	570
1000	571
1004	571
1004	572
1005	572
1005	571
1011	571
1011	572
1013	572
1013	571
1014	571
1014	569
1015	569
1015	568
1016	568
1016	566
1015	566
1015	565
1016	565
1016	561
1017	561
1017	560
1016	560
1016	555
1017	555
1017	545
1018	545
1018	541
1019	541
1019	537
1020	537
1020	536
1019	536
1019	535
1020	535
1020	534
1021	534
1021	530
1022	530
1022	529
1021	529
1021	526
1022	526
1022	517
1023	517
1023	514
1024	514
1024	513
1023	513
1023	511
1024	511
1024	508
1027	508
1027	507
1029	507
1029	506
1031	506
1031	505
1038	505
1038	506
1041	506
1041	507
1053	507
1053	505
1054	505
1054	502
1055	502
1055	501
1054	501
1054	499
1053	499
1053	498
1054	498
1054	496
1055	496
1055	495
1054	495
1054	494
1055	494
1055	489
1056	489
1056	483
1057	483
1057	479
1056	479
1056	478
1057	478
1057	476
1056	476
1056	475
1057	475
1057	474
1058	474
1058	469
1057	469
1057	468
1056	468
1056	461
1055	461
1055	459
1056	459
1056	458
1055	458
1055	454
1056	454
1056	453
1057	453
1057	452
1058	452
1058	451
1059	451
1059	450
1060	450
1060	449
1061	449
1061	448
1062	448
1062	446
1064	446
1064	445
1066	445
1066	444
1068	444
1068	443
1070	443
1070	442
1072	442
1072	441
1073	441
1073	440
1078	440
1078	439
1084	439
1084	438
1085	438
1085	439
1090	439
1090	440
1092	440
1092	444
1093	444
1093	445
1094	445
1094	446
1095	446
1095	447
1096	447
1096	450
1095	450
1095	453
1094	453
1094	454
1093	454
1093	465
1094	465
1094	468
1093	468
1093	472
1092	472
1092	474
1091	474
1091	476
1090	476
1090	477
1089	477
1089	481
1088	481
1088	482
1087	482
1087	487
1088	487
1088	488
1089	488
1089	489
1090	489
1090	491
1091	491
1091	492
1092	492
1092	495
1093	495
1093	496
1094	496
1094	497
1095	497
1095	498
1097	498
1097	499
1099	499
1099	500
1101	500
1101	501
1106	501
1106	502
1113	502
1113	501
1114	501
1114	498
1115	498
1115	496
1117	496
1117	495
1119	495
1119	494
1121	494
1121	493
1122	493
1122	492
1123	492
1123	490
1125	490
1125	489
1128	489
1128	488
1129	488
1129	487
1131	487
1131	486
1135	486
1135	485
1137	485
1137	484
1140	484
1140	483
1143	483
1143	482
1144	482
1144	483
1145	483
1145	482
1146	482
1146	481
1145	481
1145	480
1150	480
1150	479
1152	479
1152	478
1154	478
1154	477
1157	477
1157	476
1159	476
1159	475
1165	475
1165	474
1167	474
1167	475
1175	475
1175	476
1180	476
1180	477
1182	477
1182	478
1183	478
1183	479
1186	479
1186	481
1188	481
1188	483
1190	483
1190	484
1191	484
1191	485
1192	485
1192	487
1194	487
1194	489
1195	489
1195	490
1196	490
1196	493
1197	493
1197	495
1198	495
1198	496
1199	496
1199	497
1200	497
1200	498
1201	498
1201	500
1202	500
1202	501
1203	501
1203	502
1206	502
1206	503
1207	503
1207	504
1212	504
1212	505
1218	505
1218	504
1220	504
1220	505
1221	505
1221	504
1222	504
1222	502
1223	502
1223	498
1224	498
1224	480
1225	480
1225	479
1224	479
1224	478
1225	478
1225	474
1227	474
1227	473
1228	473
1228	472
1229	472
1229	471
1230	471
1230	470
1231	470
1231	468
1232	468
1232	467
1233	467
1233	465
1234	465
1234	459
1235	459
1235	455
1234	455
1234	454
1235	454
1235	446
1234	446
1234	432
1235	432
1235	430
1234	430
1234	429
1236	429
1236	428
1237	428
1237	427
1238	427
1238	426
1239	426
1239	425
1240	425
1240	423
1241	423
1241	422
1242	422
1242	420
1243	420
1243	419
1245	419
1245	418
1246	418
1246	417
1247	417
1247	416
1253	416
1253	415
1263	415
1263	414
1264	414
1264	415
1268	415
1268	414
1279	414
1279	413
1280	413
1280	414
1286	414
1286	415
1291	415
1291	416
1293	416
1293	415
1294	415
1294	416
1295	416
1295	415
1296	415
1296	416
1297	416
1297	415
1299	415
1299	414
1300	414
1300	415
1302	415
1302	414
1307	414
1307	413
1313	413
1313	412
1314	412
1314	411
1315	411
1315	405
1316	405
1316	402
1317	402
1317	399
1318	399
1318	398
1319	398
1319	397
1321	397
1321	396
1322	396
1322	395
1324	395
1324	394
1328	394
1328	393
1330	393
1330	392
1333	392
1333	391
1334	391
1334	390
1336	390
1336	389
1343	389
1343	388
1346	388
1346	387
1348	387
1348	386
1351	386
1351	385
1356	385
1356	384
1359	384
1359	385
1360	385
1360	384
1362	384
1362	385
1364	385
1364	384
1368	384
1368	383
1369	383
1369	382
1370	382
1370	383
1372	383
1372	382
1374	382
1374	380
1375	380
1375	381
1377	381
1377	380
1378	380
1378	379
1382	379
1382	378
1388	378
1388	377
1390	377
1390	376
1395	376
1395	375
1398	375
1398	374
1403	374
1403	373
1406	373
1406	372
1408	372
1408	373
1409	373
1409	372
1412	372
1412	371
1414	371
1414	370
1416	370
1416	369
1419	369
1419	368
1423	368
1423	366
1424	366
1424	364
1425	364
1425	356
1426	356
1426	336
1427	336
1427	334
1428	334
1428	333
1427	333
1427	330
1428	330
1428	324
1429	324
1429	323
1430	323
1430	322
1431	322
1431	320
1432	320
1432	318
1433	318
1433	317
1434	317
1434	316
1436	316
1436	315
1438	315
1438	314
1439	314
1439	313
1441	313
1441	311
1442	311
1442	309
1443	309
1443	308
1444	308
1444	306
1445	306
1445	305
1446	305
1446	304
1447	304
1447	303
1448	303
1448	301
1449	301
1449	300
1450	300
1450	297
1451	297
1451	295
1453	295
1453	293
1454	293
1454	292
1455	292
1455	291
1456	291
1456	290
1457	290
1457	289
1460	289
1460	288
1462	288
1462	287
1465	287
1465	286
1471	286
1471	285
1475	285
1475	284
1476	284
1476	283
1478	283
1478	282
1479	282
1479	281
1480	281
1480	280
1481	280
1481	279
1482	279
1482	278
1483	278
1483	277
1484	277
1484	275
1485	275
1485	274
1486	274
1486	271
1487	271
1487	269
1489	269
1489	267
1490	267
1490	264
1491	264
1491	263
1492	263
1492	261
1494	261
1494	260
1495	260
1495	259
1496	259
1496	254
1497	254
1497	252
1496	252
1496	244
1495	244
1495	238
1494	238
1494	236
1495	236
1495	231
1496	231
1496	220
1495	220
1495	219
1496	219
1496	217
1495	217
1495	209
1496	209
1496	205
1495	205
1495	194
1496	194
1496	191
1497	191
1497	190
1496	190
1496	189
1497	189
1497	183
1496	183
1496	180
1497	180
1497	175
1498	175
1498	173
1499	173
1499	172
1500	172
1500	171
1501	171
1501	170
1502	170
1502	168
1503	168
1503	165
1504	165
1504	163
1505	163
1505	162
1506	162
1506	160
1508	160
1508	159
1511	159
1511	158
1515	158
1515	157
1521	157
1521	156
1525	156
1525	157
1533	157
1533	156
1538	156
1538	155
1545	155
1545	156
1546	156
1546	155
1547	155
1547	154
1548	154
1548	155
1549	155
1549	154
1553	154
1553	153
1554	153
1554	152
1555	152
1555	151
1556	151
1556	150
1557	150
1557	149
1558	149
1558	147
1560	147
1560	146
1561	146
1561	145
1562	145
1562	142
1564	142
1564	141
1565	141
1565	139
1566	139
1566	135
1565	135
1565	129
1564	129
1564	120
1563	120
1563	118
1564	118
1564	114
1563	114
1563	113
1564	113
1564	112
1563	112
1563	111
1564	111
1564	108
1563	108
1563	104
1564	104
1564	102
1563	102
1563	101
1564	101
1564	93
1565	93
1565	92
1564	92
1564	87
1563	87
1563	85
1562	85
1562	80
1561	80
1561	79
1560	79
1560	69
1559	69
1559	65
1560	65
1560	63
1559	63
1559	53
1560	53
1560	52
1559	52
1559	49
1558	49
1558	41
1557	41
1557	39
1558	39
1558	33
1559	33
1559	31
1558	31
1558	29
1559	29
1559	28
1558	28
1558	27
1559	27
1559	14
1560	14
1560	13
1559	13
1559	12
1560	12
1560	10
1559	10
1559	7
1560	7
1560	0
1712	0
1712	760
0	760
0	0
1554	0
1554	1
1553	1
1553	5
1554	5
1554	10
1553	10
1553	17
1552	17
1552	20
1551	20
1551	21
1552	21
1552	25
1551	25
1551	26
1552	26
1552	37
1551	37
1551	41
1552	41
1552	44
1551	44
1551	45
1552	45
1552	52
1553	52
1553	53
1552	53
1552	54
1553	54
1553	65
1554	65
1554	66
1553	66
1553	71
1554	71
1554	72
1553	72
1553	77
1554	77
1554	81
1555	81
1555	85
1556	85
1556	87
1557	87
1557	91
1558	91
1558	95
1559	95
1559	96
1558	96
1558	98
1557	98
1557	115
1556	115
1556	117
1557	117
1557	124
1558	124
1558	133
1559	133
1559	134
1558	134
1558	135
1559	135
1559	138
1558	138
1558	139
1557	139
1557	141
1555	141
1555	142
1554	142
1554	144
1552	144
1552	145
1551	145
1551	146
1550	146
1550	147
1549	147
1549	148
1539	148
1539	149
1535	149
1535	150
1534	150
1534	149
1533	149
1533	150
1528	150
1528	151
1519	151
1519	150
1518	150
1518	151
1512	151
1512	152
1507	152
1507	153
1506	153
1506	154
1504	154
1504	155
1503	155
1503	156
1501	156
1501	157
1500	157
1500	158
1499	158
1499	162
1497	162
1497	166
1495	166
1495	167
1494	167
1494	168
1493	168
1493	170
1492	170
1492	171
1491	171
1491	173
1490	173
1490	180
1491	180
1491	181
1490	181
1490	184
1491	184
1491	186
1490	186
1490	194
1489	194
1489	215
1490	215
1490	235
1489	235
1489	236
1490	236
1490	246
1491	246
1491	250
1490	250
1490	252
1491	252
1491	254
1490	254
1490	257
1489	257
1489	258
1488	258
1488	260
1487	260
1487	261
1486	261
1486	263
1485	263
1485	265
1484	265
1484	266
1483	266
1483	269
1482	269
1482	270
1481	270
