357	268
356	268
356	269
355	269
355	274
353	274
353	273
351	273
351	274
348	274
348	275
346	275
346	274
344	274
344	273
339	273
339	274
338	274
338	273
336	273
336	274
334	274
334	273
328	273
328	274
327	274
327	273
325	273
325	271
324	271
324	270
323	270
323	269
322	269
322	268
321	268
321	267
319	267
319	266
310	266
310	267
294	267
294	266
293	266
293	267
289	267
289	268
286	268
286	267
283	267
283	268
273	268
273	269
270	269
270	268
269	268
269	269
267	269
267	268
254	268
254	267
253	267
253	265
252	265
252	264
251	264
251	262
250	262
250	261
249	261
249	260
248	260
248	255
249	255
249	254
248	254
248	252
247	252
247	251
246	251
246	250
245	250
245	249
244	249
244	248
243	248
243	247
242	247
242	246
241	246
241	245
240	245
240	244
239	244
239	243
238	243
238	242
237	242
237	241
236	241
236	239
235	239
235	238
234	238
234	237
229	237
229	236
228	236
228	237
226	237
226	235
225	235
225	234
224	234
224	233
221	233
221	232
220	232
220	231
219	231
219	230
218	230
218	229
217	229
217	227
216	227
216	226
215	226
215	225
206	225
206	224
204	224
204	225
201	225
201	226
198	226
198	225
189	225
189	227
188	227
188	228
186	228
186	229
184	229
184	231
185	231
185	235
184	235
184	237
183	237
183	242
182	242
182	244
181	244
181	248
180	248
180	249
179	249
179	250
180	250
180	253
179	253
179	255
180	255
180	257
179	257
179	259
180	259
180	262
179	262
179	264
180	264
180	266
179	266
179	277
178	277
178	278
179	278
179	282
178	282
178	285
179	285
179	286
178	286
178	289
177	289
177	291
178	291
178	296
177	296
177	301
176	301
176	305
175	305
175	306
174	306
174	307
172	307
172	308
166	308
166	307
163	307
163	308
158	308
158	309
156	309
156	308
149	308
149	307
146	307
146	306
145	306
145	301
144	301
144	298
143	298
143	296
142	296
142	293
141	293
141	292
139	292
139	291
138	291
138	289
137	289
137	287
136	287
136	286
135	286
135	285
134	285
134	283
131	283
131	282
126	282
126	281
125	281
125	280
124	280
124	279
123	279
123	278
122	278
122	277
121	277
121	276
119	276
119	275
118	275
118	274
117	274
117	273
116	273
116	272
115	272
115	271
114	271
114	269
113	269
113	266
112	266
112	265
111	265
111	263
110	263
110	262
108	262
108	261
106	261
106	260
105	260
105	261
103	261
103	260
102	260
102	259
101	259
101	258
100	258
100	257
101	257
101	254
100	254
100	251
98	251
98	250
94	250
94	249
92	249
92	248
90	248
90	247
86	247
86	246
85	246
85	245
84	245
84	244
85	244
85	242
84	242
84	237
83	237
83	232
82	232
82	225
81	225
81	222
80	222
80	218
81	218
81	217
80	217
80	210
79	210
79	209
78	209
78	197
77	197
77	193
78	193
78	192
77	192
77	189
78	189
78	185
79	185
79	180
78	180
78	179
77	179
77	178
72	178
72	180
70	180
70	183
69	183
69	189
68	189
68	190
67	190
67	191
68	191
68	194
67	194
67	202
66	202
66	208
65	208
65	215
64	215
64	218
65	218
65	224
64	224
64	226
65	226
65	230
66	230
66	239
67	239
67	241
66	241
66	243
65	243
65	245
64	245
64	246
65	246
65	247
66	247
66	250
67	250
67	251
68	251
68	253
73	253
73	252
76	252
76	253
80	253
80	254
82	254
82	255
83	255
83	258
90	258
90	259
92	259
92	260
93	260
93	264
92	264
92	265
93	265
93	266
94	266
94	268
95	268
95	269
100	269
100	268
103	268
103	269
104	269
104	270
106	270
106	271
108	271
108	274
109	274
109	276
110	276
110	278
111	278
111	280
112	280
112	281
113	281
113	283
114	283
114	284
115	284
115	285
116	285
116	286
118	286
118	288
120	288
120	289
121	289
121	290
124	290
124	291
125	291
125	292
126	292
126	291
130	291
130	292
132	292
132	293
133	293
133	297
134	297
134	299
135	299
135	300
136	300
136	311
137	311
137	314
138	314
138	315
144	315
144	316
174	316
174	315
176	315
176	314
177	314
177	313
178	313
178	312
179	312
179	311
181	311
181	310
182	310
182	308
183	308
183	305
184	305
184	304
183	304
183	303
184	303
184	299
185	299
185	297
184	297
184	296
185	296
185	292
186	292
186	290
187	290
187	280
188	280
188	279
187	279
187	275
188	275
188	274
187	274
187	273
188	273
188	270
187	270
187	267
189	267
189	265
188	265
188	255
189	255
189	250
188	250
188	249
189	249
189	248
190	248
190	247
189	247
189	245
190	245
190	244
189	244
189	243
190	243
190	241
191	241
191	239
192	239
192	237
193	237
193	233
200	233
200	232
202	232
202	233
210	233
210	232
211	232
211	234
212	234
212	235
213	235
213	236
214	236
214	237
215	237
215	238
216	238
216	240
218	240
218	241
219	241
219	242
220	242
220	244
222	244
222	246
223	246
223	247
224	247
224	245
225	245
225	246
231	246
231	247
232	247
232	249
233	249
233	250
234	250
234	252
235	252
235	253
237	253
237	254
238	254
238	255
239	255
239	256
240	256
240	259
241	259
241	262
242	262
242	263
243	263
243	267
244	267
244	269
245	269
245	271
246	271
246	273
247	273
247	275
248	275
248	276
263	276
263	277
267	277
267	276
268	276
268	277
275	277
275	276
278	276
278	275
279	275
279	274
281	274
281	275
282	275
282	274
283	274
283	275
285	275
285	274
286	274
286	275
289	275
289	276
292	276
292	275
304	275
304	274
309	274
309	275
310	275
310	274
314	274
314	275
315	275
315	274
316	274
316	275
318	275
318	276
320	276
320	277
321	277
321	278
322	278
322	279
323	279
323	280
325	280
325	281
327	281
327	282
336	282
336	281
340	281
340	282
343	282
343	283
348	283
348	282
352	282
352	281
357	281
357	280
358	280
358	279
360	279
360	278
361	278
361	277
362	277
362	272
363	272
363	269
364	269
364	267
365	267
365	266
366	266
366	264
367	264
367	263
369	263
369	261
371	261
371	260
372	260
372	259
373	259
373	258
376	258
376	257
377	257
377	256
378	256
378	255
380	255
380	254
381	254
381	252
382	252
382	251
383	251
383	249
384	249
384	248
385	248
385	247
386	247
386	246
387	246
387	244
386	244
386	243
387	243
387	241
388	241
388	231
389	231
389	230
390	230
390	226
391	226
391	225
392	225
392	224
393	224
393	220
395	220
395	219
394	219
394	217
393	217
393	216
394	216
394	215
396	215
396	214
397	214
397	213
398	213
398	211
400	211
400	212
405	212
405	213
407	213
407	214
408	214
408	218
409	218
409	222
410	222
410	226
411	226
411	232
412	232
412	235
413	235
413	238
414	238
414	244
413	244
413	248
414	248
414	249
415	249
415	250
420	250
420	252
421	252
421	253
422	253
422	262
420	262
420	263
422	263
422	264
423	264
423	265
422	265
422	276
421	276
421	277
422	277
422	279
421	279
421	295
420	295
420	301
419	301
419	321
420	321
420	322
419	322
419	330
418	330
418	334
419	334
419	336
418	336
418	348
417	348
417	349
418	349
418	350
417	350
417	351
418	351
418	355
419	355
419	373
420	373
420	374
419	374
419	391
420	391
420	400
421	400
421	405
422	405
422	407
421	407
421	408
422	408
422	412
423	412
423	423
424	423
424	426
425	426
425	430
426	430
426	434
427	434
427	441
428	441
428	445
429	445
429	450
430	450
430	455
429	455
429	459
430	459
430	461
429	461
429	466
430	466
430	469
431	469
431	481
432	481
432	490
433	490
433	492
432	492
432	493
433	493
433	494
432	494
432	495
433	495
433	498
432	498
432	500
433	500
433	502
434	502
434	503
435	503
435	504
436	504
436	506
438	506
438	508
439	508
439	513
441	513
441	514
455	514
455	515
461	515
461	516
462	516
462	515
464	515
464	516
468	516
468	517
469	517
469	518
470	518
470	519
471	519
471	520
472	520
472	522
473	522
473	525
475	525
475	526
476	526
476	525
479	525
479	526
485	526
485	534
486	534
486	538
485	538
485	540
484	540
484	547
485	547
485	554
484	554
484	569
485	569
485	570
484	570
484	574
483	574
483	581
484	581
484	582
486	582
486	583
488	583
488	582
491	582
491	583
492	583
492	582
506	582
506	583
508	583
508	584
510	584
510	585
511	585
511	586
512	586
512	587
514	587
514	588
524	588
524	589
526	589
526	588
527	588
527	589
528	589
528	588
529	588
529	589
551	589
551	588
552	588
552	589
554	589
554	588
556	588
556	589
557	589
557	588
560	588
560	589
562	589
562	590
565	590
565	591
572	591
572	592
574	592
574	593
577	593
577	592
578	592
578	593
592	593
592	594
593	594
593	593
595	593
595	594
605	594
605	593
606	593
606	594
609	594
609	595
610	595
610	594
620	594
620	593
621	593
621	594
623	594
623	593
625	593
625	594
627	594
627	595
629	595
629	594
630	594
630	595
634	595
634	594
637	594
637	593
638	593
638	594
644	594
644	595
646	595
646	594
652	594
652	595
657	595
657	594
658	594
658	593
659	593
659	592
660	592
660	590
661	590
661	589
662	589
662	587
663	587
663	585
664	585
664	584
665	584
665	582
666	582
666	581
668	581
668	580
669	580
669	578
670	578
670	577
671	577
671	576
673	576
673	575
674	575
674	573
675	573
675	572
676	572
676	571
677	571
677	567
678	567
678	559
679	559
679	558
680	558
680	557
679	557
679	556
680	556
680	555
679	555
679	553
680	553
680	546
681	546
681	545
680	545
680	543
681	543
681	540
682	540
682	539
683	539
683	536
684	536
684	534
685	534
685	532
686	532
686	531
687	531
687	527
688	527
688	522
689	522
689	520
691	520
691	519
689	519
689	516
690	516
690	514
691	514
691	513
692	513
692	511
693	511
693	507
698	507
698	506
702	506
702	505
703	505
703	504
704	504
704	503
705	503
705	502
708	502
708	501
710	501
710	500
711	500
711	499
712	499
712	498
713	498
713	497
714	497
714	496
717	496
717	495
719	495
719	494
721	494
721	493
722	493
722	492
723	492
723	491
724	491
724	490
726	490
726	489
728	489
728	488
731	488
731	487
732	487
732	486
735	486
735	485
737	485
737	486
741	486
741	485
743	485
743	483
744	483
744	482
745	482
745	481
747	481
747	480
748	480
748	479
750	479
750	478
752	478
752	477
754	477
754	476
756	476
756	475
758	475
758	473
759	473
759	471
760	471
760	470
761	470
761	468
762	468
762	465
763	465
763	459
765	459
765	458
768	458
768	457
770	457
770	456
772	456
772	455
775	455
775	454
777	454
777	453
779	453
779	452
780	452
780	451
782	451
782	450
783	450
783	449
785	449
785	447
787	447
787	446
789	446
789	444
791	444
791	443
793	443
793	442
794	442
794	441
795	441
795	439
796	439
796	437
797	437
797	435
798	435
798	431
799	431
799	428
800	428
800	425
801	425
801	423
802	423
802	416
803	416
803	412
804	412
804	411
805	411
805	409
806	409
806	405
807	405
807	398
809	398
809	397
810	397
810	395
811	395
811	393
813	393
813	391
815	391
815	393
816	393
816	398
817	398
817	412
818	412
818	417
819	417
819	419
820	419
820	420
821	420
821	431
822	431
822	436
823	436
823	438
824	438
824	439
825	439
825	441
826	441
826	442
828	442
828	443
829	443
829	444
830	444
830	447
831	447
831	449
832	449
832	454
833	454
833	458
834	458
834	463
835	463
835	483
836	483
836	484
837	484
837	490
838	490
838	492
839	492
839	494
840	494
840	495
841	495
841	496
843	496
843	495
844	495
844	496
849	496
849	497
851	497
851	498
852	498
852	501
853	501
853	502
854	502
854	505
855	505
855	506
856	506
856	507
868	507
868	508
870	508
870	507
873	507
873	508
876	508
876	507
878	507
878	509
880	509
880	511
881	511
881	512
882	512
882	514
883	514
883	515
884	515
884	516
885	516
885	517
886	517
886	518
888	518
888	519
889	519
889	520
890	520
890	521
891	521
891	522
892	522
892	523
893	523
893	525
894	525
894	526
895	526
895	527
896	527
896	528
897	528
897	531
900	531
900	532
901	532
901	533
902	533
902	534
903	534
903	535
904	535
904	537
906	537
906	538
910	538
910	539
911	539
911	538
918	538
918	539
923	539
923	540
928	540
928	539
930	539
930	538
934	538
934	537
936	537
936	536
938	536
938	533
939	533
939	532
940	532
940	529
942	529
942	525
943	525
943	521
944	521
944	519
945	519
945	518
948	518
948	517
951	517
951	516
954	516
954	515
955	515
955	514
956	514
956	513
957	513
957	512
958	512
958	511
959	511
959	510
960	510
960	509
962	509
962	508
963	508
963	507
964	507
964	506
966	506
966	507
968	507
968	509
969	509
969	510
977	510
977	511
981	511
981	512
982	512
982	513
986	513
986	514
1000	514
1000	515
1008	515
1008	516
1009	516
1009	515
1011	515
1011	516
1013	516
1013	517
1014	517
1014	518
1015	518
1015	516
1025	516
1025	515
1029	515
1029	516
1031	516
1031	514
1042	514
1042	513
1045	513
1045	512
1050	512
1050	513
1051	513
1051	512
1052	512
1052	510
1055	510
1055	509
1056	509
1056	507
1057	507
1057	506
1059	506
1059	505
1062	505
1062	504
1065	504
1065	503
1066	503
1066	504
1071	504
1071	505
1072	505
1072	506
1073	506
1073	507
1074	507
1074	508
1075	508
1075	511
1076	511
1076	512
1077	512
1077	520
1076	520
1076	531
1075	531
1075	533
1076	533
1076	537
1075	537
1075	543
1074	543
1074	558
1075	558
1075	568
1076	568
1076	569
1077	569
1077	580
1078	580
1078	588
1079	588
1079	592
1080	592
1080	595
1081	595
1081	603
1082	603
1082	604
1081	604
1081	605
1082	605
1082	608
1083	608
1083	609
1082	609
1082	620
1081	620
1081	631
1082	631
1082	637
1083	637
1083	644
1082	644
1082	649
1081	649
1081	656
1082	656
1082	661
1083	661
1083	666
1082	666
1082	667
1083	667
1083	668
1082	668
1082	673
1081	673
1081	678
1080	678
1080	679
1079	679
1079	684
1078	684
1078	686
1079	686
1079	687
1078	687
1078	688
1079	688
1079	690
1078	690
1078	692
1084	692
1084	693
1085	693
1085	692
1088	692
1088	693
1094	693
1094	694
1095	694
1095	693
1096	693
1096	694
1098	694
1098	693
1099	693
1099	694
1102	694
1102	693
1105	693
1105	692
1107	692
1107	691
1108	691
1108	690
1110	690
1110	689
1112	689
1112	688
1113	688
1113	687
1114	687
1114	685
1117	685
1117	684
1118	684
1118	683
1122	683
1122	682
1124	682
1124	681
1126	681
1126	680
1127	680
1127	679
1128	679
1128	678
1129	678
1129	676
1130	676
1130	675
1131	675
1131	672
1130	672
1130	670
1131	670
1131	669
1132	669
1132	667
1133	667
1133	665
1134	665
1134	662
1133	662
1133	660
1134	660
1134	659
1135	659
1135	658
1136	658
1136	657
1140	657
1140	656
1141	656
1141	655
1142	655
1142	654
1145	654
1145	653
1147	653
1147	652
1148	652
1148	651
1149	651
1149	650
1152	650
1152	651
1154	651
1154	652
1159	652
1159	653
1163	653
1163	654
1165	654
1165	653
1166	653
1166	654
1171	654
1171	655
1173	655
1173	656
1174	656
1174	657
1176	657
1176	658
1177	658
1177	657
1181	657
1181	658
1184	658
1184	657
1190	657
1190	658
1193	658
1193	657
1196	657
1196	658
1202	658
1202	659
1204	659
1204	658
1209	658
1209	659
1210	659
1210	658
1214	658
1214	659
1216	659
1216	660
1228	660
1228	661
1230	661
1230	660
1231	660
1231	661
1232	661
1232	660
1236	660
1236	659
1238	659
1238	661
1241	661
1241	660
1242	660
1242	661
1243	661
1243	662
1245	662
1245	663
1250	663
1250	664
1267	664
1267	665
1269	665
1269	666
1270	666
1270	665
1271	665
1271	666
1273	666
1273	667
1274	667
1274	668
1275	668
1275	669
1281	669
1281	670
1282	670
1282	669
1284	669
1284	670
1285	670
1285	669
1290	669
1290	670
1294	670
1294	669
1297	669
1297	668
1301	668
1301	667
1303	667
1303	666
1304	666
1304	665
1305	665
1305	664
1307	664
1307	663
1308	663
1308	662
1311	662
1311	661
1316	661
1316	662
1317	662
1317	661
1322	661
1322	660
1327	660
1327	659
1330	659
1330	658
1337	658
1337	659
1340	659
1340	660
1347	660
1347	661
1348	661
1348	660
1349	660
1349	661
1356	661
1356	662
1358	662
1358	661
1359	661
1359	662
1365	662
1365	661
1369	661
1369	660
1372	660
1372	659
1374	659
1374	660
1375	660
1375	659
1379	659
1379	658
1385	658
1385	657
1392	657
1392	656
1396	656
1396	655
1397	655
1397	656
1404	656
1404	655
1406	655
1406	656
1421	656
1421	657
1428	657
1428	658
1434	658
1434	659
1441	659
1441	660
1444	660
1444	661
1449	661
1449	662
1453	662
1453	663
1455	663
1455	664
1459	664
1459	665
1463	665
1463	666
1467	666
1467	667
1470	667
1470	668
1472	668
1472	669
1475	669
1475	670
1479	670
1479	671
1486	671
1486	672
1487	672
1487	671
1490	671
1490	672
1498	672
1498	673
1502	673
1502	674
1504	674
1504	675
1505	675
1505	676
1506	676
1506	677
1508	677
1508	678
1509	678
1509	679
1512	679
1512	680
1513	680
1513	681
1514	681
1514	682
1516	682
1516	683
1518	683
1518	684
1521	684
1521	683
1523	683
1523	684
1526	684
1526	683
1528	683
1528	684
1529	684
1529	683
1531	683
1531	684
1534	684
1534	683
1538	683
1538	682
1544	682
1544	681
1546	681
1546	680
1548	680
1548	679
1550	679
1550	678
1549	678
1549	676
1550	676
1550	674
1552	674
1552	673
1553	673
1553	672
1554	672
1554	671
1555	671
1555	670
1556	670
1556	669
1557	669
1557	668
1558	668
1558	667
1559	667
1559	666
1560	666
1560	665
1561	665
1561	664
1562	664
1562	663
1563	663
1563	661
1565	661
1565	659
1566	659
1566	652
1567	652
1567	649
1568	649
1568	641
1570	641
1570	640
1571	640
1571	635
1572	635
1572	634
1571	634
1571	633
1570	633
1570	630
1571	630
1571	627
1570	627
1570	625
1571	625
1571	622
1570	622
1570	615
1569	615
1569	613
1570	613
1570	610
1571	610
1571	609
1572	609
1572	606
1573	606
1573	602
1574	602
1574	599
1573	599
1573	597
1574	597
1574	591
1575	591
1575	588
1574	588
1574	587
1575	587
1575	582
1574	582
1574	580
1575	580
1575	574
1576	574
1576	573
1575	573
1575	572
1576	572
1576	569
1577	569
1577	567
1578	567
1578	565
1579	565
1579	559
1580	559
1580	556
1581	556
1581	552
1582	552
1582	544
1583	544
1583	537
1584	537
1584	534
1585	534
1585	531
1586	531
1586	530
1587	530
1587	529
1588	529
1588	527
1589	527
1589	526
1590	526
1590	525
1592	525
1592	523
1593	523
1593	522
1594	522
1594	521
1595	521
1595	520
1596	520
1596	519
1597	519
1597	517
1598	517
1598	516
1599	516
1599	515
1600	515
1600	514
1601	514
1601	512
1603	512
1603	511
1604	511
1604	509
1605	509
1605	507
1606	507
1606	505
1608	505
1608	503
1609	503
1609	501
1610	501
1610	498
1611	498
1611	494
1612	494
1612	491
1614	491
1614	489
1615	489
1615	488
1616	488
1616	487
1617	487
1617	486
1618	486
1618	484
1619	484
1619	481
1620	481
1620	479
1622	479
1622	478
1625	478
1625	479
1629	479
1629	478
1631	478
1631	477
1633	477
1633	475
1637	475
1637	474
1640	474
1640	473
1642	473
1642	472
1644	472
1644	471
1646	471
1646	470
1667	470
1667	471
1668	471
1668	472
1669	472
1669	473
1670	473
1670	476
1671	476
1671	478
1672	478
1672	480
1673	480
1673	486
1672	486
1672	490
1671	490
1671	492
1670	492
1670	495
1669	495
1669	497
1668	497
1668	511
1669	511
1669	513
1670	513
1670	514
1672	514
1672	515
1675	515
1675	517
1677	517
1677	518
1680	518
1680	519
1681	519
1681	520
1682	520
1682	521
1683	521
1683	522
1685	522
1685	523
1686	523
1686	524
1687	524
1687	525
1689	525
1689	527
1690	527
1690	549
1691	549
1691	551
1692	551
1692	558
1693	558
1693	560
1694	560
1694	562
1695	562
1695	563
1697	563
1697	564
1701	564
1701	565
1703	565
1703	566
1711	566
1711	567
1715	567
1715	568
1716	568
1716	591
1717	591
1717	599
1718	599
1718	605
1719	605
1719	607
1720	607
1720	608
1721	608
1721	615
1722	615
1722	617
1723	617
1723	618
1725	618
1725	620
1726	620
1726	621
1728	621
1728	622
1736	622
1736	623
1746	623
1746	624
1747	624
1747	625
1749	625
1749	626
1752	626
1752	627
1753	627
1753	628
1754	628
1754	629
1755	629
1755	630
1757	630
1757	632
1758	632
1758	634
1759	634
1759	635
1760	635
1760	636
1761	636
1761	638
1762	638
1762	640
1763	640
1763	642
1765	642
1765	643
1766	643
1766	645
1767	645
1767	647
1769	647
1769	649
1771	649
1771	650
1773	650
1773	651
1777	651
1777	650
1779	650
1779	648
1780	648
1780	645
1793	645
1793	646
1794	646
1794	645
1795	645
1795	646
1798	646
1798	647
1800	647
1800	646
1801	646
1801	647
1802	647
1802	646
1804	646
1804	647
1806	647
1806	646
1815	646
1815	647
1817	647
1817	646
1818	646
1818	647
1823	647
1823	646
1825	646
1825	647
1832	647
1832	648
1842	648
1842	649
1847	649
1847	648
1852	648
1852	647
1853	647
1853	645
1855	645
1855	644
1856	644
1856	643
1857	643
1857	642
1858	642
1858	641
1860	641
1860	640
1865	640
1865	639
1866	639
1866	637
1867	637
1867	635
1876	635
1876	636
1880	636
1880	637
1882	637
1882	638
1886	638
1886	639
1888	639
1888	640
1890	640
1890	641
1892	641
1892	642
1904	642
1904	643
1911	643
1911	644
1914	644
1914	643
1915	643
1915	644
1918	644
1918	643
1920	643
1920	642
1921	642
1921	641
1922	641
1922	640
1924	640
1924	638
1926	638
1926	637
1928	637
1928	636
1934	636
1934	637
1940	637
1940	636
1948	636
1948	635
1954	635
1954	636
1955	636
1955	635
1960	635
1960	634
1965	634
1965	633
1971	633
1971	632
1972	632
1972	631
1974	631
1974	630
1975	630
1975	629
1977	629
1977	628
1979	628
1979	627
1982	627
1982	626
1983	626
1983	625
1984	625
1984	624
1986	624
1986	623
1988	623
1988	622
1990	622
1990	621
1991	621
1991	620
1994	620
1994	619
1996	619
1996	618
1998	618
1998	617
1999	617
1999	616
2000	616
2000	615
2002	615
2002	614
2004	614
2004	613
2005	613
2005	612
2006	612
2006	611
2010	611
2010	610
2011	610
2011	609
2014	609
2014	608
2016	608
2016	607
2018	607
2018	606
2022	606
2022	605
2024	605
2024	604
2025	604
2025	603
2027	603
2027	602
2028	602
2028	601
2029	601
2029	600
2030	600
2030	599
2032	599
2032	597
2034	597
2034	596
2035	596
2035	594
2036	594
2036	593
2039	593
2039	592
2041	592
2041	589
2042	589
2042	588
2043	588
2043	587
2044	587
2044	585
2045	585
2045	584
2046	584
2046	583
2047	583
2047	582
2048	582
2048	581
2050	581
2050	580
2052	580
2052	579
2054	579
2054	578
2056	578
2056	577
2059	577
2059	576
2060	576
2060	575
2062	575
2062	574
2063	574
2063	573
2064	573
2064	572
2065	572
2065	571
2066	571
2066	569
2068	569
2068	568
2069	568
2069	567
2070	567
2070	566
2072	566
2072	565
2073	565
2073	564
2075	564
2075	563
2076	563
2076	562
2078	562
2078	560
2080	560
2080	559
2081	559
2081	558
2082	558
2082	556
2083	556
2083	555
2084	555
2084	553
2085	553
2085	552
2086	552
2086	551
2087	551
2087	550
2089	550
2089	549
2090	549
2090	548
2092	548
2092	547
2093	547
2093	546
2094	546
2094	545
2095	545
2095	544
2096	544
2096	543
2097	543
2097	542
2099	542
2099	541
2100	541
2100	540
2101	540
2101	539
2104	539
2104	538
2106	538
2106	539
2109	539
2109	541
2110	541
2110	543
2111	543
2111	544
2112	544
2112	545
2113	545
2113	546
2114	546
2114	548
2115	548
2115	549
2116	549
2116	550
2117	550
2117	552
2118	552
2118	553
2119	553
2119	554
2120	554
2120	555
2121	555
2121	556
2122	556
2122	557
2124	557
2124	558
2126	558
2126	559
2127	559
2127	560
2128	560
2128	561
2130	561
2130	563
2131	563
2131	564
2133	564
2133	565
2134	565
2134	567
2137	567
2137	568
2142	568
2142	569
2144	569
2144	568
2154	568
2154	569
2155	569
2155	568
2184	568
2184	567
2186	567
2186	566
2187	566
2187	565
2189	565
2189	563
2192	563
2192	562
2193	562
2193	561
2194	561
2194	560
2195	560
2195	559
2196	559
2196	558
2197	558
2197	557
2198	557
2198	555
2199	555
2199	553
2200	553
2200	550
2201	550
2201	549
2202	549
2202	548
2203	548
2203	546
2204	546
2204	542
2205	542
2205	541
2208	541
2208	539
2210	539
2210	538
2212	538
2212	537
2218	537
2218	539
2220	539
2220	540
2224	540
2224	539
2227	539
2227	545
2228	545
2228	548
2229	548
2229	549
2228	549
2228	571
2227	571
2227	572
2228	572
2228	576
2227	576
2227	577
2228	577
2228	578
2227	578
2227	584
2226	584
2226	588
2225	588
2225	589
2226	589
2226	590
2225	590
2225	592
2226	592
2226	601
2227	601
2227	604
2226	604
2226	608
2227	608
2227	609
2230	609
2230	610
2233	610
2233	609
2234	609
2234	610
2236	610
2236	609
2237	609
2237	610
2240	610
2240	611
2243	611
2243	612
2244	612
2244	614
2245	614
2245	615
2247	615
2247	617
2248	617
2248	618
2250	618
2250	621
2252	621
2252	622
2254	622
2254	623
2255	623
2255	624
2256	624
2256	625
2257	625
2257	627
2259	627
2259	628
2260	628
2260	629
2261	629
2261	631
2265	631
2265	632
2266	632
2266	633
2268	633
2268	634
2270	634
2270	635
2271	635
2271	636
2272	636
2272	637
2273	637
2273	636
2274	636
2274	637
2275	637
2275	638
2280	638
2280	639
2281	639
2281	640
2283	640
2283	641
2287	641
2287	642
2289	642
2289	643
2290	643
2290	642
2294	642
2294	643
2296	643
2296	644
2305	644
2305	645
2307	645
2307	644
2309	644
2309	643
2310	643
2310	644
2321	644
2321	643
2324	643
2324	642
2325	642
2325	641
2327	641
2327	639
2328	639
2328	638
2329	638
2329	637
2331	637
2331	636
2332	636
2332	634
2334	634
2334	633
2336	633
2336	631
2338	631
2338	629
2339	629
2339	627
2340	627
2340	626
2341	626
2341	625
2342	625
2342	624
2343	624
2343	623
2344	623
2344	621
2345	621
2345	619
2346	619
2346	617
2347	617
2347	615
2348	615
2348	614
2349	614
2349	612
2350	612
2350	611
2351	611
2351	609
2352	609
2352	606
2353	606
2353	603
2354	603
2354	599
2353	599
2353	597
2354	597
2354	594
2355	594
2355	592
2356	592
2356	580
2357	580
2357	577
2358	577
2358	575
2359	575
2359	572
2360	572
2360	571
2361	571
2361	569
2363	569
2363	566
2364	566
2364	565
2365	565
2365	563
2367	563
2367	562
2368	562
2368	561
2369	561
2369	560
2370	560
2370	559
2371	559
2371	558
2372	558
2372	556
2373	556
2373	555
2374	555
2374	554
2375	554
2375	553
2376	553
2376	551
2377	551
2377	550
2378	550
2378	549
2380	549
2380	548
2381	548
2381	547
2383	547
2383	546
2384	546
2384	545
2386	545
2386	542
2387	542
2387	541
2388	541
2388	540
2390	540
2390	539
2391	539
2391	538
2392	538
2392	537
2395	537
2395	536
2396	536
2396	535
2397	535
2397	534
2398	534
2398	533
2400	533
2400	532
2402	532
2402	531
2403	531
2403	530
2404	530
2404	529
2407	529
2407	528
2409	528
2409	527
2412	527
2412	526
2413	526
2413	525
2414	525
2414	524
2415	524
2415	523
2416	523
2416	522
2417	522
2417	520
2418	520
2418	518
2419	518
2419	516
2420	516
2420	515
2419	515
2419	512
2420	512
2420	509
2421	509
2421	508
2422	508
2422	507
2423	507
2423	503
2424	503
2424	502
2425	502
2425	499
2426	499
2426	498
2427	498
2427	495
2428	495
2428	494
2430	494
2430	493
2432	493
2432	492
2434	492
2434	491
2436	491
2436	490
2437	490
2437	489
2438	489
2438	488
2440	488
2440	486
2442	486
2442	485
2443	485
2443	484
2444	484
2444	483
2445	483
2445	482
2446	482
2446	481
2447	481
2447	480
2449	480
2449	479
2450	479
2450	478
2451	478
2451	477
2453	477
2453	476
2455	476
2455	475
2456	475
2456	474
2459	474
2459	473
2461	473
2461	472
2462	472
2462	471
2463	471
2463	470
2464	470
2464	469
2466	469
2466	468
2468	468
2468	467
2470	467
2470	466
2474	466
2474	465
2476	465
2476	464
2482	464
2482	463
2490	463
2490	464
2499	464
2499	465
2502	465
2502	466
2503	466
2503	467
2506	467
2506	468
2507	468
2507	469
2513	469
2513	470
2514	470
2514	471
2516	471
2516	472
2517	472
2517	474
2518	474
2518	475
2519	475
2519	478
2520	478
2520	480
2521	480
2521	482
2522	482
2522	483
2523	483
2523	484
2524	484
2524	487
2525	487
2525	488
2526	488
2526	490
2527	490
2527	492
2528	492
2528	499
2529	499
2529	503
2530	503
2530	506
2531	506
2531	508
2532	508
2532	510
2533	510
2533	511
2534	511
2534	513
2535	513
2535	514
2536	514
2536	516
2537	516
2537	519
2538	519
2538	523
2539	523
2539	527
2540	527
2540	529
2541	529
2541	532
2542	532
2542	535
2543	535
2543	537
2544	537
2544	539
2545	539
2545	542
2546	542
2546	545
2545	545
2545	552
2544	552
2544	555
2543	555
2543	556
2544	556
2544	558
2543	558
2543	561
2542	561
2542	562
2541	562
2541	564
2542	564
2542	565
2543	565
2543	566
2544	566
2544	565
2546	565
2546	567
2548	567
2548	568
2552	568
2552	569
2554	569
2554	574
2555	574
2555	577
2556	577
2556	579
2557	579
2557	605
2558	605
2558	607
2559	607
2559	608
2558	608
2558	611
2557	611
2557	613
2556	613
2556	615
2557	615
2557	616
2569	616
2569	617
2576	617
2576	618
2577	618
2577	619
2578	619
2578	620
2580	620
2580	621
2581	621
2581	622
2582	622
2582	623
2583	623
2583	624
2585	624
2585	625
2586	625
2586	626
2598	626
2598	627
2601	627
2601	628
2609	628
2609	629
2619	629
2619	630
2625	630
2625	629
2627	629
2627	630
2631	630
2631	631
2634	631
2634	632
2636	632
2636	631
2640	631
2640	632
2643	632
2643	631
2646	631
2646	632
2653	632
2653	633
2657	633
2657	632
2658	632
2658	633
2666	633
2666	634
2669	634
2669	635
2671	635
2671	634
2675	634
2675	635
2676	635
2676	634
2679	634
2679	635
2686	635
2686	636
2688	636
2688	635
2694	635
2694	636
2701	636
2701	637
2702	637
2702	636
2707	636
2707	637
2710	637
2710	634
2711	634
2711	631
2712	631
2712	628
2713	628
2713	627
2714	627
2714	625
2715	625
2715	624
2716	624
2716	618
2717	618
2717	615
2718	615
2718	608
2719	608
2719	602
2720	602
2720	599
2721	599
2721	594
2722	594
2722	591
2723	591
2723	586
2724	586
2724	584
2725	584
2725	583
2726	583
2726	582
2727	582
2727	580
2728	580
2728	579
2730	579
2730	578
2731	578
2731	579
2732	579
2732	578
2733	578
2733	577
2735	577
2735	576
2737	576
2737	575
2742	575
2742	576
2744	576
2744	577
2748	577
2748	578
2754	578
2754	579
2756	579
2756	580
2762	580
2762	581
2767	581
2767	582
2768	582
2768	581
2769	581
2769	582
2771	582
2771	581
2772	581
2772	582
2774	582
2774	581
2775	581
2775	582
2777	582
2777	581
2780	581
2780	580
2782	580
2782	581
2783	581
2783	580
2787	580
2787	579
2788	579
2788	580
2790	580
2790	579
2792	579
2792	580
2804	580
2804	579
2805	579
2805	578
2808	578
2808	577
2810	577
2810	576
2815	576
2815	575
2817	575
2817	574
2818	574
2818	572
2819	572
2819	571
2818	571
2818	570
2817	570
2817	568
2816	568
2816	567
2815	567
2815	565
2814	565
2814	563
2813	563
2813	560
2814	560
2814	559
2813	559
2813	556
2812	556
2812	551
2813	551
2813	550
2812	550
2812	548
2813	548
2813	537
2814	537
2814	535
2815	535
2815	534
2816	534
2816	532
2817	532
2817	531
2818	531
2818	529
2819	529
2819	528
2820	528
2820	527
2823	527
2823	526
2832	526
2832	525
2838	525
2838	524
2841	524
2841	523
2844	523
2844	522
2846	522
2846	521
2849	521
2849	520
2850	520
2850	519
2852	519
2852	518
2854	518
2854	517
2856	517
2856	515
2858	515
2858	514
2860	514
2860	513
2862	513
2862	512
2863	512
2863	511
2864	511
2864	510
2865	510
2865	507
2864	507
2864	506
2863	506
2863	504
2862	504
2862	488
2863	488
2863	478
2864	478
2864	476
2865	476
2865	473
2866	473
2866	470
2867	470
2867	469
2868	469
2868	466
2869	466
2869	465
2870	465
2870	462
2871	462
2871	460
2872	460
2872	457
2873	457
2873	456
2874	456
2874	453
2875	453
2875	450
2876	450
2876	445
2877	445
2877	443
2878	443
2878	440
2879	440
2879	436
2880	436
2880	435
2879	435
2879	433
2880	433
2880	432
2879	432
2879	431
2880	431
2880	425
2881	425
2881	423
2882	423
2882	422
2883	422
2883	420
2884	420
2884	418
2885	418
2885	417
2886	417
2886	416
2887	416
2887	415
2888	415
2888	414
2889	414
2889	413
2891	413
2891	412
2890	412
2890	410
2891	410
2891	409
2892	409
2892	408
2893	408
2893	405
2894	405
2894	403
2895	403
2895	402
2896	402
2896	401
2898	401
2898	402
2899	402
2899	401
2900	401
2900	399
2902	399
2902	398
2904	398
2904	397
2905	397
2905	395
2906	395
2906	392
2907	392
2907	387
2906	387
2906	386
2907	386
2907	385
2908	385
2908	380
2907	380
2907	375
2908	375
2908	374
2909	374
2909	370
2910	370
2910	367
2909	367
2909	359
2910	359
2910	354
2911	354
2911	350
2912	350
2912	345
2913	345
2913	342
2914	342
2914	340
2915	340
2915	337
2916	337
2916	333
2917	333
2917	331
2918	331
2918	328
2919	328
2919	327
2920	327
2920	325
2921	325
2921	322
2922	322
2922	321
2923	321
2923	320
2925	320
2925	319
2926	319
2926	318
2927	318
2927	317
2932	317
2932	316
2939	316
2939	317
2940	317
2940	316
2943	316
2943	317
2958	317
2958	316
2962	316
2962	317
2964	317
2964	318
2968	318
2968	317
2970	317
2970	316
2976	316
2976	317
2978	317
2978	318
2979	318
2979	320
2980	320
2980	321
2981	321
2981	322
2982	322
2982	324
2983	324
2983	331
2984	331
2984	333
2985	333
2985	335
2986	335
2986	337
2987	337
2987	338
2988	338
2988	339
2990	339
2990	340
2994	340
2994	339
2996	339
2996	337
2997	337
2997	335
2998	335
2998	334
3020	334
3020	335
3022	335
3022	336
3023	336
3023	337
3024	337
3024	340
3025	340
3025	342
3026	342
3026	345
3027	345
3027	354
3028	354
3028	357
3029	357
3029	371
3028	371
3028	373
3027	373
3027	383
3028	383
3028	384
3032	384
3032	385
3040	385
3040	384
3042	384
3042	385
3050	385
3050	386
3053	386
3053	387
3055	387
3055	388
3057	388
3057	389
3056	389
3056	390
3055	390
3055	397
3054	397
3054	401
3053	401
3053	411
3052	411
3052	413
3050	413
3050	414
3049	414
3049	417
3050	417
3050	418
3051	418
3051	419
3053	419
3053	420
3054	420
3054	422
3056	422
3056	423
3068	423
3068	424
3071	424
3071	423
3073	423
3073	424
3088	424
3088	425
3089	425
3089	424
3090	424
3090	425
3098	425
3098	426
3100	426
3100	427
3102	427
3102	428
3103	428
3103	429
3108	429
3108	430
3109	430
3109	429
3114	429
3114	428
3118	428
3118	429
3123	429
3123	430
3126	430
3126	431
3128	431
3128	432
3129	432
3129	434
3130	434
3130	433
3131	433
3131	434
3132	434
3132	435
3134	435
3134	436
3136	436
3136	437
3137	437
3137	438
3138	438
3138	439
3139	439
3139	440
3141	440
3141	442
3142	442
3142	444
3143	444
3143	446
3144	446
3144	447
3145	447
3145	452
3144	452
3144	457
3145	457
3145	459
3146	459
3146	460
3147	460
3147	462
3148	462
3148	463
3152	463
3152	460
3153	460
3153	454
3154	454
3154	452
3155	452
3155	444
3156	444
3156	443
3155	443
3155	441
3156	441
3156	437
3157	437
3157	434
3158	434
3158	432
3159	432
3159	431
3161	431
3161	430
3162	430
3162	428
3164	428
3164	427
3165	427
3165	426
3166	426
3166	425
3167	425
3167	424
3169	424
3169	423
3170	423
3170	422
3177	422
3177	421
3182	421
3182	423
3183	423
3183	425
3184	425
3184	426
3186	426
3186	427
3190	427
3190	444
3191	444
3191	446
3193	446
3193	447
3198	447
3198	449
3199	449
3199	451
3198	451
3198	452
3199	452
3199	468
3200	468
3200	469
3202	469
3202	468
3210	468
3210	467
3217	467
3217	468
3218	468
3218	467
3221	467
3221	468
3227	468
3227	469
3231	469
3231	470
3236	470
3236	471
3239	471
3239	470
3243	470
3243	472
3244	472
3244	473
3245	473
3245	474
3246	474
3246	475
3247	475
3247	477
3248	477
3248	480
3249	480
3249	488
3250	488
3250	493
3251	493
3251	496
3253	496
3253	497
3254	497
3254	496
3256	496
3256	497
3258	497
3258	499
3259	499
3259	501
3261	501
3261	502
3262	502
3262	503
3263	503
3263	505
3264	505
3264	510
3265	510
3265	513
3266	513
3266	516
3267	516
3267	517
3268	517
3268	521
3269	521
3269	525
3274	525
3274	526
3278	526
3278	525
3281	525
3281	526
3287	526
3287	527
3288	527
3288	526
3290	526
3290	527
3300	527
3300	528
3302	528
3302	527
3306	527
3306	528
3314	528
3314	527
3322	527
3322	526
3324	526
3324	525
3325	525
3325	524
3326	524
3326	523
3327	523
3327	521
3328	521
3328	520
3329	520
3329	518
3330	518
3330	515
3331	515
3331	505
3332	505
3332	502
3333	502
3333	501
3332	501
3332	499
3333	499
3333	487
3334	487
3334	484
3335	484
3335	481
3336	481
3336	478
3337	478
3337	477
3338	477
3338	474
3340	474
3340	473
3341	473
3341	472
3342	472
3342	471
3344	471
3344	472
3345	472
3345	471
3344	471
3344	469
3345	469
3345	467
3346	467
3346	465
3347	465
3347	464
3349	464
3349	463
3350	463
3350	462
3352	462
3352	461
3353	461
3353	460
3355	460
3355	459
3356	459
3356	458
3358	458
3358	457
3363	457
3363	456
3365	456
3365	455
3373	455
3373	454
3375	454
3375	455
3378	455
3378	454
3381	454
3381	455
3382	455
3382	454
3387	454
3387	453
3390	453
3390	451
3392	451
3392	449
3394	449
3394	448
3395	448
3395	447
3396	447
3396	446
3397	446
3397	445
3399	445
3399	444
3400	444
3400	443
3403	443
3403	442
3405	442
3405	441
3406	441
3406	440
3408	440
3408	439
3410	439
3410	437
3413	437
3413	435
3415	435
3415	434
3416	434
3416	433
3418	433
3418	432
3419	432
3419	431
3420	431
3420	430
3422	430
3422	428
3424	428
3424	427
3425	427
3425	426
3426	426
3426	425
3427	425
3427	424
3428	424
3428	422
3429	422
3429	421
3430	421
3430	419
3431	419
3431	418
3432	418
3432	417
3433	417
3433	416
3434	416
3434	415
3435	415
3435	414
3436	414
3436	413
3438	413
3438	412
3440	412
3440	410
3441	410
3441	409
3442	409
3442	408
3444	408
3444	407
3445	407
3445	406
3446	406
3446	405
3448	405
3448	403
3450	403
3450	402
3453	402
3453	400
3454	400
3454	399
3456	399
3456	398
3457	398
3457	397
3458	397
3458	396
3460	396
3460	395
3461	395
3461	393
3463	393
3463	391
3464	391
3464	389
3466	389
3466	387
3467	387
3467	386
3468	386
3468	384
3469	384
3469	383
3470	383
3470	382
3471	382
3471	380
3472	380
3472	379
3473	379
3473	377
3475	377
3475	374
3476	374
3476	372
3477	372
3477	371
3478	371
3478	366
3479	366
3479	363
3480	363
3480	356
3479	356
3479	355
3478	355
3478	351
3477	351
3477	347
3478	347
3478	345
3479	345
3479	341
3480	341
3480	336
3481	336
3481	333
3482	333
3482	332
3483	332
3483	331
3482	331
3482	329
3481	329
3481	328
3482	328
3482	322
3483	322
3483	317
3484	317
3484	315
3483	315
3483	310
3482	310
3482	303
3483	303
3483	301
3482	301
3482	286
3483	286
3483	285
3482	285
3482	281
3481	281
3481	280
3480	280
3480	274
3479	274
3479	270
3478	270
3478	267
3477	267
3477	263
3476	263
3476	261
3477	261
3477	260
3476	260
3476	258
3475	258
3475	255
3476	255
3476	254
3475	254
3475	251
3476	251
3476	250
3475	250
3475	249
3474	249
3474	248
3475	248
3475	247
3474	247
3474	246
3475	246
3475	233
3474	233
3474	228
3473	228
3473	224
3474	224
3474	223
3473	223
3473	217
3472	217
3472	210
3473	210
3473	205
3472	205
3472	200
3471	200
3471	195
3470	195
3470	191
3469	191
3469	188
3468	188
3468	186
3467	186
3467	182
3466	182
3466	179
3465	179
3465	174
3466	174
3466	171
3465	171
3465	162
3466	162
3466	161
3467	161
3467	159
3466	159
3466	157
3467	157
3467	154
3468	154
3468	149
3469	149
3469	148
3470	148
3470	147
3472	147
3472	146
3473	146
3473	145
3475	145
3475	144
3476	144
3476	142
3477	142
3477	141
3478	141
3478	140
3479	140
3479	139
3480	139
3480	138
3481	138
3481	137
3483	137
3483	136
3484	136
3484	135
3485	135
3485	134
3486	134
3486	133
3490	133
3490	132
3492	132
3492	133
3493	133
3493	132
3494	132
3494	133
3497	133
3497	134
3499	134
3499	133
3502	133
3502	134
3510	134
3510	135
3511	135
3511	134
3512	134
3512	135
3515	135
3515	134
3524	134
3524	135
3526	135
3526	134
3527	134
3527	135
3549	135
3549	136
3553	136
3553	135
3557	135
3557	136
3558	136
3558	135
3559	135
3559	136
3561	136
3561	135
3570	135
3570	134
3571	134
3571	131
3572	131
3572	129
3571	129
3571	128
3568	128
3568	130
3567	130
3567	131
3558	131
3558	130
3556	130
3556	131
3553	131
3553	130
3552	130
3552	131
3550	131
3550	130
3549	130
3549	131
3545	131
3545	130
3530	130
3530	129
3508	129
3508	128
3494	128
3494	127
3490	127
3490	126
3488	126
3488	127
3484	127
3484	128
3482	128
3482	130
3481	130
3481	131
3480	131
3480	132
3479	132
3479	133
3478	133
3478	134
3477	134
3477	135
3475	135
3475	138
3474	138
3474	139
3473	139
3473	140
3472	140
3472	141
3471	141
3471	142
3469	142
3469	143
3468	143
3468	144
3467	144
3467	145
3465	145
3465	146
3464	146
3464	150
3463	150
3463	156
3462	156
3462	157
3463	157
3463	159
3462	159
3462	160
3461	160
3461	169
3460	169
3460	172
3459	172
3459	175
3460	175
3460	179
3461	179
3461	183
3462	183
3462	186
3461	186
3461	187
3462	187
3462	189
3463	189
3463	192
3464	192
3464	196
3465	196
3465	200
3466	200
3466	204
3467	204
3467	206
3468	206
3468	207
3467	207
3467	210
3468	210
3468	214
3469	214
3469	218
3468	218
3468	222
3469	222
3469	228
3470	228
3470	234
3471	234
3471	235
3470	235
3470	241
3471	241
3471	244
3470	244
3470	248
3471	248
3471	250
3470	250
3470	256
3471	256
3471	261
3472	261
3472	268
3473	268
3473	273
3474	273
3474	276
3475	276
3475	282
3476	282
3476	289
3477	289
3477	291
3476	291
3476	293
3477	293
3477	304
3476	304
3476	308
3475	308
3475	309
3476	309
3476	324
3475	324
3475	333
3474	333
3474	336
3473	336
3473	343
3472	343
3472	345
3471	345
3471	355
3472	355
3472	358
3473	358
3473	360
3474	360
3474	362
3473	362
3473	366
3472	366
3472	369
3471	369
3471	371
3470	371
3470	373
3469	373
3469	375
3468	375
3468	377
3467	377
3467	378
3466	378
3466	380
3465	380
3465	381
3464	381
3464	382
3463	382
3463	384
3462	384
3462	385
3461	385
3461	386
3460	386
3460	388
3459	388
3459	389
3458	389
3458	390
3457	390
3457	391
3455	391
3455	393
3454	393
3454	394
3453	394
3453	395
3452	395
3452	396
3448	396
3448	398
3446	398
3446	399
3445	399
3445	400
3444	400
3444	401
3443	401
3443	402
3441	402
3441	403
3440	403
3440	404
3439	404
3439	405
3438	405
3438	406
3437	406
3437	407
3436	407
3436	408
3435	408
3435	409
3433	409
3433	411
3431	411
3431	413
3429	413
3429	414
3428	414
3428	416
3427	416
3427	417
3426	417
3426	418
3425	418
3425	420
3424	420
3424	421
3421	421
3421	423
3420	423
3420	424
3419	424
3419	425
3418	425
3418	426
3417	426
3417	427
3416	427
3416	428
3415	428
3415	429
3412	429
3412	430
3411	430
3411	431
3409	431
3409	433
3406	433
3406	434
3405	434
3405	435
3403	435
3403	437
3399	437
3399	438
3397	438
3397	439
3396	439
3396	440
3394	440
3394	441
3391	441
3391	442
3390	442
3390	443
3389	443
3389	444
3388	444
3388	445
3387	445
3387	446
3382	446
3382	447
3380	447
3380	446
3370	446
3370	447
3367	447
3367	448
3362	448
3362	449
3360	449
3360	450
3356	450
3356	451
3353	451
3353	452
3352	452
3352	453
3351	453
3351	454
3349	454
3349	455
3348	455
3348	456
3347	456
3347	457
3346	457
3346	458
3344	458
3344	459
3342	459
3342	461
3341	461
3341	462
3340	462
3340	463
3337	463
3337	464
3336	464
3336	466
3335	466
3335	468
3334	468
3334	470
3333	470
3333	471
3332	471
3332	473
3331	473
3331	474
3332	474
3332	475
3331	475
3331	477
3330	477
3330	478
3329	478
3329	482
3328	482
3328	483
3327	483
3327	486
3326	486
3326	487
3327	487
3327	490
3326	490
3326	502
3325	502
3325	507
3324	507
3324	510
3325	510
3325	514
3324	514
3324	515
3323	515
3323	516
3322	516
3322	518
3320	518
3320	520
3318	520
3318	521
3316	521
3316	520
3306	520
3306	521
3305	521
3305	520
3300	520
3300	521
3297	521
3297	520
3295	520
3295	521
3288	521
3288	520
3282	520
3282	519
3280	519
3280	520
3279	520
3279	519
3274	519
3274	518
3273	518
3273	517
3272	517
3272	515
3271	515
3271	514
3272	514
3272	513
3271	513
3271	512
3270	512
3270	509
3269	509
3269	505
3268	505
3268	503
3266	503
3266	502
3265	502
3265	501
3264	501
3264	500
3263	500
3263	499
3261	499
3261	497
3260	497
3260	496
3259	496
3259	493
3257	493
3257	492
3256	492
3256	493
3255	493
3255	492
3254	492
3254	490
3253	490
3253	483
3252	483
3252	481
3251	481
3251	479
3252	479
3252	477
3251	477
3251	474
3250	474
3250	472
3249	472
3249	471
3248	471
3248	470
3247	470
3247	469
3246	469
3246	468
3245	468
3245	467
3244	467
3244	466
3240	466
3240	467
3233	467
3233	466
3229	466
3229	465
3221	465
3221	464
3211	464
3211	463
3210	463
3210	464
3206	464
3206	463
3203	463
3203	462
3202	462
3202	460
3201	460
3201	459
3202	459
3202	458
3201	458
3201	449
3200	449
3200	447
3201	447
3201	444
3200	444
3200	440
3201	440
3201	435
3200	435
3200	423
3199	423
3199	421
3198	421
3198	419
3197	419
3197	418
3193	418
3193	417
3189	417
3189	416
3185	416
3185	417
3183	417
3183	418
3178	418
3178	419
3168	419
3168	420
3166	420
3166	421
3165	421
3165	422
3164	422
3164	423
3163	423
3163	424
3161	424
3161	425
3160	425
3160	426
3159	426
3159	427
3158	427
3158	428
3157	428
3157	429
3156	429
3156	430
3155	430
3155	432
3154	432
3154	435
3153	435
3153	436
3152	436
3152	451
3151	451
3151	453
3150	453
3150	458
3149	458
3149	457
3148	457
3148	455
3149	455
3149	449
3148	449
3148	445
3147	445
3147	443
3146	443
3146	442
3145	442
3145	440
3144	440
3144	439
3143	439
3143	437
3141	437
3141	436
3140	436
3140	435
3139	435
3139	434
3140	434
3140	433
3139	433
3139	432
3138	432
3138	433
3136	433
3136	431
3134	431
3134	430
3131	430
3131	429
3128	429
3128	428
3127	428
3127	427
3124	427
3124	426
3119	426
3119	425
3111	425
3111	426
3110	426
3110	425
3100	425
3100	422
3099	422
3099	423
3098	423
3098	422
3092	422
3092	421
3076	421
3076	420
3064	420
3064	419
3058	419
3058	418
3056	418
3056	417
3055	417
3055	415
3056	415
3056	414
3057	414
3057	406
3056	406
3056	405
3057	405
3057	403
3056	403
3056	399
3057	399
3057	394
3058	394
3058	391
3059	391
3059	386
3057	386
3057	385
3055	385
3055	384
3053	384
3053	383
3050	383
3050	382
3045	382
3045	381
3039	381
3039	382
3037	382
3037	381
3033	381
3033	380
3032	380
3032	379
3031	379
3031	374
3032	374
3032	368
3033	368
3033	363
3032	363
3032	357
3031	357
3031	351
3030	351
3030	348
3029	348
3029	345
3028	345
3028	342
3027	342
3027	340
3026	340
3026	337
3025	337
3025	335
3024	335
3024	333
3021	333
3021	332
3020	332
3020	333
3019	333
3019	332
3017	332
3017	333
3010	333
3010	332
3002	332
3002	331
3001	331
3001	332
3000	332
3000	331
2995	331
2995	329
2994	329
2994	327
2993	327
2993	320
2992	320
2992	318
2991	318
2991	316
2990	316
2990	314
2989	314
2989	313
2987	313
2987	311
2986	311
2986	310
2985	310
2985	309
2984	309
2984	308
2983	308
2983	306
2964	306
2964	307
2962	307
2962	309
2961	309
2961	313
2957	313
2957	314
2955	314
2955	313
2941	313
2941	312
2935	312
2935	313
2934	313
2934	312
2928	312
2928	313
2925	313
2925	314
2923	314
2923	315
2922	315
2922	316
2921	316
2921	317
2919	317
2919	318
2918	318
2918	319
2917	319
2917	322
2916	322
2916	325
2915	325
2915	327
2914	327
2914	329
2913	329
2913	332
2912	332
2912	335
2911	335
2911	339
2910	339
2910	341
2909	341
2909	343
2908	343
2908	347
2907	347
2907	351
2906	351
2906	356
2905	356
2905	363
2904	363
2904	364
2905	364
2905	365
2904	365
2904	369
2905	369
2905	371
2904	371
2904	372
2903	372
2903	377
2902	377
2902	378
2903	378
2903	386
2902	386
2902	390
2901	390
2901	392
2900	392
2900	393
2898	393
2898	394
2897	394
2897	395
2893	395
2893	396
2891	396
2891	398
2890	398
2890	400
2889	400
2889	402
2888	402
2888	403
2887	403
2887	405
2886	405
2886	407
2885	407
2885	408
2884	408
2884	410
2883	410
2883	411
2882	411
2882	412
2881	412
2881	413
2880	413
2880	414
2879	414
2879	416
2878	416
2878	418
2877	418
2877	419
2876	419
2876	421
2875	421
2875	425
2874	425
2874	432
2873	432
2873	438
2872	438
2872	443
2871	443
2871	444
2870	444
2870	446
2869	446
2869	452
2868	452
2868	455
2867	455
2867	457
2866	457
2866	459
2865	459
2865	461
2864	461
2864	463
2863	463
2863	466
2862	466
2862	467
2861	467
2861	469
2860	469
2860	473
2859	473
2859	478
2858	478
2858	504
2859	504
2859	507
2860	507
2860	508
2859	508
2859	510
2857	510
2857	511
2855	511
2855	512
2854	512
2854	513
2852	513
2852	514
2850	514
2850	515
2849	515
2849	516
2846	516
2846	517
2845	517
2845	518
2843	518
2843	519
2841	519
2841	520
2837	520
2837	521
2832	521
2832	522
2826	522
2826	523
2824	523
2824	522
2822	522
2822	523
2819	523
2819	524
2817	524
2817	525
2816	525
2816	526
2814	526
2814	529
2813	529
2813	530
2812	530
2812	531
2811	531
2811	533
2810	533
2810	535
2809	535
2809	541
2808	541
2808	542
2809	542
2809	543
2808	543
2808	558
2809	558
2809	561
2810	561
2810	566
2811	566
2811	567
2812	567
2812	569
2813	569
2813	570
2814	570
2814	572
2810	572
2810	573
2808	573
2808	574
2806	574
2806	575
2798	575
2798	576
2789	576
2789	575
2788	575
2788	576
2782	576
2782	577
2779	577
2779	578
2775	578
2775	577
2774	577
2774	578
2769	578
2769	577
2762	577
2762	576
2756	576
2756	575
2751	575
2751	574
2748	574
2748	573
2746	573
2746	572
2742	572
2742	571
2736	571
2736	572
2735	572
2735	571
2734	571
2734	572
2732	572
2732	573
2731	573
2731	574
2729	574
2729	575
2726	575
2726	576
2725	576
2725	577
2724	577
2724	578
2723	578
2723	579
2722	579
2722	580
2721	580
2721	581
2720	581
2720	584
2719	584
2719	589
2718	589
2718	593
2717	593
2717	598
2716	598
2716	601
2715	601
2715	602
2714	602
2714	605
2715	605
2715	607
2714	607
2714	613
2713	613
2713	616
2712	616
2712	622
2711	622
2711	625
2710	625
2710	629
2708	629
2708	630
2709	630
2709	631
2708	631
2708	632
2703	632
2703	631
2702	631
2702	632
2701	632
2701	631
2693	631
2693	630
2683	630
2683	629
2677	629
2677	628
2673	628
2673	629
2672	629
2672	628
2659	628
2659	627
2654	627
2654	626
2653	626
2653	627
2651	627
2651	626
2645	626
2645	625
2639	625
2639	626
2638	626
2638	625
2637	625
2637	626
2636	626
2636	625
2632	625
2632	626
2630	626
2630	624
2627	624
2627	622
2623	622
2623	621
2617	621
2617	620
2616	620
2616	621
2614	621
2614	620
2601	620
2601	621
2588	621
2588	620
2586	620
2586	619
2584	619
2584	617
2582	617
2582	616
2580	616
2580	615
2577	615
2577	614
2576	614
2576	613
2572	613
2572	612
2567	612
2567	613
2566	613
2566	612
2562	612
2562	611
2561	611
2561	609
2562	609
2562	608
2564	608
2564	607
2566	607
2566	605
2567	605
2567	591
2568	591
2568	589
2569	589
2569	587
2570	587
2570	585
2569	585
2569	581
2568	581
2568	580
2567	580
2567	575
2566	575
2566	573
2565	573
2565	571
2564	571
2564	565
2563	565
2563	563
2562	563
2562	562
2561	562
2561	561
2559	561
2559	559
2557	559
2557	558
2548	558
2548	559
2547	559
2547	556
2548	556
2548	552
2549	552
2549	540
2548	540
2548	537
2547	537
2547	532
2546	532
2546	530
2545	530
2545	527
2544	527
2544	525
2543	525
2543	523
2542	523
2542	519
2541	519
2541	517
2540	517
2540	515
2539	515
2539	513
2538	513
2538	511
2537	511
2537	509
2536	509
2536	508
2535	508
2535	507
2534	507
2534	506
2535	506
2535	505
2534	505
2534	502
2533	502
2533	496
2532	496
2532	494
2531	494
2531	490
2530	490
2530	488
2529	488
2529	486
2528	486
2528	484
2527	484
2527	482
2526	482
2526	480
2525	480
2525	479
2524	479
2524	477
2523	477
2523	475
2522	475
2522	474
2521	474
2521	472
2520	472
2520	471
2519	471
2519	470
2518	470
2518	469
2517	469
2517	468
2516	468
2516	467
2515	467
2515	466
2514	466
2514	465
2510	465
2510	464
2506	464
2506	463
2504	463
2504	462
2501	462
2501	461
2499	461
2499	460
2494	460
2494	459
2479	459
2479	460
2474	460
2474	461
2471	461
2471	462
2467	462
2467	463
2466	463
2466	464
2465	464
2465	463
2464	463
2464	464
2463	464
2463	465
2462	465
2462	466
2459	466
2459	467
2458	467
2458	468
2456	468
2456	469
2453	469
2453	470
2450	470
2450	471
2449	471
2449	472
2447	472
2447	473
2446	473
2446	475
2445	475
2445	476
2443	476
2443	477
2441	477
2441	478
2440	478
2440	480
2439	480
2439	481
2438	481
2438	482
2437	482
2437	481
2436	481
2436	482
2435	482
2435	484
2434	484
2434	485
2433	485
2433	486
2432	486
2432	487
2429	487
2429	488
2427	488
2427	489
2426	489
2426	491
2424	491
2424	493
2423	493
2423	494
2422	494
2422	495
2421	495
2421	498
2420	498
2420	500
2419	500
2419	501
2418	501
2418	503
2417	503
2417	506
2416	506
2416	507
2415	507
2415	512
2414	512
2414	514
2413	514
2413	518
2411	518
2411	519
2410	519
2410	520
2407	520
2407	521
2405	521
2405	522
2403	522
2403	523
2401	523
2401	524
2399	524
2399	525
2397	525
2397	527
2396	527
2396	526
2395	526
2395	527
2393	527
2393	528
2391	528
2391	529
2390	529
2390	530
2389	530
2389	531
2387	531
2387	532
2386	532
2386	533
2385	533
2385	534
2384	534
2384	535
2383	535
2383	536
2382	536
2382	537
2381	537
2381	538
2380	538
2380	540
2379	540
2379	541
2377	541
2377	542
2375	542
2375	543
2373	543
2373	545
2372	545
2372	546
2371	546
2371	547
2370	547
2370	548
2369	548
2369	549
2368	549
2368	551
2366	551
2366	552
2365	552
2365	553
2364	553
2364	555
2362	555
2362	557
2361	557
2361	559
2360	559
2360	560
2359	560
2359	561
2358	561
2358	562
2357	562
2357	565
2356	565
2356	567
2355	567
2355	569
2354	569
2354	570
2353	570
2353	572
2352	572
2352	573
2351	573
2351	576
2350	576
2350	579
2349	579
2349	587
2348	587
2348	591
2347	591
2347	596
2346	596
2346	603
2345	603
2345	606
2344	606
2344	608
2343	608
2343	609
2342	609
2342	613
2341	613
2341	614
2339	614
2339	617
2338	617
2338	619
2337	619
2337	620
2336	620
2336	621
2335	621
2335	623
2334	623
2334	624
2333	624
2333	625
2332	625
2332	626
2330	626
2330	627
2329	627
2329	629
2328	629
2328	630
2325	630
2325	631
2324	631
2324	632
2323	632
2323	633
2322	633
2322	634
2321	634
2321	635
2320	635
2320	636
2313	636
2313	635
2304	635
2304	636
2300	636
2300	635
2291	635
2291	634
2289	634
2289	633
2287	633
2287	634
2285	634
2285	633
2284	633
2284	631
2283	631
2283	630
2280	630
2280	629
2279	629
2279	630
2278	630
2278	629
2277	629
2277	630
2276	630
2276	629
2274	629
2274	630
2273	630
2273	629
2272	629
2272	626
2271	626
2271	624
2270	624
2270	623
2266	623
2266	622
2264	622
2264	623
2262	623
2262	622
2260	622
2260	621
2259	621
2259	620
2258	620
2258	619
2257	619
2257	617
2255	617
2255	616
2253	616
2253	615
2252	615
2252	614
2251	614
2251	612
2250	612
2250	611
2249	611
2249	610
2248	610
2248	609
2247	609
2247	604
2245	604
2245	603
2244	603
2244	602
2236	602
2236	601
2232	601
2232	600
2233	600
2233	599
2232	599
2232	593
2231	593
2231	592
2232	592
2232	591
2231	591
2231	590
2232	590
2232	587
2231	587
2231	578
2232	578
2232	577
2231	577
2231	576
2232	576
2232	573
2231	573
2231	572
2232	572
2232	566
2233	566
2233	565
2232	565
2232	554
2231	554
2231	551
2230	551
2230	549
2231	549
2231	548
2235	548
2235	549
2236	549
2236	548
2237	548
2237	547
2238	547
2238	548
2239	548
2239	549
2241	549
2241	550
2242	550
2242	551
2246	551
2246	552
2248	552
2248	554
2250	554
2250	551
2249	551
2249	552
2248	552
2248	551
2246	551
2246	549
2244	549
2244	548
2246	548
2246	547
2247	547
2247	546
2248	546
2248	542
2246	542
2246	540
2245	540
2245	539
2244	539
2244	538
2242	538
2242	537
2240	537
2240	535
2239	535
2239	534
2238	534
2238	535
2236	535
2236	533
2235	533
2235	531
2234	531
2234	530
2232	530
2232	529
2221	529
2221	530
2219	530
2219	531
2218	531
2218	533
2217	533
2217	534
2212	534
2212	536
2209	536
2209	537
2207	537
2207	538
2206	538
2206	539
2203	539
2203	540
2202	540
2202	541
2201	541
2201	546
2200	546
2200	547
2199	547
2199	550
2198	550
2198	551
2197	551
2197	553
2196	553
2196	555
2195	555
2195	556
2194	556
2194	557
2193	557
2193	558
2192	558
2192	559
2191	559
2191	560
2189	560
2189	561
2188	561
2188	562
2186	562
2186	563
2185	563
2185	564
2182	564
2182	565
2178	565
2178	566
2177	566
2177	565
2176	565
2176	566
2174	566
2174	565
2160	565
2160	566
2144	566
2144	565
2141	565
2141	564
2136	564
2136	563
2135	563
2135	562
2134	562
2134	560
2131	560
2131	558
2129	558
2129	557
2128	557
2128	556
2127	556
2127	555
2126	555
2126	554
2125	554
2125	553
2124	553
2124	552
2122	552
2122	551
2121	551
2121	550
2120	550
2120	549
2119	549
2119	548
2118	548
2118	546
2117	546
2117	545
2116	545
2116	544
2115	544
2115	543
2114	543
2114	540
2113	540
2113	539
2112	539
2112	538
2111	538
2111	537
2110	537
2110	536
2108	536
2108	535
2101	535
2101	536
2098	536
2098	537
2097	537
2097	538
2096	538
2096	539
2095	539
2095	540
2094	540
2094	542
2092	542
2092	543
2091	543
2091	544
2090	544
2090	545
2089	545
2089	546
2088	546
2088	547
2085	547
2085	548
2084	548
2084	549
2083	549
2083	550
2082	550
2082	551
2081	551
2081	553
2080	553
2080	554
2079	554
2079	555
2078	555
2078	557
2076	557
2076	558
2075	558
2075	559
2074	559
2074	560
2072	560
2072	561
2070	561
2070	562
2069	562
2069	563
2068	563
2068	564
2067	564
2067	565
2066	565
2066	566
2064	566
2064	567
2063	567
2063	568
2062	568
2062	569
2061	569
2061	571
2059	571
2059	572
2058	572
2058	573
2056	573
2056	574
2054	574
2054	575
2051	575
2051	576
2050	576
2050	577
2048	577
2048	578
2046	578
2046	579
2045	579
2045	580
2044	580
2044	581
2043	581
2043	582
2042	582
2042	583
2041	583
2041	585
2040	585
2040	587
2039	587
2039	589
2037	589
2037	590
2034	590
2034	591
2032	591
2032	593
2031	593
2031	594
2030	594
2030	595
2028	595
2028	597
2027	597
2027	598
2025	598
2025	599
2024	599
2024	600
2023	600
2023	601
2022	601
2022	602
2018	602
2018	603
2016	603
2016	604
2013	604
2013	605
2012	605
2012	606
2010	606
2010	607
2007	607
2007	608
2004	608
2004	609
2003	609
2003	610
2001	610
2001	611
1999	611
1999	612
1997	612
1997	613
1996	613
1996	614
1995	614
1995	615
1994	615
1994	616
1991	616
1991	617
1990	617
1990	618
1988	618
1988	619
1986	619
1986	620
1985	620
1985	621
1983	621
1983	622
1982	622
1982	623
1981	623
1981	624
1977	624
1977	625
1975	625
1975	626
1974	626
1974	627
1972	627
1972	628
1969	628
1969	629
1968	629
1968	630
1964	630
1964	631
1963	631
1963	630
1962	630
1962	631
1960	631
1960	632
1950	632
1950	631
1949	631
1949	632
1944	632
1944	633
1933	633
1933	634
1931	634
1931	633
1929	633
1929	634
1928	634
1928	633
1927	633
1927	634
1925	634
1925	635
1923	635
1923	636
1922	636
1922	638
1921	638
1921	639
1919	639
1919	640
1918	640
1918	641
1917	641
1917	640
1909	640
1909	639
1900	639
1900	638
1892	638
1892	637
1890	637
1890	636
1888	636
1888	635
1884	635
1884	634
1882	634
1882	633
1878	633
1878	632
1869	632
1869	631
1868	631
1868	632
1866	632
1866	634
1864	634
1864	635
1863	635
1863	637
1862	637
1862	638
1858	638
1858	639
1856	639
1856	641
1855	641
1855	643
1853	643
1853	645
1851	645
1851	646
1850	646
1850	647
1848	647
1848	646
1847	646
1847	645
1844	645
1844	646
1843	646
1843	645
1836	645
1836	644
1832	644
1832	645
1830	645
1830	644
1826	644
1826	643
1825	643
1825	644
1822	644
1822	643
1811	643
1811	644
1800	644
1800	643
1779	643
1779	642
1778	642
1778	641
1777	641
1777	639
1775	639
1775	637
1774	637
1774	635
1773	635
1773	634
1771	634
1771	632
1770	632
1770	630
1769	630
1769	629
1768	629
1768	628
1767	628
1767	625
1766	625
1766	623
1764	623
1764	622
1762	622
1762	620
1761	620
1761	618
1759	618
1759	617
1755	617
1755	616
1754	616
1754	615
1753	615
1753	614
1751	614
1751	613
1740	613
1740	612
1733	612
1733	610
1731	610
1731	604
1730	604
1730	602
1729	602
1729	601
1728	601
1728	595
1727	595
1727	580
1726	580
1726	565
1727	565
1727	563
1726	563
1726	561
1725	561
1725	559
1723	559
1723	558
1718	558
1718	557
1714	557
1714	556
1709	556
1709	555
1707	555
1707	554
1702	554
1702	547
1701	547
1701	545
1700	545
1700	523
1699	523
1699	521
1698	521
1698	520
1697	520
1697	518
1696	518
1696	517
1694	517
1694	515
1693	515
1693	514
1691	514
1691	513
1689	513
1689	511
1688	511
1688	510
1686	510
1686	509
1684	509
1684	508
1683	508
1683	507
1682	507
1682	506
1680	506
1680	505
1678	505
1678	501
1679	501
1679	499
1680	499
1680	498
1681	498
1681	496
1682	496
1682	489
1683	489
1683	477
1682	477
1682	472
1681	472
1681	470
1680	470
1680	469
1679	469
1679	467
1678	467
1678	465
1676	465
1676	464
1675	464
1675	462
1673	462
1673	461
1671	461
1671	460
1663	460
1663	459
1653	459
1653	458
1652	458
1652	459
1649	459
1649	460
1642	460
1642	461
1640	461
1640	462
1637	462
1637	463
1635	463
1635	464
1633	464
1633	465
1629	465
1629	466
1627	466
1627	467
1626	467
1626	468
1625	468
1625	469
1624	469
1624	470
1623	470
1623	472
1622	472
1622	475
1619	475
1619	477
1618	477
1618	478
1617	478
1617	481
1616	481
1616	484
1615	484
1615	485
1614	485
1614	486
1613	486
1613	487
1612	487
1612	488
1611	488
1611	489
1610	489
1610	491
1609	491
1609	495
1608	495
1608	498
1607	498
1607	501
1606	501
1606	503
1604	503
1604	504
1603	504
1603	505
1602	505
1602	507
1601	507
1601	508
1599	508
1599	509
1598	509
1598	511
1597	511
1597	513
1595	513
1595	515
1594	515
1594	516
1593	516
1593	517
1592	517
1592	519
1591	519
1591	520
1590	520
1590	521
1589	521
1589	522
1588	522
1588	523
1587	523
1587	524
1585	524
1585	525
1584	525
1584	526
1583	526
1583	528
1582	528
1582	530
1581	530
1581	532
1580	532
1580	536
1579	536
1579	537
1580	537
1580	538
1579	538
1579	546
1578	546
1578	549
1577	549
1577	553
1576	553
1576	556
1575	556
1575	557
1576	557
1576	559
1575	559
1575	560
1574	560
1574	563
1573	563
1573	565
1572	565
1572	568
1571	568
1571	572
1570	572
1570	580
1569	580
1569	584
1570	584
1570	587
1569	587
1569	598
1568	598
1568	603
1567	603
1567	605
1566	605
1566	607
1565	607
1565	611
1564	611
1564	613
1565	613
1565	616
1564	616
1564	617
1565	617
1565	619
1564	619
1564	622
1565	622
1565	625
1564	625
1564	626
1565	626
1565	633
1566	633
1566	634
1565	634
1565	636
1564	636
1564	637
1563	637
1563	638
1562	638
1562	643
1563	643
1563	646
1562	646
1562	647
1563	647
1563	650
1562	650
1562	652
1561	652
1561	654
1562	654
1562	655
1561	655
1561	657
1560	657
1560	659
1559	659
1559	660
1558	660
1558	663
1557	663
1557	664
1556	664
1556	665
1554	665
1554	667
1552	667
1552	669
1551	669
1551	670
1550	670
1550	671
1549	671
1549	674
1548	674
1548	677
1546	677
1546	678
1544	678
1544	679
1541	679
1541	680
1539	680
1539	681
1532	681
1532	680
1521	680
1521	679
1517	679
1517	678
1516	678
1516	677
1513	677
1513	675
1512	675
1512	674
1510	674
1510	673
1509	673
1509	672
1508	672
1508	671
1507	671
1507	670
1505	670
1505	669
1502	669
1502	668
1498	668
1498	667
1489	667
1489	666
1480	666
1480	665
1475	665
1475	664
1471	664
1471	663
1468	663
1468	662
1465	662
1465	661
1462	661
1462	660
1458	660
1458	659
1455	659
1455	657
1451	657
1451	656
1446	656
1446	655
1438	655
1438	654
1436	654
1436	653
1434	653
1434	652
1432	652
1432	653
1430	653
1430	652
1420	652
1420	651
1419	651
1419	652
1416	652
1416	651
1408	651
1408	650
1406	650
1406	651
1398	651
1398	650
1396	650
1396	651
1387	651
1387	650
1386	650
1386	652
1382	652
1382	653
1376	653
1376	652
1375	652
1375	653
1372	653
1372	654
1368	654
1368	655
1366	655
1366	656
1362	656
1362	655
1360	655
1360	656
1352	656
1352	655
1346	655
1346	654
1341	654
1341	653
1340	653
1340	654
1339	654
1339	653
1338	653
1338	654
1336	654
1336	652
1331	652
1331	651
1330	651
1330	652
1327	652
1327	653
1325	653
1325	654
1322	654
1322	655
1315	655
1315	656
1314	656
1314	655
1309	655
1309	656
1305	656
1305	657
1304	657
1304	658
1302	658
1302	659
1301	659
1301	660
1298	660
1298	661
1295	661
1295	660
1293	660
1293	661
1287	661
1287	662
1276	662
1276	661
1272	661
1272	660
1270	660
1270	659
1269	659
1269	658
1265	658
1265	657
1264	657
1264	658
1261	658
1261	657
1254	657
1254	658
1253	658
1253	657
1252	657
1252	656
1251	656
1251	657
1248	657
1248	658
1246	658
1246	657
1244	657
1244	655
1243	655
1243	656
1242	656
1242	655
1240	655
1240	653
1238	653
1238	652
1237	652
1237	651
1236	651
1236	652
1234	652
1234	653
1227	653
1227	652
1223	652
1223	651
1217	651
1217	652
1215	652
1215	651
1208	651
1208	650
1200	650
1200	651
1197	651
1197	652
1196	652
1196	651
1194	651
1194	650
1188	650
1188	649
1184	649
1184	650
1182	650
1182	649
1178	649
1178	648
1174	648
1174	647
1164	647
1164	646
1162	646
1162	645
1158	645
1158	644
1156	644
1156	643
1149	643
1149	644
1147	644
1147	645
1145	645
1145	646
1143	646
1143	647
1142	647
1142	648
1139	648
1139	649
1137	649
1137	650
1135	650
1135	651
1133	651
1133	653
1132	653
1132	654
1131	654
1131	655
1130	655
1130	656
1128	656
1128	658
1127	658
1127	663
1126	663
1126	666
1125	666
1125	669
1124	669
1124	671
1123	671
1123	674
1121	674
1121	675
1120	675
1120	676
1118	676
1118	678
1114	678
1114	679
1112	679
1112	680
1110	680
1110	681
1109	681
1109	682
1108	682
1108	683
1106	683
1106	684
1105	684
1105	686
1094	686
1094	685
1093	685
1093	686
1090	686
1090	685
1084	685
1084	682
1086	682
1086	678
1087	678
1087	677
1088	677
1088	672
1089	672
1089	656
1088	656
1088	648
1089	648
1089	646
1090	646
1090	645
1089	645
1089	632
1088	632
1088	622
1087	622
1087	620
1089	620
1089	619
1088	619
1088	616
1089	616
1089	614
1088	614
1088	612
1087	612
1087	608
1088	608
1088	604
1087	604
1087	602
1086	602
1086	601
1085	601
1085	599
1086	599
1086	597
1085	597
1085	593
1086	593
1086	591
1085	591
1085	590
1084	590
1084	587
1083	587
1083	580
1084	580
1084	575
1083	575
1083	574
1082	574
1082	572
1083	572
1083	570
1082	570
1082	568
1083	568
1083	567
1082	567
1082	563
1081	563
1081	561
1080	561
1080	560
1081	560
1081	549
1080	549
1080	539
1081	539
1081	534
1082	534
1082	532
1081	532
1081	529
1082	529
1082	522
1083	522
1083	520
1084	520
1084	513
1083	513
1083	509
1082	509
1082	506
1080	506
1080	500
1079	500
1079	499
1077	499
1077	498
1075	498
1075	497
1074	497
1074	496
1073	496
1073	497
1071	497
1071	496
1068	496
1068	494
1065	494
1065	493
1064	493
1064	494
1063	494
1063	495
1062	495
1062	496
1060	496
1060	497
1057	497
1057	498
1055	498
1055	499
1054	499
1054	502
1050	502
1050	503
1048	503
1048	505
1045	505
1045	504
1044	504
1044	505
1042	505
1042	506
1036	506
1036	507
1034	507
1034	508
1031	508
1031	507
1026	507
1026	508
1025	508
1025	507
1021	507
1021	508
1011	508
1011	507
1004	507
1004	506
1003	506
1003	507
1002	507
1002	506
992	506
992	505
991	505
991	506
989	506
989	505
986	505
986	504
985	504
985	503
982	503
982	502
974	502
974	501
972	501
972	500
970	500
970	498
966	498
966	497
961	497
961	498
960	498
960	497
959	497
959	499
957	499
957	502
956	502
956	504
954	504
954	506
953	506
953	507
952	507
952	508
951	508
951	509
950	509
950	510
945	510
945	511
942	511
942	512
941	512
941	513
939	513
939	514
937	514
937	520
935	520
935	527
934	527
934	528
933	528
933	530
932	530
932	531
931	531
931	532
924	532
924	531
914	531
914	530
910	530
910	529
908	529
908	527
907	527
907	526
906	526
906	525
905	525
905	523
903	523
903	522
902	522
902	521
900	521
900	520
899	520
899	519
898	519
898	518
897	518
897	516
896	516
896	515
894	515
894	513
893	513
893	512
891	512
891	511
889	511
889	509
888	509
888	508
886	508
886	505
885	505
885	504
884	504
884	503
883	503
883	502
884	502
884	501
881	501
881	499
879	499
879	500
864	500
864	499
859	499
859	498
858	498
858	495
857	495
857	493
856	493
856	492
855	492
855	491
854	491
854	488
846	488
846	487
845	487
845	484
844	484
844	483
843	483
843	472
842	472
842	460
841	460
841	456
840	456
840	453
839	453
839	448
838	448
838	446
837	446
837	443
836	443
836	441
835	441
835	435
834	435
834	432
833	432
833	430
832	430
832	428
831	428
831	417
830	417
830	415
831	415
831	412
829	412
829	411
828	411
828	408
827	408
827	395
826	395
826	388
825	388
825	386
824	386
824	385
823	385
823	383
822	383
822	382
820	382
820	381
818	381
818	380
816	380
816	379
815	379
815	378
814	378
814	377
811	377
811	378
810	378
810	377
808	377
808	378
807	378
807	379
806	379
806	383
805	383
805	385
803	385
803	386
802	386
802	388
801	388
801	390
799	390
799	391
798	391
798	393
797	393
797	401
796	401
796	405
795	405
795	406
794	406
794	408
793	408
793	413
792	413
792	417
791	417
791	419
790	419
790	425
789	425
789	428
788	428
788	430
787	430
787	432
786	432
786	434
785	434
785	435
782	435
782	436
781	436
781	437
780	437
780	438
779	438
779	439
777	439
777	441
776	441
776	442
773	442
773	443
771	443
771	445
768	445
768	446
765	446
765	447
763	447
763	448
760	448
760	449
758	449
758	450
757	450
757	451
755	451
755	452
754	452
754	454
753	454
753	462
752	462
752	463
751	463
751	465
750	465
750	466
749	466
749	467
748	467
748	468
746	468
746	469
744	469
744	470
743	470
743	471
741	471
741	472
739	472
739	473
737	473
737	474
735	474
735	476
734	476
734	481
733	481
733	482
732	482
732	483
730	483
730	484
729	484
729	485
727	485
727	486
723	486
723	487
722	487
722	489
719	489
719	491
717	491
717	492
715	492
715	493
714	493
714	494
710	494
710	495
709	495
709	496
708	496
708	497
705	497
705	498
703	498
703	499
701	499
701	500
699	500
699	501
697	501
697	502
694	502
694	503
692	503
692	504
690	504
690	506
689	506
689	507
688	507
688	508
687	508
687	509
686	509
686	512
685	512
685	519
684	519
684	522
683	522
683	525
682	525
682	527
681	527
681	529
680	529
680	531
679	531
679	533
678	533
678	534
677	534
677	535
676	535
676	538
675	538
675	540
674	540
674	541
673	541
673	542
674	542
674	552
673	552
673	560
672	560
672	561
671	561
671	566
670	566
670	567
669	567
669	568
668	568
668	570
667	570
667	572
666	572
666	573
665	573
665	574
664	574
664	576
663	576
663	577
662	577
662	579
661	579
661	580
660	580
660	581
658	581
658	585
655	585
655	586
654	586
654	587
652	587
652	588
651	588
651	587
643	587
643	588
640	588
640	587
639	587
639	586
634	586
634	585
632	585
632	586
629	586
629	587
621	587
621	586
619	586
619	587
617	587
617	586
612	586
612	587
609	587
609	586
608	586
608	587
606	587
606	586
589	586
589	585
588	585
588	586
587	586
587	585
585	585
585	584
584	584
584	585
577	585
577	584
573	584
573	583
572	583
572	584
568	584
568	583
567	583
567	584
565	584
565	583
563	583
563	582
561	582
561	581
553	581
553	580
552	580
552	581
547	581
547	582
545	582
545	581
537	581
537	580
533	580
533	581
521	581
521	580
519	580
519	579
516	579
516	580
512	580
512	581
510	581
510	580
508	580
508	579
507	579
507	578
506	578
506	577
504	577
504	575
503	575
503	574
500	574
500	575
498	575
498	574
495	574
495	575
493	575
493	574
490	574
490	573
491	573
491	571
490	571
490	569
491	569
491	568
490	568
490	558
489	558
489	556
490	556
490	549
489	549
489	547
490	547
490	546
489	546
489	543
491	543
491	538
492	538
492	536
493	536
493	529
492	529
492	525
491	525
491	523
490	523
490	519
485	519
485	518
483	518
483	517
482	517
482	516
481	516
481	517
479	517
479	516
477	516
477	515
476	515
476	513
475	513
475	512
473	512
473	511
472	511
472	509
470	509
470	508
467	508
467	507
457	507
457	506
456	506
456	507
455	507
455	506
449	506
449	505
444	505
444	503
443	503
443	502
442	502
442	499
441	499
441	497
440	497
440	496
439	496
439	495
438	495
438	493
439	493
439	492
438	492
438	491
437	491
437	488
438	488
438	477
437	477
437	473
436	473
436	465
435	465
435	461
436	461
436	454
435	454
435	450
434	450
434	448
433	448
433	445
434	445
434	438
433	438
433	433
432	433
432	432
431	432
431	431
430	431
430	430
431	430
431	426
430	426
430	425
429	425
429	423
430	423
430	419
429	419
429	414
428	414
428	410
427	410
427	405
426	405
426	404
427	404
427	402
426	402
426	401
425	401
425	396
426	396
426	394
425	394
425	393
426	393
426	392
425	392
425	391
424	391
424	390
425	390
425	384
426	384
426	382
425	382
425	374
426	374
426	372
425	372
425	367
424	367
424	358
423	358
423	353
424	353
424	352
423	352
423	346
424	346
424	335
425	335
425	334
424	334
424	332
425	332
425	330
424	330
424	318
423	318
423	315
425	315
425	301
424	301
424	300
425	300
425	294
426	294
426	291
425	291
425	289
426	289
426	278
427	278
427	276
426	276
426	274
427	274
427	268
426	268
426	265
428	265
428	263
427	263
427	261
428	261
428	259
429	259
429	251
428	251
428	250
429	250
429	249
428	249
428	247
427	247
427	246
426	246
426	244
425	244
425	243
423	243
423	242
421	242
421	241
420	241
420	238
419	238
419	235
420	235
420	232
419	232
419	231
418	231
418	229
417	229
417	228
415	228
415	225
416	225
416	223
415	223
415	210
413	210
413	209
412	209
412	208
411	208
411	207
410	207
410	206
409	206
409	205
405	205
405	204
400	204
400	205
398	205
398	204
397	204
397	206
395	206
395	207
393	207
393	208
392	208
392	209
391	209
391	210
390	210
390	211
389	211
389	218
388	218
388	219
387	219
387	221
386	221
386	222
385	222
385	226
384	226
384	228
383	228
383	231
382	231
382	236
381	236
381	239
380	239
380	242
379	242
379	244
378	244
378	245
379	245
379	246
378	246
378	247
377	247
377	248
375	248
375	250
374	250
374	251
373	251
373	252
372	252
372	251
371	251
371	252
370	252
370	253
369	253
369	254
368	254
368	255
367	255
367	256
365	256
365	257
364	257
364	258
363	258
363	259
362	259
362	260
361	260
361	261
360	261
360	262
359	262
359	265
358	265
358	266
357	266
