2813	98
2812	98
2812	99
2811	99
2811	100
2809	100
2809	102
2808	102
2808	104
2807	104
2807	106
2806	106
2806	108
2805	108
2805	110
2803	110
2803	111
2802	111
2802	113
2800	113
2800	115
2799	115
2799	116
2798	116
2798	118
2797	118
2797	119
2796	119
2796	122
2795	122
2795	124
2794	124
2794	125
2793	125
2793	127
2792	127
2792	129
2791	129
2791	132
2790	132
2790	134
2789	134
2789	136
2788	136
2788	137
2787	137
2787	139
2786	139
2786	140
2785	140
2785	142
2784	142
2784	143
2783	143
2783	144
2781	144
2781	146
2779	146
2779	147
2777	147
2777	148
2775	148
2775	149
2773	149
2773	150
2770	150
2770	151
2768	151
2768	152
2766	152
2766	153
2764	153
2764	154
2762	154
2762	156
2761	156
2761	157
2760	157
2760	158
2759	158
2759	159
2758	159
2758	160
2757	160
2757	162
2756	162
2756	163
2755	163
2755	165
2754	165
2754	166
2753	166
2753	167
2752	167
2752	168
2751	168
2751	169
2750	169
2750	170
2749	170
2749	172
2748	172
2748	173
2746	173
2746	174
2744	174
2744	175
2742	175
2742	176
2741	176
2741	177
2739	177
2739	178
2736	178
2736	179
2734	179
2734	180
2733	180
2733	181
2732	181
2732	182
2731	182
2731	183
2729	183
2729	186
2728	186
2728	188
2726	188
2726	190
2725	190
2725	192
2724	192
2724	194
2723	194
2723	196
2722	196
2722	198
2721	198
2721	200
2720	200
2720	203
2719	203
2719	208
2718	208
2718	210
2717	210
2717	215
2716	215
2716	219
2715	219
2715	227
2714	227
2714	231
2713	231
2713	233
2712	233
2712	235
2710	235
2710	237
2709	237
2709	238
2708	238
2708	239
2707	239
2707	240
2706	240
2706	241
2705	241
2705	242
2703	242
2703	244
2701	244
2701	245
2699	245
2699	246
2698	246
2698	247
2696	247
2696	248
2695	248
2695	249
2693	249
2693	250
2692	250
2692	251
2690	251
2690	252
2688	252
2688	253
2686	253
2686	254
2685	254
2685	255
2684	255
2684	256
2682	256
2682	258
2681	258
2681	259
2680	259
2680	261
2679	261
2679	263
2678	263
2678	265
2677	265
2677	267
2676	267
2676	269
2675	269
2675	271
2674	271
2674	273
2673	273
2673	274
2672	274
2672	276
2671	276
2671	277
2670	277
2670	278
2669	278
2669	280
2668	280
2668	281
2667	281
2667	282
2666	282
2666	283
2664	283
2664	284
2662	284
2662	285
2659	285
2659	286
2656	286
2656	287
2641	287
2641	288
2639	288
2639	289
2635	289
2635	290
2620	290
2620	289
2617	289
2617	288
2615	288
2615	287
2614	287
2614	286
2612	286
2612	285
2611	285
2611	284
2610	284
2610	283
2609	283
2609	281
2608	281
2608	280
2607	280
2607	278
2606	278
2606	277
2605	277
2605	275
2604	275
2604	274
2603	274
2603	273
2602	273
2602	272
2601	272
2601	271
2600	271
2600	270
2599	270
2599	268
2597	268
2597	267
2596	267
2596	266
2595	266
2595	265
2593	265
2593	264
2592	264
2592	263
2590	263
2590	262
2589	262
2589	261
2582	261
2582	262
2579	262
2579	263
2575	263
2575	264
2573	264
2573	265
2568	265
2568	266
2563	266
2563	267
2554	267
2554	268
2548	268
2548	269
2546	269
2546	270
2545	270
2545	271
2543	271
2543	272
2539	272
2539	273
2536	273
2536	274
2535	274
2535	275
2533	275
2533	276
2529	276
2529	277
2527	277
2527	278
2525	278
2525	279
2523	279
2523	280
2521	280
2521	281
2519	281
2519	282
2517	282
2517	283
2515	283
2515	284
2513	284
2513	285
2511	285
2511	286
2510	286
2510	287
2509	287
2509	289
2507	289
2507	290
2505	290
2505	291
2504	291
2504	292
2502	292
2502	293
2499	293
2499	294
2497	294
2497	295
2495	295
2495	296
2491	296
2491	297
2475	297
2475	298
2471	298
2471	299
2469	299
2469	300
2468	300
2468	301
2466	301
2466	302
2465	302
2465	303
2464	303
2464	304
2462	304
2462	305
2461	305
2461	306
2459	306
2459	307
2457	307
2457	308
2456	308
2456	309
2454	309
2454	310
2452	310
2452	311
2422	311
2422	310
2418	310
2418	309
2416	309
2416	308
2406	308
2406	307
2398	307
2398	306
2392	306
2392	307
2390	307
2390	308
2387	308
2387	309
2385	309
2385	310
2383	310
2383	311
2380	311
2380	312
2378	312
2378	313
2376	313
2376	314
2374	314
2374	315
2371	315
2371	316
2369	316
2369	317
2368	317
2368	320
2367	320
2367	322
2366	322
2366	323
2365	323
2365	326
2364	326
2364	328
2362	328
2362	330
2361	330
2361	332
2360	332
2360	334
2359	334
2359	336
2358	336
2358	338
2357	338
2357	340
2356	340
2356	343
2355	343
2355	345
2354	345
2354	349
2353	349
2353	364
2352	364
2352	366
2351	366
2351	370
2350	370
2350	375
2349	375
2349	377
2348	377
2348	381
2347	381
2347	384
2346	384
2346	386
2345	386
2345	389
2344	389
2344	392
2343	392
2343	394
2342	394
2342	399
2341	399
2341	403
2340	403
2340	405
2339	405
2339	408
2338	408
2338	411
2337	411
2337	413
2336	413
2336	414
2334	414
2334	416
2333	416
2333	417
2331	417
2331	418
2330	418
2330	419
2328	419
2328	420
2325	420
2325	421
2321	421
2321	422
2320	422
2320	423
2319	423
2319	424
2318	424
2318	426
2317	426
2317	427
2316	427
2316	428
2315	428
2315	429
2314	429
2314	431
2312	431
2312	433
2311	433
2311	435
2309	435
2309	436
2308	436
2308	437
2307	437
2307	439
2305	439
2305	440
2304	440
2304	442
2302	442
2302	443
2301	443
2301	445
2300	445
2300	447
2299	447
2299	448
2298	448
2298	450
2297	450
2297	452
2296	452
2296	453
2295	453
2295	455
2294	455
2294	457
2293	457
2293	458
2292	458
2292	460
2291	460
2291	461
2290	461
2290	462
2289	462
2289	463
2288	463
2288	465
2287	465
2287	466
2286	466
2286	467
2285	467
2285	469
2284	469
2284	470
2283	470
2283	473
2282	473
2282	476
2281	476
2281	479
2280	479
2280	483
2279	483
2279	485
2278	485
2278	487
2277	487
2277	488
2276	488
2276	489
2274	489
2274	491
2272	491
2272	492
2263	492
2263	493
2260	493
2260	494
2258	494
2258	495
2257	495
2257	496
2255	496
2255	498
2254	498
2254	499
2253	499
2253	501
2252	501
2252	502
2251	502
2251	504
2250	504
2250	505
2248	505
2248	507
2247	507
2247	508
2246	508
2246	509
2245	509
2245	511
2244	511
2244	512
2243	512
2243	513
2241	513
2241	514
2240	514
2240	515
2238	515
2238	516
2237	516
2237	518
2235	518
2235	519
2234	519
2234	520
2233	520
2233	521
2232	521
2232	522
2231	522
2231	523
2230	523
2230	524
2229	524
2229	525
2227	525
2227	526
2225	526
2225	527
2223	527
2223	528
2222	528
2222	529
2221	529
2221	530
2220	530
2220	531
2218	531
2218	532
2217	532
2217	533
2216	533
2216	534
2215	534
2215	535
2213	535
2213	536
2211	536
2211	538
2209	538
2209	540
2208	540
2208	542
2207	542
2207	543
2206	543
2206	545
2205	545
2205	547
2204	547
2204	549
2203	549
2203	552
2202	552
2202	554
2201	554
2201	557
2200	557
2200	559
2199	559
2199	560
2198	560
2198	562
2196	562
2196	565
2195	565
2195	567
2194	567
2194	568
2193	568
2193	569
2192	569
2192	570
2190	570
2190	571
2188	571
2188	572
2187	572
2187	573
2185	573
2185	574
2184	574
2184	575
2182	575
2182	576
2179	576
2179	577
2175	577
2175	578
2166	578
2166	577
2162	577
2162	576
2160	576
2160	575
2157	575
2157	574
2151	574
2151	575
2148	575
2148	576
2146	576
2146	577
2143	577
2143	579
2142	579
2142	581
2140	581
2140	583
2139	583
2139	585
2138	585
2138	586
2137	586
2137	588
2136	588
2136	590
2134	590
2134	591
2133	591
2133	593
2132	593
2132	594
2131	594
2131	595
2130	595
2130	598
2129	598
2129	600
2128	600
2128	604
2127	604
2127	607
2126	607
2126	609
2125	609
2125	611
2124	611
2124	615
2123	615
2123	617
2122	617
2122	621
2121	621
2121	623
2120	623
2120	629
2119	629
2119	631
2118	631
2118	633
2117	633
2117	635
2116	635
2116	636
2114	636
2114	637
2109	637
2109	636
2107	636
2107	635
2105	635
2105	634
2104	634
2104	632
2103	632
2103	631
2102	631
2102	630
2101	630
2101	628
2100	628
2100	624
2099	624
2099	622
2098	622
2098	618
2097	618
2097	615
2096	615
2096	613
2094	613
2094	612
2092	612
2092	611
2075	611
2075	612
2073	612
2073	613
2061	613
2061	612
2059	612
2059	610
2058	610
2058	604
2059	604
2059	602
2060	602
2060	601
2059	601
2059	598
2058	598
2058	595
2057	595
2057	590
2056	590
2056	584
2055	584
2055	581
2054	581
2054	580
2052	580
2052	578
2051	578
2051	577
2049	577
2049	576
2048	576
2048	575
2044	575
2044	574
2039	574
2039	573
2010	573
2010	574
2003	574
2003	575
1996	575
1996	576
1992	576
1992	577
1990	577
1990	578
1966	578
1966	577
1961	577
1961	576
1955	576
1955	575
1941	575
1941	574
1939	574
1939	573
1938	573
1938	572
1935	572
1935	571
1933	571
1933	569
1931	569
1931	568
1930	568
1930	567
1929	567
1929	566
1928	566
1928	565
1926	565
1926	564
1924	564
1924	563
1923	563
1923	562
1922	562
1922	561
1920	561
1920	559
1918	559
1918	558
1917	558
1917	557
1916	557
1916	556
1915	556
1915	555
1913	555
1913	554
1911	554
1911	552
1908	552
1908	551
1906	551
1906	550
1904	550
1904	549
1903	549
1903	548
1902	548
1902	546
1901	546
1901	543
1900	543
1900	542
1898	542
1898	541
1897	541
1897	540
1895	540
1895	539
1893	539
1893	537
1892	537
1892	536
1891	536
1891	535
1890	535
1890	534
1889	534
1889	532
1888	532
1888	530
1886	530
1886	528
1864	528
1864	529
1860	529
1860	530
1858	530
1858	531
1857	531
1857	538
1856	538
1856	540
1855	540
1855	541
1853	541
1853	542
1852	542
1852	543
1850	543
1850	548
1849	548
1849	550
1848	550
1848	552
1847	552
1847	556
1846	556
1846	558
1845	558
1845	560
1844	560
1844	562
1843	562
1843	563
1842	563
1842	564
1841	564
1841	565
1840	565
1840	566
1839	566
1839	567
1837	567
1837	568
1835	568
1835	569
1818	569
1818	568
1815	568
1815	567
1813	567
1813	566
1810	566
1810	565
1807	565
1807	564
1805	564
1805	563
1804	563
1804	562
1802	562
1802	561
1800	561
1800	560
1799	560
1799	558
1797	558
1797	557
1796	557
1796	556
1791	556
1791	557
1790	557
1790	558
1788	558
1788	559
1787	559
1787	561
1786	561
1786	563
1785	563
1785	566
1784	566
1784	571
1783	571
1783	573
1782	573
1782	576
1781	576
1781	579
1780	579
1780	582
1779	582
1779	608
1778	608
1778	613
1777	613
1777	618
1776	618
1776	627
1775	627
1775	631
1774	631
1774	634
1773	634
1773	636
1772	636
1772	651
1773	651
1773	670
1774	670
1774	686
1775	686
1775	699
1776	699
1776	702
1777	702
1777	724
1776	724
1776	728
1775	728
1775	735
1774	735
1774	738
1773	738
1773	747
1772	747
1772	751
1771	751
1771	753
1770	753
1770	755
1769	755
1769	758
1768	758
1768	760
1766	760
1766	761
1765	761
1765	763
1763	763
1763	764
1760	764
1760	765
1727	765
1727	766
1723	766
1723	767
1719	767
1719	768
1716	768
1716	770
1715	770
1715	771
1714	771
1714	772
1713	772
1713	773
1712	773
1712	774
1711	774
1711	779
1710	779
1710	782
1709	782
1709	786
1708	786
1708	788
1707	788
1707	790
1705	790
1705	791
1693	791
1693	790
1690	790
1690	789
1688	789
1688	788
1687	788
1687	787
1686	787
1686	786
1684	786
1684	785
1683	785
1683	784
1682	784
1682	783
1681	783
1681	781
1680	781
1680	769
1678	769
1678	768
1676	768
1676	766
1673	766
1673	765
1671	765
1671	764
1670	764
1670	763
1668	763
1668	762
1667	762
1667	761
1664	761
1664	760
1662	760
1662	759
1649	759
1649	758
1641	758
1641	757
1639	757
1639	756
1638	756
1638	755
1637	755
1637	754
1636	754
1636	752
1635	752
1635	748
1634	748
1634	732
1633	732
1633	728
1632	728
1632	724
1631	724
1631	722
1630	722
1630	719
1629	719
1629	716
1628	716
1628	714
1627	714
1627	706
1626	706
1626	704
1625	704
1625	703
1624	703
1624	701
1623	701
1623	700
1617	700
1617	699
1615	699
1615	698
1614	698
1614	697
1611	697
1611	696
1609	696
1609	695
1608	695
1608	694
1607	694
1607	692
1606	692
1606	690
1605	690
1605	688
1604	688
1604	683
1603	683
1603	680
1602	680
1602	678
1601	678
1601	676
1600	676
1600	675
1599	675
1599	674
1598	674
1598	673
1597	673
1597	672
1596	672
1596	670
1595	670
1595	669
1594	669
1594	667
1593	667
1593	666
1592	666
1592	664
1591	664
1591	662
1590	662
1590	660
1589	660
1589	658
1588	658
1588	656
1587	656
1587	655
1586	655
1586	653
1585	653
1585	651
1584	651
1584	650
1583	650
1583	649
1582	649
1582	648
1580	648
1580	646
1579	646
1579	642
1580	642
1580	622
1578	622
1578	621
1576	621
1576	619
1574	619
1574	618
1572	618
1572	617
1570	617
1570	616
1566	616
1566	615
1564	615
1564	614
1561	614
1561	613
1558	613
1558	612
1556	612
1556	611
1549	611
1549	610
1547	610
1547	609
1546	609
1546	608
1545	608
1545	607
1544	607
1544	606
1543	606
1543	605
1542	605
1542	604
1540	604
1540	603
1539	603
1539	601
1538	601
1538	600
1537	600
1537	599
1536	599
1536	598
1535	598
1535	597
1534	597
1534	595
1533	595
1533	594
1532	594
1532	593
1521	593
1521	594
1520	594
1520	595
1519	595
1519	596
1518	596
1518	597
1517	597
1517	598
1516	598
1516	599
1515	599
1515	601
1514	601
1514	602
1513	602
1513	603
1512	603
1512	604
1511	604
1511	605
1510	605
1510	606
1509	606
1509	607
1507	607
1507	608
1505	608
1505	609
1504	609
1504	610
1502	610
1502	612
1500	612
1500	613
1499	613
1499	614
1498	614
1498	615
1496	615
1496	617
1495	617
1495	619
1494	619
1494	620
1493	620
1493	621
1492	621
1492	624
1491	624
1491	627
1490	627
1490	629
1489	629
1489	630
1487	630
1487	631
1485	631
1485	633
1483	633
1483	634
1479	634
1479	635
1478	635
1478	636
1477	636
1477	638
1476	638
1476	640
1474	640
1474	641
1470	641
1470	642
1469	642
1469	643
1468	643
1468	645
1467	645
1467	646
1465	646
1465	649
1464	649
1464	652
1463	652
1463	655
1462	655
1462	657
1461	657
1461	661
1460	661
1460	667
1461	667
1461	671
1462	671
1462	678
1463	678
1463	689
1464	689
1464	705
1463	705
1463	710
1462	710
1462	712
1461	712
1461	730
1460	730
1460	732
1459	732
1459	734
1460	734
1460	737
1461	737
1461	741
1462	741
1462	743
1463	743
1463	745
1464	745
1464	747
1465	747
1465	749
1466	749
1466	766
1465	766
1465	773
1464	773
1464	775
1463	775
1463	778
1462	778
1462	780
1461	780
1461	781
1460	781
1460	782
1459	782
1459	786
1458	786
1458	789
1457	789
1457	793
1456	793
1456	796
1455	796
1455	798
1454	798
1454	800
1453	800
1453	802
1452	802
1452	804
1451	804
1451	808
1450	808
1450	810
1449	810
1449	812
1448	812
1448	815
1447	815
1447	817
1446	817
1446	819
1445	819
1445	820
1444	820
1444	821
1442	821
1442	822
1432	822
1432	821
1430	821
1430	820
1429	820
1429	819
1426	819
1426	818
1423	818
1423	817
1418	817
1418	816
1414	816
1414	815
1409	815
1409	814
1407	814
1407	813
1404	813
1404	812
1389	812
1389	811
1387	811
1387	810
1383	810
1383	809
1380	809
1380	808
1378	808
1378	807
1374	807
1374	806
1372	806
1372	805
1370	805
1370	804
1369	804
1369	803
1368	803
1368	802
1367	802
1367	801
1366	801
1366	799
1365	799
1365	798
1364	798
1364	796
1363	796
1363	794
1362	794
1362	792
1360	792
1360	793
1359	793
1359	795
1358	795
1358	796
1357	796
1357	798
1356	798
1356	799
1355	799
1355	803
1354	803
1354	805
1353	805
1353	806
1352	806
1352	810
1351	810
1351	812
1349	812
1349	813
1337	813
1337	812
1334	812
1334	811
1332	811
1332	809
1329	809
1329	808
1325	808
1325	807
1323	807
1323	806
1322	806
1322	805
1321	805
1321	804
1320	804
1320	802
1319	802
1319	787
1320	787
1320	782
1321	782
1321	779
1322	779
1322	776
1323	776
1323	775
1286	775
1286	774
1282	774
1282	773
1264	773
1264	774
1258	774
1258	775
1249	775
1249	776
1236	776
1236	775
1234	775
1234	773
1233	773
1233	771
1232	771
1232	769
1231	769
1231	768
1230	768
1230	766
1229	766
1229	763
1228	763
1228	761
1227	761
1227	759
1226	759
1226	757
1225	757
1225	754
1224	754
1224	751
1223	751
1223	746
1222	746
1222	738
1221	738
1221	735
1220	735
1220	732
1219	732
1219	731
1218	731
1218	730
1217	730
1217	728
1216	728
1216	726
1215	726
1215	724
1214	724
1214	722
1213	722
1213	709
1212	709
1212	708
1210	708
1210	707
1209	707
1209	706
1207	706
1207	705
1205	705
1205	704
1203	704
1203	702
1202	702
1202	701
1196	701
1196	702
1194	702
1194	703
1192	703
1192	704
1191	704
1191	705
1189	705
1189	706
1181	706
1181	705
1179	705
1179	704
1178	704
1178	702
1177	702
1177	701
1176	701
1176	699
1175	699
1175	697
1174	697
1174	695
1173	695
1173	694
1172	694
1172	692
1171	692
1171	689
1170	689
1170	687
1169	687
1169	684
1168	684
1168	683
1167	683
1167	681
1166	681
1166	679
1165	679
1165	678
1164	678
1164	676
1163	676
1163	672
1162	672
1162	670
1161	670
1161	668
1160	668
1160	665
1159	665
1159	663
1158	663
1158	662
1157	662
1157	661
1156	661
1156	660
1155	660
1155	659
1154	659
1154	657
1152	657
1152	655
1151	655
1151	654
1150	654
1150	653
1149	653
1149	652
1148	652
1148	651
1143	651
1143	650
1139	650
1139	649
1133	649
1133	648
1131	648
1131	647
1129	647
1129	646
1127	646
1127	645
1125	645
1125	644
1123	644
1123	643
1116	643
1116	648
1115	648
1115	650
1114	650
1114	652
1113	652
1113	654
1112	654
1112	655
1110	655
1110	656
1109	656
1109	657
1108	657
1108	658
1106	658
1106	659
1104	659
1104	660
1075	660
1075	661
1070	661
1070	662
1046	662
1046	663
1037	663
1037	664
1035	664
1035	665
1032	665
1032	667
1031	667
1031	669
1030	669
1030	671
1029	671
1029	672
1028	672
1028	674
1027	674
1027	675
1026	675
1026	678
1025	678
1025	680
1024	680
1024	681
1023	681
1023	682
1022	682
1022	685
1021	685
1021	698
1020	698
1020	700
1019	700
1019	706
1018	706
1018	709
1017	709
1017	714
1016	714
1016	733
1015	733
1015	739
1014	739
1014	741
1013	741
1013	750
1012	750
1012	752
1011	752
1011	754
1009	754
1009	755
1008	755
1008	756
1007	756
1007	758
1006	758
1006	760
1005	760
1005	763
1004	763
1004	765
1002	765
1002	766
1001	766
1001	768
999	768
999	769
997	769
997	770
991	770
991	769
989	769
989	768
987	768
987	767
986	767
986	765
985	765
985	764
984	764
984	762
975	762
975	761
972	761
972	760
967	760
967	759
963	759
963	758
961	758
961	757
955	757
955	756
953	756
953	755
951	755
951	754
949	754
949	753
947	753
947	752
946	752
946	751
945	751
945	750
943	750
943	749
941	749
941	748
938	748
938	747
936	747
936	746
931	746
931	745
929	745
929	744
928	744
928	743
927	743
927	742
926	742
926	741
925	741
925	740
924	740
924	739
923	739
923	737
922	737
922	735
921	735
921	734
920	734
920	733
919	733
919	732
918	732
918	731
916	731
916	730
914	730
914	729
912	729
912	728
911	728
911	727
910	727
910	726
909	726
909	725
907	725
907	723
899	723
899	722
897	722
897	720
896	720
896	716
895	716
895	713
894	713
894	711
893	711
893	704
892	704
892	702
884	702
884	701
881	701
881	700
879	700
879	699
878	699
878	698
876	698
876	697
872	697
872	696
862	696
862	695
860	695
860	693
859	693
859	691
858	691
858	690
857	690
857	688
856	688
856	685
855	685
855	682
854	682
854	680
853	680
853	677
852	677
852	676
851	676
851	674
850	674
850	672
849	672
849	671
847	671
847	670
845	670
845	669
844	669
844	668
843	668
843	667
842	667
842	666
838	666
838	665
833	665
833	664
831	664
831	663
830	663
830	661
829	661
829	657
828	657
828	653
827	653
827	650
826	650
826	648
825	648
825	647
824	647
824	646
823	646
823	644
822	644
822	642
821	642
821	640
820	640
820	637
819	637
819	635
818	635
818	634
817	634
817	632
816	632
816	629
815	629
815	627
814	627
814	624
813	624
813	622
812	622
812	620
811	620
811	615
810	615
810	604
809	604
809	603
808	603
808	602
806	602
806	601
803	601
803	600
801	600
801	599
799	599
799	598
797	598
797	597
795	597
795	596
794	596
794	594
793	594
793	592
792	592
792	591
791	591
791	590
789	590
789	589
787	589
787	588
785	588
785	589
783	589
783	590
778	590
778	591
769	591
769	592
767	592
767	593
765	593
765	594
764	594
764	595
762	595
762	596
760	596
760	597
758	597
758	598
755	598
755	599
753	599
753	600
751	600
751	601
750	601
750	603
748	603
748	604
746	604
746	605
745	605
745	606
744	606
744	607
743	607
743	608
741	608
741	609
740	609
740	610
738	610
738	611
736	611
736	612
735	612
735	613
733	613
733	614
731	614
731	615
730	615
730	616
728	616
728	617
726	617
726	618
725	618
725	619
724	619
724	620
722	620
722	621
690	621
690	620
688	620
688	619
687	619
687	618
685	618
685	617
683	617
683	616
682	616
682	614
681	614
681	612
680	612
680	610
679	610
679	608
678	608
678	603
677	603
677	601
676	601
676	597
675	597
675	596
674	596
674	595
673	595
673	594
672	594
672	593
671	593
671	592
670	592
670	591
668	591
668	590
666	590
666	589
663	589
663	588
661	588
661	587
659	587
659	586
657	586
657	584
654	584
654	583
652	583
652	582
651	582
651	581
650	581
650	579
649	579
649	577
646	577
646	579
644	579
644	580
632	580
632	579
630	579
630	578
629	578
629	576
628	576
628	575
627	575
627	573
626	573
626	572
625	572
625	571
624	571
624	569
623	569
623	565
622	565
622	563
621	563
621	562
620	562
620	561
619	561
619	562
618	562
618	565
617	565
617	567
615	567
615	568
614	568
614	569
613	569
613	570
611	570
611	571
575	571
575	570
569	570
569	569
566	569
566	568
564	568
564	567
563	567
563	566
562	566
562	564
561	564
561	562
560	562
560	553
559	553
559	552
558	552
558	551
557	551
557	549
545	549
545	548
541	548
541	547
538	547
538	546
536	546
536	545
520	545
520	544
513	544
513	543
507	543
507	542
505	542
505	541
501	541
501	540
499	540
499	539
495	539
495	538
490	538
490	537
486	537
486	536
481	536
481	535
478	535
478	534
476	534
476	533
473	533
473	532
471	532
471	531
469	531
469	530
468	530
468	529
467	529
467	527
466	527
466	525
465	525
465	523
464	523
464	519
463	519
463	517
462	517
462	515
461	515
461	513
460	513
460	511
459	511
459	494
458	494
458	488
457	488
457	486
456	486
456	484
455	484
455	479
454	479
454	477
453	477
453	474
452	474
452	472
451	472
451	470
450	470
450	468
449	468
449	467
448	467
448	465
447	465
447	464
446	464
446	462
444	462
444	461
443	461
443	460
442	460
442	459
441	459
441	458
439	458
439	457
437	457
437	456
424	456
424	455
415	455
415	454
412	454
412	453
402	453
402	452
400	452
400	451
398	451
398	450
395	450
395	449
393	449
393	448
392	448
392	447
391	447
391	446
390	446
390	444
389	444
389	443
388	443
388	442
387	442
387	440
386	440
386	438
385	438
385	437
384	437
384	435
383	435
383	434
382	434
382	433
381	433
381	432
380	432
380	430
379	430
379	428
378	428
378	425
376	425
376	424
374	424
374	423
372	423
372	422
371	422
371	421
367	421
367	420
365	420
365	418
364	418
364	414
365	414
365	412
366	412
366	410
367	410
367	409
368	409
368	406
369	406
369	404
370	404
370	344
369	344
369	341
368	341
368	338
367	338
367	336
366	336
366	300
365	300
365	293
364	293
364	291
363	291
363	284
362	284
362	264
361	264
361	260
360	260
360	249
359	249
359	244
358	244
358	231
357	231
357	227
348	227
348	228
346	228
346	229
344	229
344	230
343	230
343	231
341	231
341	232
339	232
339	233
338	233
338	234
336	234
336	235
322	235
322	234
320	234
320	233
319	233
319	232
318	232
318	231
317	231
317	229
316	229
316	228
315	228
315	226
314	226
314	223
311	223
311	224
307	224
307	225
305	225
305	226
303	226
303	227
300	227
300	228
299	228
299	230
298	230
298	232
297	232
297	233
296	233
296	235
295	235
295	237
294	237
294	238
293	238
293	240
292	240
292	242
291	242
291	243
290	243
290	245
288	245
288	246
287	246
287	248
286	248
286	250
285	250
285	252
283	252
283	253
282	253
282	254
280	254
280	255
263	255
263	254
261	254
261	252
259	252
259	250
258	250
258	227
259	227
259	224
260	224
260	219
261	219
261	216
258	216
258	217
251	217
251	216
231	216
231	215
223	215
223	214
207	214
207	213
201	213
201	212
198	212
198	211
196	211
196	210
195	210
195	209
194	209
194	208
193	208
193	207
192	207
192	206
191	206
191	205
190	205
190	204
189	204
189	203
188	203
188	202
187	202
187	201
186	201
186	199
185	199
185	196
184	196
184	194
183	194
183	191
182	191
182	189
174	189
174	188
172	188
172	187
170	187
170	186
167	186
167	185
156	185
156	184
154	184
154	183
153	183
153	182
149	182
149	181
138	181
138	180
135	180
135	179
133	179
133	178
131	178
131	177
130	177
130	176
129	176
129	175
128	175
128	174
127	174
127	173
126	173
126	172
125	172
125	171
123	171
123	170
122	170
122	169
121	169
121	167
119	167
119	166
118	166
118	165
117	165
117	164
116	164
116	163
115	163
115	162
114	162
114	161
113	161
113	160
112	160
112	158
111	158
111	156
110	156
110	154
109	154
109	152
108	152
108	150
107	150
107	148
106	148
106	147
105	147
105	146
104	146
104	145
96	145
96	144
94	144
94	143
92	143
92	141
91	141
91	140
90	140
90	139
89	139
89	137
88	137
88	135
87	135
87	132
85	132
85	130
84	130
84	129
83	129
83	128
82	128
82	126
81	126
81	124
80	124
80	121
79	121
79	119
69	119
69	118
67	118
67	117
65	117
65	115
64	115
64	111
65	111
65	109
67	109
67	108
73	108
73	109
84	109
84	110
86	110
86	111
87	111
87	112
88	112
88	114
89	114
89	117
90	117
90	120
91	120
91	121
92	121
92	122
93	122
93	124
94	124
94	125
95	125
95	127
96	127
96	129
97	129
97	132
98	132
98	133
99	133
99	134
100	134
100	135
108	135
108	136
110	136
110	137
111	137
111	138
113	138
113	139
114	139
114	141
116	141
116	143
117	143
117	147
118	147
118	148
119	148
119	150
120	150
120	152
121	152
121	154
122	154
122	155
123	155
123	156
125	156
125	158
127	158
127	159
128	159
128	160
129	160
129	161
130	161
130	162
131	162
131	163
133	163
133	165
134	165
134	166
136	166
136	168
137	168
137	169
139	169
139	170
141	170
141	171
152	171
152	172
156	172
156	173
159	173
159	174
161	174
161	175
170	175
170	176
173	176
173	177
175	177
175	178
177	178
177	179
186	179
186	180
188	180
188	181
189	181
189	182
190	182
190	184
191	184
191	185
192	185
192	187
193	187
193	191
194	191
194	193
195	193
195	194
196	194
196	196
197	196
197	197
198	197
198	198
199	198
199	199
200	199
200	200
201	200
201	201
202	201
202	202
204	202
204	203
210	203
210	204
227	204
227	205
234	205
234	206
254	206
254	207
255	207
255	206
267	206
267	207
269	207
269	208
270	208
270	210
271	210
271	222
270	222
270	227
269	227
269	230
268	230
268	245
276	245
276	244
277	244
277	242
278	242
278	240
279	240
279	239
280	239
280	238
281	238
281	237
282	237
282	235
283	235
283	234
284	234
284	233
285	233
285	231
286	231
286	230
287	230
287	227
288	227
288	225
289	225
289	224
290	224
290	222
291	222
291	221
292	221
292	219
294	219
294	218
296	218
296	217
298	217
298	216
300	216
300	215
303	215
303	214
308	214
308	213
320	213
320	214
322	214
322	216
323	216
323	220
324	220
324	221
325	221
325	223
326	223
326	225
332	225
332	224
334	224
334	223
335	223
335	222
337	222
337	221
339	221
339	220
341	220
341	219
342	219
342	218
344	218
344	217
360	217
360	218
363	218
363	219
365	219
365	220
366	220
366	222
367	222
367	228
368	228
368	240
369	240
369	246
370	246
370	257
371	257
371	261
372	261
372	281
373	281
373	287
374	287
374	290
375	290
375	297
376	297
376	332
377	332
377	334
378	334
378	338
379	338
379	341
380	341
380	408
379	408
379	410
378	410
378	413
379	413
379	414
380	414
380	415
382	415
382	416
383	416
383	417
385	417
385	418
386	418
386	420
387	420
387	422
388	422
388	425
389	425
389	426
390	426
390	427
391	427
391	428
392	428
392	430
394	430
394	432
395	432
395	435
396	435
396	436
397	436
397	437
398	437
398	439
400	439
400	440
401	440
401	441
403	441
403	442
405	442
405	443
415	443
415	444
418	444
418	445
427	445
427	446
441	446
441	447
443	447
443	448
445	448
445	449
447	449
447	450
449	450
449	452
451	452
451	453
452	453
452	454
453	454
453	455
454	455
454	456
455	456
455	458
456	458
456	459
457	459
457	460
458	460
458	462
459	462
459	465
460	465
460	466
461	466
461	468
462	468
462	471
463	471
463	474
464	474
464	476
465	476
465	481
466	481
466	483
467	483
467	485
468	485
468	491
469	491
469	507
470	507
470	509
471	509
471	511
472	511
472	513
473	513
473	516
474	516
474	520
475	520
475	522
476	522
476	523
480	523
480	524
482	524
482	525
484	525
484	526
489	526
489	527
493	527
493	528
498	528
498	529
502	529
502	530
504	530
504	531
509	531
509	532
511	532
511	533
516	533
516	534
524	534
524	535
539	535
539	536
541	536
541	537
544	537
544	538
548	538
548	539
561	539
561	540
563	540
563	541
564	541
564	542
565	542
565	543
566	543
566	544
567	544
567	545
568	545
568	547
569	547
569	549
570	549
570	558
571	558
571	559
572	559
572	560
578	560
578	561
606	561
606	560
608	560
608	559
609	559
609	557
610	557
610	555
611	555
611	554
612	554
612	553
613	553
613	552
615	552
615	551
624	551
624	552
626	552
626	553
628	553
628	554
629	554
629	556
630	556
630	557
631	557
631	559
632	559
632	561
633	561
633	565
634	565
634	566
635	566
635	567
636	567
636	568
637	568
637	570
639	570
639	569
641	569
641	568
643	568
643	567
644	567
644	566
645	566
645	565
647	565
647	564
652	564
652	565
654	565
654	566
655	566
655	567
656	567
656	569
657	569
657	571
658	571
658	574
663	574
663	575
665	575
665	577
666	577
666	579
671	579
671	580
673	580
673	581
674	581
674	582
675	582
675	583
677	583
677	584
678	584
678	585
680	585
680	586
681	586
681	588
683	588
683	589
684	589
684	591
685	591
685	594
686	594
686	598
687	598
687	600
688	600
688	604
689	604
689	606
690	606
690	608
691	608
691	609
692	609
692	610
694	610
694	611
718	611
718	610
719	610
719	609
720	609
720	608
722	608
722	607
723	607
723	606
725	606
725	605
728	605
728	604
729	604
729	603
731	603
731	602
733	602
733	601
734	601
734	600
735	600
735	599
737	599
737	598
738	598
738	597
739	597
739	596
740	596
740	595
742	595
742	594
743	594
743	593
744	593
744	592
746	592
746	591
748	591
748	590
749	590
749	589
751	589
751	588
754	588
754	587
756	587
756	586
757	586
757	585
759	585
759	584
762	584
762	583
763	583
763	582
765	582
765	581
775	581
775	580
780	580
780	579
782	579
782	578
792	578
792	579
794	579
794	580
795	580
795	581
796	581
796	582
798	582
798	583
799	583
799	584
801	584
801	586
802	586
802	589
804	589
804	590
806	590
806	591
810	591
810	592
812	592
812	593
813	593
813	594
815	594
815	595
816	595
816	596
818	596
818	598
819	598
819	600
820	600
820	612
821	612
821	616
822	616
822	618
823	618
823	621
824	621
824	623
825	623
825	625
826	625
826	628
827	628
827	629
828	629
828	631
829	631
829	634
830	634
830	636
831	636
831	638
832	638
832	640
833	640
833	641
834	641
834	642
835	642
835	644
836	644
836	646
837	646
837	650
838	650
838	654
839	654
839	655
841	655
841	656
846	656
846	657
848	657
848	658
849	658
849	659
850	659
850	660
851	660
851	661
853	661
853	662
854	662
854	663
856	663
856	664
857	664
857	665
858	665
858	666
859	666
859	668
860	668
860	670
861	670
861	672
862	672
862	674
863	674
863	675
864	675
864	677
865	677
865	682
866	682
866	683
867	683
867	685
868	685
868	686
876	686
876	687
880	687
880	688
882	688
882	689
883	689
883	690
885	690
885	691
887	691
887	692
895	692
895	693
898	693
898	694
900	694
900	695
901	695
901	697
902	697
902	701
903	701
903	708
904	708
904	710
905	710
905	713
910	713
910	714
913	714
913	715
915	715
915	717
916	717
916	718
917	718
917	719
918	719
918	720
919	720
919	721
921	721
921	722
923	722
923	723
925	723
925	724
927	724
927	725
928	725
928	727
930	727
930	729
931	729
931	731
932	731
932	733
933	733
933	734
934	734
934	735
935	735
935	736
940	736
940	737
942	737
942	738
944	738
944	739
948	739
948	740
950	740
950	741
951	741
951	742
952	742
952	743
953	743
953	744
954	744
954	745
956	745
956	746
958	746
958	747
964	747
964	748
966	748
966	749
971	749
971	750
975	750
975	751
978	751
978	752
988	752
988	753
990	753
990	754
992	754
992	756
993	756
993	757
994	757
994	758
995	758
995	757
996	757
996	755
997	755
997	753
998	753
998	751
999	751
999	749
1000	749
1000	748
1001	748
1001	747
1002	747
1002	746
1003	746
1003	738
1004	738
1004	735
1005	735
1005	729
1006	729
1006	711
1007	711
1007	706
1008	706
1008	703
1009	703
1009	696
1010	696
1010	694
1011	694
1011	682
1012	682
1012	679
1013	679
1013	677
1014	677
1014	675
1015	675
1015	674
1016	674
1016	671
1017	671
1017	669
1018	669
1018	668
1019	668
1019	666
1020	666
1020	664
1021	664
1021	663
1022	663
1022	662
1023	662
1023	660
1024	660
1024	658
1025	658
1025	657
1026	657
1026	656
1028	656
1028	655
1031	655
1031	654
1034	654
1034	653
1043	653
1043	652
1067	652
1067	651
1072	651
1072	650
1101	650
1101	648
1103	648
1103	647
1104	647
1104	646
1105	646
1105	645
1106	645
1106	636
1107	636
1107	634
1109	634
1109	633
1126	633
1126	634
1128	634
1128	635
1132	635
1132	636
1134	636
1134	638
1136	638
1136	639
1142	639
1142	640
1146	640
1146	641
1153	641
1153	642
1155	642
1155	643
1156	643
1156	645
1158	645
1158	646
1159	646
1159	648
1160	648
1160	649
1161	649
1161	650
1162	650
1162	652
1163	652
1163	653
1165	653
1165	655
1166	655
1166	656
1167	656
1167	657
1168	657
1168	659
1169	659
1169	661
1170	661
1170	664
1171	664
1171	666
1172	666
1172	668
1173	668
1173	671
1174	671
1174	673
1175	673
1175	675
1176	675
1176	677
1177	677
1177	679
1178	679
1178	681
1179	681
1179	684
1180	684
1180	686
1181	686
1181	688
1182	688
1182	690
1183	690
1183	692
1184	692
1184	693
1185	693
1185	694
1188	694
1188	693
1189	693
1189	692
1191	692
1191	691
1205	691
1205	692
1207	692
1207	693
1209	693
1209	694
1210	694
1210	695
1211	695
1211	696
1213	696
1213	697
1215	697
1215	698
1216	698
1216	699
1217	699
1217	700
1219	700
1219	701
1220	701
1220	702
1221	702
1221	703
1222	703
1222	705
1223	705
1223	719
1224	719
1224	721
1225	721
1225	723
1226	723
1226	724
1227	724
1227	725
1228	725
1228	726
1229	726
1229	728
1230	728
1230	732
1231	732
1231	735
1232	735
1232	743
1233	743
1233	748
1234	748
1234	751
1235	751
1235	754
1236	754
1236	756
1237	756
1237	758
1238	758
1238	760
1239	760
1239	761
1240	761
1240	763
1241	763
1241	766
1246	766
1246	765
1255	765
1255	764
1261	764
1261	763
1285	763
1285	764
1290	764
1290	765
1335	765
1335	766
1337	766
1337	768
1338	768
1338	774
1337	774
1337	776
1336	776
1336	777
1335	777
1335	779
1334	779
1334	780
1333	780
1333	781
1332	781
1332	783
1331	783
1331	785
1330	785
1330	791
1329	791
1329	797
1330	797
1330	798
1333	798
1333	799
1336	799
1336	800
1338	800
1338	801
1339	801
1339	802
1340	802
1340	803
1343	803
1343	801
1344	801
1344	799
1345	799
1345	796
1346	796
1346	793
1347	793
1347	791
1348	791
1348	790
1349	790
1349	789
1350	789
1350	788
1351	788
1351	786
1352	786
1352	785
1353	785
1353	783
1355	783
1355	782
1367	782
1367	783
1369	783
1369	784
1370	784
1370	786
1371	786
1371	788
1372	788
1372	790
1373	790
1373	792
1374	792
1374	794
1375	794
1375	795
1376	795
1376	796
1377	796
1377	797
1381	797
1381	798
1384	798
1384	799
1386	799
1386	800
1390	800
1390	801
1392	801
1392	802
1407	802
1407	803
1410	803
1410	804
1412	804
1412	805
1417	805
1417	806
1421	806
1421	807
1426	807
1426	808
1429	808
1429	809
1432	809
1432	810
1434	810
1434	811
1436	811
1436	812
1438	812
1438	809
1439	809
1439	806
1440	806
1440	804
1441	804
1441	801
1442	801
1442	799
1443	799
1443	797
1444	797
1444	795
1445	795
1445	793
1446	793
1446	790
1447	790
1447	786
1448	786
1448	783
1449	783
1449	778
1450	778
1450	776
1451	776
1451	775
1452	775
1452	774
1453	774
1453	771
1454	771
1454	769
1455	769
1455	763
1456	763
1456	753
1455	753
1455	751
1454	751
1454	749
1453	749
1453	747
1452	747
1452	745
1451	745
1451	740
1450	740
1450	737
1449	737
1449	728
1450	728
1450	726
1451	726
1451	708
1452	708
1452	706
1453	706
1453	701
1454	701
1454	693
1453	693
1453	681
1452	681
1452	674
1451	674
1451	670
1450	670
1450	658
1451	658
1451	653
1452	653
1452	651
1453	651
1453	649
1454	649
1454	646
1455	646
1455	642
1456	642
1456	640
1457	640
1457	639
1458	639
1458	638
1459	638
1459	637
1460	637
1460	635
1461	635
1461	634
1462	634
1462	633
1464	633
1464	632
1467	632
1467	631
1468	631
1468	630
1469	630
1469	629
1470	629
1470	628
1471	628
1471	627
1472	627
1472	625
1474	625
1474	624
1476	624
1476	623
1479	623
1479	622
1481	622
1481	621
1482	621
1482	618
1483	618
1483	615
1484	615
1484	613
1485	613
1485	612
1486	612
1486	611
1487	611
1487	610
1488	610
1488	608
1489	608
1489	607
1490	607
1490	606
1491	606
1491	605
1492	605
1492	604
1494	604
1494	603
1495	603
1495	602
1497	602
1497	601
1498	601
1498	600
1499	600
1499	599
1501	599
1501	598
1503	598
1503	597
1504	597
1504	595
1505	595
1505	594
1507	594
1507	592
1508	592
1508	591
1509	591
1509	590
1510	590
1510	589
1511	589
1511	588
1512	588
1512	587
1513	587
1513	585
1514	585
1514	584
1516	584
1516	583
1536	583
1536	584
1538	584
1538	585
1539	585
1539	586
1541	586
1541	588
1542	588
1542	589
1543	589
1543	591
1545	591
1545	592
1546	592
1546	593
1547	593
1547	595
1548	595
1548	596
1549	596
1549	597
1550	597
1550	598
1551	598
1551	599
1552	599
1552	600
1553	600
1553	601
1559	601
1559	602
1561	602
1561	603
1564	603
1564	604
1568	604
1568	605
1570	605
1570	606
1573	606
1573	607
1576	607
1576	608
1578	608
1578	609
1579	609
1579	610
1581	610
1581	611
1583	611
1583	612
1585	612
1585	613
1587	613
1587	614
1588	614
1588	616
1589	616
1589	618
1590	618
1590	642
1591	642
1591	643
1592	643
1592	644
1593	644
1593	645
1594	645
1594	647
1595	647
1595	649
1596	649
1596	651
1597	651
1597	653
1598	653
1598	654
1599	654
1599	656
1600	656
1600	659
1601	659
1601	660
1602	660
1602	662
1603	662
1603	663
1604	663
1604	665
1606	665
1606	667
1607	667
1607	668
1609	668
1609	670
1610	670
1610	672
1611	672
1611	674
1612	674
1612	676
1613	676
1613	679
1614	679
1614	685
1615	685
1615	687
1617	687
1617	688
1619	688
1619	689
1621	689
1621	690
1626	690
1626	691
1628	691
1628	692
1630	692
1630	693
1631	693
1631	694
1632	694
1632	695
1633	695
1633	696
1634	696
1634	697
1635	697
1635	699
1636	699
1636	703
1637	703
1637	711
1638	711
1638	713
1639	713
1639	715
1640	715
1640	719
1641	719
1641	721
1642	721
1642	725
1643	725
1643	729
1644	729
1644	745
1645	745
1645	747
1646	747
1646	748
1652	748
1652	749
1666	749
1666	750
1668	750
1668	751
1670	751
1670	752
1672	752
1672	753
1674	753
1674	754
1676	754
1676	755
1678	755
1678	756
1679	756
1679	757
1681	757
1681	758
1683	758
1683	759
1684	759
1684	760
1686	760
1686	761
1688	761
1688	763
1689	763
1689	766
1690	766
1690	777
1691	777
1691	778
1693	778
1693	779
1695	779
1695	780
1697	780
1697	781
1699	781
1699	779
1700	779
1700	775
1701	775
1701	771
1702	771
1702	769
1703	769
1703	767
1704	767
1704	765
1706	765
1706	763
1707	763
1707	762
1708	762
1708	761
1709	761
1709	760
1710	760
1710	759
1712	759
1712	758
1715	758
1715	757
1719	757
1719	756
1724	756
1724	755
1757	755
1757	754
1758	754
1758	753
1759	753
1759	752
1760	752
1760	749
1761	749
1761	747
1762	747
1762	743
1763	743
1763	735
1764	735
1764	732
1765	732
1765	724
1766	724
1766	721
1767	721
1767	705
1766	705
1766	702
1765	702
1765	689
1764	689
1764	673
1763	673
1763	654
1762	654
1762	632
1763	632
1763	630
1764	630
1764	627
1765	627
1765	624
1766	624
1766	615
1767	615
1767	610
1768	610
1768	605
1769	605
1769	579
1770	579
1770	576
1771	576
1771	572
1772	572
1772	570
1773	570
1773	568
1774	568
1774	563
1775	563
1775	558
1776	558
1776	556
1777	556
1777	554
1778	554
1778	552
1779	552
1779	551
1780	551
1780	550
1782	550
1782	549
1784	549
1784	548
1786	548
1786	547
1788	547
1788	546
1801	546
1801	547
1803	547
1803	548
1804	548
1804	549
1805	549
1805	550
1806	550
1806	551
1807	551
1807	552
1808	552
1808	553
1810	553
1810	554
1811	554
1811	555
1813	555
1813	556
1816	556
1816	557
1818	557
1818	558
1821	558
1821	559
1832	559
1832	558
1833	558
1833	557
1834	557
1834	556
1835	556
1835	554
1836	554
1836	552
1837	552
1837	549
1838	549
1838	547
1839	547
1839	545
1840	545
1840	539
1841	539
1841	537
1842	537
1842	536
1843	536
1843	535
1844	535
1844	534
1845	534
1845	533
1847	533
1847	526
1848	526
1848	524
1849	524
1849	523
1851	523
1851	522
1853	522
1853	521
1854	521
1854	520
1856	520
1856	519
1861	519
1861	518
1890	518
1890	519
1892	519
1892	520
1893	520
1893	521
1894	521
1894	522
1895	522
1895	523
1896	523
1896	524
1897	524
1897	526
1898	526
1898	528
1900	528
1900	530
1901	530
1901	531
1903	531
1903	532
1905	532
1905	534
1907	534
1907	535
1908	535
1908	536
1909	536
1909	538
1910	538
1910	540
1911	540
1911	541
1912	541
1912	542
1914	542
1914	543
1916	543
1916	544
1918	544
1918	545
1919	545
1919	546
1920	546
1920	547
1922	547
1922	548
1923	548
1923	549
1924	549
1924	550
1925	550
1925	551
1927	551
1927	552
1928	552
1928	553
1930	553
1930	554
1931	554
1931	555
1932	555
1932	556
1933	556
1933	557
1935	557
1935	558
1936	558
1936	559
1937	559
1937	560
1938	560
1938	561
1940	561
1940	562
1941	562
1941	563
1943	563
1943	564
1945	564
1945	565
1958	565
1958	566
1964	566
1964	567
1969	567
1969	568
1986	568
1986	567
1988	567
1988	566
1992	566
1992	565
2000	565
2000	564
2002	564
2002	563
2006	563
2006	564
2007	564
2007	563
2042	563
2042	564
2047	564
2047	565
2053	565
2053	566
2055	566
2055	567
2056	567
2056	569
2058	569
2058	570
2059	570
2059	571
2060	571
2060	572
2061	572
2061	573
2062	573
2062	574
2063	574
2063	576
2064	576
2064	578
2065	578
2065	581
2066	581
2066	586
2067	586
2067	591
2068	591
2068	595
2069	595
2069	598
2070	598
2070	602
2072	602
2072	601
2095	601
2095	602
2097	602
2097	603
2100	603
2100	604
2102	604
2102	605
2103	605
2103	606
2104	606
2104	607
2105	607
2105	609
2106	609
2106	611
2107	611
2107	615
2108	615
2108	619
2109	619
2109	621
2110	621
2110	620
2111	620
2111	618
2112	618
2112	614
2113	614
2113	612
2114	612
2114	608
2115	608
2115	605
2116	605
2116	603
2117	603
2117	601
2118	601
2118	596
2119	596
2119	594
2120	594
2120	592
2121	592
2121	589
2122	589
2122	587
2124	587
2124	586
2125	586
2125	584
2126	584
2126	583
2127	583
2127	582
2128	582
2128	580
2129	580
2129	579
2130	579
2130	578
2131	578
2131	576
2132	576
2132	574
2133	574
2133	573
2134	573
2134	571
2135	571
2135	570
2136	570
2136	569
2138	569
2138	568
2140	568
2140	567
2143	567
2143	566
2145	566
2145	565
2147	565
2147	564
2160	564
2160	565
2164	565
2164	566
2166	566
2166	567
2169	567
2169	568
2172	568
2172	567
2176	567
2176	566
2178	566
2178	565
2180	565
2180	564
2181	564
2181	563
2182	563
2182	562
2184	562
2184	561
2186	561
2186	558
2187	558
2187	556
2188	556
2188	554
2189	554
2189	553
2190	553
2190	551
2191	551
2191	550
2192	550
2192	549
2193	549
2193	546
2194	546
2194	543
2195	543
2195	541
2196	541
2196	539
2197	539
2197	537
2198	537
2198	535
2199	535
2199	534
2200	534
2200	532
2201	532
2201	531
2202	531
2202	530
2203	530
2203	529
2204	529
2204	528
2206	528
2206	527
2207	527
2207	526
2208	526
2208	525
2210	525
2210	524
2211	524
2211	523
2213	523
2213	521
2215	521
2215	520
2216	520
2216	519
2218	519
2218	518
2219	518
2219	517
2221	517
2221	516
2223	516
2223	514
2224	514
2224	513
2226	513
2226	511
2228	511
2228	510
2229	510
2229	509
2230	509
2230	508
2231	508
2231	507
2233	507
2233	506
2234	506
2234	505
2235	505
2235	504
2236	504
2236	503
2237	503
2237	501
2239	501
2239	500
2240	500
2240	498
2241	498
2241	497
2242	497
2242	496
2243	496
2243	495
2244	495
2244	493
2245	493
2245	491
2246	491
2246	490
2247	490
2247	489
2248	489
2248	488
2250	488
2250	486
2252	486
2252	485
2254	485
2254	484
2256	484
2256	483
2259	483
2259	482
2267	482
2267	481
2269	481
2269	480
2270	480
2270	476
2271	476
2271	473
2272	473
2272	469
2273	469
2273	467
2274	467
2274	465
2275	465
2275	463
2276	463
2276	462
2277	462
2277	460
2278	460
2278	459
2279	459
2279	458
2280	458
2280	456
2281	456
2281	454
2283	454
2283	453
2284	453
2284	451
2285	451
2285	450
2286	450
2286	448
2287	448
2287	446
2288	446
2288	445
2289	445
2289	443
2290	443
2290	441
2291	441
2291	439
2292	439
2292	438
2293	438
2293	436
2294	436
2294	435
2295	435
2295	434
2296	434
2296	433
2297	433
2297	432
2298	432
2298	431
2299	431
2299	430
2300	430
2300	429
2301	429
2301	428
2302	428
2302	427
2303	427
2303	425
2304	425
2304	424
2305	424
2305	423
2306	423
2306	422
2307	422
2307	420
2309	420
2309	419
2310	419
2310	417
2311	417
2311	416
2312	416
2312	415
2313	415
2313	413
2315	413
2315	412
2317	412
2317	411
2322	411
2322	410
2324	410
2324	409
2325	409
2325	408
2326	408
2326	407
2327	407
2327	406
2328	406
2328	404
2329	404
2329	402
2330	402
2330	400
2331	400
2331	395
2332	395
2332	390
2333	390
2333	388
2334	388
2334	385
2335	385
2335	383
2336	383
2336	381
2337	381
2337	378
2338	378
2338	373
2339	373
2339	371
2340	371
2340	367
2341	367
2341	362
2342	362
2342	360
2343	360
2343	346
2344	346
2344	341
2345	341
2345	339
2346	339
2346	337
2347	337
2347	334
2348	334
2348	332
2349	332
2349	331
2350	331
2350	328
2351	328
2351	326
2352	326
2352	325
2353	325
2353	323
2354	323
2354	321
2355	321
2355	320
2356	320
2356	317
2357	317
2357	315
2358	315
2358	314
2359	314
2359	311
2360	311
2360	309
2361	309
2361	308
2363	308
2363	307
2366	307
2366	306
2368	306
2368	305
2370	305
2370	304
2371	304
2371	303
2373	303
2373	302
2377	302
2377	301
2378	301
2378	300
2380	300
2380	299
2384	299
2384	298
2387	298
2387	297
2389	297
2389	296
2401	296
2401	297
2409	297
2409	298
2420	298
2420	299
2422	299
2422	300
2425	300
2425	301
2449	301
2449	300
2450	300
2450	299
2451	299
2451	298
2453	298
2453	297
2454	297
2454	296
2456	296
2456	295
2458	295
2458	294
2459	294
2459	293
2461	293
2461	292
2462	292
2462	291
2463	291
2463	290
2465	290
2465	289
2468	289
2468	288
2471	288
2471	287
2488	287
2488	286
2490	286
2490	285
2492	285
2492	284
2495	284
2495	283
2498	283
2498	282
2499	282
2499	281
2501	281
2501	280
2502	280
2502	279
2503	279
2503	278
2504	278
2504	277
2506	277
2506	276
2508	276
2508	275
2509	275
2509	274
2511	274
2511	273
2513	273
2513	272
2515	272
2515	271
2518	271
2518	270
2520	270
2520	269
2522	269
2522	268
2524	268
2524	267
2526	267
2526	266
2529	266
2529	265
2531	265
2531	264
2533	264
2533	263
2536	263
2536	262
2539	262
2539	261
2540	261
2540	260
2542	260
2542	259
2545	259
2545	258
2551	258
2551	257
2560	257
2560	256
2565	256
2565	255
2569	255
2569	254
2572	254
2572	253
2576	253
2576	252
2579	252
2579	251
2592	251
2592	252
2594	252
2594	253
2596	253
2596	254
2598	254
2598	255
2599	255
2599	256
2600	256
2600	257
2602	257
2602	258
2603	258
2603	259
2604	259
2604	260
2606	260
2606	261
2607	261
2607	263
2608	263
2608	264
2610	264
2610	265
2611	265
2611	267
2613	267
2613	269
2614	269
2614	271
2615	271
2615	273
2616	273
2616	274
2617	274
2617	275
2618	275
2618	277
2620	277
2620	278
2621	278
2621	279
2623	279
2623	280
2632	280
2632	279
2635	279
2635	278
2637	278
2637	277
2640	277
2640	276
2645	276
2645	277
2653	277
2653	276
2656	276
2656	275
2659	275
2659	274
2660	274
2660	272
2661	272
2661	270
2662	270
2662	269
2664	269
2664	267
2665	267
2665	265
2666	265
2666	263
2667	263
2667	261
2668	261
2668	260
2669	260
2669	258
2670	258
2670	256
2671	256
2671	254
2672	254
2672	252
2673	252
2673	250
2674	250
2674	249
2675	249
2675	248
2676	248
2676	247
2677	247
2677	246
2678	246
2678	245
2680	245
2680	244
2682	244
2682	243
2684	243
2684	242
2686	242
2686	241
2688	241
2688	240
2689	240
2689	239
2691	239
2691	238
2692	238
2692	237
2693	237
2693	236
2695	236
2695	235
2696	235
2696	234
2698	234
2698	233
2699	233
2699	232
2700	232
2700	231
2701	231
2701	230
2702	230
2702	228
2703	228
2703	227
2704	227
2704	224
2705	224
2705	216
2706	216
2706	212
2707	212
2707	207
2708	207
2708	205
2709	205
2709	200
2710	200
2710	196
2711	196
2711	194
2712	194
2712	192
2713	192
2713	190
2714	190
2714	189
2715	189
2715	187
2716	187
2716	185
2717	185
2717	183
2718	183
2718	181
2719	181
2719	180
2720	180
2720	178
2721	178
2721	176
2722	176
2722	175
2724	175
2724	174
2725	174
2725	172
2726	172
2726	171
2728	171
2728	170
2731	170
2731	169
2733	169
2733	168
2735	168
2735	167
2737	167
2737	166
2739	166
2739	165
2740	165
2740	164
2741	164
2741	163
2742	163
2742	162
2743	162
2743	161
2744	161
2744	160
2745	160
2745	159
2746	159
2746	157
2747	157
2747	155
2749	155
2749	153
2750	153
2750	151
2752	151
2752	149
2753	149
2753	148
2754	148
2754	147
2755	147
2755	146
2757	146
2757	145
2758	145
2758	144
2760	144
2760	143
2762	143
2762	142
2764	142
2764	141
2767	141
2767	140
2770	140
2770	139
2771	139
2771	138
2773	138
2773	137
2774	137
2774	136
2776	136
2776	135
2777	135
2777	133
2778	133
2778	131
2779	131
2779	129
2780	129
2780	128
2781	128
2781	126
2782	126
2782	124
2783	124
2783	122
2784	122
2784	119
2785	119
2785	117
2786	117
2786	115
2787	115
2787	113
2788	113
2788	111
2789	111
2789	110
2790	110
2790	108
2791	108
2791	107
2792	107
2792	106
2793	106
2793	105
2794	105
2794	104
2795	104
2795	103
2796	103
2796	102
2797	102
2797	100
2798	100
2798	98
2799	98
2799	96
2800	96
2800	94
2801	94
2801	93
2802	93
2802	92
2803	92
2803	91
2805	91
2805	89
2806	89
2806	88
2807	88
2807	87
2808	87
2808	86
2809	86
2809	85
2810	85
2810	84
2811	84
2811	83
2812	83
2812	82
2813	82
2813	81
2815	81
2815	80
2816	80
2816	79
2817	79
2817	78
2819	78
2819	77
2820	77
2820	76
2821	76
2821	75
2822	75
2822	74
2823	74
2823	73
2824	73
2824	69
2825	69
2825	67
2826	67
2826	65
2827	65
2827	64
2828	64
2828	63
2829	63
2829	62
2830	62
2830	61
2832	61
2832	60
2834	60
2834	59
2837	59
2837	58
2839	58
2839	57
2842	57
2842	56
2846	56
2846	55
2848	55
2848	54
2852	54
2852	53
2856	53
2856	52
2861	52
2861	51
2864	51
2864	50
2866	50
2866	49
2868	49
2868	48
2871	48
2871	47
2875	47
2875	46
2876	46
2876	45
2878	45
2878	44
2880	44
2880	43
2884	43
2884	42
2886	42
2886	41
2888	41
2888	40
2891	40
2891	39
2893	39
2893	38
2895	38
2895	37
2901	37
2901	38
2903	38
2903	40
2904	40
2904	44
2903	44
2903	46
2901	46
2901	47
2900	47
2900	48
2898	48
2898	49
2894	49
2894	50
2892	50
2892	51
2890	51
2890	52
2887	52
2887	53
2883	53
2883	54
2882	54
2882	55
2881	55
2881	56
2879	56
2879	57
2874	57
2874	58
2872	58
2872	59
2870	59
2870	60
2867	60
2867	61
2865	61
2865	62
2859	62
2859	63
2855	63
2855	64
2852	64
2852	65
2850	65
2850	66
2845	66
2845	67
2842	67
2842	68
2840	68
2840	69
2837	69
2837	70
2836	70
2836	71
2835	71
2835	72
2834	72
2834	76
2833	76
2833	79
2832	79
2832	81
2831	81
2831	82
2829	82
2829	83
2828	83
2828	85
2826	85
2826	86
2825	86
2825	87
2823	87
2823	88
2822	88
2822	89
2820	89
2820	91
2819	91
2819	92
2817	92
2817	93
2816	93
2816	94
2815	94
2815	96
2813	96
