207	238
206	238
206	246
207	246
207	248
206	248
206	250
207	250
207	252
210	252
210	253
213	253
213	252
216	252
216	253
217	253
217	252
221	252
221	253
227	253
227	254
230	254
230	255
233	255
233	256
234	256
234	257
236	257
236	258
237	258
237	259
238	259
238	260
240	260
240	262
241	262
241	263
243	263
243	264
244	264
244	265
246	265
246	266
248	266
248	267
250	267
250	268
253	268
253	269
254	269
254	270
257	270
257	271
259	271
259	272
261	272
261	273
263	273
263	274
265	274
265	275
266	275
266	276
268	276
268	277
270	277
270	278
276	278
276	279
277	279
277	280
279	280
279	281
280	281
280	282
281	282
281	283
283	283
283	284
286	284
286	285
288	285
288	286
297	286
297	285
299	285
299	286
303	286
303	287
305	287
305	288
307	288
307	289
313	289
313	288
317	288
317	289
318	289
318	288
323	288
323	287
327	287
327	286
338	286
338	285
340	285
340	283
342	283
342	282
343	282
343	281
344	281
344	280
345	280
345	278
349	278
349	277
351	277
351	276
353	276
353	275
356	275
356	274
357	274
357	273
359	273
359	272
360	272
360	271
361	271
361	270
362	270
362	269
364	269
364	268
366	268
366	267
367	267
367	266
368	266
368	265
369	265
369	264
370	264
370	263
371	263
371	262
372	262
372	260
373	260
373	259
374	259
374	258
376	258
376	257
377	257
377	254
378	254
378	253
379	253
379	252
380	252
380	250
381	250
381	245
382	245
382	243
386	243
386	242
391	242
391	241
398	241
398	240
401	240
401	239
409	239
409	238
410	238
410	239
415	239
415	238
418	238
418	237
419	237
419	236
420	236
420	233
421	233
421	221
420	221
420	215
421	215
421	214
422	214
422	213
423	213
423	210
424	210
424	209
425	209
425	207
426	207
426	206
427	206
427	204
429	204
429	202
430	202
430	201
431	201
431	200
432	200
432	197
431	197
431	194
430	194
430	193
429	193
429	191
427	191
427	189
425	189
425	188
423	188
423	189
424	189
424	191
425	191
425	192
426	192
426	195
427	195
427	196
428	196
428	199
427	199
427	200
426	200
426	202
425	202
425	203
424	203
424	204
423	204
423	205
422	205
422	207
421	207
421	209
420	209
420	211
419	211
419	212
418	212
418	213
417	213
417	225
418	225
418	232
417	232
417	235
413	235
413	236
412	236
412	235
411	235
411	236
401	236
401	237
399	237
399	236
398	236
398	237
397	237
397	238
391	238
391	239
390	239
390	238
385	238
385	239
382	239
382	240
380	240
380	241
379	241
379	242
378	242
378	243
377	243
377	244
378	244
378	249
377	249
377	250
376	250
376	251
375	251
375	253
374	253
374	254
373	254
373	255
372	255
372	256
371	256
371	257
370	257
370	258
369	258
369	260
368	260
368	261
367	261
367	262
366	262
366	263
365	263
365	265
362	265
362	266
360	266
360	267
359	267
359	268
357	268
357	269
356	269
356	271
354	271
354	272
352	272
352	273
349	273
349	274
348	274
348	275
347	275
347	274
346	274
346	275
344	275
344	276
343	276
343	277
342	277
342	278
341	278
341	280
339	280
339	281
338	281
338	282
335	282
335	283
324	283
324	284
320	284
320	285
305	285
305	284
304	284
304	283
302	283
302	282
299	282
299	281
298	281
298	282
289	282
289	281
288	281
288	282
287	282
287	281
285	281
285	280
283	280
283	279
282	279
282	278
280	278
280	277
277	277
277	276
276	276
276	275
273	275
273	274
270	274
270	273
268	273
268	272
266	272
266	271
265	271
265	270
263	270
263	269
261	269
261	268
260	268
260	267
257	267
257	266
254	266
254	265
252	265
252	264
250	264
250	263
249	263
249	262
246	262
246	261
245	261
245	260
243	260
243	258
241	258
241	257
240	257
240	256
238	256
238	255
237	255
237	254
236	254
236	253
235	253
235	252
232	252
232	251
230	251
230	250
227	250
227	249
217	249
217	248
216	248
216	249
213	249
213	248
212	248
212	249
210	249
210	245
209	245
209	244
210	244
210	243
209	243
209	242
210	242
210	235
211	235
211	231
212	231
212	229
213	229
213	226
214	226
214	220
216	220
216	216
217	216
217	212
218	212
218	210
219	210
219	209
220	209
220	207
221	207
221	206
220	206
220	204
219	204
219	201
218	201
218	200
217	200
217	198
215	198
215	197
214	197
214	195
213	195
213	194
212	194
212	193
203	193
203	191
204	191
204	187
205	187
205	185
206	185
206	175
207	175
207	172
206	172
206	171
205	171
205	170
204	170
204	168
203	168
203	167
201	167
201	166
199	166
199	165
191	165
191	164
190	164
190	165
184	165
184	164
182	164
182	163
181	163
181	162
174	162
174	163
167	163
167	162
166	162
166	163
164	163
164	162
163	162
163	163
161	163
161	162
160	162
160	160
159	160
159	158
158	158
158	157
157	157
157	156
158	156
158	155
157	155
157	151
156	151
156	148
155	148
155	144
154	144
154	139
155	139
155	136
156	136
156	135
155	135
155	132
154	132
154	131
155	131
155	129
154	129
154	125
155	125
155	122
154	122
154	120
153	120
153	119
152	119
152	117
150	117
150	116
148	116
148	115
147	115
147	114
145	114
145	113
144	113
144	112
140	112
140	111
139	111
139	108
138	108
138	106
137	106
137	105
136	105
136	100
135	100
135	98
134	98
134	97
131	97
131	96
130	96
130	95
129	95
129	94
124	94
124	93
123	93
123	94
120	94
120	93
112	93
112	92
108	92
108	91
104	91
104	90
100	90
100	89
97	89
97	90
96	90
96	91
95	91
95	92
94	92
94	93
93	93
93	94
92	94
92	96
91	96
91	98
90	98
90	99
89	99
89	101
88	101
88	103
87	103
87	105
80	105
80	106
79	106
79	107
76	107
76	108
74	108
74	109
62	109
62	108
57	108
57	107
47	107
47	106
45	106
45	105
42	105
42	106
41	106
41	107
42	107
42	108
43	108
43	109
45	109
45	110
46	110
46	111
57	111
57	112
61	112
61	113
69	113
69	114
70	114
70	113
73	113
73	112
77	112
77	111
80	111
80	110
81	110
81	109
87	109
87	108
88	108
88	107
89	107
89	106
90	106
90	105
91	105
91	103
92	103
92	102
93	102
93	100
94	100
94	99
95	99
95	97
96	97
96	95
97	95
97	94
98	94
98	93
102	93
102	94
104	94
104	95
107	95
107	96
111	96
111	97
120	97
120	98
124	98
124	97
127	97
127	98
128	98
128	99
129	99
129	100
132	100
132	103
133	103
133	104
134	104
134	107
135	107
135	111
136	111
136	113
137	113
137	116
139	116
139	115
143	115
143	116
144	116
144	117
146	117
146	118
148	118
148	119
149	119
149	121
151	121
151	130
152	130
152	134
151	134
151	135
152	135
152	138
151	138
151	139
152	139
152	141
151	141
151	144
152	144
152	150
153	150
153	154
154	154
154	155
155	155
155	157
157	157
157	158
155	158
155	159
156	159
156	162
157	162
157	164
158	164
158	166
167	166
167	167
174	167
174	166
179	166
179	167
181	167
181	168
183	168
183	169
185	169
185	168
195	168
195	169
200	169
200	171
202	171
202	172
203	172
203	178
202	178
202	179
203	179
203	183
202	183
202	186
201	186
201	187
200	187
200	193
195	193
195	194
194	194
194	196
196	196
196	197
197	197
197	196
198	196
198	197
203	197
203	196
204	196
204	197
205	197
205	196
210	196
210	197
212	197
212	199
213	199
213	198
214	198
214	200
215	200
215	203
216	203
216	208
215	208
215	211
214	211
214	213
213	213
213	218
212	218
212	222
211	222
211	224
210	224
210	227
209	227
209	230
208	230
208	233
207	233
515	253
514	253
514	255
513	255
513	257
512	257
512	259
510	259
510	260
508	260
508	262
506	262
506	263
505	263
505	267
504	267
504	270
498	270
498	269
489	269
489	270
488	270
488	269
478	269
478	268
477	268
477	266
476	266
476	263
475	263
475	260
474	260
474	255
473	255
473	253
472	253
472	251
471	251
471	248
470	248
470	245
469	245
469	243
467	243
467	241
466	241
466	239
465	239
465	236
464	236
464	234
463	234
463	228
462	228
462	227
461	227
461	224
460	224
460	220
459	220
459	216
458	216
458	215
457	215
457	208
456	208
456	206
455	206
455	204
451	204
451	203
444	203
444	202
436	202
436	201
432	201
432	204
437	204
437	205
441	205
441	206
447	206
447	207
452	207
452	208
453	208
453	210
454	210
454	214
455	214
455	217
456	217
456	222
457	222
457	225
458	225
458	228
459	228
459	230
460	230
460	233
461	233
461	235
462	235
462	236
461	236
461	237
462	237
462	240
463	240
463	242
464	242
464	243
465	243
465	245
466	245
466	246
467	246
467	249
468	249
468	251
469	251
469	253
470	253
470	257
471	257
471	259
472	259
472	264
473	264
473	265
474	265
474	269
475	269
475	271
476	271
476	272
484	272
484	273
485	273
485	272
496	272
496	273
504	273
504	272
505	272
505	271
506	271
506	269
508	269
508	265
509	265
509	264
510	264
510	263
513	263
513	262
514	262
514	260
515	260
515	258
516	258
516	256
517	256
517	255
518	255
518	253
520	253
520	252
522	252
522	251
524	251
524	252
525	252
525	251
533	251
533	248
534	248
534	240
535	240
535	239
536	239
536	238
537	238
537	237
540	237
540	236
541	236
541	235
542	235
542	234
544	234
544	233
546	233
546	232
547	232
547	233
549	233
549	232
551	232
551	233
553	233
553	234
554	234
554	236
555	236
555	237
557	237
557	238
558	238
558	240
559	240
559	242
560	242
560	244
561	244
561	245
562	245
562	255
561	255
561	263
562	263
562	265
563	265
563	266
571	266
571	267
572	267
572	266
573	266
573	267
574	267
574	266
579	266
579	265
581	265
581	263
582	263
582	262
583	262
583	261
584	261
584	259
585	259
585	258
586	258
586	257
587	257
587	256
588	256
588	255
589	255
589	253
590	253
590	244
591	244
591	241
592	241
592	240
591	240
591	239
592	239
592	238
593	238
593	237
594	237
594	234
595	234
595	233
596	233
596	232
597	232
597	231
612	231
612	232
614	232
614	233
615	233
615	232
617	232
617	231
618	231
618	233
619	233
619	236
620	236
620	237
621	237
621	239
622	239
622	240
623	240
623	249
624	249
624	253
625	253
625	256
626	256
626	260
627	260
627	261
634	261
634	260
635	260
635	261
640	261
640	260
642	260
642	258
643	258
643	257
644	257
644	256
645	256
645	255
646	255
646	253
647	253
647	250
648	250
648	248
649	248
649	245
651	245
651	244
652	244
652	245
653	245
653	244
654	244
654	245
655	245
655	246
660	246
660	247
661	247
661	248
662	248
662	249
663	249
663	253
664	253
664	254
662	254
662	255
663	255
663	256
664	256
664	258
665	258
665	260
666	260
666	261
667	261
667	265
668	265
668	269
669	269
669	272
670	272
670	274
671	274
671	276
672	276
672	284
673	284
673	290
674	290
674	292
673	292
673	301
672	301
672	308
671	308
671	332
672	332
672	334
673	334
673	336
674	336
674	339
676	339
676	340
677	340
677	341
679	341
679	342
681	342
681	343
684	343
684	344
686	344
686	345
688	345
688	346
691	346
691	347
692	347
692	348
695	348
695	349
697	349
697	350
698	350
698	351
700	351
700	352
716	352
716	351
717	351
717	352
719	352
719	351
723	351
723	350
724	350
724	349
706	349
706	348
703	348
703	349
702	349
702	348
698	348
698	347
696	347
696	346
695	346
695	345
692	345
692	344
690	344
690	343
689	343
689	342
687	342
687	341
684	341
684	340
681	340
681	339
680	339
680	338
678	338
678	337
677	337
677	336
676	336
676	334
675	334
675	329
674	329
674	314
675	314
675	313
674	313
674	311
675	311
675	310
674	310
674	307
675	307
675	304
676	304
676	302
675	302
675	301
676	301
676	293
677	293
677	292
676	292
676	280
675	280
675	276
674	276
674	273
673	273
673	271
672	271
672	267
671	267
671	263
670	263
670	260
668	260
668	258
667	258
667	256
666	256
666	252
665	252
665	249
666	249
666	248
665	248
665	247
664	247
664	246
663	246
663	245
662	245
662	244
660	244
660	243
657	243
657	242
651	242
651	241
650	241
650	242
649	242
649	241
648	241
648	242
647	242
647	244
646	244
646	246
645	246
645	250
644	250
644	252
643	252
643	254
642	254
642	255
641	255
641	257
639	257
639	258
629	258
629	256
628	256
628	253
627	253
627	251
626	251
626	243
627	243
627	241
626	241
626	239
625	239
625	238
624	238
624	236
623	236
623	234
622	234
622	231
621	231
621	228
620	228
620	226
619	226
619	225
617	225
617	226
616	226
616	228
615	228
615	229
614	229
614	228
597	228
597	229
594	229
594	231
593	231
593	232
592	232
592	233
591	233
591	235
590	235
590	236
589	236
589	239
588	239
588	244
587	244
587	249
588	249
588	250
587	250
587	253
586	253
586	254
585	254
585	255
584	255
584	256
583	256
583	257
582	257
582	258
581	258
581	259
580	259
580	260
579	260
579	261
578	261
578	263
576	263
576	264
573	264
573	263
571	263
571	264
569	264
569	263
564	263
564	262
563	262
563	257
564	257
564	253
565	253
565	246
564	246
564	243
563	243
563	241
562	241
562	239
561	239
561	238
560	238
560	236
558	236
558	235
557	235
557	233
556	233
556	232
555	232
555	231
553	231
553	230
551	230
551	229
545	229
545	230
544	230
544	231
541	231
541	232
539	232
539	233
538	233
538	234
537	234
537	235
536	235
536	236
534	236
534	237
533	237
533	238
532	238
532	240
531	240
531	242
532	242
532	243
531	243
531	244
532	244
532	245
531	245
531	247
530	247
530	249
526	249
526	248
523	248
523	249
518	249
518	250
517	250
517	251
516	251
516	252
515	252
762	342
763	342
763	347
764	347
764	350
765	350
765	351
766	351
766	353
779	353
779	354
781	354
781	353
783	353
783	354
785	354
785	353
787	353
787	354
788	354
788	353
796	353
796	354
814	354
814	355
815	355
815	354
821	354
821	355
822	355
822	354
826	354
826	352
825	352
825	353
824	353
824	352
819	352
819	351
816	351
816	352
815	352
815	351
812	351
812	352
811	352
811	351
802	351
802	352
801	352
801	351
799	351
799	352
798	352
798	351
794	351
794	350
792	350
792	351
791	351
791	350
788	350
788	351
787	351
787	350
784	350
784	351
783	351
783	350
779	350
779	351
778	351
778	350
771	350
771	349
770	349
770	350
768	350
768	348
767	348
767	347
766	347
766	341
765	341
765	331
764	331
764	329
765	329
765	325
764	325
764	323
763	323
763	320
762	320
762	318
761	318
761	316
760	316
760	315
759	315
759	314
758	314
758	313
757	313
757	312
755	312
755	311
754	311
754	310
751	310
751	309
748	309
748	310
745	310
745	311
743	311
743	312
742	312
742	314
741	314
741	315
740	315
740	317
739	317
739	320
738	320
738	321
737	321
737	323
736	323
736	324
734	324
734	328
733	328
733	332
732	332
732	340
731	340
731	342
730	342
730	343
729	343
729	344
728	344
728	345
725	345
725	346
723	346
723	347
722	347
722	348
726	348
726	347
729	347
729	346
730	346
730	345
732	345
732	344
733	344
733	342
734	342
734	340
735	340
735	329
736	329
736	327
737	327
737	325
738	325
738	324
739	324
739	323
740	323
740	322
741	322
741	320
742	320
742	317
743	317
743	316
744	316
744	314
746	314
746	313
754	313
754	314
755	314
755	315
756	315
756	316
757	316
757	318
758	318
758	319
759	319
759	320
760	320
760	322
761	322
761	326
762	326
762	333
761	333
761	334
762	334
883	296
884	296
884	308
885	308
885	313
884	313
884	315
878	315
878	316
873	316
873	315
869	315
869	314
863	314
863	313
861	313
861	312
856	312
856	313
855	313
855	317
854	317
854	319
853	319
853	321
852	321
852	331
853	331
853	332
852	332
852	337
851	337
851	347
850	347
850	348
849	348
849	351
848	351
848	354
847	354
847	355
845	355
845	356
844	356
844	357
839	357
839	356
838	356
838	355
837	355
837	354
836	354
836	355
834	355
834	356
836	356
836	357
837	357
837	358
838	358
838	359
841	359
841	360
842	360
842	359
845	359
845	358
846	358
846	357
848	357
848	356
849	356
849	355
850	355
850	353
851	353
851	348
852	348
852	346
853	346
853	344
854	344
854	342
853	342
853	338
854	338
854	335
855	335
855	330
854	330
854	329
855	329
855	328
854	328
854	326
855	326
855	325
854	325
854	322
855	322
855	321
856	321
856	320
857	320
857	317
858	317
858	315
862	315
862	316
866	316
866	317
870	317
870	318
871	318
871	317
872	317
872	318
875	318
875	319
876	319
876	318
885	318
885	317
886	317
886	316
887	316
887	315
888	315
888	297
887	297
887	294
886	294
886	291
885	291
885	282
886	282
886	281
885	281
885	278
886	278
886	271
887	271
887	268
888	268
888	267
889	267
889	266
890	266
890	264
891	264
891	261
892	261
892	258
893	258
893	257
894	257
894	256
895	256
895	255
896	255
896	254
899	254
899	253
901	253
901	252
904	252
904	251
909	251
909	252
912	252
912	253
923	253
923	254
926	254
926	255
927	255
927	256
928	256
928	257
929	257
929	258
930	258
930	259
931	259
931	260
932	260
932	261
934	261
934	263
935	263
935	264
937	264
937	265
938	265
938	266
939	266
939	267
940	267
940	268
942	268
942	269
943	269
943	270
944	270
944	271
945	271
945	272
947	272
947	274
948	274
948	275
949	275
949	276
950	276
950	277
951	277
951	278
952	278
952	279
953	279
953	280
954	280
954	281
955	281
955	283
957	283
957	284
958	284
958	285
960	285
960	286
962	286
962	287
966	287
966	288
968	288
968	287
971	287
971	288
981	288
981	289
984	289
984	290
990	290
990	291
991	291
991	290
992	290
992	291
993	291
993	290
996	290
996	291
1005	291
1005	290
1006	290
1006	285
1007	285
1007	282
1009	282
1009	285
1010	285
1010	286
1011	286
1011	288
1012	288
1012	289
1013	289
1013	290
1014	290
1014	294
1015	294
1015	297
1016	297
1016	299
1017	299
1017	305
1018	305
1018	307
1019	307
1019	311
1020	311
1020	314
1019	314
1019	320
1020	320
1020	351
1019	351
1019	352
1020	352
1020	354
1028	354
1028	355
1032	355
1032	356
1033	356
1033	357
1034	357
1034	358
1036	358
1036	359
1038	359
1038	360
1044	360
1044	361
1056	361
1056	362
1058	362
1058	361
1059	361
1059	362
1070	362
1070	363
1077	363
1077	364
1084	364
1084	365
1092	365
1092	364
1093	364
1093	363
1096	363
1096	362
1098	362
1098	361
1100	361
1100	359
1101	359
1101	358
1102	358
1102	357
1103	357
1103	356
1106	356
1106	355
1107	355
1107	354
1108	354
1108	353
1110	353
1110	351
1112	351
1112	350
1116	350
1116	351
1119	351
1119	350
1123	350
1123	351
1125	351
1125	352
1134	352
1134	351
1141	351
1141	352
1145	352
1145	353
1147	353
1147	354
1151	354
1151	355
1154	355
1154	357
1160	357
1160	358
1169	358
1169	359
1178	359
1178	360
1181	360
1181	361
1184	361
1184	362
1186	362
1186	363
1188	363
1188	364
1190	364
1190	365
1193	365
1193	366
1196	366
1196	368
1198	368
1198	366
1207	366
1207	367
1208	367
1208	366
1211	366
1211	367
1226	367
1226	366
1227	366
1227	365
1229	365
1229	364
1230	364
1230	363
1231	363
1231	361
1232	361
1232	359
1233	359
1233	358
1234	358
1234	357
1236	357
1236	356
1237	356
1237	355
1238	355
1238	352
1239	352
1239	351
1240	351
1240	349
1241	349
1241	344
1242	344
1242	340
1243	340
1243	335
1244	335
1244	334
1243	334
1243	328
1242	328
1242	327
1243	327
1243	322
1244	322
1244	318
1246	318
1246	317
1247	317
1247	315
1248	315
1248	314
1249	314
1249	312
1250	312
1250	311
1251	311
1251	310
1252	310
1252	308
1254	308
1254	306
1255	306
1255	304
1256	304
1256	303
1257	303
1257	302
1258	302
1258	301
1259	301
1259	300
1261	300
1261	299
1263	299
1263	298
1267	298
1267	297
1270	297
1270	296
1272	296
1272	295
1274	295
1274	294
1275	294
1275	293
1276	293
1276	292
1277	292
1277	291
1279	291
1279	290
1280	290
1280	289
1281	289
1281	288
1282	288
1282	287
1283	287
1283	286
1284	286
1284	285
1285	285
1285	284
1286	284
1286	283
1288	283
1288	282
1290	282
1290	281
1293	281
1293	280
1298	280
1298	279
1300	279
1300	278
1303	278
1303	277
1306	277
1306	276
1308	276
1308	275
1309	275
1309	274
1314	274
1314	273
1320	273
1320	272
1324	272
1324	271
1330	271
1330	270
1332	270
1332	269
1335	269
1335	268
1342	268
1342	269
1343	269
1343	268
1345	268
1345	267
1360	267
1360	268
1363	268
1363	269
1365	269
1365	270
1367	270
1367	271
1371	271
1371	272
1374	272
1374	273
1376	273
1376	274
1378	274
1378	275
1379	275
1379	276
1380	276
1380	277
1383	277
1383	278
1385	278
1385	279
1388	279
1388	280
1391	280
1391	279
1394	279
1394	278
1398	278
1398	277
1399	277
1399	278
1401	278
1401	277
1403	277
1403	276
1405	276
1405	273
1406	273
1406	271
1405	271
1405	269
1406	269
1406	267
1405	267
1405	264
1404	264
1404	259
1405	259
1405	255
1406	255
1406	247
1407	247
1407	246
1408	246
1408	244
1409	244
1409	243
1410	243
1410	241
1411	241
1411	238
1412	238
1412	236
1413	236
1413	234
1414	234
1414	231
1415	231
1415	230
1416	230
1416	228
1417	228
1417	226
1418	226
1418	223
1419	223
1419	222
1426	222
1426	223
1427	223
1427	224
1428	224
1428	225
1429	225
1429	226
1431	226
1431	227
1432	227
1432	228
1433	228
1433	229
1435	229
1435	230
1437	230
1437	231
1441	231
1441	230
1443	230
1443	231
1450	231
1450	230
1455	230
1455	231
1457	231
1457	232
1458	232
1458	234
1459	234
1459	236
1460	236
1460	237
1465	237
1465	236
1466	236
1466	237
1468	237
1468	238
1469	238
1469	239
1470	239
1470	243
1471	243
1471	246
1472	246
1472	250
1473	250
1473	256
1474	256
1474	262
1475	262
1475	266
1474	266
1474	270
1473	270
1473	277
1474	277
1474	280
1475	280
1475	282
1476	282
1476	285
1477	285
1477	288
1478	288
1478	290
1479	290
1479	291
1484	291
1484	293
1486	293
1486	294
1488	294
1488	295
1489	295
1489	296
1490	296
1490	297
1492	297
1492	298
1493	298
1493	300
1495	300
1495	301
1496	301
1496	302
1497	302
1497	303
1499	303
1499	304
1501	304
1501	305
1503	305
1503	304
1505	304
1505	305
1506	305
1506	304
1508	304
1508	305
1512	305
1512	304
1517	304
1517	305
1530	305
1530	306
1536	306
1536	305
1537	305
1537	304
1539	304
1539	303
1542	303
1542	302
1544	302
1544	301
1548	301
1548	300
1552	300
1552	299
1553	299
1553	298
1554	298
1554	297
1556	297
1556	296
1557	296
1557	294
1564	294
1564	293
1566	293
1566	292
1568	292
1568	290
1569	290
1569	272
1570	272
1570	269
1571	269
1571	265
1572	265
1572	262
1573	262
1573	258
1574	258
1574	253
1575	253
1575	249
1576	249
1576	247
1577	247
1577	245
1578	245
1578	244
1579	244
1579	241
1580	241
1580	239
1581	239
1581	237
1582	237
1582	233
1583	233
1583	232
1584	232
1584	229
1585	229
1585	226
1586	226
1586	224
1587	224
1587	222
1588	222
1588	220
1589	220
1589	219
1590	219
1590	214
1591	214
1591	211
1592	211
1592	207
1593	207
1593	203
1594	203
1594	200
1595	200
1595	192
1594	192
1594	187
1593	187
1593	184
1592	184
1592	180
1591	180
1591	173
1592	173
1592	167
1593	167
1593	164
1592	164
1592	162
1593	162
1593	159
1594	159
1594	154
1595	154
1595	149
1596	149
1596	148
1598	148
1598	146
1599	146
1599	147
1601	147
1601	146
1603	146
1603	145
1606	145
1606	144
1608	144
1608	143
1614	143
1614	142
1615	142
1615	143
1628	143
1628	142
1631	142
1631	141
1637	141
1637	140
1640	140
1640	141
1643	141
1643	140
1644	140
1644	141
1649	141
1649	140
1653	140
1653	139
1654	139
1654	141
1655	141
1655	140
1662	140
1662	139
1664	139
1664	138
1670	138
1670	137
1674	137
1674	136
1678	136
1678	135
1682	135
1682	134
1687	134
1687	133
1689	133
1689	131
1693	131
1693	130
1694	130
1694	129
1696	129
1696	128
1697	128
1697	127
1699	127
1699	126
1701	126
1701	125
1702	125
1702	124
1704	124
1704	123
1706	123
1706	122
1708	122
1708	121
1711	121
1711	119
1714	119
1714	118
1717	118
1717	117
1719	117
1719	116
1720	116
1720	115
1721	115
1721	116
1722	116
1722	114
1723	114
1723	113
1726	113
1726	111
1727	111
1727	110
1729	110
1729	107
1730	107
1730	106
1731	106
1731	104
1732	104
1732	102
1733	102
1733	101
1734	101
1734	97
1735	97
1735	93
1736	93
1736	91
1737	91
1737	88
1738	88
1738	85
1739	85
1739	83
1740	83
1740	80
1741	80
1741	77
1742	77
1742	76
1743	76
1743	74
1744	74
1744	71
1745	71
1745	69
1746	69
1746	66
1747	66
1747	65
1748	65
1748	63
1749	63
1749	61
1750	61
1750	60
1751	60
1751	58
1752	58
1752	57
1753	57
1753	56
1754	56
1754	54
1755	54
1755	53
1756	53
1756	48
1755	48
1755	44
1754	44
1754	43
1753	43
1753	42
1751	42
1751	41
1750	41
1750	40
1747	40
1747	39
1746	39
1746	41
1747	41
1747	42
1748	42
1748	43
1749	43
1749	44
1750	44
1750	45
1751	45
1751	47
1752	47
1752	50
1753	50
1753	53
1752	53
1752	54
1751	54
1751	55
1750	55
1750	57
1748	57
1748	58
1747	58
1747	59
1746	59
1746	61
1745	61
1745	62
1744	62
1744	64
1743	64
1743	67
1742	67
1742	69
1741	69
1741	71
1740	71
1740	73
1739	73
1739	76
1738	76
1738	78
1737	78
1737	81
1736	81
1736	85
1735	85
1735	87
1734	87
1734	89
1733	89
1733	92
1732	92
1732	95
1731	95
1731	98
1730	98
1730	101
1729	101
1729	103
1728	103
1728	105
1727	105
1727	106
1726	106
1726	108
1725	108
1725	109
1724	109
1724	110
1723	110
1723	111
1722	111
1722	112
1720	112
1720	113
1719	113
1719	114
1720	114
1720	115
1718	115
1718	114
1716	114
1716	115
1714	115
1714	116
1711	116
1711	117
1710	117
1710	118
1707	118
1707	119
1705	119
1705	120
1702	120
1702	121
1701	121
1701	122
1699	122
1699	124
1697	124
1697	125
1695	125
1695	126
1693	126
1693	127
1691	127
1691	128
1689	128
1689	129
1687	129
1687	130
1684	130
1684	131
1680	131
1680	132
1675	132
1675	133
1671	133
1671	134
1668	134
1668	135
1665	135
1665	136
1664	136
1664	135
1663	135
1663	136
1662	136
1662	137
1661	137
1661	136
1660	136
1660	137
1659	137
1659	136
1658	136
1658	137
1657	137
1657	136
1655	136
1655	137
1654	137
1654	136
1652	136
1652	137
1631	137
1631	138
1630	138
1630	139
1626	139
1626	140
1622	140
1622	139
1621	139
1621	140
1620	140
1620	139
1619	139
1619	140
1618	140
1618	139
1616	139
1616	140
1615	140
1615	139
1613	139
1613	140
1612	140
1612	139
1608	139
1608	140
1606	140
1606	141
1603	141
1603	142
1601	142
1601	143
1596	143
1596	144
1594	144
1594	146
1593	146
1593	147
1592	147
1592	151
1591	151
1591	156
1590	156
1590	159
1589	159
1589	163
1588	163
1588	164
1589	164
1589	166
1588	166
1588	185
1589	185
1589	187
1590	187
1590	190
1591	190
1591	200
1590	200
1590	204
1589	204
1589	208
1588	208
1588	210
1587	210
1587	213
1586	213
1586	217
1585	217
1585	220
1584	220
1584	222
1583	222
1583	224
1582	224
1582	226
1581	226
1581	229
1580	229
1580	231
1579	231
1579	234
1578	234
1578	237
1577	237
1577	239
1576	239
1576	241
1575	241
1575	243
1574	243
1574	245
1573	245
1573	246
1572	246
1572	250
1571	250
1571	255
1570	255
1570	259
1569	259
1569	262
1568	262
1568	265
1567	265
1567	268
1566	268
1566	271
1565	271
1565	273
1566	273
1566	274
1565	274
1565	275
1566	275
1566	276
1565	276
1565	284
1566	284
1566	285
1565	285
1565	286
1566	286
1566	289
1565	289
1565	290
1562	290
1562	291
1556	291
1556	293
1554	293
1554	294
1553	294
1553	295
1552	295
1552	296
1551	296
1551	297
1547	297
1547	298
1543	298
1543	299
1541	299
1541	300
1538	300
1538	301
1535	301
1535	302
1534	302
1534	303
1532	303
1532	302
1516	302
1516	301
1515	301
1515	302
1514	302
1514	301
1499	301
1499	300
1498	300
1498	298
1497	298
1497	297
1495	297
1495	296
1494	296
1494	295
1493	295
1493	294
1491	294
1491	293
1490	293
1490	292
1489	292
1489	291
1487	291
1487	290
1486	290
1486	289
1485	289
1485	288
1484	288
1484	287
1483	287
1483	288
1482	288
1482	287
1480	287
1480	284
1479	284
1479	281
1478	281
1478	279
1477	279
1477	275
1476	275
1476	270
1477	270
1477	266
1478	266
1478	262
1477	262
1477	257
1476	257
1476	250
1475	250
1475	245
1474	245
1474	237
1472	237
1472	236
1470	236
1470	235
1469	235
1469	234
1466	234
1466	233
1462	233
1462	231
1461	231
1461	230
1460	230
1460	229
1458	229
1458	228
1455	228
1455	227
1448	227
1448	228
1445	228
1445	227
1444	227
1444	228
1442	228
1442	227
1438	227
1438	226
1436	226
1436	225
1434	225
1434	224
1433	224
1433	223
1432	223
1432	222
1430	222
1430	221
1428	221
1428	220
1427	220
1427	219
1425	219
1425	218
1419	218
1419	219
1417	219
1417	220
1416	220
1416	221
1415	221
1415	224
1414	224
1414	226
1413	226
1413	228
1412	228
1412	229
1411	229
1411	231
1410	231
1410	233
1409	233
1409	235
1408	235
1408	239
1407	239
1407	242
1406	242
1406	243
1405	243
1405	244
1404	244
1404	245
1403	245
1403	247
1402	247
1402	257
1401	257
1401	261
1400	261
1400	262
1401	262
1401	266
1402	266
1402	273
1401	273
1401	274
1399	274
1399	275
1393	275
1393	276
1391	276
1391	277
1390	277
1390	276
1386	276
1386	275
1384	275
1384	274
1382	274
1382	273
1380	273
1380	272
1378	272
1378	271
1376	271
1376	270
1374	270
1374	269
1373	269
1373	268
1370	268
1370	267
1367	267
1367	266
1364	266
1364	265
1360	265
1360	264
1354	264
1354	263
1345	263
1345	264
1342	264
1342	265
1340	265
1340	264
1337	264
1337	265
1332	265
1332	266
1331	266
1331	267
1330	267
1330	266
1326	266
1326	267
1323	267
1323	268
1321	268
1321	269
1319	269
1319	270
1318	270
1318	269
1314	269
1314	270
1311	270
1311	271
1308	271
1308	272
1306	272
1306	273
1304	273
1304	274
1300	274
1300	275
1298	275
1298	276
1294	276
1294	277
1292	277
1292	278
1289	278
1289	279
1285	279
1285	280
1284	280
1284	281
1283	281
1283	282
1282	282
1282	283
1281	283
1281	284
1280	284
1280	285
1279	285
1279	286
1278	286
1278	287
1277	287
1277	288
1276	288
1276	289
1275	289
1275	290
1274	290
1274	291
1272	291
1272	292
1270	292
1270	293
1268	293
1268	294
1264	294
1264	295
1260	295
1260	296
1258	296
1258	297
1256	297
1256	298
1255	298
1255	299
1254	299
1254	300
1253	300
1253	302
1252	302
1252	303
1251	303
1251	305
1250	305
1250	306
1249	306
1249	308
1247	308
1247	310
1246	310
1246	311
1245	311
1245	313
1244	313
1244	314
1243	314
1243	316
1242	316
1242	317
1241	317
1241	318
1240	318
1240	321
1239	321
1239	333
1240	333
1240	337
1239	337
1239	339
1238	339
1238	345
1237	345
1237	349
1236	349
1236	350
1235	350
1235	352
1234	352
1234	353
1233	353
1233	354
1232	354
1232	355
1231	355
1231	356
1230	356
1230	358
1229	358
1229	360
1228	360
1228	361
1227	361
1227	362
1225	362
1225	363
1223	363
1223	364
1221	364
1221	363
1202	363
1202	362
1201	362
1201	363
1200	363
1200	362
1192	362
1192	361
1190	361
1190	360
1188	360
1188	359
1186	359
1186	358
1184	358
1184	357
1180	357
1180	356
1172	356
1172	355
1169	355
1169	354
1167	354
1167	355
1166	355
1166	354
1159	354
1159	353
1155	353
1155	352
1151	352
1151	351
1149	351
1149	350
1147	350
1147	349
1144	349
1144	348
1139	348
1139	347
1136	347
1136	348
1133	348
1133	349
1129	349
1129	348
1124	348
1124	347
1110	347
1110	348
1109	348
1109	349
1107	349
1107	350
1106	350
1106	352
1103	352
1103	353
1101	353
1101	354
1100	354
1100	355
1099	355
1099	356
1098	356
1098	358
1097	358
1097	359
1096	359
1096	360
1095	360
1095	359
1094	359
1094	360
1091	360
1091	361
1087	361
1087	360
1084	360
1084	361
1078	361
1078	360
1073	360
1073	359
1070	359
1070	358
1067	358
1067	359
1066	359
1066	358
1061	358
1061	357
1043	357
1043	356
1042	356
1042	357
1038	357
1038	356
1036	356
1036	355
1035	355
1035	353
1034	353
1034	352
1031	352
1031	351
1029	351
1029	352
1028	352
1028	351
1025	351
1025	350
1023	350
1023	349
1024	349
1024	342
1023	342
1023	340
1024	340
1024	326
1023	326
1023	325
1024	325
1024	323
1023	323
1023	310
1022	310
1022	307
1021	307
1021	304
1020	304
1020	299
1019	299
1019	296
1018	296
1018	292
1017	292
1017	290
1016	290
1016	289
1015	289
1015	287
1014	287
1014	286
1013	286
1013	283
1012	283
1012	280
1011	280
1011	279
1010	279
1010	278
1007	278
1007	279
1004	279
1004	280
1003	280
1003	288
1000	288
1000	287
997	287
997	286
996	286
996	287
992	287
992	286
987	286
987	285
977	285
977	284
963	284
963	283
962	283
962	282
961	282
961	281
959	281
959	280
958	280
958	279
957	279
957	278
956	278
956	277
955	277
955	276
954	276
954	275
953	275
953	274
952	274
952	273
951	273
951	271
949	271
949	269
947	269
947	268
946	268
946	267
945	267
945	266
944	266
944	264
943	264
943	261
942	261
942	260
940	260
940	261
938	261
938	260
937	260
937	259
936	259
936	258
935	258
935	257
933	257
933	256
932	256
932	255
931	255
931	254
930	254
930	253
928	253
928	252
927	252
927	251
926	251
926	250
918	250
918	249
913	249
913	248
909	248
909	247
907	247
907	248
905	248
905	247
903	247
903	248
900	248
900	249
899	249
899	250
897	250
897	251
895	251
895	252
891	252
891	254
890	254
890	255
889	255
889	258
888	258
888	261
887	261
887	262
886	262
886	264
885	264
885	266
884	266
884	267
883	267
883	268
882	268
882	273
881	273
881	287
882	287
882	288
881	288
881	291
882	291
882	294
883	294
