260	375
259	375
259	376
260	376
260	379
259	379
259	380
260	380
260	382
259	382
259	394
258	394
258	402
260	402
260	404
261	404
261	410
262	410
262	407
263	407
263	404
264	404
264	421
263	421
263	425
264	425
264	426
265	426
265	428
266	428
266	427
269	427
269	425
270	425
270	424
271	424
271	426
274	426
274	427
276	427
276	428
279	428
279	429
280	429
280	430
281	430
281	431
282	431
282	432
283	432
283	433
285	433
285	434
286	434
286	435
287	435
287	437
290	437
290	438
292	438
292	439
294	439
294	440
295	440
295	441
296	441
296	442
297	442
297	443
299	443
299	444
300	444
300	443
303	443
303	441
305	441
305	440
311	440
311	441
329	441
329	442
330	442
330	443
333	443
333	444
341	444
341	443
343	443
343	444
353	444
353	443
354	443
354	442
360	442
360	443
361	443
361	444
379	444
379	443
380	443
380	444
386	444
386	443
392	443
392	442
393	442
393	441
394	441
394	437
395	437
395	436
399	436
399	435
401	435
401	434
403	434
403	433
404	433
404	432
405	432
405	431
406	431
406	430
407	430
407	429
408	429
408	428
410	428
410	427
416	427
416	428
417	428
417	427
436	427
436	428
440	428
440	429
443	429
443	428
444	428
444	426
446	426
446	423
447	423
447	422
446	422
446	421
443	421
443	422
442	422
442	421
426	421
426	422
422	422
422	421
417	421
417	420
415	420
415	419
411	419
411	421
409	421
409	422
408	422
408	423
407	423
407	424
405	424
405	426
403	426
403	427
401	427
401	429
400	429
400	430
395	430
395	431
391	431
391	433
390	433
390	435
389	435
389	436
387	436
387	437
379	437
379	438
373	438
373	437
372	437
372	438
370	438
370	437
368	437
368	438
367	438
367	437
362	437
362	438
358	438
358	439
357	439
357	438
351	438
351	439
348	439
348	438
338	438
338	437
333	437
333	436
330	436
330	435
318	435
318	434
312	434
312	433
311	433
311	434
307	434
307	435
306	435
306	436
299	436
299	435
297	435
297	434
295	434
295	433
294	433
294	432
292	432
292	430
289	430
289	429
287	429
287	428
286	428
286	427
283	427
283	425
280	425
280	424
275	424
275	423
272	423
272	422
270	422
270	418
269	418
269	417
270	417
270	415
269	415
269	413
270	413
270	411
269	411
269	409
270	409
270	407
269	407
269	405
270	405
270	404
269	404
269	400
270	400
270	396
269	396
269	395
270	395
270	388
269	388
269	385
268	385
268	383
269	383
269	380
268	380
268	379
269	379
269	378
268	378
268	368
269	368
269	367
268	367
268	363
269	363
269	362
268	362
268	357
269	357
269	353
268	353
268	350
269	350
269	342
268	342
268	340
269	340
269	332
270	332
270	320
271	320
271	319
270	319
270	318
271	318
271	314
272	314
272	307
273	307
273	302
274	302
274	298
275	298
275	295
276	295
276	294
275	294
275	293
276	293
276	292
277	292
277	290
278	290
278	288
279	288
279	285
280	285
280	283
281	283
281	282
280	282
280	280
281	280
281	279
282	279
282	278
283	278
283	275
284	275
284	274
285	274
285	271
286	271
286	270
287	270
287	269
288	269
288	266
289	266
289	264
290	264
290	263
292	263
292	260
293	260
293	257
294	257
294	256
295	256
295	254
296	254
296	252
297	252
297	249
298	249
298	246
297	246
297	244
296	244
296	243
295	243
295	242
294	242
294	241
291	241
291	240
289	240
289	239
278	239
278	240
274	240
274	241
272	241
272	242
271	242
271	241
270	241
270	240
269	240
269	241
268	241
268	240
262	240
262	241
261	241
261	240
260	240
260	241
259	241
259	240
258	240
258	241
253	241
253	242
250	242
250	243
248	243
248	242
243	242
243	241
238	241
238	240
233	240
233	241
231	241
231	243
230	243
230	245
231	245
231	246
232	246
232	247
236	247
236	248
242	248
242	249
245	249
245	250
246	250
246	249
249	249
249	250
250	250
250	249
253	249
253	248
260	248
260	246
261	246
261	245
263	245
263	244
272	244
272	245
274	245
274	247
275	247
275	246
277	246
277	245
279	245
279	244
287	244
287	245
288	245
288	246
290	246
290	247
291	247
291	250
290	250
290	252
289	252
289	255
288	255
288	256
287	256
287	257
286	257
286	259
284	259
284	260
285	260
285	261
284	261
284	262
283	262
283	264
282	264
282	266
281	266
281	268
280	268
280	270
279	270
279	271
278	271
278	274
277	274
277	276
276	276
276	278
275	278
275	282
274	282
274	284
272	284
272	287
271	287
271	285
268	285
268	284
266	284
266	285
265	285
265	286
266	286
266	289
265	289
265	297
264	297
264	298
265	298
265	306
264	306
264	317
265	317
265	318
264	318
264	322
263	322
263	323
262	323
262	324
263	324
263	331
262	331
262	338
261	338
261	339
262	339
262	355
261	355
261	356
262	356
262	359
261	359
261	367
260	367
516	535
518	535
518	536
520	536
520	535
522	535
522	534
523	534
523	533
524	533
524	531
525	531
525	526
528	526
528	525
530	525
530	524
538	524
538	523
539	523
539	522
540	522
540	515
541	515
541	514
540	514
540	513
541	513
541	512
542	512
542	511
543	511
543	510
544	510
544	509
545	509
545	508
546	508
546	507
550	507
550	506
553	506
553	507
556	507
556	508
557	508
557	509
558	509
558	508
569	508
569	510
571	510
571	511
573	511
573	512
577	512
577	513
580	513
580	514
582	514
582	515
584	515
584	516
591	516
591	517
594	517
594	516
597	516
597	515
598	515
598	514
597	514
597	512
596	512
596	510
588	510
588	509
585	509
585	508
583	508
583	507
580	507
580	506
579	506
579	505
577	505
577	504
574	504
574	503
569	503
569	502
562	502
562	501
558	501
558	500
551	500
551	499
547	499
547	500
545	500
545	501
544	501
544	502
542	502
542	503
541	503
541	505
539	505
539	507
538	507
538	508
536	508
536	510
535	510
535	513
534	513
534	515
533	515
533	516
531	516
531	517
529	517
529	516
528	516
528	517
526	517
526	516
525	516
525	517
526	517
526	518
525	518
525	520
524	520
524	524
522	524
522	525
521	525
521	523
520	523
520	519
519	519
519	518
518	518
518	516
519	516
519	515
517	515
517	514
516	514
516	513
515	513
515	512
514	512
514	511
511	511
511	510
495	510
495	511
493	511
493	512
492	512
492	513
491	513
491	514
489	514
489	515
488	515
488	514
481	514
481	513
478	513
478	512
476	512
476	511
475	511
475	510
474	510
474	503
475	503
475	495
476	495
476	491
477	491
477	486
476	486
476	484
477	484
477	483
478	483
478	473
477	473
477	468
478	468
478	463
477	463
477	462
476	462
476	461
477	461
477	456
478	456
478	455
479	455
479	449
480	449
480	442
481	442
481	441
480	441
480	436
479	436
479	435
480	435
480	429
479	429
479	426
478	426
478	424
477	424
477	420
476	420
476	419
475	419
475	418
474	418
474	417
473	417
473	416
472	416
472	415
471	415
471	414
470	414
470	413
467	413
467	412
465	412
465	411
464	411
464	412
451	412
451	413
449	413
449	414
445	414
445	415
446	415
446	416
444	416
444	417
446	417
446	419
447	419
447	420
448	420
448	421
449	421
449	422
450	422
450	421
451	421
451	420
453	420
453	419
454	419
454	418
462	418
462	417
463	417
463	418
467	418
467	419
468	419
468	420
469	420
469	421
470	421
470	422
471	422
471	425
472	425
472	432
473	432
473	450
472	450
472	455
471	455
471	456
472	456
472	458
471	458
471	463
470	463
470	469
471	469
471	470
470	470
470	472
471	472
471	478
472	478
472	484
471	484
471	486
470	486
470	491
469	491
469	495
468	495
468	506
467	506
467	510
468	510
468	511
467	511
467	512
468	512
468	514
469	514
469	515
470	515
470	516
472	516
472	517
474	517
474	518
475	518
475	519
479	519
479	520
482	520
482	521
483	521
483	522
486	522
486	521
489	521
489	520
490	520
490	519
493	519
493	518
494	518
494	517
497	517
497	516
498	516
498	517
499	517
499	516
500	516
500	517
505	517
505	516
508	516
508	517
511	517
511	519
512	519
512	520
513	520
513	522
512	522
512	523
514	523
514	526
515	526
515	533
516	533
678	557
680	557
680	558
682	558
682	559
683	559
683	560
684	560
684	561
685	561
685	562
686	562
686	565
687	565
687	566
688	566
688	568
689	568
689	569
690	569
690	570
693	570
693	571
695	571
695	572
696	572
696	573
697	573
697	574
698	574
698	576
699	576
699	578
701	578
701	579
702	579
702	580
703	580
703	581
704	581
704	583
706	583
706	585
707	585
707	587
708	587
708	589
709	589
709	591
710	591
710	592
711	592
711	594
712	594
712	596
713	596
713	598
714	598
714	600
715	600
715	601
716	601
716	602
718	602
718	601
724	601
724	602
737	602
737	601
740	601
740	599
741	599
741	598
743	598
743	597
744	597
744	596
746	596
746	595
756	595
756	594
757	594
757	595
758	595
758	594
759	594
759	593
762	593
762	592
766	592
766	591
770	591
770	592
774	592
774	593
777	593
777	594
783	594
783	595
784	595
784	594
789	594
789	593
798	593
798	594
802	594
802	595
804	595
804	596
807	596
807	597
808	597
808	598
810	598
810	597
812	597
812	593
813	593
813	591
814	591
814	590
815	590
815	589
816	589
816	587
817	587
817	585
818	585
818	584
819	584
819	583
822	583
822	582
823	582
823	581
824	581
824	580
825	580
825	579
827	579
827	578
837	578
837	579
838	579
838	578
841	578
841	577
844	577
844	576
846	576
846	575
847	575
847	573
848	573
848	572
849	572
849	571
850	571
850	568
851	568
851	566
852	566
852	561
853	561
853	552
854	552
854	544
855	544
855	538
856	538
856	530
857	530
857	526
858	526
858	524
859	524
859	521
860	521
860	518
861	518
861	515
862	515
862	513
863	513
863	510
864	510
864	507
865	507
865	505
866	505
866	504
867	504
867	502
868	502
868	501
869	501
869	500
870	500
870	498
871	498
871	495
872	495
872	493
873	493
873	486
874	486
874	485
875	485
875	482
876	482
876	481
877	481
877	480
878	480
878	479
879	479
879	478
880	478
880	476
881	476
881	475
882	475
882	474
883	474
883	473
884	473
884	471
885	471
885	470
886	470
886	468
887	468
887	467
889	467
889	466
890	466
890	465
892	465
892	464
894	464
894	465
896	465
896	464
898	464
898	460
900	460
900	461
901	461
901	462
907	462
907	463
908	463
908	464
909	464
909	465
910	465
910	466
911	466
911	467
910	467
910	468
913	468
913	470
914	470
914	473
915	473
915	477
916	477
916	479
915	479
915	490
916	490
916	492
915	492
915	494
916	494
916	495
915	495
915	504
916	504
916	508
917	508
917	509
918	509
918	510
921	510
921	509
926	509
926	510
927	510
927	511
933	511
933	512
935	512
935	513
936	513
936	514
938	514
938	516
939	516
939	517
940	517
940	516
948	516
948	517
950	517
950	519
951	519
951	525
952	525
952	524
953	524
953	526
955	526
955	527
956	527
956	528
957	528
957	532
958	532
958	533
960	533
960	535
961	535
961	536
962	536
962	537
963	537
963	539
964	539
964	541
965	541
965	543
966	543
966	545
967	545
967	547
969	547
969	548
970	548
970	549
973	549
973	550
975	550
975	551
978	551
978	552
979	552
979	553
981	553
981	554
984	554
984	553
986	553
986	552
993	552
993	551
995	551
995	550
997	550
997	549
999	549
999	548
1000	548
1000	549
1001	549
1001	548
1002	548
1002	549
1004	549
1004	548
1006	548
1006	547
1008	547
1008	546
1009	546
1009	545
1011	545
1011	544
1012	544
1012	543
1013	543
1013	542
1015	542
1015	541
1016	541
1016	540
1018	540
1018	539
1022	539
1022	538
1028	538
1028	537
1041	537
1041	538
1045	538
1045	539
1047	539
1047	540
1048	540
1048	541
1050	541
1050	542
1052	542
1052	543
1053	543
1053	544
1054	544
1054	545
1055	545
1055	546
1056	546
1056	547
1057	547
1057	549
1058	549
1058	551
1059	551
1059	556
1060	556
1060	557
1063	557
1063	558
1074	558
1074	557
1076	557
1076	558
1083	558
1083	559
1086	559
1086	558
1099	558
1099	557
1113	557
1113	556
1116	556
1116	555
1117	555
1117	554
1118	554
1118	553
1120	553
1120	554
1121	554
1121	553
1123	553
1123	552
1124	552
1124	551
1125	551
1125	550
1126	550
1126	549
1127	549
1127	548
1130	548
1130	547
1132	547
1132	546
1135	546
1135	545
1136	545
1136	544
1137	544
1137	543
1139	543
1139	542
1141	542
1141	540
1142	540
1142	539
1143	539
1143	538
1144	538
1144	537
1145	537
1145	536
1146	536
1146	535
1147	535
1147	534
1149	534
1149	533
1150	533
1150	532
1151	532
1151	530
1152	530
1152	529
1153	529
1153	528
1154	528
1154	527
1155	527
1155	526
1156	526
1156	525
1157	525
1157	522
1160	522
1160	521
1161	521
1161	520
1163	520
1163	516
1164	516
1164	514
1165	514
1165	512
1166	512
1166	509
1167	509
1167	506
1168	506
1168	503
1169	503
1169	501
1170	501
1170	505
1172	505
1172	506
1173	506
1173	503
1174	503
1174	501
1175	501
1175	499
1176	499
1176	497
1177	497
1177	496
1179	496
1179	495
1180	495
1180	493
1182	493
1182	490
1183	490
1183	486
1184	486
1184	480
1185	480
1185	479
1184	479
1184	478
1185	478
1185	477
1186	477
1186	476
1185	476
1185	467
1184	467
1184	466
1185	466
1185	461
1186	461
1186	460
1185	460
1185	457
1186	457
1186	456
1185	456
1185	455
1184	455
1184	448
1185	448
1185	437
1186	437
1186	434
1187	434
1187	432
1186	432
1186	427
1185	427
1185	426
1184	426
1184	425
1183	425
1183	424
1182	424
1182	423
1185	423
1185	424
1188	424
1188	425
1190	425
1190	426
1192	426
1192	427
1193	427
1193	428
1195	428
1195	429
1196	429
1196	430
1198	430
1198	431
1202	431
1202	430
1203	430
1203	431
1204	431
1204	430
1205	430
1205	431
1214	431
1214	430
1215	430
1215	429
1217	429
1217	428
1219	428
1219	427
1220	427
1220	426
1222	426
1222	425
1231	425
1231	426
1238	426
1238	425
1239	425
1239	426
1248	426
1248	425
1250	425
1250	424
1252	424
1252	423
1253	423
1253	422
1254	422
1254	421
1256	421
1256	420
1257	420
1257	419
1258	419
1258	418
1259	418
1259	417
1260	417
1260	415
1261	415
1261	414
1262	414
1262	413
1265	413
1265	411
1267	411
1267	410
1268	410
1268	409
1270	409
1270	408
1273	408
1273	407
1276	407
1276	406
1279	406
1279	405
1280	405
1280	404
1281	404
1281	403
1283	403
1283	402
1285	402
1285	401
1286	401
1286	400
1289	400
1289	399
1292	399
1292	398
1294	398
1294	399
1293	399
1293	400
1292	400
1292	401
1294	401
1294	400
1295	400
1295	399
1296	399
1296	398
1298	398
1298	397
1303	397
1303	396
1306	396
1306	395
1307	395
1307	394
1308	394
1308	393
1309	393
1309	392
1310	392
1310	391
1313	391
1313	390
1315	390
1315	389
1316	389
1316	388
1317	388
1317	386
1318	386
1318	385
1319	385
1319	384
1320	384
1320	383
1321	383
1321	382
1323	382
1323	381
1324	381
1324	380
1326	380
1326	379
1328	379
1328	378
1329	378
1329	377
1331	377
1331	376
1333	376
1333	375
1335	375
1335	374
1338	374
1338	373
1339	373
1339	372
1341	372
1341	371
1343	371
1343	370
1344	370
1344	369
1346	369
1346	368
1347	368
1347	367
1348	367
1348	366
1350	366
1350	365
1351	365
1351	364
1352	364
1352	363
1353	363
1353	362
1355	362
1355	361
1356	361
1356	360
1357	360
1357	359
1358	359
1358	358
1360	358
1360	356
1362	356
1362	354
1364	354
1364	353
1366	353
1366	352
1368	352
1368	351
1369	351
1369	350
1370	350
1370	349
1371	349
1371	348
1372	348
1372	347
1373	347
1373	346
1375	346
1375	345
1376	345
1376	343
1377	343
1377	342
1379	342
1379	340
1380	340
1380	339
1381	339
1381	338
1382	338
1382	337
1383	337
1383	335
1386	335
1386	334
1388	334
1388	333
1389	333
1389	331
1391	331
1391	330
1392	330
1392	329
1393	329
1393	328
1394	328
1394	327
1395	327
1395	325
1396	325
1396	324
1397	324
1397	323
1398	323
1398	322
1399	322
1399	321
1400	321
1400	320
1402	320
1402	318
1403	318
1403	316
1404	316
1404	315
1405	315
1405	314
1406	314
1406	313
1407	313
1407	311
1408	311
1408	307
1409	307
1409	305
1411	305
1411	304
1412	304
1412	302
1413	302
1413	299
1414	299
1414	297
1416	297
1416	296
1417	296
1417	295
1418	295
1418	294
1419	294
1419	293
1421	293
1421	291
1422	291
1422	289
1424	289
1424	288
1425	288
1425	286
1427	286
1427	285
1429	285
1429	281
1431	281
1431	280
1432	280
1432	279
1433	279
1433	278
1434	278
1434	275
1435	275
1435	272
1436	272
1436	268
1437	268
1437	262
1438	262
1438	258
1439	258
1439	253
1440	253
1440	251
1441	251
1441	250
1440	250
1440	249
1441	249
1441	246
1442	246
1442	245
1441	245
1441	240
1442	240
1442	238
1443	238
1443	236
1444	236
1444	233
1445	233
1445	229
1446	229
1446	224
1447	224
1447	223
1448	223
1448	221
1449	221
1449	219
1448	219
1448	217
1449	217
1449	216
1450	216
1450	213
1451	213
1451	211
1452	211
1452	210
1451	210
1451	208
1452	208
1452	205
1451	205
1451	197
1452	197
1452	191
1451	191
1451	189
1452	189
1452	185
1451	185
1451	183
1452	183
1452	181
1451	181
1451	176
1452	176
1452	175
1451	175
1451	174
1450	174
1450	171
1451	171
1451	163
1450	163
1450	158
1451	158
1451	157
1450	157
1450	153
1449	153
1449	146
1450	146
1450	145
1449	145
1449	135
1450	135
1450	132
1449	132
1449	131
1448	131
1448	130
1449	130
1449	127
1448	127
1448	125
1449	125
1449	117
1448	117
1448	112
1449	112
1449	111
1448	111
1448	104
1449	104
1449	102
1448	102
1448	97
1447	97
1447	96
1449	96
1449	95
1450	95
1450	92
1451	92
1451	88
1452	88
1452	87
1453	87
1453	86
1452	86
1452	84
1454	84
1454	85
1456	85
1456	86
1455	86
1455	87
1461	87
1461	86
1462	86
1462	87
1463	87
1463	89
1464	89
1464	90
1465	90
1465	92
1466	92
1466	93
1471	93
1471	92
1470	92
1470	90
1469	90
1469	89
1467	89
1467	88
1473	88
1473	89
1474	89
1474	88
1475	88
1475	89
1480	89
1480	90
1482	90
1482	91
1483	91
1483	90
1484	90
1484	92
1486	92
1486	91
1489	91
1489	92
1493	92
1493	91
1495	91
1495	90
1496	90
1496	86
1495	86
1495	85
1493	85
1493	84
1488	84
1488	83
1486	83
1486	84
1484	84
1484	85
1482	85
1482	84
1475	84
1475	83
1473	83
1473	82
1472	82
1472	83
1468	83
1468	82
1467	82
1467	81
1468	81
1468	80
1467	80
1467	81
1466	81
1466	82
1463	82
1463	81
1460	81
1460	80
1456	80
1456	78
1454	78
1454	77
1452	77
1452	76
1449	76
1449	77
1448	77
1448	78
1447	78
1447	79
1446	79
1446	85
1445	85
1445	86
1444	86
1444	87
1442	87
1442	88
1438	88
1438	89
1436	89
1436	90
1437	90
1437	91
1442	91
1442	93
1443	93
1443	97
1442	97
1442	99
1443	99
1443	101
1442	101
1442	110
1443	110
1443	113
1442	113
1442	116
1443	116
1443	126
1442	126
1442	127
1443	127
1443	129
1442	129
1442	136
1443	136
1443	152
1444	152
1444	165
1445	165
1445	166
1444	166
1444	176
1443	176
1443	184
1442	184
1442	185
1443	185
1443	186
1442	186
1442	187
1443	187
1443	194
1442	194
1442	211
1443	211
1443	214
1442	214
1442	220
1441	220
1441	222
1440	222
1440	225
1439	225
1439	227
1438	227
1438	231
1437	231
1437	233
1436	233
1436	239
1437	239
1437	251
1436	251
1436	253
1435	253
1435	256
1434	256
1434	258
1433	258
1433	259
1432	259
1432	261
1430	261
1430	265
1429	265
1429	268
1428	268
1428	266
1427	266
1427	267
1426	267
1426	274
1425	274
1425	277
1424	277
1424	279
1421	279
1421	282
1420	282
1420	283
1419	283
1419	285
1418	285
1418	286
1417	286
1417	287
1416	287
1416	288
1415	288
1415	289
1414	289
1414	291
1412	291
1412	292
1411	292
1411	294
1410	294
1410	293
1409	293
1409	296
1408	296
1408	297
1407	297
1407	299
1405	299
1405	300
1404	300
1404	302
1403	302
1403	305
1402	305
1402	306
1401	306
1401	307
1400	307
1400	308
1401	308
1401	310
1402	310
1402	314
1401	314
1401	316
1399	316
1399	317
1397	317
1397	318
1396	318
1396	319
1395	319
1395	320
1394	320
1394	321
1393	321
1393	322
1392	322
1392	324
1390	324
1390	325
1389	325
1389	327
1388	327
1388	329
1386	329
1386	330
1384	330
1384	332
1382	332
1382	333
1381	333
1381	334
1379	334
1379	335
1378	335
1378	336
1377	336
1377	337
1376	337
1376	338
1374	338
1374	340
1373	340
1373	342
1371	342
1371	343
1370	343
1370	344
1368	344
1368	345
1366	345
1366	347
1365	347
1365	349
1364	349
1364	350
1363	350
1363	351
1362	351
1362	352
1361	352
1361	353
1360	353
1360	354
1358	354
1358	355
1356	355
1356	356
1354	356
1354	358
1352	358
1352	360
1350	360
1350	361
1348	361
1348	362
1346	362
1346	363
1345	363
1345	364
1344	364
1344	366
1342	366
1342	367
1340	367
1340	368
1338	368
1338	369
1334	369
1334	370
1333	370
1333	372
1331	372
1331	373
1326	373
1326	372
1324	372
1324	370
1323	370
1323	371
1322	371
1322	373
1320	373
1320	374
1316	374
1316	375
1315	375
1315	376
1313	376
1313	378
1312	378
1312	379
1310	379
1310	381
1308	381
1308	383
1307	383
1307	384
1305	384
1305	385
1304	385
1304	386
1303	386
1303	387
1301	387
1301	388
1299	388
1299	389
1298	389
1298	390
1293	390
1293	391
1290	391
1290	392
1289	392
1289	393
1286	393
1286	394
1285	394
1285	395
1282	395
1282	396
1281	396
1281	397
1280	397
1280	398
1277	398
1277	399
1275	399
1275	400
1270	400
1270	402
1268	402
1268	403
1267	403
1267	404
1265	404
1265	405
1263	405
1263	406
1261	406
1261	408
1259	408
1259	410
1258	410
1258	411
1257	411
1257	413
1256	413
1256	414
1255	414
1255	416
1254	416
1254	417
1253	417
1253	419
1252	419
1252	420
1251	420
1251	421
1250	421
1250	422
1247	422
1247	423
1245	423
1245	422
1244	422
1244	423
1243	423
1243	422
1235	422
1235	421
1232	421
1232	420
1230	420
1230	421
1225	421
1225	423
1219	423
1219	424
1217	424
1217	425
1215	425
1215	426
1210	426
1210	425
1209	425
1209	426
1207	426
1207	425
1205	425
1205	424
1201	424
1201	423
1198	423
1198	422
1196	422
1196	421
1194	421
1194	420
1192	420
1192	419
1189	419
1189	418
1185	418
1185	417
1179	417
1179	422
1178	422
1178	430
1177	430
1177	432
1179	432
1179	433
1178	433
1178	434
1179	434
1179	445
1178	445
1178	457
1179	457
1179	459
1178	459
1178	460
1179	460
1179	464
1178	464
1178	484
1177	484
1177	486
1175	486
1175	487
1171	487
1171	488
1170	488
1170	491
1169	491
1169	492
1168	492
1168	494
1167	494
1167	495
1166	495
1166	496
1165	496
1165	497
1164	497
1164	501
1162	501
1162	504
1161	504
1161	507
1160	507
1160	509
1159	509
1159	511
1158	511
1158	513
1157	513
1157	515
1156	515
1156	516
1157	516
1157	517
1154	517
1154	519
1153	519
1153	520
1152	520
1152	521
1151	521
1151	522
1150	522
1150	523
1149	523
1149	525
1147	525
1147	526
1146	526
1146	527
1145	527
1145	528
1144	528
1144	529
1143	529
1143	530
1142	530
1142	531
1140	531
1140	532
1139	532
1139	534
1137	534
1137	536
1135	536
1135	537
1134	537
1134	538
1133	538
1133	539
1130	539
1130	541
1129	541
1129	542
1126	542
1126	543
1125	543
1125	544
1124	544
1124	543
1123	543
1123	544
1122	544
1122	545
1121	545
1121	546
1120	546
1120	547
1118	547
1118	548
1117	548
1117	547
1116	547
1116	548
1114	548
1114	549
1112	549
1112	550
1108	550
1108	551
1104	551
1104	550
1103	550
1103	551
1092	551
1092	552
1088	552
1088	551
1066	551
1066	550
1064	550
1064	548
1063	548
1063	546
1062	546
1062	544
1061	544
1061	542
1060	542
1060	540
1059	540
1059	539
1057	539
1057	538
1056	538
1056	536
1054	536
1054	535
1051	535
1051	534
1050	534
1050	533
1046	533
1046	532
1045	532
1045	531
1040	531
1040	530
1033	530
1033	531
1028	531
1028	532
1027	532
1027	531
1025	531
1025	532
1021	532
1021	533
1018	533
1018	532
1017	532
1017	533
1015	533
1015	534
1014	534
1014	535
1012	535
1012	537
1008	537
1008	539
1007	539
1007	540
1003	540
1003	541
1001	541
1001	542
998	542
998	543
994	543
994	544
991	544
991	545
990	545
990	546
982	546
982	545
979	545
979	544
978	544
978	543
975	543
975	542
974	542
974	541
973	541
973	540
971	540
971	538
970	538
970	536
969	536
969	535
968	535
968	533
966	533
966	530
967	530
967	529
966	529
966	527
964	527
964	526
963	526
963	525
962	525
962	523
961	523
961	522
960	522
960	521
959	521
959	520
957	520
957	519
956	519
956	518
955	518
955	517
953	517
953	516
952	516
952	515
950	515
950	514
949	514
949	513
948	513
948	512
946	512
946	511
945	511
945	510
943	510
943	509
942	509
942	508
941	508
941	507
939	507
939	506
937	506
937	505
935	505
935	504
933	504
933	503
929	503
929	502
927	502
927	501
925	501
925	500
924	500
924	493
925	493
925	492
924	492
924	487
925	487
925	486
926	486
926	485
924	485
924	486
922	486
922	483
923	483
923	479
922	479
922	473
921	473
921	472
920	472
920	471
921	471
921	470
920	470
920	468
919	468
919	467
918	467
918	464
917	464
917	463
916	463
916	462
915	462
915	461
914	461
914	459
913	459
913	458
911	458
911	457
910	457
910	456
906	456
906	455
905	455
905	454
904	454
904	455
901	455
901	454
899	454
899	453
892	453
892	452
891	452
891	453
890	453
890	452
888	452
888	454
886	454
886	456
885	456
885	457
883	457
883	458
882	458
882	459
883	459
883	458
885	458
885	457
887	457
887	458
886	458
886	459
885	459
885	460
884	460
884	461
883	461
883	463
882	463
882	465
881	465
881	467
879	467
879	468
878	468
878	469
877	469
877	470
876	470
876	471
874	471
874	475
872	475
872	476
871	476
871	478
870	478
870	481
869	481
869	482
868	482
868	485
867	485
867	489
866	489
866	492
865	492
865	495
864	495
864	496
863	496
863	498
862	498
862	499
861	499
861	501
860	501
860	502
859	502
859	505
858	505
858	507
857	507
857	511
856	511
856	514
855	514
855	516
854	516
854	518
853	518
853	522
852	522
852	525
851	525
851	533
850	533
850	536
849	536
849	539
850	539
850	540
849	540
849	544
850	544
850	546
851	546
851	555
850	555
850	557
848	557
848	558
844	558
844	557
843	557
843	562
842	562
842	564
841	564
841	568
840	568
840	570
839	570
839	571
836	571
836	570
834	570
834	571
831	571
831	572
827	572
827	573
824	573
824	574
823	574
823	575
821	575
821	576
820	576
820	577
818	577
818	578
817	578
817	579
816	579
816	580
815	580
815	581
814	581
814	582
813	582
813	584
812	584
812	585
811	585
811	586
810	586
810	587
809	587
809	589
807	589
807	590
806	590
806	589
802	589
802	588
800	588
800	587
798	587
798	586
794	586
794	587
792	587
792	586
790	586
790	587
786	587
786	588
784	588
784	587
780	587
780	586
775	586
775	585
773	585
773	586
771	586
771	585
763	585
763	586
760	586
760	587
756	587
756	588
753	588
753	589
752	589
752	588
751	588
751	589
748	589
748	590
744	590
744	591
742	591
742	592
741	592
741	594
740	594
740	595
739	595
739	596
733	596
733	597
732	597
732	596
730	596
730	597
728	597
728	596
725	596
725	595
720	595
720	594
718	594
718	592
717	592
717	590
716	590
716	588
715	588
715	586
714	586
714	584
713	584
713	583
712	583
712	582
711	582
711	580
710	580
710	578
708	578
708	577
707	577
707	576
706	576
706	575
704	575
704	573
702	573
702	571
701	571
701	569
700	569
700	568
698	568
698	566
697	566
697	565
695	565
695	564
694	564
694	563
693	563
693	562
692	562
692	560
690	560
690	558
689	558
689	556
687	556
687	555
686	555
686	554
685	554
685	553
684	553
684	551
681	551
681	550
680	550
680	549
678	549
678	548
676	548
676	547
675	547
675	546
674	546
674	543
673	543
673	541
674	541
674	529
673	529
673	528
674	528
674	523
673	523
673	522
674	522
674	521
673	521
673	515
672	515
672	513
671	513
671	511
670	511
670	508
669	508
669	507
668	507
668	505
667	505
667	503
666	503
666	493
667	493
667	492
666	492
666	491
667	491
667	488
668	488
668	483
669	483
669	479
670	479
670	478
669	478
669	475
668	475
668	473
667	473
667	471
666	471
666	470
665	470
665	467
664	467
664	466
663	466
663	464
662	464
662	463
661	463
661	462
660	462
660	461
659	461
659	459
658	459
658	458
657	458
657	457
656	457
656	455
654	455
654	454
653	454
653	453
652	453
652	450
650	450
650	448
648	448
648	447
646	447
646	446
645	446
645	445
642	445
642	444
639	444
639	443
637	443
637	442
632	442
632	441
628	441
628	442
626	442
626	443
625	443
625	444
624	444
624	446
622	446
622	447
621	447
621	449
619	449
619	451
617	451
617	452
616	452
616	454
614	454
614	455
613	455
613	456
611	456
611	457
612	457
612	459
613	459
613	462
611	462
611	463
610	463
610	465
609	465
609	467
608	467
608	470
607	470
607	474
606	474
606	477
605	477
605	480
606	480
606	482
605	482
605	485
604	485
604	489
605	489
605	490
604	490
604	492
605	492
605	496
604	496
604	502
603	502
603	506
605	506
605	508
606	508
606	511
607	511
607	510
608	510
608	508
610	508
610	506
609	506
609	504
610	504
610	499
611	499
611	491
612	491
612	487
611	487
611	486
612	486
612	485
611	485
611	480
613	480
613	479
612	479
612	475
613	475
613	473
614	473
614	469
615	469
615	468
616	468
616	467
617	467
617	466
618	466
618	465
619	465
619	464
621	464
621	463
622	463
622	462
624	462
624	460
625	460
625	457
626	457
626	455
625	455
625	454
623	454
623	453
624	453
624	452
625	452
625	451
626	451
626	450
627	450
627	449
629	449
629	448
633	448
633	449
635	449
635	450
636	450
636	451
639	451
639	452
642	452
642	453
644	453
644	454
646	454
646	455
647	455
647	456
648	456
648	458
649	458
649	459
650	459
650	461
651	461
651	462
652	462
652	463
651	463
651	464
652	464
652	463
653	463
653	464
654	464
654	466
655	466
655	468
656	468
656	470
657	470
657	471
659	471
659	473
660	473
660	474
661	474
661	477
662	477
662	480
663	480
663	481
662	481
662	482
663	482
663	495
662	495
662	498
661	498
661	500
659	500
659	504
660	504
660	506
661	506
661	508
662	508
662	509
663	509
663	510
664	510
664	512
665	512
665	514
666	514
666	517
667	517
667	523
668	523
668	526
667	526
667	528
668	528
668	529
667	529
667	534
668	534
668	537
667	537
667	539
668	539
668	544
667	544
667	546
668	546
668	550
670	550
670	551
671	551
671	552
672	552
672	553
674	553
674	554
675	554
675	555
677	555
677	556
678	556
