3110	165
3118	165
3118	164
3119	164
3119	163
3120	163
3120	162
3121	162
3121	141
3122	141
3122	140
3123	140
3123	138
3124	138
3124	130
3125	130
3125	127
3126	127
3126	126
3127	126
3127	125
3128	125
3128	123
3129	123
3129	122
3130	122
3130	121
3131	121
3131	120
3132	120
3132	117
3133	117
3133	114
3134	114
3134	111
3135	111
3135	110
3136	110
3136	108
3137	108
3137	107
3138	107
3138	106
3139	106
3139	105
3140	105
3140	104
3141	104
3141	103
3145	103
3145	104
3146	104
3146	105
3147	105
3147	109
3146	109
3146	110
3145	110
3145	111
3144	111
3144	113
3143	113
3143	114
3142	114
3142	118
3141	118
3141	120
3140	120
3140	123
3139	123
3139	124
3138	124
3138	125
3137	125
3137	126
3136	126
3136	127
3137	127
3137	126
3138	126
3138	125
3139	125
3139	124
3140	124
3140	123
3141	123
3141	120
3142	120
3142	119
3143	119
3143	118
3144	118
3144	117
3149	117
3149	118
3150	118
3150	119
3151	119
3151	123
3150	123
3150	124
3149	124
3149	126
3148	126
3148	127
3147	127
3147	128
3146	128
3146	129
3145	129
3145	130
3144	130
3144	131
3143	131
3143	133
3142	133
3142	134
3141	134
3141	135
3138	135
3138	136
3136	136
3136	137
3134	137
3134	138
3133	138
3133	139
3132	139
3132	141
3131	141
3131	144
3130	144
3130	145
3129	145
3129	165
3128	165
3128	166
3127	166
3127	167
3126	167
3126	170
3125	170
3125	171
3124	171
3124	172
3123	172
3123	173
3107	173
3107	172
3096	172
3096	171
3095	171
3095	170
3082	170
3082	169
3081	169
3081	168
3074	168
3074	167
3073	167
3073	166
3061	166
3061	167
3055	167
3055	168
3052	168
3052	169
3050	169
3050	170
3049	170
3049	171
3046	171
3046	172
3043	172
3043	173
3037	173
3037	174
3029	174
3029	175
3028	175
3028	176
3027	176
3027	196
3028	196
3028	197
3029	197
3029	199
3030	199
3030	233
3029	233
3029	238
3028	238
3028	239
3027	239
3027	264
3026	264
3026	265
3025	265
3025	271
3024	271
3024	273
3023	273
3023	275
3022	275
3022	277
3021	277
3021	278
3020	278
3020	280
3019	280
3019	285
3018	285
3018	289
3017	289
3017	290
3016	290
3016	291
3015	291
3015	292
3009	292
3009	293
3008	293
3008	294
3005	294
3005	295
3001	295
3001	296
2998	296
2998	297
2997	297
2997	298
2996	298
2996	299
2991	299
2991	300
2990	300
2990	301
2989	301
2989	302
2988	302
2988	303
2987	303
2987	304
2971	304
2971	303
2970	303
2970	312
2969	312
2969	316
2968	316
2968	320
2967	320
2967	321
2966	321
2966	323
2965	323
2965	324
2964	324
2964	325
2963	325
2963	328
2962	328
2962	331
2961	331
2961	334
2960	334
2960	336
2959	336
2959	337
2958	337
2958	340
2957	340
2957	341
2956	341
2956	343
2955	343
2955	346
2954	346
2954	347
2953	347
2953	350
2952	350
2952	352
2951	352
2951	357
2950	357
2950	361
2949	361
2949	366
2948	366
2948	367
2947	367
2947	368
2946	368
2946	370
2945	370
2945	371
2944	371
2944	373
2943	373
2943	374
2942	374
2942	376
2941	376
2941	377
2940	377
2940	378
2938	378
2938	380
2937	380
2937	381
2936	381
2936	382
2920	382
2920	393
2919	393
2919	394
2918	394
2918	395
2915	395
2915	396
2909	396
2909	397
2908	397
2908	398
2900	398
2900	399
2899	399
2899	400
2892	400
2892	401
2891	401
2891	402
2884	402
2884	403
2881	403
2881	404
2880	404
2880	405
2874	405
2874	406
2870	406
2870	408
2869	408
2869	409
2868	409
2868	410
2865	410
2865	411
2861	411
2861	412
2860	412
2860	413
2856	413
2856	414
2852	414
2852	415
2805	415
2805	414
2796	414
2796	413
2785	413
2785	412
2784	412
2784	411
2783	411
2783	410
2764	410
2764	411
2756	411
2756	412
2754	412
2754	413
2753	413
2753	414
2751	414
2751	415
2743	415
2743	416
2740	416
2740	417
2739	417
2739	418
2729	418
2729	419
2727	419
2727	420
2726	420
2726	421
2721	421
2721	422
2711	422
2711	423
2709	423
2709	424
2707	424
2707	425
2702	425
2702	426
2690	426
2690	427
2688	427
2688	428
2684	428
2684	429
2682	429
2682	430
2681	430
2681	431
2677	431
2677	432
2676	432
2676	433
2669	433
2669	434
2668	434
2668	435
2656	435
2656	434
2655	434
2655	433
2653	433
2653	432
2650	432
2650	431
2649	431
2649	430
2648	430
2648	429
2647	429
2647	421
2646	421
2646	420
2645	420
2645	432
2644	432
2644	434
2643	434
2643	435
2642	435
2642	436
2641	436
2641	438
2640	438
2640	440
2639	440
2639	441
2638	441
2638	449
2639	449
2639	453
2640	453
2640	458
2641	458
2641	510
2642	510
2642	515
2643	515
2643	516
2644	516
2644	543
2643	543
2643	550
2642	550
2642	551
2641	551
2641	552
2640	552
2640	553
2639	553
2639	554
2638	554
2638	556
2637	556
2637	557
2636	557
2636	558
2635	558
2635	559
2634	559
2634	562
2633	562
2633	570
2632	570
2632	571
2631	571
2631	575
2630	575
2630	577
2629	577
2629	578
2628	578
2628	579
2609	579
2609	578
2608	578
2608	577
2607	577
2607	576
2606	576
2606	575
2605	575
2605	571
2604	571
2604	569
2603	569
2603	566
2602	566
2602	565
2597	565
2597	564
2596	564
2596	563
2595	563
2595	562
2594	562
2594	561
2593	561
2593	560
2592	560
2592	559
2590	559
2590	558
2589	558
2589	557
2588	557
2588	555
2587	555
2587	554
2586	554
2586	552
2585	552
2585	551
2584	551
2584	549
2583	549
2583	548
2582	548
2582	547
2578	547
2578	546
2577	546
2577	545
2575	545
2575	544
2574	544
2574	543
2572	543
2572	542
2571	542
2571	541
2570	541
2570	540
2569	540
2569	538
2568	538
2568	537
2557	537
2557	536
2553	536
2553	535
2547	535
2547	534
2546	534
2546	533
2545	533
2545	532
2544	532
2544	531
2543	531
2543	530
2542	530
2542	529
2541	529
2541	528
2540	528
2540	527
2539	527
2539	526
2538	526
2538	525
2537	525
2537	524
2535	524
2535	523
2533	523
2533	522
2529	522
2529	523
2523	523
2523	524
2522	524
2522	525
2519	525
2519	526
2518	526
2518	532
2517	532
2517	533
2516	533
2516	535
2515	535
2515	536
2514	536
2514	537
2513	537
2513	538
2512	538
2512	539
2511	539
2511	540
2493	540
2493	539
2492	539
2492	538
2490	538
2490	537
2489	537
2489	536
2487	536
2487	535
2486	535
2486	534
2485	534
2485	533
2484	533
2484	532
2483	532
2483	531
2482	531
2482	530
2481	530
2481	529
2480	529
2480	528
2479	528
2479	527
2478	527
2478	526
2477	526
2477	525
2476	525
2476	524
2475	524
2475	523
2474	523
2474	522
2473	522
2473	521
2472	521
2472	520
2471	520
2471	519
2451	519
2451	518
2450	518
2450	517
2445	517
2445	516
2439	516
2439	515
2437	515
2437	514
2432	514
2432	513
2431	513
2431	512
2423	512
2423	511
2418	511
2418	510
2417	510
2417	509
2416	509
2416	508
2415	508
2415	507
2414	507
2414	506
2413	506
2413	504
2412	504
2412	503
2398	503
2398	504
2397	504
2397	505
2396	505
2396	506
2395	506
2395	507
2394	507
2394	508
2393	508
2393	509
2391	509
2391	511
2390	511
2390	513
2389	513
2389	514
2388	514
2388	515
2387	515
2387	516
2386	516
2386	519
2385	519
2385	523
2384	523
2384	635
2383	635
2383	636
2382	636
2382	640
2381	640
2381	641
2380	641
2380	651
2379	651
2379	654
2378	654
2378	655
2377	655
2377	661
2376	661
2376	669
2375	669
2375	671
2374	671
2374	673
2373	673
2373	674
2372	674
2372	675
2370	675
2370	676
2347	676
2347	675
2344	675
2344	674
2343	674
2343	673
2342	673
2342	670
2341	670
2341	669
2340	669
2340	653
2338	653
2338	652
2337	652
2337	651
2336	651
2336	650
2326	650
2326	651
2307	651
2307	652
2306	652
2306	653
2305	653
2305	654
2304	654
2304	655
2303	655
2303	656
2302	656
2302	657
2301	657
2301	658
2300	658
2300	659
2299	659
2299	660
2298	660
2298	661
2296	661
2296	662
2295	662
2295	663
2286	663
2286	664
2285	664
2285	665
2282	665
2282	666
2278	666
2278	667
2276	667
2276	668
2272	668
2272	669
2247	669
2247	668
2246	668
2246	667
2244	667
2244	666
2240	666
2240	665
2239	665
2239	664
2238	664
2238	662
2234	662
2234	661
2230	661
2230	660
2221	660
2221	659
2219	659
2219	658
2209	658
2209	657
2208	657
2208	656
2207	656
2207	655
2206	655
2206	653
2205	653
2205	651
2204	651
2204	639
2194	639
2194	640
2193	640
2193	641
2186	641
2186	642
2176	642
2176	643
2173	643
2173	644
2169	644
2169	645
2166	645
2166	646
2165	646
2165	647
2154	647
2154	646
2151	646
2151	645
2150	645
2150	644
2149	644
2149	643
2148	643
2148	642
2147	642
2147	641
2146	641
2146	640
2145	640
2145	637
2144	637
2144	635
2143	635
2143	633
2142	633
2142	617
2143	617
2143	616
2144	616
2144	615
2146	615
2146	613
2147	613
2147	608
2145	608
2145	607
2089	607
2089	608
2088	608
2088	609
2076	609
2076	610
2042	610
2042	611
2039	611
2039	621
2038	621
2038	663
2037	663
2037	664
2036	664
2036	668
2035	668
2035	673
2034	673
2034	674
2033	674
2033	676
2032	676
2032	677
2031	677
2031	678
2030	678
2030	688
2029	688
2029	693
2028	693
2028	694
2027	694
2027	695
2024	695
2024	696
2016	696
2016	697
2015	697
2015	698
2010	698
2010	699
2005	699
2005	700
1997	700
1997	701
1992	701
1992	702
1988	702
1988	704
1987	704
1987	705
1986	705
1986	706
1985	706
1985	707
1984	707
1984	755
1983	755
1983	758
1982	758
1982	763
1981	763
1981	764
1980	764
1980	765
1978	765
1978	766
1977	766
1977	767
1974	767
1974	768
1973	768
1973	770
1972	770
1972	771
1971	771
1971	772
1968	772
1968	773
1960	773
1960	772
1959	772
1959	771
1958	771
1958	770
1957	770
1957	769
1956	769
1956	768
1955	768
1955	766
1951	766
1951	767
1947	767
1947	769
1946	769
1946	770
1945	770
1945	771
1944	771
1944	772
1942	772
1942	773
1941	773
1941	776
1940	776
1940	779
1939	779
1939	780
1938	780
1938	781
1937	781
1937	782
1936	782
1936	783
1935	783
1935	784
1934	784
1934	785
1932	785
1932	786
1930	786
1930	789
1929	789
1929	790
1928	790
1928	792
1927	792
1927	794
1926	794
1926	795
1925	795
1925	796
1922	796
1922	797
1921	797
1921	798
1920	798
1920	799
1919	799
1919	804
1918	804
1918	808
1917	808
1917	809
1916	809
1916	810
1915	810
1915	811
1914	811
1914	812
1888	812
1888	811
1875	811
1875	810
1873	810
1873	809
1865	809
1865	808
1864	808
1864	807
1858	807
1858	806
1857	806
1857	805
1854	805
1854	804
1850	804
1850	805
1849	805
1849	808
1848	808
1848	809
1847	809
1847	810
1846	810
1846	815
1845	815
1845	816
1844	816
1844	817
1820	817
1820	816
1816	816
1816	815
1814	815
1814	814
1811	814
1811	813
1810	813
1810	812
1809	812
1809	811
1803	811
1803	810
1802	810
1802	809
1801	809
1801	805
1800	805
1800	803
1799	803
1799	802
1798	802
1798	798
1797	798
1797	797
1796	797
1796	795
1795	795
1795	791
1794	791
1794	790
1793	790
1793	787
1792	787
1792	786
1791	786
1791	785
1781	785
1781	784
1777	784
1777	783
1776	783
1776	782
1770	782
1770	781
1769	781
1769	780
1765	780
1765	779
1760	779
1760	778
1759	778
1759	777
1758	777
1758	776
1748	776
1748	775
1743	775
1743	776
1740	776
1740	777
1739	777
1739	778
1733	778
1733	779
1732	779
1732	780
1730	780
1730	781
1729	781
1729	782
1726	782
1726	783
1725	783
1725	784
1724	784
1724	785
1722	785
1722	786
1706	786
1706	785
1705	785
1705	784
1704	784
1704	778
1698	778
1698	777
1696	777
1696	776
1695	776
1695	775
1694	775
1694	774
1691	774
1691	773
1690	773
1690	772
1687	772
1687	771
1686	771
1686	770
1684	770
1684	769
1683	769
1683	768
1682	768
1682	767
1681	767
1681	766
1680	766
1680	765
1679	765
1679	762
1678	762
1678	761
1677	761
1677	760
1676	760
1676	759
1675	759
1675	758
1674	758
1674	757
1673	757
1673	756
1672	756
1672	755
1671	755
1671	753
1670	753
1670	752
1669	752
1669	751
1668	751
1668	749
1667	749
1667	748
1666	748
1666	746
1665	746
1665	744
1664	744
1664	743
1663	743
1663	742
1661	742
1661	741
1660	741
1660	740
1659	740
1659	739
1658	739
1658	738
1657	738
1657	737
1656	737
1656	735
1655	735
1655	734
1654	734
1654	733
1653	733
1653	732
1652	732
1652	731
1651	731
1651	728
1650	728
1650	725
1647	725
1647	724
1646	724
1646	723
1645	723
1645	722
1644	722
1644	721
1643	721
1643	720
1642	720
1642	719
1635	719
1635	718
1631	718
1631	717
1630	717
1630	716
1625	716
1625	715
1622	715
1622	714
1621	714
1621	713
1620	713
1620	712
1619	712
1619	711
1618	711
1618	710
1617	710
1617	709
1616	709
1616	708
1614	708
1614	707
1613	707
1613	706
1609	706
1609	705
1608	705
1608	704
1606	704
1606	703
1588	703
1588	702
1587	702
1587	701
1581	701
1581	700
1580	700
1580	699
1577	699
1577	698
1576	698
1576	697
1575	697
1575	696
1574	696
1574	695
1573	695
1573	694
1572	694
1572	693
1571	693
1571	692
1570	692
1570	691
1569	691
1569	669
1568	669
1568	668
1567	668
1567	667
1566	667
1566	668
1562	668
1562	667
1560	667
1560	666
1558	666
1558	665
1557	665
1557	664
1556	664
1556	663
1550	663
1550	662
1547	662
1547	661
1536	661
1536	662
1535	662
1535	663
1529	663
1529	664
1528	664
1528	665
1526	665
1526	691
1525	691
1525	694
1524	694
1524	695
1523	695
1523	696
1522	696
1522	697
1520	697
1520	698
1518	698
1518	699
1517	699
1517	700
1516	700
1516	701
1514	701
1514	702
1511	702
1511	703
1509	703
1509	704
1503	704
1503	705
1502	705
1502	706
1500	706
1500	707
1499	707
1499	708
1498	708
1498	709
1497	709
1497	712
1496	712
1496	713
1495	713
1495	716
1494	716
1494	717
1493	717
1493	720
1492	720
1492	723
1491	723
1491	724
1490	724
1490	742
1489	742
1489	744
1488	744
1488	746
1487	746
1487	748
1486	748
1486	750
1485	750
1485	751
1484	751
1484	752
1482	752
1482	753
1475	753
1475	752
1474	752
1474	751
1471	751
1471	750
1468	750
1468	749
1465	749
1465	748
1464	748
1464	747
1463	747
1463	746
1462	746
1462	745
1460	745
1460	744
1459	744
1459	743
1458	743
1458	741
1457	741
1457	740
1456	740
1456	739
1455	739
1455	738
1453	738
1453	737
1452	737
1452	736
1444	736
1444	735
1443	735
1443	734
1442	734
1442	733
1441	733
1441	732
1434	732
1434	731
1428	731
1428	730
1425	730
1425	729
1423	729
1423	728
1422	728
1422	727
1419	727
1419	726
1418	726
1418	725
1417	725
1417	724
1416	724
1416	723
1413	723
1413	722
1412	722
1412	721
1411	721
1411	718
1410	718
1410	717
1409	717
1409	716
1396	716
1396	717
1395	717
1395	718
1394	718
1394	721
1393	721
1393	722
1392	722
1392	727
1391	727
1391	729
1390	729
1390	730
1389	730
1389	731
1388	731
1388	735
1387	735
1387	736
1386	736
1386	737
1385	737
1385	738
1383	738
1383	739
1382	739
1382	740
1381	740
1381	741
1380	741
1380	742
1379	742
1379	743
1378	743
1378	744
1376	744
1376	745
1375	745
1375	746
1373	746
1373	747
1372	747
1372	748
1371	748
1371	749
1370	749
1370	750
1369	750
1369	751
1368	751
1368	752
1367	752
1367	753
1366	753
1366	754
1365	754
1365	755
1364	755
1364	756
1360	756
1360	757
1359	757
1359	758
1358	758
1358	759
1354	759
1354	760
1349	760
1349	761
1345	761
1345	762
1344	762
1344	763
1340	763
1340	764
1338	764
1338	765
1335	765
1335	766
1333	766
1333	767
1324	767
1324	768
1321	768
1321	769
1319	769
1319	770
1310	770
1310	771
1308	771
1308	772
1307	772
1307	773
1298	773
1298	774
1296	774
1296	775
1295	775
1295	776
1292	776
1292	777
1289	777
1289	778
1281	778
1281	779
1280	779
1280	780
1279	780
1279	781
1278	781
1278	782
1268	782
1268	783
1258	783
1258	784
1255	784
1255	785
1253	785
1253	786
1250	786
1250	787
1249	787
1249	788
1246	788
1246	789
1241	789
1241	790
1235	790
1235	791
1234	791
1234	792
1233	792
1233	793
1232	793
1232	794
1229	794
1229	795
1228	795
1228	796
1220	796
1220	795
1219	795
1219	794
1218	794
1218	793
1217	793
1217	777
1216	777
1216	772
1215	772
1215	769
1214	769
1214	768
1213	768
1213	766
1212	766
1212	765
1211	765
1211	764
1210	764
1210	761
1209	761
1209	757
1208	757
1208	756
1207	756
1207	754
1206	754
1206	752
1193	752
1193	753
1189	753
1189	754
1174	754
1174	753
1172	753
1172	752
1171	752
1171	751
1170	751
1170	747
1169	747
1169	735
1168	735
1168	706
1169	706
1169	705
1170	705
1170	702
1171	702
1171	701
1172	701
1172	687
1173	687
1173	685
1174	685
1174	680
1175	680
1175	679
1176	679
1176	677
1177	677
1177	674
1178	674
1178	673
1179	673
1179	672
1180	672
1180	656
1179	656
1179	655
1178	655
1178	645
1177	645
1177	639
1176	639
1176	638
1175	638
1175	637
1174	637
1174	636
1171	636
1171	635
1170	635
1170	634
1169	634
1169	633
1168	633
1168	632
1167	632
1167	631
1153	631
1153	632
1152	632
1152	633
1144	633
1144	634
1143	634
1143	635
1141	635
1141	636
1140	636
1140	637
1139	637
1139	638
1137	638
1137	639
1136	639
1136	640
1135	640
1135	641
1132	641
1132	642
1131	642
1131	645
1130	645
1130	646
1129	646
1129	651
1128	651
1128	652
1127	652
1127	653
1126	653
1126	654
1125	654
1125	655
1122	655
1122	656
1103	656
1103	655
1099	655
1099	654
1093	654
1093	653
1092	653
1092	652
1089	652
1089	651
1087	651
1087	650
1086	650
1086	649
1085	649
1085	648
1084	648
1084	647
1082	647
1082	646
1081	646
1081	645
1080	645
1080	644
1079	644
1079	643
1078	643
1078	642
1077	642
1077	639
1076	639
1076	638
1075	638
1075	637
1074	637
1074	636
1073	636
1073	635
1071	635
1071	634
1070	634
1070	633
1060	633
1060	632
1057	632
1057	631
1056	631
1056	630
1055	630
1055	629
1054	629
1054	628
1051	628
1051	627
1050	627
1050	626
1049	626
1049	625
1048	625
1048	624
1046	624
1046	623
1044	623
1044	622
1041	622
1041	621
1040	621
1040	620
1038	620
1038	619
1035	619
1035	618
1034	618
1034	617
1033	617
1033	616
1031	616
1031	615
1030	615
1030	614
1029	614
1029	613
1028	613
1028	611
1027	611
1027	609
1025	609
1025	608
1024	608
1024	607
1014	607
1014	608
1013	608
1013	611
1012	611
1012	614
1011	614
1011	615
1010	615
1010	617
1009	617
1009	624
1008	624
1008	625
1007	625
1007	628
1006	628
1006	637
1005	637
1005	641
1004	641
1004	642
1003	642
1003	650
1002	650
1002	670
1001	670
1001	671
1000	671
1000	672
999	672
999	673
998	673
998	674
997	674
997	675
996	675
996	676
994	676
994	677
993	677
993	683
992	683
992	684
991	684
991	686
990	686
990	688
989	688
989	689
988	689
988	691
987	691
987	692
986	692
986	693
985	693
985	694
984	694
984	695
983	695
983	696
982	696
982	697
981	697
981	698
980	698
980	699
978	699
978	700
958	700
958	701
957	701
957	702
956	702
956	703
955	703
955	704
954	704
954	705
953	705
953	707
952	707
952	708
951	708
951	709
950	709
950	710
948	710
948	711
932	711
932	710
931	710
931	709
929	709
929	708
928	708
928	707
927	707
927	706
926	706
926	705
925	705
925	702
924	702
924	696
923	696
923	694
922	694
922	690
921	690
921	689
920	689
920	686
919	686
919	680
902	680
902	679
901	679
901	678
900	678
900	677
899	677
899	676
898	676
898	675
897	675
897	673
891	673
891	672
888	672
888	671
887	671
887	670
886	670
886	669
885	669
885	668
884	668
884	667
883	667
883	666
881	666
881	665
880	665
880	664
879	664
879	660
878	660
878	658
877	658
877	657
876	657
876	652
875	652
875	651
874	651
874	648
873	648
873	647
872	647
872	646
871	646
871	644
870	644
870	643
869	643
869	642
868	642
868	641
867	641
867	640
866	640
866	638
865	638
865	636
864	636
864	634
863	634
863	633
862	633
862	630
861	630
861	629
860	629
860	623
859	623
859	617
858	617
858	616
857	616
857	613
856	613
856	612
855	612
855	611
854	611
854	610
853	610
853	609
852	609
852	605
851	605
851	604
850	604
850	603
849	603
849	602
846	602
846	601
841	601
841	600
840	600
840	599
839	599
839	598
831	598
831	597
830	597
830	596
829	596
829	595
826	595
826	594
825	594
825	593
824	593
824	592
823	592
823	591
822	591
822	590
821	590
821	589
820	589
820	571
819	571
819	570
818	570
818	567
817	567
817	565
816	565
816	564
815	564
815	562
814	562
814	561
813	561
813	560
812	560
812	559
811	559
811	558
810	558
810	557
809	557
809	554
808	554
808	553
807	553
807	549
806	549
806	548
775	548
775	547
772	547
772	546
771	546
771	545
770	545
770	544
769	544
769	543
768	543
768	542
767	542
767	541
766	541
766	540
757	540
757	541
751	541
751	542
724	542
724	543
723	543
723	544
722	544
722	545
719	545
719	546
718	546
718	547
717	547
717	548
714	548
714	549
713	549
713	550
700	550
700	549
699	549
699	548
698	548
698	545
697	545
697	544
696	544
696	542
695	542
695	541
694	541
694	540
691	540
691	539
690	539
690	538
689	538
689	537
688	537
688	536
687	536
687	535
685	535
685	534
684	534
684	533
683	533
683	531
682	531
682	530
681	530
681	529
680	529
680	528
677	528
677	527
664	527
664	528
662	528
662	531
661	531
661	532
660	532
660	535
659	535
659	537
658	537
658	538
657	538
657	539
656	539
656	542
655	542
655	543
654	543
654	568
653	568
653	570
652	570
652	571
651	571
651	572
649	572
649	573
647	573
647	574
646	574
646	575
644	575
644	576
641	576
641	577
637	577
637	578
634	578
634	579
631	579
631	580
628	580
628	581
626	581
626	582
625	582
625	583
624	583
624	584
623	584
623	585
622	585
622	586
621	586
621	587
620	587
620	588
619	588
619	589
616	589
616	590
609	590
609	608
608	608
608	609
607	609
607	610
606	610
606	611
604	611
604	612
603	612
603	613
602	613
602	614
601	614
601	615
600	615
600	616
593	616
593	617
592	617
592	618
586	618
586	617
585	617
585	616
584	616
584	615
582	615
582	614
581	614
581	613
578	613
578	612
577	612
577	611
576	611
576	610
575	610
575	609
574	609
574	608
573	608
573	607
572	607
572	606
571	606
571	605
569	605
569	604
567	604
567	603
564	603
564	602
563	602
563	601
562	601
562	600
558	600
558	599
555	599
555	598
552	598
552	597
550	597
550	596
549	596
549	595
548	595
548	594
547	594
547	593
546	593
546	592
545	592
545	591
544	591
544	590
542	590
542	589
541	589
541	588
538	588
538	587
536	587
536	586
535	586
535	585
534	585
534	584
533	584
533	583
532	583
532	582
529	582
529	581
511	581
511	580
510	580
510	579
509	579
509	578
508	578
508	580
507	580
507	581
506	581
506	582
502	582
502	581
501	581
501	580
500	580
500	556
501	556
501	555
502	555
502	545
503	545
503	539
504	539
504	530
503	530
503	529
502	529
502	523
501	523
501	489
502	489
502	455
503	455
503	454
504	454
504	451
505	451
505	450
506	450
506	448
507	448
507	444
508	444
508	441
509	441
509	385
508	385
508	384
507	384
507	383
492	383
492	384
489	384
489	385
486	385
486	386
485	386
485	387
484	387
484	388
483	388
483	389
482	389
482	390
481	390
481	391
480	391
480	392
479	392
479	393
478	393
478	394
477	394
477	395
475	395
475	396
474	396
474	397
473	397
473	398
470	398
470	399
469	399
469	400
467	400
467	401
463	401
463	402
450	402
450	403
446	403
446	404
439	404
439	405
435	405
435	406
434	406
434	407
433	407
433	408
432	408
432	409
431	409
431	410
430	410
430	411
428	411
428	412
409	412
409	411
408	411
408	410
407	410
407	409
405	409
405	408
404	408
404	407
403	407
403	405
402	405
402	404
395	404
395	403
387	403
387	402
382	402
382	401
381	401
381	400
380	400
380	397
379	397
379	393
378	393
378	380
377	380
377	379
376	379
376	378
375	378
375	377
374	377
374	376
360	376
360	377
359	377
359	378
358	378
358	379
356	379
356	380
355	380
355	381
354	381
354	382
353	382
353	384
352	384
352	385
351	385
351	386
349	386
349	387
328	387
328	386
327	386
327	385
326	385
326	382
325	382
325	380
324	380
324	379
323	379
323	376
322	376
322	371
321	371
321	368
320	368
320	364
319	364
319	355
318	355
318	353
317	353
317	352
315	352
315	351
314	351
314	350
313	350
313	349
312	349
312	348
311	348
311	347
308	347
308	346
306	346
306	345
304	345
304	344
303	344
303	343
302	343
302	341
281	341
281	340
269	340
269	339
245	339
245	340
239	340
239	341
238	341
238	342
237	342
237	343
236	343
236	344
229	344
229	345
206	345
206	344
205	344
205	343
202	343
202	342
201	342
201	341
200	341
200	327
199	327
199	319
198	319
198	269
199	269
199	268
200	268
200	252
201	252
201	246
202	246
202	244
195	244
195	243
194	243
194	242
193	242
193	240
192	240
192	239
191	239
191	237
190	237
190	236
189	236
189	235
182	235
182	234
181	234
181	233
180	233
180	229
179	229
179	228
178	228
178	224
172	224
172	225
154	225
154	224
153	224
153	223
152	223
152	222
151	222
151	221
150	221
150	213
149	213
149	212
148	212
148	211
147	211
147	200
146	200
146	199
145	199
145	191
146	191
146	190
147	190
147	178
148	178
148	167
149	167
149	160
150	160
150	157
151	157
151	154
152	154
152	153
153	153
153	150
154	150
154	149
155	149
155	148
156	148
156	147
157	147
157	142
158	142
158	135
159	135
159	134
160	134
160	133
161	133
161	132
162	132
162	131
163	131
163	130
165	130
165	122
164	122
164	121
163	121
163	120
162	120
162	119
161	119
161	116
160	116
160	109
144	109
144	108
142	108
142	107
141	107
141	106
101	106
101	105
100	105
100	104
89	104
89	103
88	103
88	102
87	102
87	101
86	101
86	95
87	95
87	94
88	94
88	93
92	93
92	94
93	94
93	95
94	95
94	96
104	96
104	97
105	97
105	98
144	98
144	99
145	99
145	100
147	100
147	101
165	101
165	102
166	102
166	103
167	103
167	104
168	104
168	112
169	112
169	115
170	115
170	116
171	116
171	117
172	117
172	118
173	118
173	135
172	135
172	136
171	136
171	137
169	137
169	138
166	138
166	146
165	146
165	151
164	151
164	152
163	152
163	153
162	153
162	154
161	154
161	157
160	157
160	158
159	158
159	160
158	160
158	163
157	163
157	171
156	171
156	181
155	181
155	193
154	193
154	195
153	195
153	196
154	196
154	197
155	197
155	207
156	207
156	208
157	208
157	209
158	209
158	217
168	217
168	216
182	216
182	217
183	217
183	218
184	218
184	219
185	219
185	220
186	220
186	224
187	224
187	225
188	225
188	227
192	227
192	228
194	228
194	229
195	229
195	230
196	230
196	231
197	231
197	232
198	232
198	234
199	234
199	236
207	236
207	237
208	237
208	238
209	238
209	240
210	240
210	249
209	249
209	256
208	256
208	271
207	271
207	272
206	272
206	316
207	316
207	324
208	324
208	336
209	336
209	337
225	337
225	336
233	336
233	335
234	335
234	334
235	334
235	333
236	333
236	332
241	332
241	331
273	331
273	332
284	332
284	333
305	333
305	334
306	334
306	335
307	335
307	336
308	336
308	337
310	337
310	338
311	338
311	339
314	339
314	340
315	340
315	341
317	341
317	342
318	342
318	343
319	343
319	344
321	344
321	345
322	345
322	346
323	346
323	347
324	347
324	348
325	348
325	349
326	349
326	352
327	352
327	360
328	360
328	365
329	365
329	368
330	368
330	373
331	373
331	375
332	375
332	376
333	376
333	379
346	379
346	378
347	378
347	377
348	377
348	376
349	376
349	375
350	375
350	374
351	374
351	373
352	373
352	372
353	372
353	371
354	371
354	370
356	370
356	369
357	369
357	368
379	368
379	369
380	369
380	370
381	370
381	372
384	372
384	373
385	373
385	374
386	374
386	390
387	390
387	394
390	394
390	395
398	395
398	396
406	396
406	397
407	397
407	398
408	398
408	399
409	399
409	400
410	400
410	401
411	401
411	402
412	402
412	403
413	403
413	404
425	404
425	403
426	403
426	402
427	402
427	399
428	399
428	398
429	398
429	397
436	397
436	396
442	396
442	395
447	395
447	394
460	394
460	393
464	393
464	392
466	392
466	391
467	391
467	390
470	390
470	389
471	389
471	388
472	388
472	387
473	387
473	386
474	386
474	385
475	385
475	384
476	384
476	383
477	383
477	382
478	382
478	381
479	381
479	379
480	379
480	378
481	378
481	377
486	377
486	376
488	376
488	375
512	375
512	376
513	376
513	377
514	377
514	378
515	378
515	380
516	380
516	381
517	381
517	444
516	444
516	447
515	447
515	452
514	452
514	454
513	454
513	455
512	455
512	457
511	457
511	459
510	459
510	492
509	492
509	520
510	520
510	525
511	525
511	526
512	526
512	542
511	542
511	548
510	548
510	558
509	558
509	559
508	559
508	570
513	570
513	571
514	571
514	572
515	572
515	573
532	573
532	574
535	574
535	575
536	575
536	576
537	576
537	577
538	577
538	578
539	578
539	579
541	579
541	580
545	580
545	581
546	581
546	582
547	582
547	583
548	583
548	584
549	584
549	585
550	585
550	586
551	586
551	587
552	587
552	588
553	588
553	589
555	589
555	590
558	590
558	591
561	591
561	592
566	592
566	593
567	593
567	594
568	594
568	595
571	595
571	596
572	596
572	597
574	597
574	598
575	598
575	599
576	599
576	600
577	600
577	601
579	601
579	602
580	602
580	603
581	603
581	605
584	605
584	606
585	606
585	607
588	607
588	608
597	608
597	607
598	607
598	605
599	605
599	604
600	604
600	603
601	603
601	587
602	587
602	586
603	586
603	584
604	584
604	583
605	583
605	582
613	582
613	581
615	581
615	580
616	580
616	579
617	579
617	578
618	578
618	577
620	577
620	576
621	576
621	575
622	575
622	574
623	574
623	573
625	573
625	572
628	572
628	571
631	571
631	570
633	570
633	569
637	569
637	568
640	568
640	567
643	567
643	566
644	566
644	565
645	565
645	564
646	564
646	540
647	540
647	539
648	539
648	536
649	536
649	535
650	535
650	534
651	534
651	531
652	531
652	529
653	529
653	528
654	528
654	524
655	524
655	523
656	523
656	522
657	522
657	521
659	521
659	520
660	520
660	519
681	519
681	520
683	520
683	521
684	521
684	522
685	522
685	523
687	523
687	524
688	524
688	525
689	525
689	526
690	526
690	527
691	527
691	528
692	528
692	529
693	529
693	530
694	530
694	531
695	531
695	532
698	532
698	533
699	533
699	534
700	534
700	535
701	535
701	536
702	536
702	537
703	537
703	539
704	539
704	541
705	541
705	542
709	542
709	541
710	541
710	540
713	540
713	539
714	539
714	538
715	538
715	537
718	537
718	536
719	536
719	535
720	535
720	534
747	534
747	533
753	533
753	532
769	532
769	533
770	533
770	534
772	534
772	535
773	535
773	536
774	536
774	537
775	537
775	538
776	538
776	539
779	539
779	540
811	540
811	541
812	541
812	542
813	542
813	543
814	543
814	546
815	546
815	549
816	549
816	550
817	550
817	553
818	553
818	554
819	554
819	555
820	555
820	556
821	556
821	557
822	557
822	558
823	558
823	560
824	560
824	561
825	561
825	564
826	564
826	567
827	567
827	568
828	568
828	585
829	585
829	586
830	586
830	587
833	587
833	588
834	588
834	589
835	589
835	590
843	590
843	591
844	591
844	592
845	592
845	593
850	593
850	594
852	594
852	595
853	595
853	596
854	596
854	597
855	597
855	598
856	598
856	599
857	599
857	600
858	600
858	601
859	601
859	602
860	602
860	605
862	605
862	606
863	606
863	607
864	607
864	609
865	609
865	613
866	613
866	614
867	614
867	619
868	619
868	625
869	625
869	626
870	626
870	630
871	630
871	631
872	631
872	633
873	633
873	634
874	634
874	636
875	636
875	637
876	637
876	638
877	638
877	639
878	639
878	640
879	640
879	643
880	643
880	644
881	644
881	645
882	645
882	647
883	647
883	648
884	648
884	654
885	654
885	655
886	655
886	657
887	657
887	659
888	659
888	660
889	660
889	661
890	661
890	662
891	662
891	663
892	663
892	664
895	664
895	665
900	665
900	666
901	666
901	667
902	667
902	668
903	668
903	669
904	669
904	670
905	670
905	671
906	671
906	672
924	672
924	673
925	673
925	674
926	674
926	676
927	676
927	683
928	683
928	685
929	685
929	686
930	686
930	691
931	691
931	692
932	692
932	699
933	699
933	701
935	701
935	702
936	702
936	703
945	703
945	700
946	700
946	699
947	699
947	698
948	698
948	697
950	697
950	696
951	696
951	695
952	695
952	694
953	694
953	693
954	693
954	692
975	692
975	691
977	691
977	690
978	690
978	689
979	689
979	688
980	688
980	685
981	685
981	684
982	684
982	683
983	683
983	679
984	679
984	678
985	678
985	674
986	674
986	673
987	673
987	672
988	672
988	671
989	671
989	670
990	670
990	669
991	669
991	668
992	668
992	667
993	667
993	666
994	666
994	646
995	646
995	639
996	639
996	638
997	638
997	633
998	633
998	625
999	625
999	622
1000	622
1000	621
1001	621
1001	614
1002	614
1002	612
1003	612
1003	611
1004	611
1004	608
1005	608
1005	603
1006	603
1006	602
1007	602
1007	601
1008	601
1008	600
1011	600
1011	599
1028	599
1028	600
1029	600
1029	601
1030	601
1030	602
1031	602
1031	603
1032	603
1032	604
1033	604
1033	605
1034	605
1034	606
1035	606
1035	607
1036	607
1036	608
1037	608
1037	609
1038	609
1038	610
1039	610
1039	611
1042	611
1042	612
1044	612
1044	613
1045	613
1045	614
1048	614
1048	615
1049	615
1049	616
1052	616
1052	617
1053	617
1053	618
1054	618
1054	619
1055	619
1055	620
1058	620
1058	621
1059	621
1059	622
1060	622
1060	623
1061	623
1061	624
1063	624
1063	625
1074	625
1074	626
1075	626
1075	627
1078	627
1078	628
1079	628
1079	629
1080	629
1080	631
1081	631
1081	632
1082	632
1082	633
1083	633
1083	634
1084	634
1084	635
1085	635
1085	638
1086	638
1086	639
1087	639
1087	640
1088	640
1088	641
1089	641
1089	642
1090	642
1090	643
1092	643
1092	644
1095	644
1095	645
1097	645
1097	646
1102	646
1102	647
1106	647
1106	648
1119	648
1119	647
1121	647
1121	643
1122	643
1122	642
1123	642
1123	639
1124	639
1124	638
1125	638
1125	637
1126	637
1126	636
1127	636
1127	635
1128	635
1128	634
1129	634
1129	633
1131	633
1131	632
1132	632
1132	631
1133	631
1133	630
1135	630
1135	629
1136	629
1136	628
1138	628
1138	627
1139	627
1139	626
1141	626
1141	625
1148	625
1148	624
1149	624
1149	623
1171	623
1171	624
1173	624
1173	625
1174	625
1174	626
1175	626
1175	628
1177	628
1177	629
1179	629
1179	630
1180	630
1180	631
1182	631
1182	632
1183	632
1183	633
1184	633
1184	636
1185	636
1185	642
1186	642
1186	652
1187	652
1187	653
1188	653
1188	675
1187	675
1187	676
1186	676
1186	677
1185	677
1185	680
1184	680
1184	683
1183	683
1183	684
1182	684
1182	688
1181	688
1181	691
1180	691
1180	704
1179	704
1179	705
1178	705
1178	708
1177	708
1177	709
1176	709
1176	732
1177	732
1177	744
1178	744
1178	746
1186	746
1186	745
1190	745
1190	744
1211	744
1211	745
1212	745
1212	746
1213	746
1213	747
1214	747
1214	751
1215	751
1215	752
1216	752
1216	753
1217	753
1217	757
1218	757
1218	760
1219	760
1219	761
1220	761
1220	762
1221	762
1221	765
1222	765
1222	766
1223	766
1223	769
1224	769
1224	773
1225	773
1225	787
1226	787
1226	786
1229	786
1229	785
1230	785
1230	784
1231	784
1231	783
1232	783
1232	782
1238	782
1238	781
1243	781
1243	780
1246	780
1246	779
1247	779
1247	778
1250	778
1250	777
1252	777
1252	776
1254	776
1254	775
1264	775
1264	774
1275	774
1275	772
1276	772
1276	771
1277	771
1277	770
1286	770
1286	769
1288	769
1288	768
1291	768
1291	767
1293	767
1293	766
1294	766
1294	765
1303	765
1303	764
1304	764
1304	763
1307	763
1307	762
1316	762
1316	761
1318	761
1318	760
1320	760
1320	759
1330	759
1330	758
1332	758
1332	757
1335	757
1335	756
1336	756
1336	755
1341	755
1341	754
1342	754
1342	753
1346	753
1346	752
1350	752
1350	751
1354	751
1354	750
1355	750
1355	749
1356	749
1356	748
1361	748
1361	747
1362	747
1362	746
1363	746
1363	745
1364	745
1364	744
1365	744
1365	743
1366	743
1366	742
1367	742
1367	740
1368	740
1368	739
1369	739
1369	738
1372	738
1372	737
1373	737
1373	736
1374	736
1374	735
1375	735
1375	734
1376	734
1376	733
1377	733
1377	732
1378	732
1378	731
1379	731
1379	730
1380	730
1380	728
1381	728
1381	727
1382	727
1382	726
1383	726
1383	723
1384	723
1384	718
1385	718
1385	717
1386	717
1386	713
1387	713
1387	712
1388	712
1388	711
1389	711
1389	710
1390	710
1390	709
1391	709
1391	708
1412	708
1412	709
1413	709
1413	710
1414	710
1414	711
1415	711
1415	712
1416	712
1416	713
1417	713
1417	714
1418	714
1418	715
1419	715
1419	716
1420	716
1420	717
1421	717
1421	718
1422	718
1422	719
1425	719
1425	720
1426	720
1426	721
1428	721
1428	722
1432	722
1432	723
1438	723
1438	724
1445	724
1445	725
1446	725
1446	726
1447	726
1447	727
1448	727
1448	728
1455	728
1455	729
1457	729
1457	730
1458	730
1458	731
1460	731
1460	732
1461	732
1461	733
1462	733
1462	735
1464	735
1464	736
1465	736
1465	737
1466	737
1466	738
1467	738
1467	739
1468	739
1468	740
1469	740
1469	741
1471	741
1471	742
1474	742
1474	743
1477	743
1477	744
1478	744
1478	745
1479	745
1479	743
1480	743
1480	741
1481	741
1481	738
1482	738
1482	720
1483	720
1483	719
1484	719
1484	716
1485	716
1485	714
1486	714
1486	713
1487	713
1487	710
1488	710
1488	709
1489	709
1489	706
1490	706
1490	705
1491	705
1491	704
1492	704
1492	703
1493	703
1493	702
1494	702
1494	701
1495	701
1495	700
1496	700
1496	699
1497	699
1497	698
1499	698
1499	697
1500	697
1500	696
1506	696
1506	695
1508	695
1508	694
1511	694
1511	693
1512	693
1512	692
1513	692
1513	691
1514	691
1514	690
1517	690
1517	688
1518	688
1518	662
1519	662
1519	661
1520	661
1520	659
1521	659
1521	658
1522	658
1522	657
1525	657
1525	656
1526	656
1526	655
1532	655
1532	654
1533	654
1533	653
1550	653
1550	654
1553	654
1553	655
1561	655
1561	656
1562	656
1562	657
1571	657
1571	658
1572	658
1572	659
1573	659
1573	660
1574	660
1574	663
1575	663
1575	665
1576	665
1576	666
1577	666
1577	687
1578	687
1578	688
1579	688
1579	689
1580	689
1580	690
1581	690
1581	691
1584	691
1584	692
1585	692
1585	693
1590	693
1590	694
1591	694
1591	695
1610	695
1610	696
1611	696
1611	697
1612	697
1612	698
1617	698
1617	699
1618	699
1618	700
1619	700
1619	701
1620	701
1620	702
1622	702
1622	703
1623	703
1623	704
1624	704
1624	705
1625	705
1625	706
1626	706
1626	707
1629	707
1629	708
1633	708
1633	709
1634	709
1634	710
1638	710
1638	711
1645	711
1645	712
1646	712
1646	713
1648	713
1648	714
1649	714
1649	715
1650	715
1650	717
1653	717
1653	718
1654	718
1654	719
1655	719
1655	720
1656	720
1656	721
1657	721
1657	722
1658	722
1658	725
1659	725
1659	727
1660	727
1660	728
1661	728
1661	730
1662	730
1662	731
1663	731
1663	732
1664	732
1664	734
1666	734
1666	735
1668	735
1668	736
1669	736
1669	737
1670	737
1670	738
1671	738
1671	739
1672	739
1672	740
1673	740
1673	743
1674	743
1674	744
1675	744
1675	745
1676	745
1676	747
1677	747
1677	748
1678	748
1678	749
1679	749
1679	751
1680	751
1680	752
1681	752
1681	753
1682	753
1682	755
1683	755
1683	756
1685	756
1685	757
1686	757
1686	758
1687	758
1687	760
1688	760
1688	761
1689	761
1689	762
1690	762
1690	763
1691	763
1691	764
1694	764
1694	765
1695	765
1695	766
1697	766
1697	767
1699	767
1699	768
1700	768
1700	769
1702	769
1702	770
1708	770
1708	771
1709	771
1709	772
1710	772
1710	773
1711	773
1711	774
1712	774
1712	778
1719	778
1719	777
1720	777
1720	776
1721	776
1721	775
1722	775
1722	774
1725	774
1725	773
1726	773
1726	772
1729	772
1729	771
1730	771
1730	770
1736	770
1736	769
1737	769
1737	768
1740	768
1740	767
1751	767
1751	768
1762	768
1762	769
1763	769
1763	770
1764	770
1764	771
1768	771
1768	772
1772	772
1772	773
1773	773
1773	774
1779	774
1779	775
1780	775
1780	776
1784	776
1784	777
1796	777
1796	778
1797	778
1797	779
1798	779
1798	780
1799	780
1799	783
1800	783
1800	784
1801	784
1801	786
1802	786
1802	787
1803	787
1803	792
1804	792
1804	793
1805	793
1805	794
1806	794
1806	799
1807	799
1807	800
1808	800
1808	802
1809	802
1809	803
1813	803
1813	804
1814	804
1814	805
1815	805
1815	806
1818	806
1818	807
1819	807
1819	808
1823	808
1823	809
1838	809
1838	807
1839	807
1839	805
1840	805
1840	804
1841	804
1841	801
1842	801
1842	799
1843	799
1843	798
1844	798
1844	797
1846	797
1846	796
1857	796
1857	797
1861	797
1861	798
1862	798
1862	799
1867	799
1867	800
1868	800
1868	801
1876	801
1876	802
1878	802
1878	803
1891	803
1891	804
1910	804
1910	800
1911	800
1911	795
1912	795
1912	794
1913	794
1913	791
1914	791
1914	790
1915	790
1915	789
1918	789
1918	788
1920	788
1920	786
1921	786
1921	785
1922	785
1922	782
1923	782
1923	781
1924	781
1924	780
1925	780
1925	779
1926	779
1926	778
1929	778
1929	777
1930	777
1930	776
1931	776
1931	775
1932	775
1932	772
1933	772
1933	769
1934	769
1934	768
1935	768
1935	767
1936	767
1936	766
1937	766
1937	765
1938	765
1938	764
1939	764
1939	763
1940	763
1940	762
1941	762
1941	761
1942	761
1942	760
1943	760
1943	759
1947	759
1947	758
1959	758
1959	759
1960	759
1960	760
1961	760
1961	761
1962	761
1962	762
1963	762
1963	764
1964	764
1964	765
1965	765
1965	764
1967	764
1967	763
1968	763
1968	762
1969	762
1969	761
1970	761
1970	760
1971	760
1971	759
1973	759
1973	758
1974	758
1974	755
1975	755
1975	752
1976	752
1976	703
1977	703
1977	702
1978	702
1978	701
1979	701
1979	700
1980	700
1980	697
1981	697
1981	696
1982	696
1982	695
1985	695
1985	694
1989	694
1989	693
1994	693
1994	692
2001	692
2001	691
2006	691
2006	690
2011	690
2011	689
2012	689
2012	688
2020	688
2020	687
2021	687
2021	684
2022	684
2022	675
2023	675
2023	674
2024	674
2024	673
2025	673
2025	670
2026	670
2026	669
2027	669
2027	665
2028	665
2028	660
2029	660
2029	659
2030	659
2030	618
2031	618
2031	607
2032	607
2032	606
2033	606
2033	605
2034	605
2034	604
2036	604
2036	603
2038	603
2038	602
2072	602
2072	601
2085	601
2085	600
2086	600
2086	599
2148	599
2148	600
2152	600
2152	601
2153	601
2153	602
2154	602
2154	603
2155	603
2155	616
2154	616
2154	618
2153	618
2153	619
2152	619
2152	620
2151	620
2151	621
2150	621
2150	630
2151	630
2151	632
2152	632
2152	634
2153	634
2153	636
2154	636
2154	637
2155	637
2155	638
2157	638
2157	639
2161	639
2161	638
2162	638
2162	637
2165	637
2165	636
2170	636
2170	635
2173	635
2173	634
2183	634
2183	633
2189	633
2189	632
2190	632
2190	631
2200	631
2200	630
2210	630
2210	631
2211	631
2211	632
2212	632
2212	648
2213	648
2213	649
2214	649
2214	650
2222	650
2222	651
2224	651
2224	652
2233	652
2233	653
2238	653
2238	654
2241	654
2241	655
2242	655
2242	656
2244	656
2244	657
2245	657
2245	658
2247	658
2247	659
2249	659
2249	660
2250	660
2250	661
2269	661
2269	660
2273	660
2273	659
2274	659
2274	658
2279	658
2279	657
2282	657
2282	656
2283	656
2283	655
2291	655
2291	654
2292	654
2292	653
2295	653
2295	652
2296	652
2296	651
2297	651
2297	650
2298	650
2298	649
2299	649
2299	648
2300	648
2300	647
2301	647
2301	646
2302	646
2302	645
2303	645
2303	644
2304	644
2304	643
2322	643
2322	642
2340	642
2340	643
2341	643
2341	644
2342	644
2342	645
2345	645
2345	646
2346	646
2346	647
2347	647
2347	649
2348	649
2348	665
2349	665
2349	666
2350	666
2350	668
2367	668
2367	666
2368	666
2368	658
2369	658
2369	651
2370	651
2370	650
2371	650
2371	647
2372	647
2372	637
2373	637
2373	636
2374	636
2374	633
2375	633
2375	632
2376	632
2376	520
2377	520
2377	515
2378	515
2378	513
2379	513
2379	512
2380	512
2380	511
2381	511
2381	510
2382	510
2382	508
2383	508
2383	506
2384	506
2384	505
2385	505
2385	504
2386	504
2386	503
2387	503
2387	502
2388	502
2388	501
2389	501
2389	500
2390	500
2390	499
2391	499
2391	498
2392	498
2392	497
2393	497
2393	496
2394	496
2394	495
2408	495
2408	494
2414	494
2414	495
2415	495
2415	496
2416	496
2416	497
2417	497
2417	498
2418	498
2418	499
2419	499
2419	500
2420	500
2420	501
2421	501
2421	502
2422	502
2422	503
2426	503
2426	504
2435	504
2435	505
2436	505
2436	506
2440	506
2440	507
2443	507
2443	508
2448	508
2448	509
2453	509
2453	510
2454	510
2454	511
2474	511
2474	512
2475	512
2475	513
2477	513
2477	514
2478	514
2478	515
2479	515
2479	516
2480	516
2480	517
2481	517
2481	518
2482	518
2482	519
2483	519
2483	520
2484	520
2484	521
2485	521
2485	522
2486	522
2486	523
2487	523
2487	524
2488	524
2488	525
2489	525
2489	527
2490	527
2490	528
2494	528
2494	529
2495	529
2495	530
2496	530
2496	531
2497	531
2497	532
2508	532
2508	530
2509	530
2509	529
2510	529
2510	523
2511	523
2511	520
2512	520
2512	519
2513	519
2513	518
2514	518
2514	517
2518	517
2518	516
2519	516
2519	515
2526	515
2526	514
2536	514
2536	515
2538	515
2538	516
2540	516
2540	517
2541	517
2541	518
2542	518
2542	519
2543	519
2543	520
2544	520
2544	521
2545	521
2545	522
2546	522
2546	523
2547	523
2547	524
2548	524
2548	525
2550	525
2550	526
2551	526
2551	527
2556	527
2556	528
2561	528
2561	529
2571	529
2571	530
2572	530
2572	531
2574	531
2574	532
2575	532
2575	533
2576	533
2576	535
2578	535
2578	536
2579	536
2579	537
2581	537
2581	538
2582	538
2582	539
2587	539
2587	540
2588	540
2588	541
2589	541
2589	543
2590	543
2590	544
2591	544
2591	546
2592	546
2592	548
2593	548
2593	549
2594	549
2594	551
2595	551
2595	552
2596	552
2596	553
2597	553
2597	554
2598	554
2598	555
2599	555
2599	556
2600	556
2600	557
2606	557
2606	558
2607	558
2607	559
2608	559
2608	560
2609	560
2609	562
2610	562
2610	563
2611	563
2611	565
2612	565
2612	568
2613	568
2613	571
2623	571
2623	567
2624	567
2624	566
2625	566
2625	558
2626	558
2626	556
2627	556
2627	555
2628	555
2628	554
2629	554
2629	553
2630	553
2630	550
2631	550
2631	549
2632	549
2632	548
2633	548
2633	547
2634	547
2634	546
2635	546
2635	540
2636	540
2636	520
2635	520
2635	519
2634	519
2634	513
2633	513
2633	461
2632	461
2632	456
2631	456
2631	452
2630	452
2630	437
2631	437
2631	436
2632	436
2632	435
2633	435
2633	433
2634	433
2634	431
2635	431
2635	430
2636	430
2636	429
2637	429
2637	413
2638	413
2638	412
2639	412
2639	411
2648	411
2648	412
2650	412
2650	413
2651	413
2651	414
2652	414
2652	415
2653	415
2653	416
2654	416
2654	417
2655	417
2655	424
2656	424
2656	425
2659	425
2659	426
2660	426
2660	427
2664	427
2664	426
2666	426
2666	425
2673	425
2673	424
2674	424
2674	423
2678	423
2678	422
2679	422
2679	421
2681	421
2681	420
2685	420
2685	419
2687	419
2687	418
2699	418
2699	417
2704	417
2704	416
2706	416
2706	415
2707	415
2707	414
2718	414
2718	413
2722	413
2722	412
2723	412
2723	411
2726	411
2726	410
2736	410
2736	409
2737	409
2737	408
2738	408
2738	407
2748	407
2748	406
2749	406
2749	405
2751	405
2751	404
2753	404
2753	403
2761	403
2761	402
2786	402
2786	403
2787	403
2787	404
2788	404
2788	405
2799	405
2799	406
2808	406
2808	407
2849	407
2849	406
2852	406
2852	405
2857	405
2857	404
2858	404
2858	403
2862	403
2862	402
2864	402
2864	401
2865	401
2865	400
2866	400
2866	399
2867	399
2867	398
2870	398
2870	397
2876	397
2876	396
2877	396
2877	395
2881	395
2881	394
2888	394
2888	393
2889	393
2889	392
2896	392
2896	391
2897	391
2897	390
2904	390
2904	389
2905	389
2905	388
2912	388
2912	378
2913	378
2913	377
2914	377
2914	376
2915	376
2915	375
2916	375
2916	374
2932	374
2932	373
2933	373
2933	372
2934	372
2934	371
2935	371
2935	370
2936	370
2936	368
2937	368
2937	367
2938	367
2938	365
2939	365
2939	364
2940	364
2940	363
2941	363
2941	358
2942	358
2942	354
2943	354
2943	349
2944	349
2944	347
2945	347
2945	344
2946	344
2946	343
2947	343
2947	340
2948	340
2948	337
2949	337
2949	336
2950	336
2950	334
2951	334
2951	333
2952	333
2952	331
2953	331
2953	328
2954	328
2954	325
2955	325
2955	306
2956	306
2956	301
2957	301
2957	300
2958	300
2958	293
2959	293
2959	292
2960	292
2960	291
2974	291
2974	292
2975	292
2975	293
2976	293
2976	296
2984	296
2984	295
2985	295
2985	293
2986	293
2986	292
2987	292
2987	291
2993	291
2993	290
2994	290
2994	289
2995	289
2995	288
2997	288
2997	287
3002	287
3002	286
3005	286
3005	285
3006	285
3006	284
3007	284
3007	283
3010	283
3010	282
3011	282
3011	277
3012	277
3012	274
3013	274
3013	273
3014	273
3014	272
3015	272
3015	270
3016	270
3016	268
3017	268
3017	262
3018	262
3018	261
3019	261
3019	236
3020	236
3020	235
3021	235
3021	230
3022	230
3022	202
3021	202
3021	201
3020	201
3020	200
3019	200
3019	170
3020	170
3020	169
3021	169
3021	168
3025	168
3025	167
3026	167
3026	166
3033	166
3033	165
3039	165
3039	164
3043	164
3043	163
3046	163
3046	162
3047	162
3047	161
3049	161
3049	160
3052	160
3052	159
3058	159
3058	158
3076	158
3076	159
3078	159
3078	160
3085	160
3085	161
3086	161
3086	162
3098	162
3098	163
3099	163
3099	164
3110	164
