191	171
192	171
192	172
193	172
193	173
194	173
194	174
196	174
196	175
207	175
207	176
216	176
216	177
217	177
217	178
218	178
218	179
219	179
219	180
220	180
220	183
222	183
222	185
223	185
223	187
224	187
224	188
225	188
225	190
226	190
226	192
227	192
227	194
228	194
228	195
232	195
232	196
233	196
233	195
234	195
234	196
238	196
238	197
247	197
247	204
248	204
248	206
249	206
249	211
250	211
250	213
252	213
252	214
254	214
254	213
263	213
263	214
264	214
264	213
265	213
265	214
270	214
270	213
271	213
271	214
273	214
273	215
277	215
277	216
281	216
281	217
283	217
283	216
286	216
286	214
288	214
288	212
289	212
289	211
290	211
290	209
291	209
291	204
292	204
292	202
293	202
293	196
294	196
294	193
295	193
295	191
296	191
296	190
297	190
297	189
298	189
298	188
301	188
301	187
304	187
304	188
306	188
306	189
313	189
313	188
314	188
314	187
315	187
315	186
317	186
317	185
318	185
318	184
319	184
319	183
322	183
322	182
323	182
323	183
331	183
331	182
335	182
335	181
336	181
336	180
338	180
338	179
341	179
341	180
344	180
344	179
346	179
346	178
347	178
347	177
349	177
349	176
351	176
351	175
354	175
354	176
356	176
356	174
359	174
359	173
360	173
360	171
361	171
361	169
362	169
362	168
361	168
361	159
362	159
362	157
363	157
363	156
365	156
365	154
366	154
366	152
367	152
367	151
368	151
368	150
371	150
371	151
373	151
373	152
375	152
375	151
377	151
377	152
379	152
379	151
381	151
381	152
385	152
385	153
386	153
386	154
387	154
387	156
388	156
388	160
389	160
389	161
390	161
390	162
393	162
393	161
394	161
394	162
397	162
397	163
400	163
400	164
413	164
413	165
415	165
415	166
416	166
416	167
421	167
421	168
427	168
427	169
428	169
428	168
431	168
431	169
444	169
444	168
446	168
446	166
452	166
452	167
454	167
454	168
460	168
460	169
461	169
461	168
462	168
462	169
463	169
463	168
469	168
469	167
470	167
470	168
471	168
471	167
473	167
473	168
474	168
474	167
475	167
475	168
478	168
478	167
480	167
480	168
488	168
488	167
494	167
494	166
497	166
497	165
498	165
498	163
499	163
499	162
500	162
500	161
501	161
501	158
502	158
502	157
503	157
503	156
504	156
504	155
506	155
506	154
507	154
507	153
508	153
508	152
511	152
511	151
512	151
512	150
515	150
515	151
524	151
524	152
525	152
525	154
527	154
527	161
528	161
528	162
527	162
527	166
526	166
526	171
527	171
527	172
526	172
526	174
527	174
527	175
526	175
526	177
527	177
527	178
526	178
526	179
525	179
525	181
526	181
526	184
527	184
527	185
528	185
528	188
532	188
532	187
531	187
531	186
529	186
529	184
528	184
528	173
527	173
527	172
528	172
528	166
529	166
529	162
530	162
530	154
529	154
529	153
528	153
528	152
527	152
527	149
525	149
525	148
522	148
522	147
518	147
518	146
517	146
517	147
509	147
509	148
506	148
506	150
503	150
503	151
502	151
502	152
501	152
501	153
500	153
500	154
499	154
499	155
497	155
497	157
496	157
496	159
495	159
495	160
494	160
494	161
493	161
493	162
489	162
489	163
488	163
488	162
474	162
474	161
472	161
472	162
463	162
463	163
459	163
459	162
449	162
449	161
444	161
444	162
443	162
443	164
441	164
441	163
437	163
437	164
433	164
433	163
430	163
430	162
429	162
429	163
427	163
427	162
426	162
426	163
424	163
424	162
423	162
423	163
420	163
420	162
417	162
417	161
416	161
416	160
415	160
415	159
407	159
407	158
406	158
406	159
404	159
404	158
403	158
403	159
399	159
399	158
398	158
398	156
395	156
395	155
393	155
393	152
392	152
392	151
391	151
391	150
390	150
390	149
389	149
389	148
388	148
388	147
386	147
386	146
385	146
385	145
378	145
378	146
376	146
376	145
370	145
370	144
368	144
368	145
366	145
366	146
364	146
364	148
363	148
363	149
362	149
362	150
361	150
361	152
360	152
360	153
359	153
359	154
358	154
358	155
357	155
357	157
356	157
356	168
355	168
355	170
352	170
352	169
350	169
350	170
348	170
348	171
346	171
346	172
345	172
345	173
343	173
343	174
342	174
342	173
341	173
341	174
336	174
336	175
335	175
335	176
328	176
328	178
327	178
327	177
323	177
323	178
319	178
319	179
317	179
317	180
315	180
315	181
314	181
314	182
312	182
312	183
307	183
307	182
305	182
305	181
302	181
302	182
297	182
297	183
296	183
296	184
294	184
294	185
293	185
293	186
292	186
292	187
291	187
291	189
290	189
290	191
289	191
289	194
288	194
288	198
287	198
287	201
286	201
286	202
287	202
287	203
286	203
286	207
285	207
285	209
283	209
283	211
274	211
274	209
268	209
268	208
265	208
265	209
258	209
258	207
254	207
254	205
253	205
253	201
254	201
254	200
253	200
253	199
254	199
254	193
253	193
253	192
252	192
252	191
249	191
249	190
246	190
246	191
243	191
243	190
236	190
236	189
232	189
232	188
231	188
231	187
230	187
230	185
229	185
229	183
228	183
228	182
226	182
226	178
225	178
225	177
224	177
224	176
222	176
222	174
221	174
221	173
219	173
219	172
218	172
218	171
217	171
217	170
215	170
215	169
198	169
198	168
196	168
196	167
195	167
195	165
193	165
193	164
192	164
192	163
191	163
191	162
190	162
190	161
189	161
189	160
187	160
187	159
185	159
185	157
182	157
182	156
181	156
181	155
179	155
179	154
177	154
177	153
176	153
176	152
174	152
174	151
172	151
172	150
170	150
170	149
169	149
169	148
166	148
166	147
165	147
165	146
164	146
164	145
156	145
156	144
153	144
153	145
152	145
152	144
147	144
147	145
144	145
144	144
142	144
142	145
139	145
139	144
138	144
138	145
136	145
136	144
133	144
133	145
128	145
128	146
121	146
121	147
116	147
116	146
115	146
115	145
109	145
109	144
105	144
105	143
100	143
100	138
99	138
99	125
98	125
98	124
99	124
99	123
98	123
98	122
97	122
97	121
96	121
96	115
95	115
95	114
96	114
96	112
95	112
95	111
96	111
96	107
97	107
97	104
96	104
96	106
95	106
95	105
94	105
94	108
95	108
95	109
94	109
94	113
93	113
93	119
94	119
94	120
93	120
93	121
94	121
94	123
93	123
93	130
94	130
94	133
93	133
93	140
94	140
94	142
95	142
95	145
94	145
94	147
95	147
95	149
99	149
99	150
102	150
102	149
105	149
105	150
107	150
107	151
112	151
112	152
115	152
115	153
118	153
118	152
119	152
119	153
123	153
123	152
126	152
126	151
135	151
135	150
139	150
139	151
140	151
140	150
154	150
154	151
156	151
156	150
157	150
157	151
163	151
163	153
164	153
164	154
166	154
166	155
168	155
168	156
170	156
170	157
172	157
172	158
173	158
173	159
176	159
176	160
177	160
177	161
179	161
179	162
180	162
180	163
182	163
182	164
183	164
183	165
184	165
184	166
187	166
187	167
188	167
188	168
190	168
190	170
191	170
585	249
586	249
586	250
587	250
587	251
588	251
588	252
590	252
590	253
594	253
594	254
596	254
596	255
598	255
598	256
605	256
605	257
617	257
617	258
618	258
618	259
621	259
621	260
628	260
628	259
629	259
629	260
634	260
634	261
635	261
635	260
636	260
636	261
637	261
637	262
640	262
640	263
642	263
642	264
645	264
645	265
647	265
647	266
648	266
648	265
649	265
649	266
652	266
652	267
656	267
656	268
658	268
658	269
662	269
662	270
665	270
665	271
667	271
667	272
670	272
670	273
671	273
671	274
672	274
672	275
674	275
674	276
676	276
676	277
677	277
677	278
678	278
678	279
679	279
679	280
680	280
680	281
681	281
681	283
682	283
682	284
683	284
683	285
686	285
686	286
687	286
687	285
693	285
693	284
694	284
694	283
696	283
696	282
697	282
697	281
698	281
698	280
699	280
699	279
700	279
700	278
701	278
701	277
702	277
702	276
703	276
703	275
704	275
704	274
705	274
705	273
706	273
706	270
707	270
707	269
708	269
708	266
709	266
709	265
710	265
710	264
709	264
709	259
710	259
710	258
711	258
711	257
712	257
712	258
715	258
715	259
717	259
717	260
718	260
718	261
720	261
720	262
727	262
727	263
728	263
728	262
729	262
729	263
731	263
731	262
732	262
732	263
733	263
733	264
735	264
735	265
736	265
736	264
743	264
743	263
750	263
750	262
754	262
754	261
756	261
756	260
758	260
758	259
760	259
760	258
761	258
761	257
762	257
762	256
763	256
763	255
764	255
764	254
765	254
765	253
766	253
766	252
767	252
767	250
769	250
769	248
770	248
770	247
771	247
771	245
772	245
772	241
773	241
773	239
774	239
774	226
775	226
775	224
774	224
774	220
775	220
775	215
774	215
774	209
775	209
775	206
774	206
774	203
775	203
775	196
774	196
774	192
773	192
773	187
774	187
774	185
773	185
773	183
774	183
774	182
781	182
781	181
782	181
782	180
790	180
790	179
791	179
791	180
797	180
797	181
802	181
802	180
810	180
810	181
818	181
818	182
819	182
819	183
821	183
821	184
825	184
825	185
827	185
827	186
828	186
828	185
829	185
829	186
833	186
833	187
837	187
837	184
836	184
836	183
832	183
832	184
831	184
831	183
826	183
826	182
823	182
823	181
821	181
821	180
820	180
820	179
814	179
814	178
805	178
805	177
804	177
804	178
800	178
800	179
799	179
799	178
786	178
786	177
785	177
785	178
780	178
780	179
777	179
777	180
775	180
775	179
773	179
773	180
772	180
772	181
771	181
771	182
772	182
772	186
771	186
771	194
772	194
772	197
773	197
773	198
772	198
772	207
773	207
773	208
772	208
772	229
771	229
771	241
770	241
770	243
769	243
769	244
768	244
768	247
767	247
767	248
766	248
766	250
765	250
765	251
764	251
764	252
763	252
763	253
762	253
762	254
761	254
761	255
760	255
760	256
759	256
759	257
758	257
758	258
756	258
756	259
752	259
752	260
749	260
749	261
743	261
743	262
742	262
742	261
741	261
741	262
734	262
734	261
727	261
727	260
724	260
724	261
723	261
723	260
720	260
720	259
718	259
718	257
715	257
715	256
713	256
713	257
712	257
712	256
711	256
711	255
709	255
709	256
708	256
708	257
707	257
707	261
708	261
708	263
707	263
707	265
706	265
706	268
705	268
705	269
704	269
704	270
703	270
703	272
702	272
702	273
701	273
701	275
700	275
700	276
699	276
699	277
698	277
698	279
696	279
696	281
694	281
694	282
691	282
691	284
690	284
690	283
684	283
684	282
683	282
683	280
682	280
682	279
681	279
681	278
680	278
680	277
679	277
679	276
677	276
677	275
676	275
676	274
675	274
675	273
673	273
673	272
672	272
672	271
670	271
670	270
668	270
668	269
666	269
666	268
664	268
664	267
662	267
662	266
658	266
658	265
655	265
655	264
652	264
652	263
648	263
648	262
645	262
645	261
642	261
642	260
641	260
641	259
635	259
635	258
631	258
631	257
628	257
628	258
627	258
627	257
619	257
619	256
618	256
618	255
612	255
612	254
611	254
611	255
610	255
610	254
600	254
600	253
598	253
598	252
594	252
594	251
593	251
593	250
590	250
590	249
588	249
588	248
587	248
587	247
586	247
586	246
584	246
584	245
583	245
583	244
582	244
582	243
581	243
581	242
580	242
580	241
579	241
579	240
578	240
578	239
577	239
577	235
576	235
576	229
575	229
575	228
574	228
574	227
573	227
573	225
572	225
572	223
571	223
571	222
570	222
570	220
569	220
569	219
568	219
568	218
567	218
567	217
566	217
566	216
565	216
565	215
564	215
564	214
562	214
562	213
561	213
561	215
562	215
562	217
563	217
563	218
564	218
564	220
565	220
565	221
566	221
566	222
567	222
567	223
568	223
568	225
569	225
569	226
570	226
570	227
571	227
571	230
572	230
572	232
573	232
573	236
574	236
574	239
575	239
575	242
576	242
576	243
577	243
577	244
579	244
579	245
581	245
581	246
582	246
582	247
583	247
583	248
585	248
823	293
824	293
824	294
823	294
823	302
824	302
824	304
823	304
823	310
824	310
824	311
823	311
823	314
824	314
824	321
825	321
825	327
826	327
826	332
828	332
828	335
829	335
829	323
830	323
830	320
829	320
829	318
828	318
828	317
829	317
829	297
830	297
830	296
829	296
829	293
830	293
830	287
831	287
831	286
830	286
830	285
831	285
831	284
830	284
830	253
829	253
829	247
828	247
828	234
829	234
829	220
828	220
828	218
829	218
829	217
828	217
828	202
827	202
827	200
826	200
826	194
827	194
827	193
826	193
826	187
824	187
824	186
822	186
822	185
820	185
820	187
819	187
819	193
820	193
820	196
821	196
821	205
822	205
822	211
823	211
823	214
822	214
822	216
823	216
823	233
822	233
822	240
823	240
823	245
822	245
822	248
823	248
823	256
824	256
824	258
822	258
822	259
823	259
823	262
824	262
824	285
825	285
825	286
824	286
824	292
823	292
860	345
862	345
862	346
868	346
868	347
877	347
877	348
879	348
879	350
889	350
889	351
890	351
890	350
895	350
895	351
897	351
897	352
900	352
900	351
905	351
905	350
907	350
907	349
908	349
908	350
909	350
909	349
911	349
911	348
912	348
912	347
913	347
913	346
914	346
914	345
915	345
915	344
916	344
916	343
918	343
918	342
919	342
919	340
920	340
920	338
921	338
921	337
922	337
922	336
923	336
923	335
924	335
924	334
925	334
925	333
926	333
926	332
931	332
931	333
932	333
932	332
933	332
933	331
934	331
934	329
937	329
937	328
938	328
938	329
939	329
939	328
943	328
943	329
947	329
947	328
950	328
950	327
952	327
952	326
953	326
953	325
954	325
954	324
955	324
955	321
956	321
956	320
957	320
957	316
958	316
958	311
959	311
959	310
958	310
958	309
959	309
959	303
961	303
961	302
962	302
962	300
963	300
963	299
965	299
965	298
976	298
976	299
984	299
984	300
986	300
986	301
989	301
989	302
991	302
991	303
993	303
993	304
995	304
995	305
999	305
999	306
1003	306
1003	307
1004	307
1004	306
1005	306
1005	307
1009	307
1009	308
1014	308
1014	309
1029	309
1029	308
1032	308
1032	307
1036	307
1036	306
1038	306
1038	305
1041	305
1041	304
1042	304
1042	303
1043	303
1043	302
1044	302
1044	301
1045	301
1045	299
1046	299
1046	297
1047	297
1047	294
1048	294
1048	293
1049	293
1049	291
1050	291
1050	288
1051	288
1051	287
1052	287
1052	285
1053	285
1053	284
1054	284
1054	282
1055	282
1055	280
1056	280
1056	279
1057	279
1057	278
1058	278
1058	277
1059	277
1059	276
1060	276
1060	275
1061	275
1061	273
1062	273
1062	272
1065	272
1065	271
1073	271
1073	270
1074	270
1074	271
1075	271
1075	272
1076	272
1076	271
1079	271
1079	272
1080	272
1080	273
1081	273
1081	272
1082	272
1082	273
1085	273
1085	275
1088	275
1088	276
1090	276
1090	277
1091	277
1091	278
1092	278
1092	279
1093	279
1093	281
1094	281
1094	282
1095	282
1095	284
1096	284
1096	285
1097	285
1097	287
1098	287
1098	288
1099	288
1099	291
1100	291
1100	295
1101	295
1101	300
1102	300
1102	301
1101	301
1101	303
1102	303
1102	305
1101	305
1101	308
1102	308
1102	310
1101	310
1101	312
1102	312
1102	316
1103	316
1103	325
1102	325
1102	326
1103	326
1103	331
1104	331
1104	336
1105	336
1105	340
1106	340
1106	341
1107	341
1107	342
1108	342
1108	343
1109	343
1109	342
1111	342
1111	343
1113	343
1113	344
1114	344
1114	343
1115	343
1115	342
1116	342
1116	343
1123	343
1123	342
1124	342
1124	343
1125	343
1125	342
1126	342
1126	343
1132	343
1132	342
1137	342
1137	341
1142	341
1142	340
1143	340
1143	339
1145	339
1145	338
1148	338
1148	337
1149	337
1149	336
1151	336
1151	335
1154	335
1154	334
1157	334
1157	333
1162	333
1162	332
1164	332
1164	331
1167	331
1167	330
1169	330
1169	329
1170	329
1170	328
1173	328
1173	327
1174	327
1174	326
1177	326
1177	325
1184	325
1184	324
1187	324
1187	325
1189	325
1189	324
1192	324
1192	325
1195	325
1195	324
1196	324
1196	325
1197	325
1197	324
1201	324
1201	325
1210	325
1210	326
1217	326
1217	327
1219	327
1219	328
1221	328
1221	329
1223	329
1223	330
1226	330
1226	331
1229	331
1229	332
1235	332
1235	333
1236	333
1236	332
1237	332
1237	333
1239	333
1239	332
1243	332
1243	331
1244	331
1244	330
1245	330
1245	328
1246	328
1246	327
1247	327
1247	325
1248	325
1248	324
1249	324
1249	318
1250	318
1250	314
1251	314
1251	311
1252	311
1252	309
1253	309
1253	307
1254	307
1254	304
1257	304
1257	303
1258	303
1258	302
1260	302
1260	300
1261	300
1261	299
1262	299
1262	298
1263	298
1263	297
1264	297
1264	296
1267	296
1267	295
1269	295
1269	294
1271	294
1271	293
1278	293
1278	292
1280	292
1280	291
1281	291
1281	289
1282	289
1282	281
1281	281
1281	279
1280	279
1280	273
1281	273
1281	271
1280	271
1280	269
1281	269
1281	267
1282	267
1282	266
1281	266
1281	265
1282	265
1282	263
1283	263
1283	262
1284	262
1284	261
1285	261
1285	259
1286	259
1286	258
1287	258
1287	257
1288	257
1288	255
1289	255
1289	254
1290	254
1290	248
1291	248
1291	247
1292	247
1292	246
1293	246
1293	243
1294	243
1294	241
1295	241
1295	239
1298	239
1298	240
1303	240
1303	239
1306	239
1306	240
1311	240
1311	241
1312	241
1312	242
1317	242
1317	243
1320	243
1320	244
1328	244
1328	245
1330	245
1330	244
1331	244
1331	245
1332	245
1332	246
1333	246
1333	245
1334	245
1334	246
1336	246
1336	247
1339	247
1339	248
1340	248
1340	249
1343	249
1343	250
1344	250
1344	249
1345	249
1345	250
1348	250
1348	249
1351	249
1351	248
1353	248
1353	247
1357	247
1357	246
1358	246
1358	245
1359	245
1359	246
1360	246
1360	245
1363	245
1363	244
1364	244
1364	243
1366	243
1366	242
1368	242
1368	241
1369	241
1369	239
1375	239
1375	238
1377	238
1377	237
1380	237
1380	236
1381	236
1381	235
1384	235
1384	234
1386	234
1386	233
1388	233
1388	232
1390	232
1390	231
1391	231
1391	230
1394	230
1394	229
1397	229
1397	228
1398	228
1398	229
1404	229
1404	228
1405	228
1405	232
1406	232
1406	233
1407	233
1407	240
1408	240
1408	245
1409	245
1409	250
1410	250
1410	254
1409	254
1409	255
1410	255
1410	260
1411	260
1411	261
1409	261
1409	263
1410	263
1410	269
1411	269
1411	270
1410	270
1410	274
1409	274
1409	275
1410	275
1410	282
1409	282
1409	283
1410	283
1410	285
1409	285
1409	312
1410	312
1410	316
1411	316
1411	317
1410	317
1410	321
1411	321
1411	324
1410	324
1410	328
1411	328
1411	329
1410	329
1410	331
1411	331
1411	333
1412	333
1412	334
1415	334
1415	335
1416	335
1416	334
1417	334
1417	321
1418	321
1418	320
1417	320
1417	318
1418	318
1418	317
1417	317
1417	313
1416	313
1416	302
1415	302
1415	297
1416	297
1416	296
1415	296
1415	292
1416	292
1416	279
1417	279
1417	277
1416	277
1416	275
1417	275
1417	267
1416	267
1416	258
1417	258
1417	257
1416	257
1416	248
1415	248
1415	240
1414	240
1414	236
1413	236
1413	230
1412	230
1412	228
1411	228
1411	227
1413	227
1413	226
1417	226
1417	224
1421	224
1421	223
1423	223
1423	221
1424	221
1424	220
1425	220
1425	217
1424	217
1424	216
1423	216
1423	214
1422	214
1422	212
1420	212
1420	211
1419	211
1419	210
1418	210
1418	208
1416	208
1416	207
1414	207
1414	208
1413	208
1413	210
1414	210
1414	212
1415	212
1415	215
1414	215
1414	216
1413	216
1413	215
1404	215
1404	216
1403	216
1403	217
1402	217
1402	221
1398	221
1398	222
1394	222
1394	223
1390	223
1390	224
1388	224
1388	225
1386	225
1386	226
1384	226
1384	227
1383	227
1383	228
1381	228
1381	229
1379	229
1379	230
1376	230
1376	231
1375	231
1375	232
1370	232
1370	233
1369	233
1369	234
1365	234
1365	235
1364	235
1364	236
1362	236
1362	237
1361	237
1361	238
1358	238
1358	239
1355	239
1355	240
1353	240
1353	241
1350	241
1350	242
1348	242
1348	243
1347	243
1347	242
1340	242
1340	241
1338	241
1338	240
1337	240
1337	239
1331	239
1331	238
1326	238
1326	237
1324	237
1324	238
1323	238
1323	237
1318	237
1318	236
1317	236
1317	235
1315	235
1315	234
1313	234
1313	233
1310	233
1310	232
1296	232
1296	231
1294	231
1294	232
1292	232
1292	234
1291	234
1291	235
1289	235
1289	238
1288	238
1288	239
1287	239
1287	241
1285	241
1285	243
1284	243
1284	248
1283	248
1283	252
1282	252
1282	254
1280	254
1280	256
1279	256
1279	257
1278	257
1278	259
1277	259
1277	261
1276	261
1276	262
1275	262
1275	268
1274	268
1274	275
1273	275
1273	277
1274	277
1274	281
1275	281
1275	286
1271	286
1271	285
1270	285
1270	286
1269	286
1269	287
1268	287
1268	288
1267	288
1267	289
1264	289
1264	290
1260	290
1260	292
1258	292
1258	293
1257	293
1257	294
1256	294
1256	295
1255	295
1255	296
1254	296
1254	298
1252	298
1252	299
1251	299
1251	301
1249	301
1249	303
1248	303
1248	304
1247	304
1247	306
1246	306
1246	310
1244	310
1244	314
1243	314
1243	315
1244	315
1244	316
1243	316
1243	321
1242	321
1242	323
1241	323
1241	324
1240	324
1240	325
1239	325
1239	324
1238	324
1238	325
1229	325
1229	324
1225	324
1225	323
1222	323
1222	322
1219	322
1219	320
1214	320
1214	319
1209	319
1209	318
1197	318
1197	319
1196	319
1196	318
1180	318
1180	319
1179	319
1179	318
1176	318
1176	319
1173	319
1173	320
1171	320
1171	321
1169	321
1169	322
1168	322
1168	323
1166	323
1166	324
1164	324
1164	326
1163	326
1163	325
1162	325
1162	326
1158	326
1158	327
1155	327
1155	328
1151	328
1151	329
1149	329
1149	330
1147	330
1147	331
1146	331
1146	332
1142	332
1142	333
1141	333
1141	334
1136	334
1136	335
1129	335
1129	336
1115	336
1115	335
1111	335
1111	333
1110	333
1110	328
1109	328
1109	327
1110	327
1110	326
1111	326
1111	325
1109	325
1109	322
1108	322
1108	320
1109	320
1109	319
1108	319
1108	317
1109	317
1109	316
1108	316
1108	315
1107	315
1107	309
1108	309
1108	307
1109	307
1109	306
1108	306
1108	303
1107	303
1107	292
1106	292
1106	288
1105	288
1105	286
1104	286
1104	284
1103	284
1103	283
1102	283
1102	282
1101	282
1101	280
1100	280
1100	279
1099	279
1099	277
1098	277
1098	276
1097	276
1097	274
1096	274
1096	273
1095	273
1095	272
1094	272
1094	271
1093	271
1093	269
1090	269
1090	268
1088	268
1088	267
1084	267
1084	266
1083	266
1083	265
1081	265
1081	264
1078	264
1078	263
1077	263
1077	262
1076	262
1076	263
1075	263
1075	262
1073	262
1073	263
1072	263
1072	262
1071	262
1071	263
1066	263
1066	264
1063	264
1063	265
1060	265
1060	266
1058	266
1058	268
1057	268
1057	269
1055	269
1055	272
1054	272
1054	273
1053	273
1053	274
1052	274
1052	275
1051	275
1051	277
1050	277
1050	279
1049	279
1049	280
1048	280
1048	281
1047	281
1047	283
1046	283
1046	285
1045	285
1045	286
1044	286
1044	288
1043	288
1043	293
1041	293
1041	296
1040	296
1040	297
1038	297
1038	298
1037	298
1037	299
1035	299
1035	300
1031	300
1031	301
1026	301
1026	302
1024	302
1024	303
1022	303
1022	302
1021	302
1021	303
1015	303
1015	302
1011	302
1011	301
1006	301
1006	300
1005	300
1005	299
1004	299
1004	300
999	300
999	299
998	299
998	298
996	298
996	297
995	297
995	296
991	296
991	295
989	295
989	294
987	294
987	293
982	293
982	292
976	292
976	291
962	291
962	292
960	292
960	295
959	295
959	296
957	296
957	297
956	297
956	298
955	298
955	299
954	299
954	302
953	302
953	309
952	309
952	316
951	316
951	317
950	317
950	319
949	319
949	321
940	321
940	320
935	320
935	322
933	322
933	323
932	323
932	324
929	324
929	325
928	325
928	326
924	326
924	327
922	327
922	329
920	329
920	330
919	330
919	331
918	331
918	333
917	333
917	335
916	335
916	337
914	337
914	339
912	339
912	340
911	340
911	341
910	341
910	342
908	342
908	343
907	343
907	344
905	344
905	343
904	343
904	344
898	344
898	345
897	345
897	344
890	344
890	343
889	343
889	344
882	344
882	343
881	343
881	342
878	342
878	341
877	341
877	340
875	340
875	339
864	339
864	338
863	338
863	331
864	331
864	328
865	328
865	326
866	326
866	324
867	324
867	322
868	322
868	321
869	321
869	320
870	320
870	319
871	319
871	318
870	318
870	316
869	316
869	314
868	314
868	313
872	313
872	312
873	312
873	311
872	311
872	307
873	307
873	304
870	304
870	303
862	303
862	302
860	302
860	303
852	303
852	302
849	302
849	303
841	303
841	304
839	304
839	305
838	305
838	306
837	306
837	307
836	307
836	309
835	309
835	312
834	312
834	313
833	313
833	318
832	318
832	322
833	322
833	323
832	323
832	328
833	328
833	329
832	329
832	330
831	330
831	336
834	336
834	334
835	334
835	331
836	331
836	327
837	327
837	320
838	320
838	317
839	317
839	314
840	314
840	313
841	313
841	312
842	312
842	310
844	310
844	309
845	309
845	310
846	310
846	309
854	309
854	310
856	310
856	309
858	309
858	310
859	310
859	312
860	312
860	315
862	315
862	316
863	316
863	318
862	318
862	320
861	320
861	322
860	322
860	323
859	323
859	325
858	325
858	330
857	330
857	341
858	341
858	342
860	342
1531	353
1533	353
1533	352
1538	352
1538	353
1560	353
1560	354
1567	354
1567	353
1572	353
1572	352
1575	352
1575	351
1578	351
1578	350
1579	350
1579	349
1581	349
1581	348
1583	348
1583	347
1585	347
1585	344
1586	344
1586	343
1587	343
1587	341
1588	341
1588	340
1589	340
1589	339
1590	339
1590	337
1591	337
1591	335
1593	335
1593	332
1594	332
1594	329
1595	329
1595	327
1596	327
1596	326
1595	326
1595	325
1596	325
1596	322
1597	322
1597	319
1598	319
1598	313
1599	313
1599	310
1600	310
1600	305
1601	305
1601	304
1602	304
1602	303
1601	303
1601	302
1602	302
1602	301
1603	301
1603	300
1602	300
1602	299
1603	299
1603	296
1604	296
1604	288
1605	288
1605	282
1606	282
1606	271
1607	271
1607	270
1606	270
1606	269
1607	269
1607	264
1606	264
1606	262
1607	262
1607	257
1608	257
1608	244
1609	244
1609	240
1610	240
1610	238
1609	238
1609	232
1608	232
1608	231
1609	231
1609	228
1610	228
1610	226
1611	226
1611	225
1612	225
1612	222
1613	222
1613	217
1614	217
1614	214
1615	214
1615	210
1616	210
1616	209
1617	209
1617	205
1618	205
1618	201
1619	201
1619	200
1620	200
1620	195
1621	195
1621	194
1622	194
1622	192
1623	192
1623	190
1624	190
1624	186
1625	186
1625	185
1626	185
1626	184
1627	184
1627	182
1628	182
1628	181
1629	181
1629	179
1630	179
1630	176
1631	176
1631	175
1632	175
1632	174
1633	174
1633	173
1636	173
1636	174
1638	174
1638	175
1639	175
1639	173
1640	173
1640	174
1645	174
1645	175
1646	175
1646	176
1649	176
1649	177
1652	177
1652	178
1653	178
1653	179
1658	179
1658	180
1659	180
1659	179
1660	179
1660	180
1662	180
1662	181
1666	181
1666	182
1671	182
1671	183
1673	183
1673	184
1675	184
1675	185
1676	185
1676	186
1678	186
1678	187
1680	187
1680	188
1689	188
1689	189
1692	189
1692	188
1697	188
1697	187
1700	187
1700	186
1702	186
1702	185
1703	185
1703	183
1704	183
1704	181
1705	181
1705	179
1706	179
1706	178
1707	178
1707	176
1708	176
1708	175
1709	175
1709	172
1710	172
1710	170
1711	170
1711	169
1712	169
1712	168
1713	168
1713	166
1714	166
1714	164
1715	164
1715	163
1716	163
1716	162
1717	162
1717	160
1718	160
1718	159
1719	159
1719	158
1720	158
1720	156
1721	156
1721	155
1723	155
1723	154
1724	154
1724	153
1726	153
1726	152
1727	152
1727	151
1728	151
1728	150
1730	150
1730	149
1731	149
1731	148
1732	148
1732	147
1733	147
1733	146
1734	146
1734	145
1735	145
1735	144
1737	144
1737	143
1738	143
1738	142
1741	142
1741	141
1742	141
1742	142
1744	142
1744	141
1747	141
1747	142
1753	142
1753	143
1762	143
1762	144
1763	144
1763	145
1766	145
1766	147
1767	147
1767	152
1769	152
1769	153
1770	153
1770	155
1772	155
1772	156
1779	156
1779	157
1780	157
1780	158
1781	158
1781	160
1782	160
1782	169
1783	169
1783	170
1782	170
1782	171
1780	171
1780	172
1779	172
1779	175
1780	175
1780	176
1781	176
1781	178
1780	178
1780	180
1781	180
1781	181
1780	181
1780	184
1779	184
1779	185
1778	185
1778	186
1777	186
1777	191
1778	191
1778	193
1782	193
1782	192
1788	192
1788	193
1789	193
1789	192
1790	192
1790	191
1793	191
1793	190
1795	190
1795	189
1797	189
1797	187
1801	187
1801	186
1802	186
1802	185
1803	185
1803	184
1805	184
1805	183
1808	183
1808	182
1812	182
1812	181
1823	181
1823	182
1826	182
1826	183
1829	183
1829	184
1833	184
1833	185
1836	185
1836	186
1838	186
1838	187
1839	187
1839	188
1841	188
1841	189
1842	189
1842	191
1843	191
1843	192
1848	192
1848	193
1849	193
1849	192
1854	192
1854	193
1856	193
1856	192
1858	192
1858	191
1859	191
1859	190
1861	190
1861	189
1862	189
1862	188
1868	188
1868	187
1872	187
1872	186
1873	186
1873	187
1874	187
1874	186
1880	186
1880	185
1896	185
1896	186
1897	186
1897	185
1898	185
1898	184
1900	184
1900	183
1902	183
1902	182
1903	182
1903	181
1904	181
1904	180
1905	180
1905	179
1907	179
1907	178
1908	178
1908	177
1909	177
1909	176
1910	176
1910	174
1911	174
1911	172
1912	172
1912	170
1913	170
1913	168
1914	168
1914	166
1915	166
1915	165
1916	165
1916	164
1917	164
1917	161
1918	161
1918	160
1919	160
1919	159
1920	159
1920	157
1924	157
1924	156
1937	156
1937	157
1941	157
1941	158
1947	158
1947	157
1948	157
1948	158
1956	158
1956	159
1957	159
1957	158
1963	158
1963	157
1967	157
1967	156
1976	156
1976	157
1982	157
1982	156
1983	156
1983	157
1984	157
1984	156
1989	156
1989	155
1993	155
1993	154
1994	154
1994	155
1995	155
1995	154
2007	154
2007	153
2024	153
2024	152
2038	152
2038	153
2042	153
2042	152
2043	152
2043	153
2052	153
2052	154
2053	154
2053	153
2056	153
2056	152
2057	152
2057	151
2058	151
2058	150
2059	150
2059	149
2060	149
2060	148
2061	148
2061	145
2062	145
2062	143
2063	143
2063	142
2064	142
2064	141
2065	141
2065	138
2066	138
2066	134
2067	134
2067	128
2068	128
2068	122
2069	122
2069	116
2070	116
2070	115
2069	115
2069	110
2070	110
2070	106
2069	106
2069	105
2070	105
2070	100
2071	100
2071	98
2070	98
2070	97
2071	97
2071	95
2070	95
2070	89
2069	89
2069	87
2068	87
2068	86
2067	86
2067	85
2068	85
2068	83
2067	83
2067	78
2068	78
2068	77
2067	77
2067	75
2068	75
2068	70
2066	70
2066	69
2065	69
2065	68
2064	68
2064	67
2063	67
2063	66
2060	66
2060	67
2057	67
2057	69
2058	69
2058	70
2059	70
2059	75
2060	75
2060	76
2061	76
2061	79
2062	79
2062	82
2061	82
2061	85
2062	85
2062	89
2063	89
2063	92
2064	92
2064	99
2062	99
2062	100
2064	100
2064	105
2063	105
2063	112
2062	112
2062	113
2063	113
2063	119
2062	119
2062	124
2061	124
2061	130
2060	130
2060	131
2061	131
2061	133
2060	133
2060	136
2059	136
2059	138
2058	138
2058	139
2057	139
2057	141
2056	141
2056	144
2055	144
2055	145
2054	145
2054	146
2049	146
2049	147
2046	147
2046	146
2041	146
2041	148
2040	148
2040	147
2037	147
2037	146
2034	146
2034	147
2033	147
2033	146
2028	146
2028	147
2022	147
2022	146
2021	146
2021	147
2016	147
2016	148
2013	148
2013	147
2012	147
2012	148
1996	148
1996	149
1990	149
1990	150
1985	150
1985	151
1984	151
1984	150
1983	150
1983	151
1978	151
1978	152
1977	152
1977	151
1976	151
1976	152
1975	152
1975	151
1971	151
1971	150
1963	150
1963	151
1955	151
1955	152
1954	152
1954	151
1939	151
1939	150
1937	150
1937	149
1926	149
1926	150
1921	150
1921	151
1919	151
1919	152
1916	152
1916	153
1915	153
1915	155
1914	155
1914	156
1913	156
1913	159
1912	159
1912	160
1911	160
1911	162
1910	162
1910	163
1909	163
1909	165
1908	165
1908	166
1907	166
1907	168
1906	168
1906	170
1905	170
1905	172
1903	172
1903	173
1902	173
1902	174
1901	174
1901	175
1900	175
1900	176
1898	176
1898	178
1896	178
1896	179
1894	179
1894	178
1893	178
1893	179
1892	179
1892	178
1883	178
1883	179
1879	179
1879	178
1878	178
1878	179
1877	179
1877	180
1868	180
1868	181
1863	181
1863	182
1859	182
1859	183
1858	183
1858	185
1854	185
1854	186
1850	186
1850	185
1846	185
1846	184
1844	184
1844	183
1843	183
1843	182
1842	182
1842	181
1840	181
1840	180
1837	180
1837	179
1834	179
1834	178
1832	178
1832	177
1829	177
1829	176
1824	176
1824	175
1821	175
1821	174
1812	174
1812	175
1809	175
1809	176
1808	176
1808	175
1807	175
1807	176
1804	176
1804	177
1803	177
1803	178
1801	178
1801	179
1798	179
1798	180
1795	180
1795	181
1794	181
1794	182
1793	182
1793	183
1792	183
1792	184
1790	184
1790	185
1789	185
1789	184
1787	184
1787	185
1786	185
1786	184
1784	184
1784	183
1785	183
1785	174
1786	174
1786	170
1787	170
1787	169
1788	169
1788	167
1790	167
1790	162
1789	162
1789	160
1788	160
1788	159
1787	159
1787	158
1786	158
1786	156
1785	156
1785	154
1784	154
1784	153
1783	153
1783	152
1782	152
1782	151
1779	151
1779	150
1777	150
1777	149
1774	149
1774	148
1773	148
1773	146
1772	146
1772	143
1771	143
1771	141
1770	141
1770	140
1767	140
1767	138
1765	138
1765	137
1761	137
1761	136
1749	136
1749	135
1748	135
1748	136
1747	136
1747	135
1742	135
1742	134
1741	134
1741	135
1736	135
1736	136
1735	136
1735	137
1734	137
1734	138
1733	138
1733	139
1731	139
1731	140
1730	140
1730	141
1729	141
1729	142
1728	142
1728	143
1727	143
1727	144
1725	144
1725	145
1723	145
1723	146
1722	146
1722	147
1721	147
1721	148
1719	148
1719	149
1718	149
1718	150
1716	150
1716	152
1715	152
1715	154
1714	154
1714	155
1713	155
1713	156
1712	156
1712	159
1710	159
1710	160
1709	160
1709	162
1708	162
1708	163
1707	163
1707	164
1706	164
1706	165
1705	165
1705	169
1704	169
1704	170
1703	170
1703	172
1702	172
1702	173
1701	173
1701	175
1700	175
1700	176
1699	176
1699	178
1698	178
1698	180
1696	180
1696	181
1694	181
1694	182
1681	182
1681	181
1679	181
1679	180
1678	180
1678	179
1677	179
1677	178
1674	178
1674	177
1669	177
1669	176
1667	176
1667	175
1662	175
1662	174
1655	174
1655	172
1652	172
1652	171
1651	171
1651	170
1648	170
1648	169
1645	169
1645	168
1642	168
1642	167
1641	167
1641	168
1637	168
1637	167
1630	167
1630	168
1629	168
1629	169
1628	169
1628	171
1627	171
1627	172
1626	172
1626	174
1625	174
1625	175
1624	175
1624	176
1623	176
1623	178
1622	178
1622	180
1621	180
1621	182
1620	182
1620	183
1619	183
1619	186
1618	186
1618	187
1617	187
1617	189
1616	189
1616	190
1615	190
1615	192
1614	192
1614	196
1613	196
1613	202
1612	202
1612	203
1611	203
1611	205
1610	205
1610	207
1611	207
1611	208
1610	208
1610	210
1609	210
1609	212
1608	212
1608	216
1607	216
1607	220
1606	220
1606	222
1605	222
1605	224
1604	224
1604	226
1603	226
1603	227
1602	227
1602	233
1603	233
1603	237
1604	237
1604	238
1603	238
1603	244
1602	244
1602	245
1603	245
1603	246
1602	246
1602	253
1601	253
1601	254
1602	254
1602	257
1601	257
1601	260
1602	260
1602	262
1601	262
1601	272
1600	272
1600	274
1601	274
1601	275
1600	275
1600	281
1599	281
1599	283
1600	283
1600	284
1599	284
1599	285
1598	285
1598	287
1599	287
1599	291
1598	291
1598	294
1597	294
1597	300
1596	300
1596	304
1595	304
1595	308
1594	308
1594	309
1593	309
1593	314
1592	314
1592	317
1591	317
1591	321
1590	321
1590	324
1589	324
1589	327
1588	327
1588	330
1587	330
1587	332
1586	332
1586	333
1585	333
1585	335
1583	335
1583	337
1582	337
1582	340
1581	340
1581	342
1580	342
1580	344
1577	344
1577	345
1574	345
1574	346
1573	346
1573	345
1572	345
1572	346
1569	346
1569	347
1562	347
1562	348
1559	348
1559	347
1548	347
1548	346
1544	346
1544	347
1540	347
1540	346
1538	346
1538	347
1536	347
1536	346
1527	346
1527	345
1520	345
1520	344
1518	344
1518	345
1516	345
1516	344
1511	344
1511	343
1504	343
1504	342
1495	342
1495	341
1493	341
1493	342
1492	342
1492	341
1488	341
1488	340
1484	340
1484	339
1482	339
1482	338
1479	338
1479	337
1474	337
1474	336
1469	336
1469	335
1467	335
1467	334
1464	334
1464	333
1462	333
1462	334
1460	334
1460	333
1459	333
1459	334
1457	334
1457	335
1455	335
1455	336
1451	336
1451	337
1449	337
1449	338
1447	338
1447	339
1445	339
1445	340
1443	340
1443	341
1441	341
1441	343
1434	343
1434	344
1433	344
1433	345
1431	345
1431	344
1428	344
1428	343
1421	343
1421	344
1420	344
1420	343
1418	343
1418	342
1417	342
1417	340
1418	340
1418	338
1417	338
1417	336
1416	336
1416	339
1415	339
1415	342
1413	342
1413	349
1416	349
1416	350
1432	350
1432	351
1434	351
1434	350
1437	350
1437	349
1441	349
1441	348
1442	348
1442	347
1445	347
1445	346
1447	346
1447	345
1448	345
1448	344
1451	344
1451	343
1453	343
1453	342
1458	342
1458	341
1461	341
1461	340
1470	340
1470	341
1475	341
1475	342
1476	342
1476	343
1479	343
1479	344
1483	344
1483	345
1484	345
1484	344
1485	344
1485	345
1488	345
1488	346
1490	346
1490	347
1491	347
1491	348
1493	348
1493	349
1494	349
1494	348
1495	348
1495	349
1514	349
1514	350
1516	350
1516	351
1530	351
1530	352
1531	352
