47	162
48	162
48	166
49	166
49	167
48	167
48	169
49	169
49	172
50	172
50	173
49	173
49	174
50	174
50	176
51	176
51	177
52	177
52	178
53	178
53	180
54	180
54	181
55	181
55	182
56	182
56	183
57	183
57	184
58	184
58	185
59	185
59	187
60	187
60	189
61	189
61	190
62	190
62	191
63	191
63	192
64	192
64	193
63	193
63	194
65	194
65	195
64	195
64	196
65	196
65	197
67	197
67	198
69	198
69	199
70	199
70	201
71	201
71	202
72	202
72	203
73	203
73	204
77	204
77	205
82	205
82	204
84	204
84	205
83	205
83	206
84	206
84	205
85	205
85	206
86	206
86	205
91	205
91	207
93	207
93	208
94	208
94	209
96	209
96	211
98	211
98	213
99	213
99	214
102	214
102	215
104	215
104	216
106	216
106	218
107	218
107	219
108	219
108	220
109	220
109	221
112	221
112	222
111	222
111	223
113	223
113	224
114	224
114	225
116	225
116	226
117	226
117	225
118	225
118	226
119	226
119	225
120	225
120	227
122	227
122	228
126	228
126	230
127	230
127	231
128	231
128	232
130	232
130	231
131	231
131	232
135	232
135	233
136	233
136	232
138	232
138	231
139	231
139	232
141	232
141	233
145	233
145	232
144	232
144	231
145	231
145	230
139	230
139	229
138	229
138	230
132	230
132	229
129	229
129	228
128	228
128	227
127	227
127	226
125	226
125	225
123	225
123	224
120	224
120	223
115	223
115	222
114	222
114	221
113	221
113	220
112	220
112	218
111	218
111	217
109	217
109	216
108	216
108	215
107	215
107	214
106	214
106	213
103	213
103	212
100	212
100	211
99	211
99	210
98	210
98	209
97	209
97	208
96	208
96	207
95	207
95	206
94	206
94	205
92	205
92	204
91	204
91	203
87	203
87	202
78	202
78	201
74	201
74	200
73	200
73	199
72	199
72	198
71	198
71	196
69	196
69	195
68	195
68	194
67	194
67	193
66	193
66	191
65	191
65	189
64	189
64	188
63	188
63	187
62	187
62	185
61	185
61	184
60	184
60	183
59	183
59	181
58	181
58	180
57	180
57	179
56	179
56	178
55	178
55	176
54	176
54	175
53	175
53	174
52	174
52	171
51	171
51	165
50	165
50	161
49	161
49	144
50	144
50	134
49	134
49	127
48	127
48	125
49	125
49	122
48	122
48	112
47	112
47	95
48	95
48	93
49	93
49	90
50	90
50	88
51	88
51	87
52	87
52	86
53	86
53	85
54	85
54	84
52	84
52	85
50	85
50	87
49	87
49	88
48	88
48	90
47	90
47	93
46	93
46	94
45	94
45	98
44	98
44	99
45	99
45	103
44	103
44	105
45	105
45	108
44	108
44	110
45	110
45	120
46	120
46	128
47	128
47	130
46	130
46	131
47	131
183	268
186	268
186	265
185	265
185	264
186	264
186	263
185	263
185	260
186	260
186	255
185	255
185	252
186	252
186	250
185	250
185	247
184	247
184	241
183	241
183	240
184	240
184	237
185	237
185	235
184	235
184	233
185	233
185	232
184	232
184	228
183	228
183	227
182	227
182	225
181	225
181	223
180	223
180	222
179	222
179	221
178	221
178	219
176	219
176	218
175	218
175	217
174	217
174	216
171	216
171	215
162	215
162	216
158	216
158	217
156	217
156	218
155	218
155	220
154	220
154	224
153	224
153	227
152	227
152	229
150	229
150	230
146	230
146	233
147	233
147	232
151	232
151	230
153	230
153	228
154	228
154	226
155	226
155	224
156	224
156	220
158	220
158	219
159	219
159	218
166	218
166	217
167	217
167	218
170	218
170	217
171	217
171	219
172	219
172	220
174	220
174	221
176	221
176	223
178	223
178	224
177	224
177	225
179	225
179	228
180	228
180	229
181	229
181	232
182	232
182	243
181	243
181	244
182	244
182	249
183	249
183	250
184	250
184	251
183	251
183	252
182	252
182	253
183	253
183	254
182	254
182	255
184	255
184	256
182	256
182	257
183	257
241	323
242	323
242	325
244	325
244	327
245	327
245	332
247	332
247	330
248	330
248	334
249	334
249	335
250	335
250	337
251	337
251	336
253	336
253	337
254	337
254	336
255	336
255	335
256	335
256	337
257	337
257	335
258	335
258	337
259	337
259	339
258	339
258	341
257	341
257	346
258	346
258	347
259	347
259	348
268	348
268	349
269	349
269	348
272	348
272	349
273	349
273	348
277	348
277	347
281	347
281	348
283	348
283	347
285	347
285	348
287	348
287	347
289	347
289	346
292	346
292	345
294	345
294	344
296	344
296	343
297	343
297	342
300	342
300	341
301	341
301	340
303	340
303	339
307	339
307	338
309	338
309	337
312	337
312	336
313	336
313	335
314	335
314	334
315	334
315	333
316	333
316	332
317	332
317	330
318	330
318	329
319	329
319	328
324	328
324	327
326	327
326	329
327	329
327	328
328	328
328	329
330	329
330	328
331	328
331	330
333	330
333	329
335	329
335	330
336	330
336	329
337	329
337	330
338	330
338	331
339	331
339	334
340	334
340	336
341	336
341	339
342	339
342	340
343	340
343	342
344	342
344	345
345	345
345	348
348	348
348	350
347	350
347	349
346	349
346	353
347	353
347	360
349	360
349	362
348	362
348	364
349	364
349	366
350	366
350	372
351	372
351	375
352	375
352	377
355	377
355	374
354	374
354	369
352	369
352	366
353	366
353	365
352	365
352	362
351	362
351	360
352	360
352	359
351	359
351	357
350	357
350	354
349	354
349	353
348	353
348	351
349	351
349	352
350	352
350	351
349	351
349	348
348	348
348	347
347	347
347	346
349	346
349	345
348	345
348	343
347	343
347	340
346	340
346	339
345	339
345	338
344	338
344	335
343	335
343	334
342	334
342	333
343	333
343	331
342	331
342	330
341	330
341	329
339	329
339	328
338	328
338	329
337	329
337	328
334	328
334	327
330	327
330	326
320	326
320	327
318	327
318	328
316	328
316	329
315	329
315	330
316	330
316	331
314	331
314	332
313	332
313	333
312	333
312	334
311	334
311	335
310	335
310	336
307	336
307	337
305	337
305	338
301	338
301	339
299	339
299	340
298	340
298	341
294	341
294	342
293	342
293	343
292	343
292	344
290	344
290	345
287	345
287	346
283	346
283	345
282	345
282	346
279	346
279	345
278	345
278	346
277	346
277	345
276	345
276	346
272	346
272	347
270	347
270	346
268	346
268	347
261	347
261	346
260	346
260	345
261	345
261	342
262	342
262	340
263	340
263	338
262	338
262	335
261	335
261	334
258	334
258	333
251	333
251	332
250	332
250	329
248	329
248	328
247	328
247	327
248	327
248	326
247	326
247	325
246	325
246	324
245	324
245	323
244	323
244	322
243	322
243	321
241	321
241	320
240	320
240	319
239	319
239	318
238	318
238	317
235	317
235	316
234	316
234	314
233	314
233	313
232	313
232	311
231	311
231	310
230	310
230	309
229	309
229	308
228	308
228	307
227	307
227	306
226	306
226	305
224	305
224	304
221	304
221	303
220	303
220	304
218	304
218	303
217	303
217	305
216	305
216	304
210	304
210	302
209	302
209	301
208	301
208	300
206	300
206	299
204	299
204	298
203	298
203	297
202	297
202	296
201	296
201	295
199	295
199	294
198	294
198	293
197	293
197	292
195	292
195	291
194	291
194	290
192	290
192	289
191	289
191	288
190	288
190	287
189	287
189	282
188	282
188	281
189	281
189	280
188	280
188	276
187	276
187	271
186	271
186	269
183	269
183	270
184	270
184	274
185	274
185	278
186	278
186	282
187	282
187	283
188	283
188	284
187	284
187	285
188	285
188	286
187	286
187	291
188	291
188	290
189	290
189	291
191	291
191	292
193	292
193	294
195	294
195	295
196	295
196	296
197	296
197	297
199	297
199	298
200	298
200	300
202	300
202	302
203	302
203	303
204	303
204	304
206	304
206	305
209	305
209	306
210	306
210	308
214	308
214	306
215	306
215	307
217	307
217	306
221	306
221	305
222	305
222	306
223	306
223	307
224	307
224	308
226	308
226	309
225	309
225	310
226	310
226	311
230	311
230	312
231	312
231	313
229	313
229	314
230	314
230	316
231	316
231	317
232	317
232	318
233	318
233	319
235	319
235	320
236	320
236	319
237	319
237	320
238	320
238	321
239	321
239	322
241	322
446	368
429	368
429	369
424	369
424	370
421	370
421	371
416	371
416	372
411	372
411	373
406	373
406	374
404	374
404	375
392	375
392	376
385	376
385	377
384	377
384	376
383	376
383	377
378	377
378	378
377	378
377	377
375	377
375	378
374	378
374	377
373	377
373	379
372	379
372	377
371	377
371	378
367	378
367	379
365	379
365	380
359	380
359	378
358	378
358	377
357	377
357	376
356	376
356	378
354	378
354	379
355	379
355	380
356	380
356	381
357	381
357	382
360	382
360	381
361	381
361	382
362	382
362	381
364	381
364	382
365	382
365	381
368	381
368	380
369	380
369	379
371	379
371	380
373	380
373	379
376	379
376	380
377	380
377	379
381	379
381	378
386	378
386	379
387	379
387	377
388	377
388	378
390	378
390	377
391	377
391	378
392	378
392	377
402	377
402	376
406	376
406	375
409	375
409	374
412	374
412	373
413	373
413	375
414	375
414	374
415	374
415	373
420	373
420	372
426	372
426	371
430	371
430	370
431	370
431	371
432	371
432	370
434	370
434	371
435	371
435	370
438	370
438	369
440	369
440	370
445	370
445	371
446	371
446	370
450	370
450	369
455	369
455	370
457	370
457	369
458	369
458	370
467	370
467	371
471	371
471	372
473	372
473	371
474	371
474	372
476	372
476	371
480	371
480	372
481	372
481	371
484	371
484	372
488	372
488	373
490	373
490	374
491	374
491	375
498	375
498	376
503	376
503	375
504	375
504	374
505	374
505	372
506	372
506	369
507	369
507	368
511	368
511	366
513	366
513	364
517	364
517	363
521	363
521	362
523	362
523	361
526	361
526	360
531	360
531	361
532	361
532	360
533	360
533	361
534	361
534	360
544	360
544	361
549	361
549	362
551	362
551	363
553	363
553	362
554	362
554	364
555	364
555	363
556	363
556	364
563	364
563	362
564	362
564	359
567	359
567	358
570	358
570	357
573	357
573	356
574	356
574	355
575	355
575	354
576	354
576	355
577	355
577	353
579	353
579	352
580	352
580	349
581	349
581	348
582	348
582	347
579	347
579	348
578	348
578	350
577	350
577	351
574	351
574	352
573	352
573	353
571	353
571	354
567	354
567	355
563	355
563	356
561	356
561	360
560	360
560	361
559	361
559	362
558	362
558	361
554	361
554	360
551	360
551	359
545	359
545	358
524	358
524	359
520	359
520	360
517	360
517	361
515	361
515	362
513	362
513	363
512	363
512	364
511	364
511	365
508	365
508	366
507	366
507	367
506	367
506	368
505	368
505	369
504	369
504	373
502	373
502	374
501	374
501	373
497	373
497	372
492	372
492	371
487	371
487	370
485	370
485	369
470	369
470	368
466	368
466	367
446	367
629	328
623	328
623	329
622	329
622	328
615	328
615	329
613	329
613	331
610	331
610	332
609	332
609	333
606	333
606	334
604	334
604	335
602	335
602	336
598	336
598	337
592	337
592	338
589	338
589	339
587	339
587	340
586	340
586	341
583	341
583	344
581	344
581	345
580	345
580	346
581	346
581	345
582	345
582	346
583	346
583	344
584	344
584	345
585	345
585	344
587	344
587	343
589	343
589	342
590	342
590	341
593	341
593	340
595	340
595	339
596	339
596	340
597	340
597	339
604	339
604	338
606	338
606	337
607	337
607	336
608	336
608	337
609	337
609	333
610	333
610	335
611	335
611	333
612	333
612	332
615	332
615	331
618	331
618	330
617	330
617	329
619	329
619	330
625	330
625	329
626	329
626	331
627	331
627	329
631	329
631	328
630	328
630	327
629	327
762	190
763	190
763	192
760	192
760	193
761	193
761	196
760	196
760	202
759	202
759	207
758	207
758	210
759	210
759	211
757	211
757	215
756	215
756	217
755	217
755	218
753	218
753	219
752	219
752	239
753	239
753	249
754	249
754	250
753	250
753	252
754	252
754	254
753	254
753	256
754	256
754	257
753	257
753	261
752	261
752	262
753	262
753	263
752	263
752	266
750	266
750	268
748	268
748	269
747	269
747	270
746	270
746	271
745	271
745	272
744	272
744	273
743	273
743	274
742	274
742	276
741	276
741	277
740	277
740	278
739	278
739	279
738	279
738	280
737	280
737	282
736	282
736	283
735	283
735	285
734	285
734	286
733	286
733	287
732	287
732	288
731	288
731	289
730	289
730	290
729	290
729	291
728	291
728	292
727	292
727	293
726	293
726	294
724	294
724	295
723	295
723	296
719	296
719	297
717	297
717	298
715	298
715	299
716	299
716	300
714	300
714	301
712	301
712	302
709	302
709	303
708	303
708	302
707	302
707	303
703	303
703	304
698	304
698	305
695	305
695	306
692	306
692	307
688	307
688	308
687	308
687	309
686	309
686	310
685	310
685	311
684	311
684	312
683	312
683	311
682	311
682	312
681	312
681	313
680	313
680	314
679	314
679	316
678	316
678	317
677	317
677	319
676	319
676	321
675	321
675	322
674	322
674	324
673	324
673	325
672	325
672	327
671	327
671	328
670	328
670	329
668	329
668	331
667	331
667	333
666	333
666	334
667	334
667	333
668	333
668	332
669	332
669	330
671	330
671	329
672	329
672	328
673	328
673	327
675	327
675	326
676	326
676	325
677	325
677	323
678	323
678	322
679	322
679	320
680	320
680	318
681	318
681	316
683	316
683	314
686	314
686	312
687	312
687	311
690	311
690	310
691	310
691	311
692	311
692	310
693	310
693	309
694	309
694	308
695	308
695	307
696	307
696	309
697	309
697	307
698	307
698	308
700	308
700	307
705	307
705	306
710	306
710	305
711	305
711	306
712	306
712	305
714	305
714	304
716	304
716	302
718	302
718	301
719	301
719	300
723	300
723	299
725	299
725	298
726	298
726	297
727	297
727	296
728	296
728	295
729	295
729	293
730	293
730	294
731	294
731	292
732	292
732	291
734	291
734	290
736	290
736	287
737	287
737	286
738	286
738	285
739	285
739	284
738	284
738	283
739	283
739	282
740	282
740	281
741	281
741	280
742	280
742	279
743	279
743	277
744	277
744	276
745	276
745	275
746	275
746	274
747	274
747	273
748	273
748	271
753	271
753	270
755	270
755	269
757	269
757	268
758	268
758	255
756	255
756	247
755	247
755	236
754	236
754	232
755	232
755	231
754	231
754	229
755	229
755	227
754	227
754	222
755	222
755	221
756	221
756	219
758	219
758	217
759	217
759	216
761	216
761	208
762	208
762	203
764	203
764	195
765	195
765	189
766	189
766	185
767	185
767	184
768	184
768	183
767	183
767	181
768	181
768	180
769	180
769	178
771	178
771	177
770	177
770	176
771	176
771	175
773	175
773	173
774	173
774	172
775	172
775	171
777	171
777	169
778	169
778	168
779	168
779	167
780	167
780	168
781	168
781	167
782	167
782	166
783	166
783	164
786	164
786	163
787	163
787	162
791	162
791	160
794	160
794	159
796	159
796	160
798	160
798	159
799	159
799	160
800	160
800	159
799	159
799	155
800	155
800	156
801	156
801	155
800	155
800	154
802	154
802	153
803	153
803	152
804	152
804	150
806	150
806	148
808	148
808	147
807	147
807	146
808	146
808	141
809	141
809	136
810	136
810	133
811	133
811	123
813	123
813	118
814	118
814	109
815	109
815	106
817	106
817	105
818	105
818	104
819	104
819	101
821	101
821	90
819	90
819	98
818	98
818	97
817	97
817	96
818	96
818	95
817	95
817	96
816	96
816	97
817	97
817	103
815	103
815	104
813	104
813	107
812	107
812	111
811	111
811	112
812	112
812	115
811	115
811	113
810	113
810	114
809	114
809	116
808	116
808	128
807	128
807	134
808	134
808	135
807	135
807	137
805	137
805	141
804	141
804	144
803	144
803	145
801	145
801	146
800	146
800	148
799	148
799	149
797	149
797	150
796	150
796	152
794	152
794	153
793	153
793	152
792	152
792	151
791	151
791	150
790	150
790	149
789	149
789	148
788	148
788	149
787	149
787	148
786	148
786	147
785	147
785	146
783	146
783	147
784	147
784	148
785	148
785	149
786	149
786	150
789	150
789	151
790	151
790	152
791	152
791	154
792	154
792	156
791	156
791	157
788	157
788	158
787	158
787	159
786	159
786	160
784	160
784	161
783	161
783	162
780	162
780	163
779	163
779	164
778	164
778	165
776	165
776	166
775	166
775	167
774	167
774	168
773	168
773	170
771	170
771	173
768	173
768	176
767	176
767	178
765	178
765	181
764	181
764	185
763	185
763	187
762	187
