3148	277
3149	277
3149	278
3151	278
3151	279
3152	279
3152	280
3155	280
3155	281
3156	281
3156	282
3157	282
3157	283
3159	283
3159	284
3160	284
3160	285
3162	285
3162	286
3163	286
3163	287
3165	287
3165	288
3167	288
3167	289
3168	289
3168	290
3169	290
3169	291
3172	291
3172	292
3173	292
3173	293
3174	293
3174	294
3176	294
3176	295
3177	295
3177	296
3180	296
3180	297
3181	297
3181	298
3182	298
3182	299
3188	299
3188	300
3189	300
3189	301
3191	301
3191	302
3192	302
3192	303
3196	303
3196	304
3197	304
3197	305
3198	305
3198	306
3199	306
3199	308
3204	308
3204	309
3205	309
3205	310
3206	310
3206	311
3207	311
3207	312
3208	312
3208	313
3209	313
3209	314
3211	314
3211	315
3212	315
3212	316
3213	316
3213	317
3214	317
3214	318
3215	318
3215	319
3216	319
3216	320
3217	320
3217	321
3221	321
3221	322
3222	322
3222	323
3223	323
3223	324
3224	324
3224	325
3225	325
3225	326
3226	326
3226	327
3228	327
3228	328
3229	328
3229	329
3230	329
3230	331
3232	331
3232	332
3233	332
3233	333
3234	333
3234	334
3235	334
3235	335
3237	335
3237	336
3238	336
3238	337
3267	337
3267	336
3271	336
3271	335
3275	335
3275	334
3288	334
3288	333
3298	333
3298	332
3303	332
3303	331
3304	331
3304	330
3309	330
3309	329
3311	329
3311	328
3312	328
3312	327
3314	327
3314	326
3315	326
3315	325
3316	325
3316	324
3317	324
3317	323
3318	323
3318	322
3321	322
3321	321
3322	321
3322	320
3323	320
3323	319
3324	319
3324	318
3326	318
3326	317
3327	317
3327	316
3330	316
3330	315
3331	315
3331	314
3332	314
3332	313
3335	313
3335	312
3338	312
3338	311
3339	311
3339	310
3341	310
3341	309
3342	309
3342	308
3343	308
3343	307
3344	307
3344	306
3347	306
3347	305
3348	305
3348	304
3351	304
3351	303
3352	303
3352	302
3354	302
3354	301
3358	301
3358	300
3363	300
3363	301
3364	301
3364	302
3365	302
3365	306
3364	306
3364	307
3363	307
3363	308
3361	308
3361	309
3358	309
3358	310
3355	310
3355	311
3354	311
3354	312
3351	312
3351	313
3350	313
3350	314
3348	314
3348	315
3347	315
3347	316
3346	316
3346	317
3344	317
3344	318
3342	318
3342	319
3341	319
3341	320
3338	320
3338	321
3335	321
3335	322
3334	322
3334	323
3333	323
3333	324
3330	324
3330	325
3329	325
3329	326
3327	326
3327	327
3326	327
3326	328
3325	328
3325	329
3324	329
3324	330
3322	330
3322	331
3321	331
3321	332
3320	332
3320	333
3319	333
3319	334
3318	334
3318	335
3316	335
3316	336
3314	336
3314	337
3312	337
3312	338
3307	338
3307	339
3306	339
3306	340
3301	340
3301	341
3292	341
3292	342
3279	342
3279	343
3275	343
3275	344
3270	344
3270	345
3235	345
3235	344
3234	344
3234	343
3231	343
3231	342
3230	342
3230	341
3229	341
3229	340
3228	340
3228	339
3227	339
3227	338
3226	338
3226	337
3225	337
3225	336
3224	336
3224	335
3223	335
3223	334
3222	334
3222	333
3221	333
3221	332
3220	332
3220	331
3219	331
3219	330
3218	330
3218	329
3214	329
3214	328
3212	328
3212	327
3211	327
3211	326
3210	326
3210	325
3209	325
3209	324
3208	324
3208	323
3207	323
3207	322
3205	322
3205	321
3204	321
3204	320
3203	320
3203	319
3202	319
3202	318
3201	318
3201	317
3200	317
3200	316
3196	316
3196	315
3195	315
3195	314
3194	314
3194	313
3193	313
3193	312
3192	312
3192	311
3189	311
3189	310
3188	310
3188	309
3185	309
3185	308
3184	308
3184	307
3179	307
3179	306
3178	306
3178	305
3177	305
3177	304
3174	304
3174	303
3173	303
3173	302
3169	302
3169	301
3168	301
3168	300
3167	300
3167	299
3166	299
3166	298
3165	298
3165	297
3164	297
3164	296
3162	296
3162	295
3160	295
3160	294
3159	294
3159	293
3156	293
3156	292
3155	292
3155	291
3154	291
3154	290
3153	290
3153	289
3152	289
3152	288
3149	288
3149	287
3148	287
3148	286
3146	286
3146	285
3145	285
3145	284
3144	284
3144	283
3143	283
3143	282
3141	282
3141	281
3138	281
3138	280
3136	280
3136	279
3079	279
3079	280
3076	280
3076	281
3074	281
3074	282
3072	282
3072	283
3071	283
3071	284
3070	284
3070	285
3067	285
3067	286
3063	286
3063	287
3062	287
3062	288
3059	288
3059	289
3055	289
3055	290
3054	290
3054	291
3048	291
3048	292
3043	292
3043	293
3042	293
3042	294
3041	294
3041	295
3038	295
3038	296
3036	296
3036	297
3035	297
3035	298
3034	298
3034	299
3030	299
3030	300
3029	300
3029	301
3027	301
3027	302
2977	302
2977	301
2972	301
2972	300
2971	300
2971	299
2965	299
2965	298
2964	298
2964	297
2960	297
2960	296
2959	296
2959	295
2957	295
2957	294
2954	294
2954	293
2950	293
2950	292
2949	292
2949	291
2947	291
2947	290
2944	290
2944	289
2943	289
2943	288
2942	288
2942	287
2940	287
2940	286
2935	286
2935	285
2933	285
2933	284
2906	284
2906	285
2905	285
2905	286
2896	286
2896	287
2892	287
2892	288
2891	288
2891	289
2881	289
2881	290
2849	290
2849	289
2843	289
2843	288
2842	288
2842	287
2839	287
2839	286
2834	286
2834	285
2817	285
2817	284
2816	284
2816	283
2815	283
2815	282
2813	282
2813	281
2811	281
2811	280
2810	280
2810	279
2808	279
2808	278
2801	278
2801	277
2798	277
2798	276
2797	276
2797	275
2789	275
2789	274
2788	274
2788	273
2787	273
2787	272
2785	272
2785	271
2783	271
2783	270
2782	270
2782	269
2780	269
2780	268
2779	268
2779	267
2778	267
2778	266
2775	266
2775	265
2764	265
2764	266
2758	266
2758	267
2737	267
2737	268
2736	268
2736	269
2735	269
2735	270
2734	270
2734	271
2732	271
2732	272
2731	272
2731	273
2730	273
2730	274
2729	274
2729	275
2728	275
2728	276
2727	276
2727	278
2726	278
2726	279
2725	279
2725	280
2724	280
2724	282
2723	282
2723	283
2722	283
2722	285
2721	285
2721	286
2720	286
2720	287
2719	287
2719	288
2718	288
2718	289
2717	289
2717	292
2716	292
2716	298
2715	298
2715	300
2714	300
2714	304
2713	304
2713	305
2712	305
2712	306
2711	306
2711	328
2710	328
2710	329
2709	329
2709	330
2708	330
2708	357
2707	357
2707	358
2706	358
2706	360
2705	360
2705	362
2704	362
2704	363
2703	363
2703	366
2702	366
2702	372
2701	372
2701	373
2700	373
2700	374
2699	374
2699	375
2697	375
2697	376
2691	376
2691	377
2684	377
2684	378
2681	378
2681	379
2680	379
2680	380
2679	380
2679	381
2678	381
2678	382
2672	382
2672	383
2671	383
2671	384
2668	384
2668	385
2666	385
2666	386
2665	386
2665	387
2645	387
2645	388
2641	388
2641	389
2640	389
2640	390
2639	390
2639	391
2637	391
2637	392
2636	392
2636	393
2633	393
2633	394
2632	394
2632	395
2631	395
2631	396
2630	396
2630	397
2629	397
2629	398
2624	398
2624	399
2623	399
2623	400
2619	400
2619	401
2618	401
2618	402
2617	402
2617	403
2616	403
2616	405
2615	405
2615	415
2617	415
2617	416
2618	416
2618	417
2619	417
2619	425
2618	425
2618	426
2617	426
2617	427
2616	427
2616	428
2615	428
2615	433
2614	433
2614	435
2613	435
2613	436
2612	436
2612	442
2611	442
2611	446
2610	446
2610	450
2609	450
2609	476
2610	476
2610	477
2611	477
2611	486
2612	486
2612	487
2613	487
2613	491
2614	491
2614	495
2615	495
2615	496
2616	496
2616	497
2617	497
2617	498
2618	498
2618	499
2619	499
2619	548
2618	548
2618	549
2617	549
2617	562
2616	562
2616	565
2615	565
2615	570
2614	570
2614	613
2615	613
2615	627
2614	627
2614	628
2613	628
2613	640
2612	640
2612	663
2611	663
2611	664
2610	664
2610	668
2609	668
2609	676
2608	676
2608	677
2607	677
2607	679
2606	679
2606	687
2605	687
2605	688
2604	688
2604	695
2603	695
2603	697
2602	697
2602	699
2601	699
2601	700
2600	700
2600	705
2599	705
2599	706
2598	706
2598	719
2597	719
2597	728
2596	728
2596	739
2595	739
2595	741
2594	741
2594	742
2593	742
2593	743
2590	743
2590	744
2588	744
2588	746
2587	746
2587	747
2586	747
2586	750
2585	750
2585	751
2584	751
2584	754
2583	754
2583	760
2582	760
2582	761
2581	761
2581	762
2580	762
2580	763
2578	763
2578	764
2575	764
2575	765
2529	765
2529	766
2528	766
2528	767
2527	767
2527	768
2524	768
2524	769
2523	769
2523	770
2519	770
2519	771
2518	771
2518	772
2506	772
2506	773
2500	773
2500	774
2499	774
2499	775
2498	775
2498	776
2496	776
2496	777
2472	777
2472	776
2471	776
2471	775
2465	775
2465	774
2462	774
2462	773
2456	773
2456	772
2454	772
2454	771
2453	771
2453	770
2451	770
2451	769
2449	769
2449	768
2446	768
2446	767
2445	767
2445	766
2444	766
2444	765
2442	765
2442	764
2440	764
2440	763
2439	763
2439	762
2438	762
2438	761
2437	761
2437	758
2436	758
2436	757
2435	757
2435	756
2434	756
2434	755
2433	755
2433	754
2432	754
2432	753
2431	753
2431	751
2397	751
2397	750
2396	750
2396	749
2394	749
2394	748
2393	748
2393	747
2392	747
2392	746
2391	746
2391	745
2389	745
2389	744
2388	744
2388	743
2386	743
2386	742
2385	742
2385	741
2383	741
2383	740
2382	740
2382	739
2381	739
2381	738
2379	738
2379	737
2378	737
2378	736
2377	736
2377	735
2376	735
2376	734
2374	734
2374	733
2373	733
2373	732
2372	732
2372	731
2371	731
2371	699
2370	699
2370	698
2369	698
2369	695
2368	695
2368	694
2367	694
2367	689
2366	689
2366	688
2365	688
2365	687
2364	687
2364	684
2363	684
2363	681
2362	681
2362	680
2361	680
2361	677
2360	677
2360	674
2357	674
2357	673
2352	673
2352	672
2351	672
2351	671
2343	671
2343	670
2342	670
2342	669
2340	669
2340	668
2339	668
2339	667
2338	667
2338	663
2337	663
2337	661
2336	661
2336	660
2335	660
2335	659
2334	659
2334	658
2333	658
2333	657
2332	657
2332	656
2331	656
2331	655
2328	655
2328	654
2327	654
2327	653
2326	653
2326	646
2325	646
2325	644
2324	644
2324	643
2323	643
2323	636
2322	636
2322	635
2321	635
2321	634
2320	634
2320	632
2319	632
2319	631
2318	631
2318	629
2317	629
2317	628
2316	628
2316	627
2315	627
2315	625
2314	625
2314	624
2313	624
2313	623
2312	623
2312	612
2311	612
2311	611
2308	611
2308	610
2306	610
2306	609
2305	609
2305	608
2303	608
2303	607
2293	607
2293	606
2292	606
2292	605
2285	605
2285	604
2283	604
2283	603
2282	603
2282	602
2281	602
2281	601
2280	601
2280	600
2279	600
2279	599
2276	599
2276	598
2275	598
2275	597
2274	597
2274	595
2273	595
2273	593
2263	593
2263	592
2262	592
2262	591
2255	591
2255	590
2254	590
2254	589
2250	589
2250	588
2246	588
2246	587
2245	587
2245	586
2244	586
2244	585
2241	585
2241	584
2238	584
2238	583
2237	583
2237	582
2236	582
2236	581
2235	581
2235	580
2234	580
2234	579
2233	579
2233	578
2232	578
2232	577
2231	577
2231	576
2230	576
2230	575
2229	575
2229	574
2226	574
2226	573
2225	573
2225	572
2224	572
2224	571
2223	571
2223	570
2222	570
2222	559
2223	559
2223	558
2224	558
2224	554
2225	554
2225	549
2226	549
2226	548
2227	548
2227	523
2226	523
2226	522
2225	522
2225	521
2224	521
2224	520
2223	520
2223	518
2222	518
2222	513
2221	513
2221	512
2220	512
2220	511
2217	511
2217	510
2213	510
2213	509
2212	509
2212	508
2210	508
2210	507
2207	507
2207	506
2204	506
2204	505
2203	505
2203	504
2202	504
2202	503
2196	503
2196	502
2194	502
2194	501
2179	501
2179	502
2176	502
2176	503
2175	503
2175	504
2173	504
2173	505
2170	505
2170	506
2165	506
2165	507
2160	507
2160	508
2159	508
2159	509
2158	509
2158	510
2155	510
2155	511
2154	511
2154	512
2153	512
2153	513
2151	513
2151	514
2149	514
2149	515
2148	515
2148	516
2147	516
2147	517
2146	517
2146	518
2145	518
2145	519
2143	519
2143	520
2139	520
2139	521
2138	521
2138	522
2137	522
2137	523
2136	523
2136	524
2135	524
2135	525
2134	525
2134	527
2133	527
2133	528
2132	528
2132	529
2131	529
2131	530
2130	530
2130	531
2127	531
2127	532
2124	532
2124	533
2120	533
2120	534
2119	534
2119	535
2118	535
2118	536
2113	536
2113	537
2112	537
2112	538
2111	538
2111	539
2110	539
2110	540
2106	540
2106	541
2103	541
2103	542
2102	542
2102	543
2098	543
2098	544
2096	544
2096	545
2095	545
2095	546
2092	546
2092	547
2091	547
2091	548
2087	548
2087	549
2086	549
2086	550
2085	550
2085	551
2084	551
2084	552
2083	552
2083	553
2082	553
2082	554
2077	554
2077	555
2076	555
2076	556
2075	556
2075	557
2074	557
2074	558
2071	558
2071	559
2069	559
2069	560
2065	560
2065	561
2063	561
2063	562
2060	562
2060	563
2058	563
2058	564
2057	564
2057	565
2052	565
2052	566
2051	566
2051	567
2050	567
2050	568
2049	568
2049	569
2048	569
2048	570
2047	570
2047	571
2046	571
2046	572
2045	572
2045	573
2044	573
2044	574
2043	574
2043	575
2041	575
2041	576
2039	576
2039	577
2035	577
2035	578
2034	578
2034	579
2033	579
2033	580
2032	580
2032	581
2030	581
2030	583
2029	583
2029	584
2028	584
2028	585
2025	585
2025	586
2024	586
2024	587
2023	587
2023	589
2022	589
2022	590
2021	590
2021	591
2020	591
2020	592
2019	592
2019	595
2018	595
2018	596
2017	596
2017	597
2015	597
2015	598
2013	598
2013	599
2012	599
2012	600
2011	600
2011	601
2010	601
2010	602
2009	602
2009	606
2008	606
2008	607
2007	607
2007	615
2006	615
2006	621
2005	621
2005	622
2004	622
2004	627
2003	627
2003	630
2002	630
2002	631
2001	631
2001	634
2000	634
2000	635
1999	635
1999	638
1998	638
1998	641
1997	641
1997	644
1996	644
1996	646
1995	646
1995	648
1994	648
1994	650
1993	650
1993	651
1992	651
1992	652
1991	652
1991	653
1990	653
1990	654
1989	654
1989	655
1988	655
1988	657
1987	657
1987	660
1986	660
1986	661
1985	661
1985	664
1984	664
1984	667
1983	667
1983	668
1982	668
1982	669
1979	669
1979	670
1978	670
1978	695
1977	695
1977	696
1976	696
1976	697
1972	697
1972	696
1971	696
1971	695
1970	695
1970	692
1969	692
1969	690
1968	690
1968	689
1967	689
1967	688
1966	688
1966	687
1965	687
1965	685
1964	685
1964	684
1963	684
1963	683
1962	683
1962	680
1961	680
1961	677
1960	677
1960	674
1959	674
1959	673
1958	673
1958	672
1957	672
1957	671
1956	671
1956	670
1955	670
1955	668
1954	668
1954	666
1953	666
1953	663
1952	663
1952	662
1951	662
1951	661
1949	661
1949	662
1948	662
1948	663
1947	663
1947	664
1946	664
1946	668
1945	668
1945	669
1944	669
1944	678
1943	678
1943	679
1942	679
1942	681
1941	681
1941	684
1940	684
1940	685
1939	685
1939	687
1938	687
1938	688
1937	688
1937	691
1936	691
1936	692
1935	692
1935	695
1934	695
1934	701
1933	701
1933	702
1932	702
1932	708
1931	708
1931	713
1930	713
1930	715
1929	715
1929	765
1928	765
1928	768
1927	768
1927	770
1926	770
1926	771
1925	771
1925	783
1924	783
1924	784
1923	784
1923	786
1922	786
1922	798
1921	798
1921	804
1920	804
1920	807
1919	807
1919	810
1918	810
1918	811
1917	811
1917	812
1916	812
1916	813
1915	813
1915	818
1914	818
1914	820
1913	820
1913	821
1912	821
1912	827
1911	827
1911	828
1910	828
1910	830
1909	830
1909	831
1908	831
1908	832
1907	832
1907	833
1906	833
1906	834
1905	834
1905	835
1904	835
1904	837
1903	837
1903	838
1902	838
1902	840
1901	840
1901	842
1900	842
1900	844
1899	844
1899	845
1898	845
1898	846
1897	846
1897	847
1896	847
1896	848
1895	848
1895	849
1894	849
1894	850
1893	850
1893	851
1892	851
1892	852
1891	852
1891	855
1890	855
1890	856
1889	856
1889	857
1888	857
1888	858
1887	858
1887	860
1886	860
1886	863
1885	863
1885	864
1884	864
1884	865
1883	865
1883	868
1882	868
1882	869
1881	869
1881	870
1880	870
1880	871
1879	871
1879	872
1878	872
1878	874
1877	874
1877	875
1876	875
1876	876
1873	876
1873	877
1872	877
1872	883
1871	883
1871	884
1870	884
1870	885
1869	885
1869	891
1868	891
1868	892
1867	892
1867	893
1866	893
1866	894
1865	894
1865	896
1864	896
1864	897
1863	897
1863	902
1862	902
1862	903
1861	903
1861	908
1860	908
1860	910
1859	910
1859	911
1858	911
1858	912
1797	912
1797	911
1791	911
1791	910
1790	910
1790	909
1785	909
1785	908
1784	908
1784	907
1779	907
1779	906
1778	906
1778	905
1777	905
1777	904
1772	904
1772	903
1765	903
1765	902
1743	902
1743	903
1742	903
1742	904
1739	904
1739	905
1738	905
1738	906
1717	906
1717	905
1711	905
1711	904
1710	904
1710	903
1707	903
1707	902
1701	902
1701	901
1683	901
1683	900
1679	900
1679	899
1676	899
1676	898
1675	898
1675	897
1674	897
1674	896
1673	896
1673	895
1672	895
1672	894
1671	894
1671	893
1670	893
1670	892
1669	892
1669	890
1668	890
1668	887
1667	887
1667	886
1666	886
1666	884
1665	884
1665	883
1664	883
1664	875
1661	875
1661	874
1660	874
1660	873
1659	873
1659	872
1658	872
1658	862
1657	862
1657	824
1656	824
1656	785
1657	785
1657	784
1658	784
1658	774
1659	774
1659	772
1660	772
1660	771
1661	771
1661	770
1662	770
1662	769
1664	769
1664	768
1665	768
1665	756
1664	756
1664	755
1663	755
1663	754
1662	754
1662	753
1661	753
1661	752
1657	752
1657	751
1656	751
1656	750
1655	750
1655	749
1654	749
1654	748
1653	748
1653	747
1652	747
1652	730
1650	730
1650	731
1646	731
1646	730
1645	730
1645	729
1644	729
1644	728
1643	728
1643	727
1642	727
1642	726
1641	726
1641	722
1642	722
1642	721
1643	721
1643	720
1645	720
1645	710
1644	710
1644	675
1643	675
1643	672
1642	672
1642	671
1639	671
1639	670
1637	670
1637	669
1635	669
1635	668
1631	668
1631	667
1630	667
1630	666
1629	666
1629	665
1628	665
1628	664
1627	664
1627	663
1624	663
1624	662
1623	662
1623	661
1620	661
1620	660
1617	660
1617	659
1616	659
1616	658
1615	658
1615	657
1596	657
1596	656
1595	656
1595	655
1594	655
1594	654
1593	654
1593	653
1592	653
1592	650
1591	650
1591	649
1590	649
1590	648
1589	648
1589	643
1588	643
1588	628
1589	628
1589	627
1590	627
1590	622
1591	622
1591	621
1592	621
1592	613
1591	613
1591	612
1590	612
1590	607
1589	607
1589	606
1588	606
1588	604
1587	604
1587	601
1586	601
1586	600
1585	600
1585	597
1584	597
1584	594
1583	594
1583	591
1582	591
1582	590
1581	590
1581	589
1580	589
1580	585
1579	585
1579	584
1578	584
1578	583
1577	583
1577	582
1576	582
1576	581
1575	581
1575	580
1551	580
1551	581
1539	581
1539	582
1515	582
1515	581
1513	581
1513	580
1512	580
1512	579
1511	579
1511	578
1510	578
1510	577
1509	577
1509	575
1508	575
1508	572
1507	572
1507	571
1506	571
1506	570
1505	570
1505	567
1504	567
1504	559
1503	559
1503	558
1502	558
1502	553
1501	553
1501	544
1500	544
1500	543
1499	543
1499	536
1498	536
1498	533
1497	533
1497	532
1496	532
1496	531
1492	531
1492	530
1491	530
1491	529
1478	529
1478	530
1477	530
1477	531
1474	531
1474	532
1473	532
1473	533
1471	533
1471	534
1469	534
1469	535
1468	535
1468	536
1467	536
1467	537
1464	537
1464	538
1463	538
1463	539
1462	539
1462	540
1460	540
1460	541
1459	541
1459	542
1458	542
1458	561
1459	561
1459	562
1460	562
1460	563
1461	563
1461	564
1465	564
1465	565
1466	565
1466	566
1467	566
1467	578
1466	578
1466	580
1465	580
1465	581
1464	581
1464	582
1463	582
1463	589
1462	589
1462	597
1461	597
1461	598
1460	598
1460	600
1459	600
1459	601
1458	601
1458	604
1457	604
1457	605
1456	605
1456	606
1455	606
1455	607
1454	607
1454	609
1453	609
1453	610
1452	610
1452	611
1451	611
1451	612
1450	612
1450	613
1449	613
1449	614
1448	614
1448	615
1447	615
1447	616
1446	616
1446	617
1445	617
1445	618
1444	618
1444	619
1443	619
1443	621
1442	621
1442	623
1441	623
1441	624
1440	624
1440	625
1439	625
1439	626
1438	626
1438	627
1437	627
1437	628
1436	628
1436	629
1435	629
1435	630
1434	630
1434	631
1433	631
1433	632
1432	632
1432	633
1430	633
1430	634
1429	634
1429	635
1428	635
1428	636
1426	636
1426	637
1425	637
1425	638
1424	638
1424	639
1423	639
1423	640
1422	640
1422	641
1421	641
1421	644
1420	644
1420	645
1419	645
1419	647
1418	647
1418	648
1417	648
1417	649
1415	649
1415	651
1414	651
1414	652
1413	652
1413	653
1412	653
1412	654
1410	654
1410	655
1408	655
1408	656
1406	656
1406	657
1405	657
1405	658
1404	658
1404	659
1403	659
1403	660
1402	660
1402	661
1401	661
1401	665
1400	665
1400	671
1399	671
1399	672
1398	672
1398	673
1397	673
1397	674
1396	674
1396	676
1395	676
1395	687
1394	687
1394	690
1393	690
1393	696
1392	696
1392	697
1391	697
1391	700
1390	700
1390	701
1389	701
1389	703
1388	703
1388	704
1387	704
1387	707
1386	707
1386	708
1385	708
1385	709
1384	709
1384	710
1368	710
1368	711
1365	711
1365	712
1364	712
1364	713
1363	713
1363	714
1359	714
1359	715
1358	715
1358	716
1350	716
1350	717
1335	717
1335	718
1332	718
1332	719
1328	719
1328	720
1324	720
1324	721
1321	721
1321	722
1320	722
1320	723
1317	723
1317	724
1313	724
1313	725
1311	725
1311	726
1309	726
1309	727
1306	727
1306	728
1303	728
1303	729
1302	729
1302	730
1300	730
1300	731
1299	731
1299	732
1298	732
1298	733
1295	733
1295	734
1294	734
1294	735
1290	735
1290	736
1287	736
1287	737
1286	737
1286	738
1284	738
1284	739
1282	739
1282	740
1278	740
1278	741
1277	741
1277	742
1276	742
1276	743
1275	743
1275	744
1274	744
1274	745
1273	745
1273	746
1271	746
1271	747
1258	747
1258	746
1255	746
1255	745
1254	745
1254	744
1253	744
1253	743
1252	743
1252	742
1250	742
1250	741
1248	741
1248	740
1247	740
1247	739
1246	739
1246	738
1243	738
1243	737
1242	737
1242	736
1241	736
1241	735
1240	735
1240	734
1237	734
1237	733
1235	733
1235	732
1234	732
1234	731
1232	731
1232	730
1227	730
1227	729
1225	729
1225	728
1224	728
1224	727
1223	727
1223	726
1175	726
1175	725
1141	725
1141	724
1134	724
1134	723
1133	723
1133	722
1132	722
1132	721
1129	721
1129	720
1128	720
1128	719
1127	719
1127	718
1126	718
1126	717
1125	717
1125	716
1124	716
1124	715
1123	715
1123	714
1122	714
1122	713
1121	713
1121	711
1120	711
1120	710
1119	710
1119	709
1118	709
1118	708
1117	708
1117	706
1050	706
1050	707
1048	707
1048	708
1045	708
1045	709
1041	709
1041	710
1021	710
1021	711
1020	711
1020	712
1019	712
1019	713
1018	713
1018	714
1017	714
1017	715
1011	715
1011	716
1009	716
1009	717
1006	717
1006	718
989	718
989	717
988	717
988	716
987	716
987	715
986	715
986	713
985	713
985	710
984	710
984	707
983	707
983	668
982	668
982	659
957	659
957	660
953	660
953	661
949	661
949	662
948	662
948	663
946	663
946	664
945	664
945	665
943	665
943	666
942	666
942	667
936	667
936	666
935	666
935	665
934	665
934	664
933	664
933	656
932	656
932	650
931	650
931	645
930	645
930	644
929	644
929	621
928	621
928	617
927	617
927	615
926	615
926	613
925	613
925	610
924	610
924	577
922	577
922	576
921	576
921	575
918	575
918	574
917	574
917	573
915	573
915	572
913	572
913	571
912	571
912	570
906	570
906	569
901	569
901	568
899	568
899	567
898	567
898	566
897	566
897	565
896	565
896	559
895	559
895	553
894	553
894	549
893	549
893	548
892	548
892	546
891	546
891	545
890	545
890	544
889	544
889	543
888	543
888	542
887	542
887	541
886	541
886	540
885	540
885	539
882	539
882	538
876	538
876	537
873	537
873	536
872	536
872	535
871	535
871	534
870	534
870	533
869	533
869	532
868	532
868	531
867	531
867	514
868	514
868	494
869	494
869	493
870	493
870	491
871	491
871	488
872	488
872	473
873	473
873	472
874	472
874	468
875	468
875	467
876	467
876	466
877	466
877	462
878	462
878	461
879	461
879	460
880	460
880	459
881	459
881	452
880	452
880	449
879	449
879	446
878	446
878	445
877	445
877	437
873	437
873	438
872	438
872	439
870	439
870	440
864	440
864	441
863	441
863	442
857	442
857	443
856	443
856	444
853	444
853	445
851	445
851	446
850	446
850	447
848	447
848	448
846	448
846	449
844	449
844	450
841	450
841	451
840	451
840	452
837	452
837	453
836	453
836	454
835	454
835	455
834	455
834	456
833	456
833	457
832	457
832	458
831	458
831	459
830	459
830	460
829	460
829	461
828	461
828	462
824	462
824	463
822	463
822	464
821	464
821	465
818	465
818	466
817	466
817	467
816	467
816	470
815	470
815	471
814	471
814	472
813	472
813	473
812	473
812	474
811	474
811	475
810	475
810	477
809	477
809	478
808	478
808	479
806	479
806	480
805	480
805	481
804	481
804	482
801	482
801	483
800	483
800	488
799	488
799	493
798	493
798	494
797	494
797	498
796	498
796	499
795	499
795	500
794	500
794	501
793	501
793	502
792	502
792	503
791	503
791	504
790	504
790	507
789	507
789	510
788	510
788	511
787	511
787	514
786	514
786	515
785	515
785	516
784	516
784	517
783	517
783	518
782	518
782	520
781	520
781	521
780	521
780	522
779	522
779	523
778	523
778	524
777	524
777	525
773	525
773	526
772	526
772	527
770	527
770	528
767	528
767	529
766	529
766	530
764	530
764	531
763	531
763	533
762	533
762	534
761	534
761	535
760	535
760	536
759	536
759	537
725	537
725	536
697	536
697	535
690	535
690	534
676	534
676	533
673	533
673	532
662	532
662	533
661	533
661	534
657	534
657	535
656	535
656	536
655	536
655	541
654	541
654	542
653	542
653	545
652	545
652	550
651	550
651	551
650	551
650	552
647	552
647	553
646	553
646	554
645	554
645	555
644	555
644	556
643	556
643	557
642	557
642	558
639	558
639	559
638	559
638	560
635	560
635	561
633	561
633	562
630	562
630	563
629	563
629	564
627	564
627	565
626	565
626	566
625	566
625	567
621	567
621	568
610	568
610	569
605	569
605	570
602	570
602	571
601	571
601	572
598	572
598	573
593	573
593	574
587	574
587	575
586	575
586	576
585	576
585	577
584	577
584	578
583	578
583	579
582	579
582	584
581	584
581	586
580	586
580	587
579	587
579	588
557	588
557	587
549	587
549	586
548	586
548	585
547	585
547	584
546	584
546	583
544	583
544	582
543	582
543	581
542	581
542	580
541	580
541	579
540	579
540	578
539	578
539	577
538	577
538	572
537	572
537	571
536	571
536	564
533	564
533	563
532	563
532	562
531	562
531	561
530	561
530	560
529	560
529	559
528	559
528	558
527	558
527	556
526	556
526	555
525	555
525	554
524	554
524	553
523	553
523	552
522	552
522	551
521	551
521	550
520	550
520	546
519	546
519	542
518	542
518	541
517	541
517	540
507	540
507	539
506	539
506	538
505	538
505	537
504	537
504	536
503	536
503	527
502	527
502	520
501	520
501	495
486	495
486	494
485	494
485	493
481	493
481	492
480	492
480	491
477	491
477	490
476	490
476	489
473	489
473	488
472	488
472	487
471	487
471	486
470	486
470	485
469	485
469	493
468	493
468	494
467	494
467	495
455	495
455	494
445	494
445	493
444	493
444	492
443	492
443	491
442	491
442	490
441	490
441	489
440	489
440	487
439	487
439	485
438	485
438	482
437	482
437	477
436	477
436	462
437	462
437	458
438	458
438	455
439	455
439	414
438	414
438	404
437	404
437	393
436	393
436	385
435	385
435	382
434	382
434	381
433	381
433	380
432	380
432	324
431	324
431	322
430	322
430	307
429	307
429	306
428	306
428	305
427	305
427	304
423	304
423	303
422	303
422	302
421	302
421	301
420	301
420	300
419	300
419	299
409	299
409	298
401	298
401	297
396	297
396	296
395	296
395	295
394	295
394	293
382	293
382	294
381	294
381	295
371	295
371	296
369	296
369	297
367	297
367	298
363	298
363	299
360	299
360	300
355	300
355	301
354	301
354	302
349	302
349	303
344	303
344	304
338	304
338	305
335	305
335	306
332	306
332	307
330	307
330	308
329	308
329	309
326	309
326	310
323	310
323	311
322	311
322	312
320	312
320	313
319	313
319	314
317	314
317	316
316	316
316	317
315	317
315	318
314	318
314	319
313	319
313	321
312	321
312	322
311	322
311	323
310	323
310	324
309	324
309	325
308	325
308	326
307	326
307	327
306	327
306	328
305	328
305	329
304	329
304	330
303	330
303	331
302	331
302	332
301	332
301	333
300	333
300	334
299	334
299	335
298	335
298	340
297	340
297	341
296	341
296	347
295	347
295	348
294	348
294	349
293	349
293	350
292	350
292	352
291	352
291	354
290	354
290	360
291	360
291	363
292	363
292	368
291	368
291	369
290	369
290	370
287	370
287	371
247	371
247	370
246	370
246	369
245	369
245	333
244	333
244	330
243	330
243	329
242	329
242	327
241	327
241	325
240	325
240	324
239	324
239	323
238	323
238	322
237	322
237	321
232	321
232	320
231	320
231	319
230	319
230	318
229	318
229	317
228	317
228	316
227	316
227	315
226	315
226	314
225	314
225	312
222	312
222	311
219	311
219	310
215	310
215	309
214	309
214	308
211	308
211	307
206	307
206	306
205	306
205	305
204	305
204	304
202	304
202	303
201	303
201	302
200	302
200	298
199	298
199	296
198	296
198	295
197	295
197	294
196	294
196	293
195	293
195	292
194	292
194	291
193	291
193	290
192	290
192	287
191	287
191	286
189	286
189	285
188	285
188	284
187	284
187	280
186	280
186	278
185	278
185	269
184	269
184	266
183	266
183	265
182	265
182	260
181	260
181	257
180	257
180	250
179	250
179	246
171	246
171	247
142	247
142	246
140	246
140	245
139	245
139	244
138	244
138	226
139	226
139	198
140	198
140	197
141	197
141	196
146	196
146	197
147	197
147	198
148	198
148	202
147	202
147	229
146	229
146	239
168	239
168	238
183	238
183	239
184	239
184	240
185	240
185	241
186	241
186	242
187	242
187	247
188	247
188	254
189	254
189	257
190	257
190	261
191	261
191	262
192	262
192	265
193	265
193	275
194	275
194	276
195	276
195	279
196	279
196	280
197	280
197	281
198	281
198	282
199	282
199	283
200	283
200	286
201	286
201	287
202	287
202	288
203	288
203	289
204	289
204	290
205	290
205	291
206	291
206	292
207	292
207	295
208	295
208	298
209	298
209	299
215	299
215	300
219	300
219	301
220	301
220	302
223	302
223	303
225	303
225	304
229	304
229	305
230	305
230	306
231	306
231	307
232	307
232	308
233	308
233	311
234	311
234	312
235	312
235	313
240	313
240	314
241	314
241	315
242	315
242	316
243	316
243	317
244	317
244	318
245	318
245	319
246	319
246	320
247	320
247	321
248	321
248	322
249	322
249	323
250	323
250	325
251	325
251	326
252	326
252	329
253	329
253	363
282	363
282	350
283	350
283	348
284	348
284	347
285	347
285	346
286	346
286	345
287	345
287	344
288	344
288	338
289	338
289	337
290	337
290	332
291	332
291	331
292	331
292	330
293	330
293	329
294	329
294	328
295	328
295	327
296	327
296	325
297	325
297	324
298	324
298	323
300	323
300	321
301	321
301	320
302	320
302	319
303	319
303	318
305	318
305	316
306	316
306	315
307	315
307	313
308	313
308	312
309	312
309	311
310	311
310	310
311	310
311	309
312	309
312	308
313	308
313	307
314	307
314	306
315	306
315	305
316	305
316	304
319	304
319	303
320	303
320	302
323	302
323	301
325	301
325	300
326	300
326	299
329	299
329	298
332	298
332	297
335	297
335	296
341	296
341	295
345	295
345	294
350	294
350	293
351	293
351	292
357	292
357	291
360	291
360	290
364	290
364	289
366	289
366	288
368	288
368	287
378	287
378	286
379	286
379	285
400	285
400	286
401	286
401	287
402	287
402	289
404	289
404	290
413	290
413	291
423	291
423	292
424	292
424	293
425	293
425	295
426	295
426	296
431	296
431	297
432	297
432	298
433	298
433	299
434	299
434	300
435	300
435	301
436	301
436	302
437	302
437	303
438	303
438	318
439	318
439	321
440	321
440	377
441	377
441	378
442	378
442	379
443	379
443	382
444	382
444	389
445	389
445	401
446	401
446	410
447	410
447	459
446	459
446	462
445	462
445	466
444	466
444	474
445	474
445	479
446	479
446	482
447	482
447	484
448	484
448	485
449	485
449	486
458	486
458	487
461	487
461	480
462	480
462	479
463	479
463	478
464	478
464	477
473	477
473	478
474	478
474	479
476	479
476	480
477	480
477	481
479	481
479	482
480	482
480	483
483	483
483	484
484	484
484	485
489	485
489	486
490	486
490	487
505	487
505	488
506	488
506	489
507	489
507	490
508	490
508	491
509	491
509	517
510	517
510	523
511	523
511	532
523	532
523	533
524	533
524	534
525	534
525	537
526	537
526	538
527	538
527	542
528	542
528	546
529	546
529	547
530	547
530	548
531	548
531	549
532	549
532	550
533	550
533	551
534	551
534	553
535	553
535	555
536	555
536	556
539	556
539	557
540	557
540	558
541	558
541	559
542	559
542	560
543	560
543	562
544	562
544	568
545	568
545	569
546	569
546	573
547	573
547	574
548	574
548	575
550	575
550	576
551	576
551	577
552	577
552	578
553	578
553	579
560	579
560	580
574	580
574	576
575	576
575	575
576	575
576	574
577	574
577	573
578	573
578	572
579	572
579	571
580	571
580	570
581	570
581	569
582	569
582	568
583	568
583	567
584	567
584	566
590	566
590	565
595	565
595	564
597	564
597	563
598	563
598	562
601	562
601	561
606	561
606	560
617	560
617	559
621	559
621	558
622	558
622	557
623	557
623	556
626	556
626	555
627	555
627	554
630	554
630	553
631	553
631	552
635	552
635	551
636	551
636	550
639	550
639	549
640	549
640	548
641	548
641	547
642	547
642	546
643	546
643	545
644	545
644	542
645	542
645	539
646	539
646	538
647	538
647	533
648	533
648	532
649	532
649	531
650	531
650	530
651	530
651	529
652	529
652	528
653	528
653	527
654	527
654	526
658	526
658	525
659	525
659	524
677	524
677	525
680	525
680	526
693	526
693	527
700	527
700	528
728	528
728	529
755	529
755	528
756	528
756	526
757	526
757	525
758	525
758	524
759	524
759	523
760	523
760	522
763	522
763	521
764	521
764	520
767	520
767	519
769	519
769	518
770	518
770	517
773	517
773	516
774	516
774	515
775	515
775	514
776	514
776	512
777	512
777	511
778	511
778	510
779	510
779	507
780	507
780	506
781	506
781	504
782	504
782	500
783	500
783	499
784	499
784	498
786	498
786	495
787	495
787	494
788	494
788	493
789	493
789	490
790	490
790	489
791	489
791	484
792	484
792	480
793	480
793	479
794	479
794	478
795	478
795	477
796	477
796	476
797	476
797	475
798	475
798	474
800	474
800	473
801	473
801	472
802	472
802	471
803	471
803	470
804	470
804	469
805	469
805	468
806	468
806	467
807	467
807	466
808	466
808	464
809	464
809	463
810	463
810	462
811	462
811	461
812	461
812	460
813	460
813	459
814	459
814	458
815	458
815	457
818	457
818	456
819	456
819	455
821	455
821	454
824	454
824	453
825	453
825	452
826	452
826	451
827	451
827	450
828	450
828	449
829	449
829	448
830	448
830	447
831	447
831	446
832	446
832	445
833	445
833	444
836	444
836	443
838	443
838	442
841	442
841	441
842	441
842	440
845	440
845	439
847	439
847	438
848	438
848	437
850	437
850	436
852	436
852	435
853	435
853	434
860	434
860	433
861	433
861	432
867	432
867	431
869	431
869	430
870	430
870	429
872	429
872	428
873	428
873	427
881	427
881	428
882	428
882	429
883	429
883	430
884	430
884	434
885	434
885	441
886	441
886	442
887	442
887	446
888	446
888	449
889	449
889	462
888	462
888	463
887	463
887	464
886	464
886	466
885	466
885	470
884	470
884	471
883	471
883	472
882	472
882	475
881	475
881	476
880	476
880	491
879	491
879	494
878	494
878	497
877	497
877	498
876	498
876	518
875	518
875	527
876	527
876	528
877	528
877	529
880	529
880	530
886	530
886	531
888	531
888	532
890	532
890	533
892	533
892	534
893	534
893	535
894	535
894	537
895	537
895	538
896	538
896	539
897	539
897	540
898	540
898	541
899	541
899	542
900	542
900	544
901	544
901	545
902	545
902	549
903	549
903	556
904	556
904	560
905	560
905	561
909	561
909	562
916	562
916	563
917	563
917	564
918	564
918	565
921	565
921	566
922	566
922	567
924	567
924	568
925	568
925	569
930	569
930	570
931	570
931	571
932	571
932	607
933	607
933	610
934	610
934	612
935	612
935	613
936	613
936	618
937	618
937	640
938	640
938	641
939	641
939	647
940	647
940	653
941	653
941	657
942	657
942	656
943	656
943	655
945	655
945	654
946	654
946	653
949	653
949	652
954	652
954	651
987	651
987	652
988	652
988	653
989	653
989	654
990	654
990	664
991	664
991	704
992	704
992	707
993	707
993	710
1003	710
1003	709
1006	709
1006	708
1008	708
1008	707
1014	707
1014	706
1015	706
1015	705
1016	705
1016	704
1017	704
1017	703
1018	703
1018	702
1038	702
1038	701
1042	701
1042	700
1045	700
1045	699
1047	699
1047	698
1116	698
1116	697
1123	697
1123	698
1124	698
1124	699
1125	699
1125	704
1126	704
1126	705
1127	705
1127	706
1128	706
1128	707
1129	707
1129	710
1131	710
1131	711
1132	711
1132	712
1133	712
1133	713
1137	713
1137	714
1138	714
1138	715
1139	715
1139	716
1144	716
1144	717
1178	717
1178	718
1226	718
1226	719
1228	719
1228	720
1229	720
1229	721
1230	721
1230	722
1235	722
1235	723
1237	723
1237	724
1239	724
1239	725
1240	725
1240	726
1244	726
1244	727
1246	727
1246	728
1247	728
1247	729
1248	729
1248	730
1249	730
1249	731
1251	731
1251	732
1252	732
1252	733
1253	733
1253	734
1255	734
1255	735
1256	735
1256	736
1258	736
1258	737
1259	737
1259	738
1261	738
1261	739
1268	739
1268	738
1269	738
1269	737
1270	737
1270	736
1271	736
1271	735
1273	735
1273	734
1274	734
1274	733
1275	733
1275	732
1279	732
1279	731
1280	731
1280	730
1283	730
1283	729
1284	729
1284	728
1287	728
1287	727
1291	727
1291	726
1292	726
1292	725
1294	725
1294	724
1295	724
1295	723
1296	723
1296	722
1299	722
1299	721
1300	721
1300	720
1303	720
1303	719
1306	719
1306	718
1307	718
1307	717
1309	717
1309	716
1314	716
1314	715
1317	715
1317	714
1318	714
1318	713
1321	713
1321	712
1325	712
1325	711
1329	711
1329	710
1331	710
1331	709
1347	709
1347	708
1354	708
1354	707
1355	707
1355	706
1360	706
1360	705
1361	705
1361	704
1362	704
1362	703
1365	703
1365	702
1379	702
1379	701
1380	701
1380	700
1381	700
1381	698
1382	698
1382	697
1383	697
1383	694
1384	694
1384	693
1385	693
1385	687
1386	687
1386	684
1387	684
1387	673
1388	673
1388	671
1389	671
1389	670
1390	670
1390	668
1391	668
1391	667
1392	667
1392	661
1393	661
1393	657
1394	657
1394	656
1395	656
1395	655
1396	655
1396	654
1397	654
1397	653
1398	653
1398	652
1399	652
1399	651
1400	651
1400	650
1401	650
1401	649
1402	649
1402	648
1405	648
1405	647
1407	647
1407	645
1408	645
1408	644
1409	644
1409	643
1410	643
1410	642
1411	642
1411	641
1412	641
1412	640
1413	640
1413	637
1414	637
1414	636
1415	636
1415	635
1416	635
1416	634
1417	634
1417	633
1419	633
1419	632
1420	632
1420	631
1421	631
1421	630
1422	630
1422	629
1423	629
1423	628
1425	628
1425	627
1426	627
1426	626
1427	626
1427	625
1428	625
1428	624
1429	624
1429	623
1430	623
1430	622
1431	622
1431	621
1432	621
1432	620
1433	620
1433	619
1434	619
1434	618
1435	618
1435	616
1436	616
1436	615
1437	615
1437	614
1438	614
1438	613
1439	613
1439	612
1440	612
1440	611
1441	611
1441	610
1442	610
1442	609
1443	609
1443	608
1444	608
1444	607
1445	607
1445	606
1446	606
1446	604
1447	604
1447	603
1448	603
1448	601
1449	601
1449	600
1450	600
1450	598
1451	598
1451	597
1452	597
1452	595
1453	595
1453	594
1454	594
1454	585
1455	585
1455	578
1456	578
1456	577
1457	577
1457	576
1458	576
1458	575
1459	575
1459	572
1457	572
1457	571
1455	571
1455	570
1454	570
1454	569
1453	569
1453	566
1452	566
1452	565
1451	565
1451	564
1450	564
1450	538
1451	538
1451	537
1452	537
1452	536
1453	536
1453	535
1454	535
1454	534
1455	534
1455	533
1456	533
1456	532
1459	532
1459	531
1460	531
1460	530
1461	530
1461	529
1463	529
1463	528
1464	528
1464	527
1465	527
1465	526
1467	526
1467	525
1470	525
1470	524
1471	524
1471	523
1474	523
1474	522
1475	522
1475	521
1494	521
1494	522
1495	522
1495	523
1499	523
1499	524
1500	524
1500	525
1501	525
1501	526
1502	526
1502	527
1503	527
1503	528
1504	528
1504	529
1505	529
1505	530
1506	530
1506	533
1507	533
1507	539
1508	539
1508	540
1509	540
1509	550
1510	550
1510	555
1511	555
1511	556
1512	556
1512	564
1513	564
1513	567
1514	567
1514	568
1515	568
1515	569
1516	569
1516	572
1517	572
1517	573
1518	573
1518	574
1536	574
1536	573
1547	573
1547	572
1579	572
1579	573
1580	573
1580	574
1583	574
1583	575
1584	575
1584	576
1585	576
1585	579
1586	579
1586	580
1587	580
1587	581
1588	581
1588	586
1589	586
1589	587
1590	587
1590	588
1591	588
1591	591
1592	591
1592	593
1593	593
1593	596
1594	596
1594	597
1595	597
1595	601
1596	601
1596	603
1597	603
1597	604
1598	604
1598	609
1599	609
1599	610
1600	610
1600	624
1599	624
1599	625
1598	625
1598	630
1597	630
1597	631
1596	631
1596	640
1597	640
1597	645
1598	645
1598	646
1599	646
1599	647
1600	647
1600	649
1618	649
1618	650
1619	650
1619	651
1621	651
1621	652
1624	652
1624	653
1626	653
1626	654
1627	654
1627	655
1631	655
1631	656
1632	656
1632	657
1633	657
1633	658
1634	658
1634	659
1635	659
1635	660
1639	660
1639	661
1640	661
1640	662
1642	662
1642	663
1646	663
1646	664
1647	664
1647	665
1648	665
1648	666
1649	666
1649	667
1650	667
1650	668
1651	668
1651	671
1652	671
1652	707
1653	707
1653	721
1654	721
1654	722
1656	722
1656	723
1658	723
1658	724
1659	724
1659	725
1660	725
1660	742
1661	742
1661	743
1662	743
1662	744
1665	744
1665	745
1666	745
1666	746
1667	746
1667	747
1669	747
1669	748
1670	748
1670	749
1671	749
1671	750
1672	750
1672	752
1673	752
1673	773
1672	773
1672	774
1671	774
1671	775
1668	775
1668	776
1667	776
1667	777
1666	777
1666	788
1665	788
1665	789
1664	789
1664	821
1665	821
1665	859
1666	859
1666	867
1667	867
1667	868
1669	868
1669	869
1670	869
1670	870
1671	870
1671	872
1672	872
1672	880
1673	880
1673	881
1674	881
1674	882
1675	882
1675	883
1676	883
1676	886
1677	886
1677	888
1678	888
1678	889
1679	889
1679	890
1680	890
1680	891
1683	891
1683	892
1686	892
1686	893
1705	893
1705	894
1711	894
1711	895
1714	895
1714	896
1715	896
1715	897
1720	897
1720	898
1734	898
1734	897
1735	897
1735	896
1738	896
1738	895
1739	895
1739	894
1768	894
1768	895
1776	895
1776	896
1780	896
1780	897
1781	897
1781	898
1782	898
1782	899
1787	899
1787	900
1788	900
1788	901
1793	901
1793	902
1794	902
1794	903
1801	903
1801	904
1853	904
1853	900
1854	900
1854	899
1855	899
1855	894
1856	894
1856	893
1857	893
1857	891
1858	891
1858	890
1859	890
1859	889
1860	889
1860	888
1861	888
1861	881
1862	881
1862	880
1863	880
1863	879
1864	879
1864	873
1865	873
1865	872
1866	872
1866	871
1867	871
1867	870
1868	870
1868	869
1870	869
1870	868
1871	868
1871	867
1872	867
1872	866
1873	866
1873	865
1874	865
1874	864
1875	864
1875	861
1876	861
1876	860
1877	860
1877	859
1878	859
1878	857
1879	857
1879	855
1880	855
1880	854
1881	854
1881	853
1882	853
1882	852
1883	852
1883	849
1884	849
1884	848
1885	848
1885	847
1886	847
1886	846
1887	846
1887	844
1888	844
1888	843
1889	843
1889	842
1891	842
1891	841
1892	841
1892	839
1893	839
1893	837
1894	837
1894	835
1895	835
1895	834
1896	834
1896	831
1897	831
1897	830
1898	830
1898	829
1899	829
1899	828
1900	828
1900	827
1901	827
1901	826
1902	826
1902	824
1903	824
1903	823
1904	823
1904	818
1905	818
1905	817
1906	817
1906	815
1907	815
1907	810
1908	810
1908	809
1909	809
1909	807
1910	807
1910	806
1911	806
1911	803
1912	803
1912	800
1913	800
1913	794
1914	794
1914	782
1915	782
1915	781
1916	781
1916	780
1917	780
1917	767
1918	767
1918	766
1919	766
1919	765
1920	765
1920	762
1921	762
1921	712
1922	712
1922	710
1923	710
1923	705
1924	705
1924	698
1925	698
1925	697
1926	697
1926	692
1927	692
1927	689
1928	689
1928	688
1929	688
1929	684
1930	684
1930	683
1931	683
1931	682
1932	682
1932	681
1933	681
1933	678
1934	678
1934	675
1935	675
1935	674
1936	674
1936	666
1937	666
1937	664
1938	664
1938	660
1939	660
1939	659
1940	659
1940	658
1941	658
1941	657
1942	657
1942	652
1943	652
1943	651
1944	651
1944	650
1954	650
1954	651
1955	651
1955	652
1956	652
1956	654
1957	654
1957	656
1958	656
1958	658
1959	658
1959	659
1960	659
1960	660
1961	660
1961	663
1962	663
1962	665
1963	665
1963	666
1964	666
1964	667
1965	667
1965	668
1966	668
1966	669
1967	669
1967	670
1968	670
1968	673
1969	673
1969	676
1970	676
1970	666
1971	666
1971	665
1972	665
1972	664
1973	664
1973	663
1974	663
1974	662
1975	662
1975	661
1977	661
1977	658
1978	658
1978	657
1979	657
1979	654
1980	654
1980	652
1981	652
1981	651
1982	651
1982	650
1983	650
1983	649
1984	649
1984	648
1985	648
1985	647
1986	647
1986	645
1987	645
1987	643
1988	643
1988	641
1989	641
1989	638
1990	638
1990	635
1991	635
1991	632
1992	632
1992	631
1993	631
1993	627
1994	627
1994	626
1995	626
1995	623
1996	623
1996	619
1997	619
1997	618
1998	618
1998	612
1999	612
1999	604
2000	604
2000	603
2001	603
2001	599
2002	599
2002	598
2003	598
2003	596
2004	596
2004	594
2005	594
2005	593
2006	593
2006	592
2008	592
2008	591
2009	591
2009	590
2011	590
2011	588
2012	588
2012	587
2013	587
2013	586
2014	586
2014	585
2015	585
2015	584
2016	584
2016	582
2017	582
2017	581
2018	581
2018	580
2019	580
2019	579
2020	579
2020	578
2021	578
2021	577
2024	577
2024	576
2025	576
2025	575
2026	575
2026	574
2027	574
2027	573
2028	573
2028	572
2029	572
2029	571
2030	571
2030	570
2031	570
2031	569
2036	569
2036	568
2037	568
2037	567
2040	567
2040	565
2041	565
2041	564
2042	564
2042	563
2043	563
2043	562
2045	562
2045	561
2046	561
2046	560
2047	560
2047	559
2048	559
2048	558
2049	558
2049	557
2053	557
2053	556
2054	556
2054	555
2057	555
2057	554
2060	554
2060	553
2061	553
2061	552
2066	552
2066	551
2068	551
2068	550
2070	550
2070	549
2071	549
2071	548
2072	548
2072	547
2073	547
2073	546
2078	546
2078	545
2079	545
2079	544
2080	544
2080	543
2081	543
2081	542
2082	542
2082	541
2083	541
2083	540
2088	540
2088	539
2089	539
2089	538
2091	538
2091	537
2092	537
2092	536
2095	536
2095	535
2098	535
2098	534
2099	534
2099	533
2103	533
2103	532
2106	532
2106	531
2107	531
2107	530
2108	530
2108	529
2109	529
2109	528
2115	528
2115	527
2116	527
2116	526
2117	526
2117	525
2121	525
2121	524
2124	524
2124	523
2126	523
2126	521
2127	521
2127	520
2128	520
2128	519
2129	519
2129	518
2130	518
2130	517
2131	517
2131	516
2132	516
2132	515
2134	515
2134	514
2135	514
2135	513
2136	513
2136	512
2139	512
2139	511
2141	511
2141	510
2142	510
2142	509
2143	509
2143	508
2144	508
2144	507
2145	507
2145	506
2148	506
2148	505
2150	505
2150	504
2151	504
2151	503
2152	503
2152	502
2155	502
2155	501
2156	501
2156	500
2157	500
2157	499
2162	499
2162	498
2167	498
2167	497
2170	497
2170	496
2172	496
2172	495
2173	495
2173	494
2176	494
2176	493
2197	493
2197	494
2199	494
2199	495
2205	495
2205	496
2207	496
2207	497
2208	497
2208	498
2210	498
2210	499
2213	499
2213	500
2216	500
2216	501
2217	501
2217	502
2221	502
2221	503
2226	503
2226	504
2227	504
2227	505
2228	505
2228	508
2229	508
2229	509
2230	509
2230	515
2231	515
2231	516
2232	516
2232	517
2233	517
2233	518
2234	518
2234	519
2235	519
2235	552
2234	552
2234	553
2233	553
2233	557
2232	557
2232	561
2231	561
2231	562
2230	562
2230	566
2234	566
2234	567
2235	567
2235	568
2236	568
2236	569
2237	569
2237	572
2238	572
2238	573
2241	573
2241	574
2242	574
2242	575
2243	575
2243	576
2244	576
2244	577
2247	577
2247	578
2248	578
2248	579
2249	579
2249	580
2253	580
2253	581
2257	581
2257	582
2259	582
2259	583
2265	583
2265	584
2266	584
2266	585
2279	585
2279	586
2280	586
2280	587
2281	587
2281	591
2284	591
2284	592
2285	592
2285	593
2286	593
2286	595
2287	595
2287	596
2289	596
2289	597
2295	597
2295	598
2296	598
2296	599
2306	599
2306	600
2309	600
2309	601
2310	601
2310	602
2312	602
2312	603
2314	603
2314	604
2315	604
2315	605
2318	605
2318	606
2319	606
2319	607
2320	607
2320	619
2321	619
2321	620
2322	620
2322	621
2323	621
2323	623
2324	623
2324	624
2325	624
2325	626
2326	626
2326	627
2327	627
2327	628
2328	628
2328	630
2329	630
2329	631
2330	631
2330	632
2331	632
2331	639
2332	639
2332	640
2333	640
2333	643
2334	643
2334	648
2335	648
2335	649
2337	649
2337	650
2338	650
2338	651
2339	651
2339	652
2340	652
2340	653
2341	653
2341	654
2342	654
2342	655
2343	655
2343	656
2344	656
2344	657
2345	657
2345	660
2346	660
2346	663
2354	663
2354	664
2355	664
2355	665
2360	665
2360	666
2365	666
2365	667
2366	667
2366	668
2367	668
2367	669
2368	669
2368	674
2369	674
2369	676
2370	676
2370	677
2371	677
2371	680
2372	680
2372	683
2373	683
2373	685
2374	685
2374	686
2375	686
2375	690
2376	690
2376	691
2377	691
2377	695
2378	695
2378	696
2379	696
2379	727
2380	727
2380	728
2381	728
2381	729
2382	729
2382	730
2385	730
2385	731
2386	731
2386	732
2387	732
2387	733
2388	733
2388	734
2389	734
2389	735
2391	735
2391	736
2393	736
2393	737
2394	737
2394	738
2395	738
2395	739
2396	739
2396	740
2397	740
2397	741
2399	741
2399	742
2400	742
2400	743
2436	743
2436	744
2437	744
2437	745
2438	745
2438	748
2439	748
2439	749
2440	749
2440	750
2441	750
2441	751
2442	751
2442	752
2443	752
2443	753
2444	753
2444	754
2445	754
2445	757
2448	757
2448	758
2449	758
2449	759
2450	759
2450	760
2452	760
2452	761
2454	761
2454	762
2456	762
2456	763
2457	763
2457	764
2459	764
2459	765
2465	765
2465	766
2468	766
2468	767
2475	767
2475	768
2476	768
2476	769
2493	769
2493	768
2494	768
2494	767
2496	767
2496	766
2497	766
2497	765
2502	765
2502	764
2514	764
2514	763
2515	763
2515	762
2520	762
2520	761
2521	761
2521	760
2524	760
2524	759
2525	759
2525	758
2526	758
2526	757
2571	757
2571	756
2575	756
2575	750
2576	750
2576	747
2577	747
2577	746
2578	746
2578	744
2579	744
2579	743
2580	743
2580	741
2581	741
2581	740
2582	740
2582	739
2583	739
2583	738
2584	738
2584	737
2585	737
2585	736
2586	736
2586	735
2588	735
2588	725
2589	725
2589	716
2590	716
2590	702
2591	702
2591	701
2592	701
2592	697
2593	697
2593	696
2594	696
2594	694
2595	694
2595	692
2596	692
2596	685
2597	685
2597	684
2598	684
2598	676
2599	676
2599	674
2600	674
2600	672
2601	672
2601	665
2602	665
2602	660
2603	660
2603	659
2604	659
2604	637
2605	637
2605	625
2606	625
2606	624
2607	624
2607	616
2606	616
2606	566
2607	566
2607	562
2608	562
2608	559
2609	559
2609	546
2610	546
2610	545
2611	545
2611	503
2610	503
2610	502
2609	502
2609	501
2608	501
2608	500
2607	500
2607	499
2606	499
2606	495
2605	495
2605	490
2604	490
2604	489
2603	489
2603	480
2602	480
2602	479
2601	479
2601	446
2602	446
2602	443
2603	443
2603	438
2604	438
2604	433
2605	433
2605	432
2606	432
2606	430
2607	430
2607	425
2608	425
2608	424
2609	424
2609	422
2608	422
2608	421
2607	421
2607	401
2608	401
2608	399
2609	399
2609	398
2610	398
2610	395
2611	395
2611	394
2612	394
2612	393
2615	393
2615	392
2620	392
2620	391
2621	391
2621	390
2626	390
2626	389
2627	389
2627	388
2628	388
2628	387
2629	387
2629	386
2630	386
2630	385
2632	385
2632	384
2633	384
2633	383
2636	383
2636	382
2637	382
2637	381
2638	381
2638	380
2642	380
2642	379
2662	379
2662	378
2663	378
2663	377
2665	377
2665	376
2668	376
2668	375
2669	375
2669	374
2675	374
2675	372
2676	372
2676	371
2677	371
2677	370
2680	370
2680	369
2687	369
2687	368
2693	368
2693	367
2694	367
2694	362
2695	362
2695	360
2696	360
2696	359
2697	359
2697	357
2698	357
2698	354
2699	354
2699	353
2700	353
2700	327
2701	327
2701	326
2702	326
2702	325
2703	325
2703	303
2704	303
2704	301
2705	301
2705	300
2706	300
2706	297
2707	297
2707	295
2708	295
2708	288
2709	288
2709	285
2710	285
2710	284
2711	284
2711	283
2712	283
2712	282
2713	282
2713	281
2714	281
2714	280
2715	280
2715	279
2716	279
2716	277
2717	277
2717	275
2718	275
2718	274
2719	274
2719	273
2720	273
2720	272
2721	272
2721	271
2722	271
2722	270
2723	270
2723	269
2724	269
2724	268
2725	268
2725	267
2726	267
2726	266
2727	266
2727	265
2728	265
2728	264
2729	264
2729	263
2730	263
2730	262
2732	262
2732	261
2733	261
2733	260
2734	260
2734	259
2755	259
2755	258
2761	258
2761	257
2778	257
2778	258
2781	258
2781	259
2782	259
2782	260
2783	260
2783	261
2786	261
2786	262
2787	262
2787	263
2788	263
2788	264
2790	264
2790	265
2791	265
2791	266
2792	266
2792	267
2800	267
2800	268
2801	268
2801	269
2804	269
2804	270
2811	270
2811	271
2813	271
2813	272
2814	272
2814	273
2817	273
2817	274
2820	274
2820	275
2821	275
2821	276
2822	276
2822	277
2837	277
2837	278
2842	278
2842	279
2846	279
2846	280
2847	280
2847	281
2852	281
2852	282
2878	282
2878	281
2888	281
2888	280
2889	280
2889	279
2893	279
2893	278
2901	278
2901	277
2902	277
2902	276
2937	276
2937	277
2938	277
2938	278
2943	278
2943	279
2945	279
2945	280
2947	280
2947	281
2948	281
2948	282
2951	282
2951	283
2952	283
2952	284
2953	284
2953	285
2957	285
2957	286
2960	286
2960	287
2963	287
2963	288
2964	288
2964	289
2967	289
2967	290
2968	290
2968	291
2974	291
2974	292
2975	292
2975	293
2980	293
2980	294
3024	294
3024	293
3026	293
3026	292
3027	292
3027	291
3030	291
3030	290
3031	290
3031	289
3033	289
3033	288
3034	288
3034	287
3037	287
3037	286
3038	286
3038	285
3039	285
3039	284
3045	284
3045	283
3051	283
3051	282
3052	282
3052	281
3056	281
3056	280
3058	280
3058	279
3059	279
3059	278
3064	278
3064	277
3066	277
3066	276
3067	276
3067	275
3068	275
3068	274
3071	274
3071	273
3073	273
3073	272
3076	272
3076	271
3139	271
3139	272
3142	272
3142	273
3144	273
3144	274
3146	274
3146	275
3147	275
3147	276
3148	276
