1044	516
1045	516
1045	518
1044	518
1044	522
1043	522
1043	524
1044	524
1044	526
1043	526
1043	532
1042	532
1042	548
1041	548
1041	562
1040	562
1040	564
1039	564
1039	565
1040	565
1040	566
1041	566
1041	568
1040	568
1040	573
1039	573
1039	575
1038	575
1038	576
1036	576
1036	578
1035	578
1035	582
1034	582
1034	583
1033	583
1033	587
1032	587
1032	593
1031	593
1031	592
1029	592
1029	593
1026	593
1026	594
1023	594
1023	593
1022	593
1022	591
1020	591
1020	588
1019	588
1019	586
1017	586
1017	585
1012	585
1012	584
1010	584
1010	585
1008	585
1008	586
1006	586
1006	585
1001	585
1001	584
1000	584
1000	583
997	583
997	581
996	581
996	580
994	580
994	578
992	578
992	577
983	577
983	578
978	578
978	574
976	574
976	573
975	573
975	570
973	570
973	569
972	569
972	568
973	568
973	567
974	567
974	565
975	565
975	563
976	563
976	560
971	560
971	561
969	561
969	562
967	562
967	563
966	563
966	565
965	565
965	566
964	566
964	555
965	555
965	554
964	554
964	539
963	539
963	537
962	537
962	535
960	535
960	534
959	534
959	533
958	533
958	532
957	532
957	531
954	531
954	529
952	529
952	528
951	528
951	527
950	527
950	526
949	526
949	521
950	521
950	520
949	520
949	517
948	517
948	515
949	515
949	512
948	512
948	510
949	510
949	505
948	505
948	502
949	502
949	496
950	496
950	495
949	495
949	492
948	492
948	490
949	490
949	487
948	487
948	486
947	486
947	485
948	485
948	482
949	482
949	478
948	478
948	477
949	477
949	475
948	475
948	474
949	474
949	470
948	470
948	467
946	467
946	465
944	465
944	464
943	464
943	463
942	463
942	462
940	462
940	461
939	461
939	459
938	459
938	458
935	458
935	456
934	456
934	455
933	455
933	452
934	452
934	440
935	440
935	438
934	438
934	429
935	429
935	425
936	425
936	424
935	424
935	403
934	403
934	399
933	399
933	398
932	398
932	397
931	397
931	396
930	396
930	394
929	394
929	393
927	393
927	391
925	391
925	386
924	386
924	384
922	384
922	383
920	383
920	382
919	382
919	381
920	381
920	372
919	372
919	369
920	369
920	363
919	363
919	362
920	362
920	352
921	352
921	327
920	327
920	326
921	326
921	325
922	325
922	322
923	322
923	321
922	321
922	322
921	322
921	323
920	323
920	321
919	321
919	319
918	319
918	316
914	316
914	315
913	315
913	314
910	314
910	313
909	313
909	312
908	312
908	311
906	311
906	308
905	308
905	307
901	307
901	306
890	306
890	307
888	307
888	306
887	306
887	307
885	307
885	308
882	308
882	307
878	307
878	308
875	308
875	309
866	309
866	310
864	310
864	311
862	311
862	312
860	312
860	314
858	314
858	315
857	315
857	316
855	316
855	317
853	317
853	318
851	318
851	319
850	319
850	320
848	320
848	321
847	321
847	322
845	322
845	323
844	323
844	324
842	324
842	325
841	325
841	326
840	326
840	327
839	327
839	331
837	331
837	332
836	332
836	334
837	334
837	335
836	335
836	336
835	336
835	340
836	340
836	342
835	342
835	343
831	343
831	344
830	344
830	343
827	343
827	344
822	344
822	345
819	345
819	344
812	344
812	345
809	345
809	346
808	346
808	347
806	347
806	348
805	348
805	349
804	349
804	350
803	350
803	351
802	351
802	353
800	353
800	355
799	355
799	357
798	357
798	359
794	359
794	360
791	360
791	361
787	361
787	363
786	363
786	364
784	364
784	365
783	365
783	367
782	367
782	369
781	369
781	371
779	371
779	373
778	373
778	375
777	375
777	379
776	379
776	381
777	381
777	382
776	382
776	386
775	386
775	387
773	387
773	388
775	388
775	404
774	404
774	407
769	407
769	406
765	406
765	405
764	405
764	406
762	406
762	405
759	405
759	406
749	406
749	405
743	405
743	404
741	404
741	405
737	405
737	406
735	406
735	407
733	407
733	408
732	408
732	409
731	409
731	410
727	410
727	411
726	411
726	412
723	412
723	411
715	411
715	412
711	412
711	413
710	413
710	412
708	412
708	411
704	411
704	412
702	412
702	411
701	411
701	410
700	410
700	408
699	408
699	407
697	407
697	406
696	406
696	405
694	405
694	404
693	404
693	403
692	403
692	402
686	402
686	397
687	397
687	396
688	396
688	394
687	394
687	387
688	387
688	384
689	384
689	382
688	382
688	376
687	376
687	373
686	373
686	371
685	371
685	370
684	370
684	369
683	369
683	368
682	368
682	367
681	367
681	366
680	366
680	365
676	365
676	364
663	364
663	365
656	365
656	364
654	364
654	363
653	363
653	362
652	362
652	361
651	361
651	360
649	360
649	359
647	359
647	358
646	358
646	357
645	357
645	356
643	356
643	357
639	357
639	349
640	349
640	348
639	348
639	343
638	343
638	342
639	342
639	333
640	333
640	332
642	332
642	331
643	331
643	329
642	329
642	328
641	328
641	329
640	329
640	330
639	330
639	331
637	331
637	329
638	329
638	327
637	327
637	326
638	326
638	325
637	325
637	314
636	314
636	306
637	306
637	305
636	305
636	304
635	304
635	301
636	301
636	300
635	300
635	295
636	295
636	292
635	292
635	284
636	284
636	283
635	283
635	281
634	281
634	276
635	276
635	271
634	271
634	268
635	268
635	263
634	263
634	262
635	262
635	252
634	252
634	250
635	250
635	248
636	248
636	245
637	245
637	240
638	240
638	238
639	238
639	237
640	237
640	233
638	233
638	232
636	232
636	231
634	231
634	229
633	229
633	227
632	227
632	226
631	226
631	225
630	225
630	226
627	226
627	227
626	227
626	228
622	228
622	227
620	227
620	226
619	226
619	225
618	225
618	226
615	226
615	225
610	225
610	226
607	226
607	227
605	227
605	226
604	226
604	227
597	227
597	228
595	228
595	229
594	229
594	230
592	230
592	232
591	232
591	234
590	234
590	236
589	236
589	237
588	237
588	241
587	241
587	243
588	243
588	247
587	247
587	248
585	248
585	249
586	249
586	251
581	251
581	250
580	250
580	251
578	251
578	252
576	252
576	253
574	253
574	254
573	254
573	255
571	255
571	256
568	256
568	257
566	257
566	258
563	258
563	259
561	259
561	260
558	260
558	261
555	261
555	262
554	262
554	263
553	263
553	264
552	264
552	265
551	265
551	266
549	266
549	267
548	267
548	268
547	268
547	269
546	269
546	270
545	270
545	271
544	271
544	272
543	272
543	273
542	273
542	274
541	274
541	275
540	275
540	276
539	276
539	277
538	277
538	278
537	278
537	279
535	279
535	280
534	280
534	281
533	281
533	283
532	283
532	284
530	284
530	285
529	285
529	287
528	287
528	293
527	293
527	294
526	294
526	295
524	295
524	296
525	296
525	298
524	298
524	299
522	299
522	300
518	300
518	301
517	301
517	302
516	302
516	303
513	303
513	304
512	304
512	305
509	305
509	306
503	306
503	304
502	304
502	302
501	302
501	300
500	300
500	299
499	299
499	298
497	298
497	297
496	297
496	296
495	296
495	295
494	295
494	294
493	294
493	292
492	292
492	291
490	291
490	289
488	289
488	287
486	287
486	285
484	285
484	284
483	284
483	282
482	282
482	281
480	281
480	279
477	279
477	278
476	278
476	277
475	277
475	273
474	273
474	270
473	270
473	263
472	263
472	261
471	261
471	260
470	260
470	258
469	258
469	255
468	255
468	249
467	249
467	248
466	248
466	244
465	244
465	243
464	243
464	242
463	242
463	241
460	241
460	240
453	240
453	239
452	239
452	238
449	238
449	237
447	237
447	236
446	236
446	235
443	235
443	234
441	234
441	233
440	233
440	232
439	232
439	231
438	231
438	230
437	230
437	229
436	229
436	228
435	228
435	226
436	226
436	225
435	225
435	224
434	224
434	220
433	220
433	219
434	219
434	215
435	215
435	212
434	212
434	208
433	208
433	204
432	204
432	199
431	199
431	197
432	197
432	196
430	196
430	193
429	193
429	191
428	191
428	188
427	188
427	185
428	185
428	183
427	183
427	171
428	171
428	170
427	170
427	166
428	166
428	162
429	162
429	159
428	159
428	156
425	156
425	155
422	155
422	156
415	156
415	155
413	155
413	153
412	153
412	152
411	152
411	151
410	151
410	150
408	150
408	148
406	148
406	147
396	147
396	148
395	148
395	146
394	146
394	145
393	145
393	144
392	144
392	143
391	143
391	142
390	142
390	140
389	140
389	138
386	138
386	137
385	137
385	136
383	136
383	135
382	135
382	134
381	134
381	133
380	133
380	132
379	132
379	131
378	131
378	130
376	130
376	129
372	129
372	128
361	128
361	129
360	129
360	128
358	128
358	127
353	127
353	128
346	128
346	127
344	127
344	128
335	128
335	129
333	129
333	131
332	131
332	132
331	132
331	133
330	133
330	134
329	134
329	136
327	136
327	137
326	137
326	140
325	140
325	142
323	142
323	145
322	145
322	146
321	146
321	148
320	148
320	150
318	150
318	151
316	151
316	153
315	153
315	154
311	154
311	153
309	153
309	152
308	152
308	151
305	151
305	150
301	150
301	149
297	149
297	150
294	150
294	151
293	151
293	152
292	152
292	153
290	153
290	156
289	156
289	158
288	158
288	159
284	159
284	160
283	160
283	161
282	161
282	164
281	164
281	165
282	165
282	167
281	167
281	170
280	170
280	172
278	172
278	177
277	177
277	180
276	180
276	181
275	181
275	182
274	182
274	183
275	183
275	186
274	186
274	193
275	193
275	196
274	196
274	199
273	199
273	204
272	204
272	206
273	206
273	215
274	215
274	220
275	220
275	221
274	221
274	231
275	231
275	234
274	234
274	251
273	251
273	257
274	257
274	258
273	258
273	259
274	259
274	262
273	262
273	263
272	263
272	278
273	278
273	279
272	279
272	281
273	281
273	282
272	282
272	284
273	284
273	292
272	292
272	295
271	295
271	298
270	298
270	299
268	299
268	303
267	303
267	304
266	304
266	305
265	305
265	306
264	306
264	308
263	308
263	309
262	309
262	311
261	311
261	314
260	314
260	315
259	315
259	318
258	318
258	321
257	321
257	322
256	322
256	323
253	323
253	322
252	322
252	321
251	321
251	320
250	320
250	318
247	318
247	317
244	317
244	316
240	316
240	317
234	317
234	318
232	318
232	317
230	317
230	318
227	318
227	319
226	319
226	320
223	320
223	321
220	321
220	324
218	324
218	325
217	325
217	326
216	326
216	327
217	327
217	329
216	329
216	330
215	330
215	332
214	332
214	335
213	335
213	342
212	342
212	347
211	347
211	348
212	348
212	350
211	350
211	355
210	355
210	356
211	356
211	362
210	362
210	365
211	365
211	366
209	366
209	367
208	367
208	368
207	368
207	369
205	369
205	370
203	370
203	372
198	372
198	371
196	371
196	372
192	372
192	373
190	373
190	374
189	374
189	376
186	376
186	378
180	378
180	377
178	377
178	376
163	376
163	375
156	375
156	376
152	376
152	375
150	375
150	374
149	374
149	373
148	373
148	371
145	371
145	370
144	370
144	369
143	369
143	368
142	368
142	369
135	369
135	370
134	370
134	369
133	369
133	368
132	368
132	367
131	367
131	366
130	366
130	361
129	361
129	359
128	359
128	358
127	358
127	355
126	355
126	354
125	354
125	350
124	350
124	347
123	347
123	345
122	345
122	342
121	342
121	340
120	340
120	339
121	339
121	338
120	338
120	337
119	337
119	336
118	336
118	333
117	333
117	331
116	331
116	326
115	326
115	320
116	320
116	319
115	319
115	312
116	312
116	306
117	306
117	305
116	305
116	302
115	302
115	301
116	301
116	299
115	299
115	297
114	297
114	295
113	295
113	294
112	294
112	293
110	293
110	292
108	292
108	291
107	291
107	292
105	292
105	291
100	291
100	290
96	290
96	291
87	291
87	292
84	292
84	293
82	293
82	292
76	292
76	291
75	291
75	289
74	289
74	284
73	284
73	282
74	282
74	278
73	278
73	266
72	266
72	263
74	263
74	259
75	259
75	258
74	258
74	249
75	249
75	248
74	248
74	245
75	245
75	243
76	243
76	241
75	241
75	240
74	240
74	239
75	239
75	237
76	237
76	235
75	235
75	227
76	227
76	224
75	224
75	219
76	219
76	213
77	213
77	211
78	211
78	208
80	208
80	207
82	207
82	206
83	206
83	205
84	205
84	203
85	203
85	199
84	199
84	198
83	198
83	197
82	197
82	195
81	195
81	192
80	192
80	190
77	190
77	189
75	189
75	188
74	188
74	187
73	187
73	186
72	186
72	187
70	187
70	186
66	186
66	185
64	185
64	183
63	183
63	175
64	175
64	174
63	174
63	173
64	173
64	172
63	172
63	159
62	159
62	157
63	157
63	155
64	155
64	153
63	153
63	145
62	145
62	141
63	141
63	140
62	140
62	139
61	139
61	136
60	136
60	131
58	131
58	130
57	130
57	122
58	122
58	116
57	116
57	117
55	117
55	115
56	115
56	112
57	112
57	110
58	110
58	108
57	108
57	109
56	109
56	110
55	110
55	112
54	112
54	118
53	118
53	136
54	136
54	143
55	143
55	149
56	149
56	152
55	152
55	162
54	162
54	164
56	164
56	169
55	169
55	174
54	174
54	175
55	175
55	184
54	184
54	185
53	185
53	188
52	188
52	189
53	189
53	191
54	191
54	192
55	192
55	193
57	193
57	194
59	194
59	195
63	195
63	194
66	194
66	195
67	195
67	196
69	196
69	197
71	197
71	199
72	199
72	203
71	203
71	204
70	204
70	206
69	206
69	208
68	208
68	210
67	210
67	217
66	217
66	222
67	222
67	224
66	224
66	228
65	228
65	229
66	229
66	232
65	232
65	235
66	235
66	238
65	238
65	246
66	246
66	249
65	249
65	250
66	250
66	251
65	251
65	256
64	256
64	258
65	258
65	262
66	262
66	269
67	269
67	271
66	271
66	275
65	275
65	286
66	286
66	289
65	289
65	290
66	290
66	294
65	294
65	296
64	296
64	298
65	298
65	300
67	300
67	301
71	301
71	302
72	302
72	301
78	301
78	302
79	302
79	301
85	301
85	302
86	302
86	301
88	301
88	300
90	300
90	302
91	302
91	301
93	301
93	302
95	302
95	301
100	301
100	302
101	302
101	301
103	301
103	300
104	300
104	301
105	301
105	303
106	303
106	315
107	315
107	316
106	316
106	317
105	317
105	324
106	324
106	328
107	328
107	335
108	335
108	336
109	336
109	339
110	339
110	341
111	341
111	345
112	345
112	346
114	346
114	351
115	351
115	353
116	353
116	355
117	355
117	358
118	358
118	360
119	360
119	362
120	362
120	365
121	365
121	366
122	366
122	368
123	368
123	369
124	369
124	371
123	371
123	374
124	374
124	377
125	377
125	378
127	378
127	379
139	379
139	381
140	381
140	383
141	383
141	384
142	384
142	385
145	385
145	386
154	386
154	387
155	387
155	386
156	386
156	385
158	385
158	384
163	384
163	383
164	383
164	384
170	384
170	385
174	385
174	384
176	384
176	388
184	388
184	389
186	389
186	388
188	388
188	387
189	387
189	386
191	386
191	384
192	384
192	383
194	383
194	381
196	381
196	380
197	380
197	381
199	381
199	380
200	380
200	381
202	381
202	380
203	380
203	381
204	381
204	380
208	380
208	379
209	379
209	378
210	378
210	377
212	377
212	376
213	376
213	375
215	375
215	374
216	374
216	371
218	371
218	369
220	369
220	366
219	366
219	365
220	365
220	347
221	347
221	342
222	342
222	337
223	337
223	335
222	335
222	334
223	334
223	333
224	333
224	331
226	331
226	329
228	329
228	328
230	328
230	327
240	327
240	326
241	326
241	327
243	327
243	326
245	326
245	327
246	327
246	330
247	330
247	331
249	331
249	332
250	332
250	333
258	333
258	332
259	332
259	331
262	331
262	329
263	329
263	327
264	327
264	325
265	325
265	321
266	321
266	318
267	318
267	317
268	317
268	315
270	315
270	312
271	312
271	311
272	311
272	309
273	309
273	308
274	308
274	307
275	307
275	305
276	305
276	303
278	303
278	299
279	299
279	297
280	297
280	295
281	295
281	288
282	288
282	286
281	286
281	284
282	284
282	283
281	283
281	281
282	281
282	279
281	279
281	278
282	278
282	277
281	277
281	274
280	274
280	269
282	269
282	268
281	268
281	263
282	263
282	251
281	251
281	250
282	250
282	232
283	232
283	230
282	230
282	228
284	228
284	227
283	227
283	226
282	226
282	222
283	222
283	220
284	220
284	218
283	218
283	214
282	214
282	208
281	208
281	205
280	205
280	203
281	203
281	202
282	202
282	198
283	198
283	197
282	197
282	196
283	196
283	190
282	190
282	188
283	188
283	184
284	184
284	183
285	183
285	180
286	180
286	178
287	178
287	177
288	177
288	176
290	176
290	174
289	174
289	173
292	173
292	169
293	169
293	168
294	168
294	167
295	167
295	166
297	166
297	165
296	165
296	162
297	162
297	161
299	161
299	160
304	160
304	161
306	161
306	162
307	162
307	163
309	163
309	164
312	164
312	165
316	165
316	163
318	163
318	162
319	162
319	161
320	161
320	160
322	160
322	159
323	159
323	158
324	158
324	157
325	157
325	155
326	155
326	154
327	154
327	153
328	153
328	152
330	152
330	150
331	150
331	149
332	149
332	145
333	145
333	143
334	143
334	142
335	142
335	140
336	140
336	139
338	139
338	138
341	138
341	137
356	137
356	136
357	136
357	137
358	137
358	138
363	138
363	137
366	137
366	138
367	138
367	137
372	137
372	136
373	136
373	137
374	137
374	138
375	138
375	139
376	139
376	140
377	140
377	141
376	141
376	142
379	142
379	143
380	143
380	146
382	146
382	147
384	147
384	150
386	150
386	151
387	151
387	152
388	152
388	153
389	153
389	154
390	154
390	155
391	155
391	157
394	157
394	158
396	158
396	157
404	157
404	158
405	158
405	159
406	159
406	160
407	160
407	161
408	161
408	163
407	163
407	164
408	164
408	166
410	166
410	167
417	167
417	168
419	168
419	173
420	173
420	175
419	175
419	176
420	176
420	177
419	177
419	189
420	189
420	193
421	193
421	196
422	196
422	197
423	197
423	199
424	199
424	202
425	202
425	204
426	204
426	206
427	206
427	223
426	223
426	224
425	224
425	230
426	230
426	231
427	231
427	232
428	232
428	233
430	233
430	234
431	234
431	236
432	236
432	238
433	238
433	239
434	239
434	241
435	241
435	242
437	242
437	243
439	243
439	244
440	244
440	245
441	245
441	244
443	244
443	245
445	245
445	246
446	246
446	248
447	248
447	249
451	249
451	250
452	250
452	249
453	249
453	250
456	250
456	249
458	249
458	250
459	250
459	252
460	252
460	256
461	256
461	259
462	259
462	262
463	262
463	264
464	264
464	268
465	268
465	272
466	272
466	275
467	275
467	277
468	277
468	283
469	283
469	286
470	286
470	287
471	287
471	288
472	288
472	289
473	289
473	288
478	288
478	289
480	289
480	291
482	291
482	292
483	292
483	293
484	293
484	294
485	294
485	295
486	295
486	296
487	296
487	301
488	301
488	302
489	302
489	303
490	303
490	304
492	304
492	305
493	305
493	306
494	306
494	308
495	308
495	310
496	310
496	313
497	313
497	314
498	314
498	315
499	315
499	316
501	316
501	315
503	315
503	316
512	316
512	315
514	315
514	314
516	314
516	313
518	313
518	312
520	312
520	311
521	311
521	310
522	310
522	309
523	309
523	308
524	308
524	307
528	307
528	306
530	306
530	305
531	305
531	303
532	303
532	302
533	302
533	299
534	299
534	298
535	298
535	295
536	295
536	294
537	294
537	293
538	293
538	292
537	292
537	291
538	291
538	290
539	290
539	287
540	287
540	285
542	285
542	284
543	284
543	283
545	283
545	282
550	282
550	281
548	281
548	280
549	280
549	279
550	279
550	277
553	277
553	276
554	276
554	274
555	274
555	273
558	273
558	271
560	271
560	269
561	269
561	268
565	268
565	267
568	267
568	266
569	266
569	267
570	267
570	266
571	266
571	267
572	267
572	266
573	266
573	264
575	264
575	262
577	262
577	261
580	261
580	260
581	260
581	261
591	261
591	260
593	260
593	257
594	257
594	252
595	252
595	249
594	249
594	247
595	247
595	245
596	245
596	244
597	244
597	243
596	243
596	241
597	241
597	239
598	239
598	238
600	238
600	237
602	237
602	236
606	236
606	235
615	235
615	236
616	236
616	235
620	235
620	236
622	236
622	237
625	237
625	238
627	238
627	239
628	239
628	241
627	241
627	244
626	244
626	249
625	249
625	251
626	251
626	260
625	260
625	261
626	261
626	262
625	262
625	264
626	264
626	265
625	265
625	267
626	267
626	272
625	272
625	278
626	278
626	284
627	284
627	286
626	286
626	296
625	296
625	297
626	297
626	298
627	298
627	300
626	300
626	302
627	302
627	303
626	303
626	306
627	306
627	313
628	313
628	319
629	319
629	322
628	322
628	324
629	324
629	338
630	338
630	339
629	339
629	340
630	340
630	349
629	349
629	350
630	350
630	356
629	356
629	357
630	357
630	358
629	358
629	360
630	360
630	361
629	361
629	363
630	363
630	364
632	364
632	365
634	365
634	364
641	364
641	365
645	365
645	366
646	366
646	367
648	367
648	368
649	368
649	369
650	369
650	370
651	370
651	371
652	371
652	372
653	372
653	373
654	373
654	374
657	374
657	375
658	375
658	374
661	374
661	375
662	375
662	374
668	374
668	373
675	373
675	374
676	374
676	376
677	376
677	378
678	378
678	381
679	381
679	383
678	383
678	408
679	408
679	409
680	409
680	410
683	410
683	411
685	411
685	410
687	410
687	411
689	411
689	410
690	410
690	411
692	411
692	413
694	413
694	415
696	415
696	416
697	416
697	417
698	417
698	418
699	418
699	419
701	419
701	420
702	420
702	421
707	421
707	420
712	420
712	421
713	421
713	420
714	420
714	421
716	421
716	420
718	420
718	421
719	421
719	420
725	420
725	421
727	421
727	420
731	420
731	419
733	419
733	418
734	418
734	417
735	417
735	416
737	416
737	415
739	415
739	414
740	414
740	413
747	413
747	414
751	414
751	415
756	415
756	416
759	416
759	415
764	415
764	416
765	416
765	415
767	415
767	416
770	416
770	417
779	417
779	416
780	416
780	415
781	415
781	413
782	413
782	412
783	412
783	408
782	408
782	406
783	406
783	396
784	396
784	394
783	394
783	392
784	392
784	390
783	390
783	389
784	389
784	384
785	384
785	381
784	381
784	379
785	379
785	377
786	377
786	375
787	375
787	373
789	373
789	372
790	372
790	370
792	370
792	369
798	369
798	368
802	368
802	367
803	367
803	366
804	366
804	363
805	363
805	362
806	362
806	359
807	359
807	358
808	358
808	356
809	356
809	355
810	355
810	354
813	354
813	353
816	353
816	352
818	352
818	353
823	353
823	354
827	354
827	353
830	353
830	352
839	352
839	351
840	351
840	350
841	350
841	349
842	349
842	348
845	348
845	347
843	347
843	341
844	341
844	340
843	340
843	335
844	335
844	333
845	333
845	332
846	332
846	331
847	331
847	330
849	330
849	329
850	329
850	328
852	328
852	327
853	327
853	328
854	328
854	327
856	327
856	326
858	326
858	325
859	325
859	324
860	324
860	323
861	323
861	322
862	322
862	320
866	320
866	321
867	321
867	319
868	319
868	318
874	318
874	317
876	317
876	318
879	318
879	317
882	317
882	316
901	316
901	317
902	317
902	320
903	320
903	322
902	322
902	323
905	323
905	325
906	325
906	326
909	326
909	327
910	327
910	328
911	328
911	329
909	329
909	328
907	328
907	330
909	330
909	331
911	331
911	335
912	335
912	339
911	339
911	346
912	346
912	348
911	348
911	351
912	351
912	353
911	353
911	370
910	370
910	372
911	372
911	384
910	384
910	387
911	387
911	389
910	389
910	395
911	395
911	399
913	399
913	400
914	400
914	399
918	399
918	398
919	398
919	396
920	396
920	395
922	395
922	396
923	396
923	398
924	398
924	401
925	401
925	402
926	402
926	403
925	403
925	404
926	404
926	405
927	405
927	408
926	408
926	409
925	409
925	411
926	411
926	418
925	418
925	420
926	420
926	421
925	421
925	430
926	430
926	434
925	434
925	435
926	435
926	439
925	439
925	440
926	440
926	443
925	443
925	454
926	454
926	457
927	457
927	460
928	460
928	461
930	461
930	462
931	462
931	463
932	463
932	464
935	464
935	465
936	465
936	467
938	467
938	468
939	468
939	470
940	470
940	486
941	486
941	489
940	489
940	492
941	492
941	493
940	493
940	495
941	495
941	505
940	505
940	507
941	507
941	509
940	509
940	511
941	511
941	514
940	514
940	525
941	525
941	526
940	526
940	527
941	527
941	528
942	528
942	529
943	529
943	530
944	530
944	531
945	531
945	532
946	532
946	533
947	533
947	534
948	534
948	535
949	535
949	536
952	536
952	537
953	537
953	540
954	540
954	541
955	541
955	555
954	555
954	556
955	556
955	562
956	562
956	565
955	565
955	567
956	567
956	570
957	570
957	572
958	572
958	573
960	573
960	574
961	574
961	576
962	576
962	577
963	577
963	578
966	578
966	579
971	579
971	580
974	580
974	581
975	581
975	582
976	582
976	584
977	584
977	585
978	585
978	586
980	586
980	587
983	587
983	586
989	586
989	587
991	587
991	588
995	588
995	589
997	589
997	590
998	590
998	591
999	591
999	592
1000	592
1000	593
1001	593
1001	594
1017	594
1017	595
1018	595
1018	596
1019	596
1019	597
1020	597
1020	599
1021	599
1021	601
1023	601
1023	602
1028	602
1028	603
1029	603
1029	602
1030	602
1030	601
1032	601
1032	600
1033	600
1033	601
1035	601
1035	600
1036	600
1036	599
1037	599
1037	598
1038	598
1038	594
1039	594
1039	593
1038	593
1038	591
1039	591
1039	589
1040	589
1040	588
1041	588
1041	584
1042	584
1042	581
1043	581
1043	580
1044	580
1044	577
1045	577
1045	576
1046	576
1046	574
1047	574
1047	571
1048	571
1048	557
1049	557
1049	549
1048	549
1048	546
1049	546
1049	543
1050	543
1050	534
1049	534
1049	532
1050	532
1050	531
1051	531
1051	523
1052	523
1052	522
1051	522
1051	521
1052	521
1052	520
1053	520
1053	518
1052	518
1052	516
1053	516
1053	515
1052	515
1052	514
1053	514
1053	509
1052	509
1052	507
1053	507
1053	506
1052	506
1052	503
1053	503
1053	500
1054	500
1054	499
1053	499
1053	498
1054	498
1054	496
1053	496
1053	492
1054	492
1054	491
1053	491
1053	490
1054	490
1054	489
1055	489
1055	485
1054	485
1054	484
1055	484
1055	482
1056	482
1056	481
1057	481
1057	480
1058	480
1058	479
1060	479
1060	477
1061	477
1061	475
1069	475
1069	476
1070	476
1070	475
1071	475
1071	476
1072	476
1072	478
1073	478
1073	479
1075	479
1075	480
1076	480
1076	481
1079	481
1079	482
1080	482
1080	483
1084	483
1084	484
1085	484
1085	483
1089	483
1089	482
1090	482
1090	481
1091	481
1091	480
1092	480
1092	474
1094	474
1094	469
1095	469
1095	468
1096	468
1096	464
1097	464
1097	462
1098	462
1098	460
1099	460
1099	458
1100	458
1100	455
1101	455
1101	453
1102	453
1102	451
1101	451
1101	449
1102	449
1102	447
1103	447
1103	440
1104	440
1104	438
1105	438
1105	434
1106	434
1106	433
1105	433
1105	428
1106	428
1106	421
1107	421
1107	420
1108	420
1108	419
1109	419
1109	417
1110	417
1110	416
1111	416
1111	415
1120	415
1120	414
1121	414
1121	415
1122	415
1122	414
1123	414
1123	415
1128	415
1128	414
1132	414
1132	415
1133	415
1133	414
1134	414
1134	415
1140	415
1140	414
1145	414
1145	413
1147	413
1147	412
1148	412
1148	411
1150	411
1150	410
1152	410
1152	405
1153	405
1153	404
1154	404
1154	403
1155	403
1155	400
1156	400
1156	399
1157	399
1157	397
1158	397
1158	395
1160	395
1160	394
1161	394
1161	393
1162	393
1162	391
1164	391
1164	390
1166	390
1166	389
1170	389
1170	388
1172	388
1172	387
1173	387
1173	385
1178	385
1178	387
1180	387
1180	386
1183	386
1183	385
1185	385
1185	384
1191	384
1191	383
1192	383
1192	382
1193	382
1193	381
1194	381
1194	378
1193	378
1193	376
1189	376
1189	363
1190	363
1190	361
1189	361
1189	360
1190	360
1190	356
1191	356
1191	350
1192	350
1192	345
1196	345
1196	344
1197	344
1197	341
1196	341
1196	340
1194	340
1194	336
1195	336
1195	335
1196	335
1196	333
1198	333
1198	332
1200	332
1200	333
1205	333
1205	334
1206	334
1206	335
1207	335
1207	334
1213	334
1213	333
1214	333
1214	334
1215	334
1215	333
1217	333
1217	334
1218	334
1218	335
1221	335
1221	336
1222	336
1222	335
1224	335
1224	336
1228	336
1228	337
1230	337
1230	336
1231	336
1231	337
1234	337
1234	338
1235	338
1235	339
1234	339
1234	342
1235	342
1235	347
1236	347
1236	351
1237	351
1237	352
1236	352
1236	357
1237	357
1237	359
1236	359
1236	360
1237	360
1237	369
1238	369
1238	371
1237	371
1237	373
1238	373
1238	378
1239	378
1239	379
1238	379
1238	383
1239	383
1239	387
1240	387
1240	391
1241	391
1241	394
1242	394
1242	406
1243	406
1243	407
1242	407
1242	409
1243	409
1243	413
1242	413
1242	414
1243	414
1243	417
1242	417
1242	421
1243	421
1243	423
1242	423
1242	430
1241	430
1241	436
1240	436
1240	439
1239	439
1239	441
1238	441
1238	442
1237	442
1237	441
1236	441
1236	444
1235	444
1235	445
1236	445
1236	446
1241	446
1241	448
1242	448
1242	451
1250	451
1250	452
1251	452
1251	451
1256	451
1256	452
1258	452
1258	451
1259	451
1259	452
1260	452
1260	453
1262	453
1262	454
1263	454
1263	455
1264	455
1264	458
1265	458
1265	460
1264	460
1264	463
1263	463
1263	464
1262	464
1262	466
1261	466
1261	487
1262	487
1262	488
1261	488
1261	491
1260	491
1260	502
1261	502
1261	519
1262	519
1262	520
1266	520
1266	521
1270	521
1270	522
1272	522
1272	523
1274	523
1274	524
1275	524
1275	525
1277	525
1277	528
1278	528
1278	530
1279	530
1279	532
1280	532
1280	534
1281	534
1281	535
1282	535
1282	538
1283	538
1283	541
1284	541
1284	543
1285	543
1285	546
1286	546
1286	547
1290	547
1290	548
1299	548
1299	546
1300	546
1300	544
1302	544
1302	543
1304	543
1304	542
1306	542
1306	543
1308	543
1308	544
1309	544
1309	543
1310	543
1310	544
1311	544
1311	543
1314	543
1314	542
1315	542
1315	543
1317	543
1317	545
1319	545
1319	546
1320	546
1320	548
1323	548
1323	549
1324	549
1324	551
1325	551
1325	552
1326	552
1326	553
1327	553
1327	554
1328	554
1328	555
1330	555
1330	556
1331	556
1331	557
1332	557
1332	563
1333	563
1333	566
1335	566
1335	567
1337	567
1337	568
1338	568
1338	567
1340	567
1340	568
1344	568
1344	569
1345	569
1345	570
1348	570
1348	571
1350	571
1350	572
1352	572
1352	573
1353	573
1353	574
1354	574
1354	575
1355	575
1355	578
1357	578
1357	579
1361	579
1361	580
1362	580
1362	579
1364	579
1364	578
1370	578
1370	577
1373	577
1373	578
1376	578
1376	579
1379	579
1379	580
1380	580
1380	581
1383	581
1383	582
1386	582
1386	581
1392	581
1392	582
1393	582
1393	581
1397	581
1397	582
1399	582
1399	581
1402	581
1402	580
1405	580
1405	579
1407	579
1407	578
1408	578
1408	577
1409	577
1409	576
1411	576
1411	574
1412	574
1412	573
1413	573
1413	572
1415	572
1415	571
1416	571
1416	570
1417	570
1417	571
1420	571
1420	570
1428	570
1428	571
1430	571
1430	570
1432	570
1432	571
1434	571
1434	572
1436	572
1436	573
1441	573
1441	572
1444	572
1444	571
1445	571
1445	570
1453	570
1453	569
1457	569
1457	570
1461	570
1461	569
1462	569
1462	570
1464	570
1464	569
1465	569
1465	568
1467	568
1467	567
1468	567
1468	566
1470	566
1470	565
1472	565
1472	563
1473	563
1473	562
1474	562
1474	561
1475	561
1475	559
1476	559
1476	553
1477	553
1477	542
1478	542
1478	538
1477	538
1477	535
1478	535
1478	524
1479	524
1479	522
1478	522
1478	520
1479	520
1479	514
1480	514
1480	513
1479	513
1479	505
1480	505
1480	504
1479	504
1479	501
1480	501
1480	490
1481	490
1481	488
1480	488
1480	485
1481	485
1481	483
1480	483
1480	478
1481	478
1481	472
1482	472
1482	470
1483	470
1483	469
1482	469
1482	467
1483	467
1483	462
1484	462
1484	461
1487	461
1487	460
1488	460
1488	461
1489	461
1489	462
1494	462
1494	461
1496	461
1496	459
1497	459
1497	458
1498	458
1498	457
1497	457
1497	453
1498	453
1498	452
1499	452
1499	451
1498	451
1498	450
1497	450
1497	449
1495	449
1495	446
1496	446
1496	443
1497	443
1497	442
1496	442
1496	441
1495	441
1495	439
1496	439
1496	430
1495	430
1495	425
1496	425
1496	418
1497	418
1497	417
1496	417
1496	416
1497	416
1497	403
1496	403
1496	400
1497	400
1497	396
1498	396
1498	389
1499	389
1499	384
1500	384
1500	382
1499	382
1499	381
1501	381
1501	379
1502	379
1502	378
1506	378
1506	379
1507	379
1507	378
1512	378
1512	379
1513	379
1513	378
1515	378
1515	379
1516	379
1516	380
1518	380
1518	381
1521	381
1521	382
1523	382
1523	384
1524	384
1524	385
1523	385
1523	388
1525	388
1525	392
1526	392
1526	394
1527	394
1527	422
1528	422
1528	428
1527	428
1527	429
1528	429
1528	448
1529	448
1529	450
1528	450
1528	452
1529	452
1529	454
1530	454
1530	455
1529	455
1529	456
1530	456
1530	472
1531	472
1531	474
1530	474
1530	477
1531	477
1531	478
1530	478
1530	483
1531	483
1531	489
1530	489
1530	491
1531	491
1531	516
1530	516
1530	517
1531	517
1531	522
1530	522
1530	524
1531	524
1531	525
1530	525
1530	527
1531	527
1531	529
1530	529
1530	530
1531	530
1531	535
1532	535
1532	541
1533	541
1533	542
1532	542
1532	543
1533	543
1533	545
1534	545
1534	549
1535	549
1535	551
1536	551
1536	555
1537	555
1537	558
1538	558
1538	559
1539	559
1539	561
1540	561
1540	564
1541	564
1541	566
1542	566
1542	569
1543	569
1543	571
1544	571
1544	574
1545	574
1545	575
1544	575
1544	577
1545	577
1545	578
1546	578
1546	579
1548	579
1548	578
1549	578
1549	575
1548	575
1548	574
1547	574
1547	572
1548	572
1548	570
1549	570
1549	568
1548	568
1548	567
1549	567
1549	565
1548	565
1548	560
1547	560
1547	558
1546	558
1546	556
1545	556
1545	552
1544	552
1544	547
1543	547
1543	544
1542	544
1542	541
1541	541
1541	538
1540	538
1540	532
1539	532
1539	527
1540	527
1540	526
1539	526
1539	521
1538	521
1538	520
1539	520
1539	516
1540	516
1540	514
1539	514
1539	507
1540	507
1540	503
1539	503
1539	498
1540	498
1540	495
1539	495
1539	486
1540	486
1540	485
1539	485
1539	481
1538	481
1538	479
1539	479
1539	474
1538	474
1538	473
1539	473
1539	470
1538	470
1538	468
1539	468
1539	463
1538	463
1538	462
1539	462
1539	459
1538	459
1538	453
1537	453
1537	444
1536	444
1536	441
1537	441
1537	440
1536	440
1536	424
1535	424
1535	423
1536	423
1536	419
1535	419
1535	417
1536	417
1536	413
1535	413
1535	412
1536	412
1536	411
1535	411
1535	404
1534	404
1534	400
1535	400
1535	391
1534	391
1534	385
1533	385
1533	381
1534	381
1534	379
1533	379
1533	380
1532	380
1532	378
1530	378
1530	377
1529	377
1529	374
1528	374
1528	373
1525	373
1525	372
1523	372
1523	371
1521	371
1521	370
1518	370
1518	369
1515	369
1515	368
1514	368
1514	369
1512	369
1512	368
1500	368
1500	369
1499	369
1499	370
1498	370
1498	371
1497	371
1497	372
1496	372
1496	373
1495	373
1495	375
1494	375
1494	376
1492	376
1492	378
1491	378
1491	385
1490	385
1490	390
1489	390
1489	396
1488	396
1488	397
1489	397
1489	400
1488	400
1488	401
1489	401
1489	415
1488	415
1488	421
1487	421
1487	423
1488	423
1488	429
1487	429
1487	430
1488	430
1488	431
1487	431
1487	432
1488	432
1488	433
1487	433
1487	434
1488	434
1488	436
1487	436
1487	439
1486	439
1486	441
1487	441
1487	442
1486	442
1486	445
1487	445
1487	446
1488	446
1488	447
1487	447
1487	449
1486	449
1486	450
1485	450
1485	451
1480	451
1480	453
1479	453
1479	456
1478	456
1478	457
1477	457
1477	458
1476	458
1476	461
1475	461
1475	467
1474	467
1474	469
1473	469
1473	470
1474	470
1474	473
1473	473
1473	477
1474	477
1474	478
1473	478
1473	479
1474	479
1474	482
1473	482
1473	486
1472	486
1472	492
1471	492
1471	493
1472	493
1472	503
1471	503
1471	523
1470	523
1470	537
1469	537
1469	539
1470	539
1470	541
1469	541
1469	554
1468	554
1468	556
1467	556
1467	557
1466	557
1466	558
1465	558
1465	559
1462	559
1462	560
1455	560
1455	561
1451	561
1451	560
1449	560
1449	561
1442	561
1442	562
1440	562
1440	563
1436	563
1436	564
1434	564
1434	563
1430	563
1430	562
1427	562
1427	561
1426	561
1426	562
1415	562
1415	563
1412	563
1412	564
1410	564
1410	565
1408	565
1408	566
1406	566
1406	567
1405	567
1405	568
1404	568
1404	570
1400	570
1400	571
1399	571
1399	572
1396	572
1396	571
1393	571
1393	572
1388	572
1388	571
1379	571
1379	570
1377	570
1377	569
1376	569
1376	570
1371	570
1371	569
1369	569
1369	568
1368	568
1368	569
1366	569
1366	568
1361	568
1361	569
1360	569
1360	568
1357	568
1357	567
1356	567
1356	566
1355	566
1355	565
1354	565
1354	564
1352	564
1352	563
1351	563
1351	562
1350	562
1350	561
1348	561
1348	560
1347	560
1347	559
1345	559
1345	558
1341	558
1341	556
1340	556
1340	554
1339	554
1339	553
1338	553
1338	550
1337	550
1337	548
1336	548
1336	547
1335	547
1335	546
1334	546
1334	545
1332	545
1332	544
1330	544
1330	543
1329	543
1329	542
1328	542
1328	541
1327	541
1327	539
1326	539
1326	538
1324	538
1324	537
1323	537
1323	536
1322	536
1322	534
1318	534
1318	533
1314	533
1314	532
1311	532
1311	531
1310	531
1310	532
1308	532
1308	531
1304	531
1304	532
1302	532
1302	533
1300	533
1300	534
1298	534
1298	535
1296	535
1296	536
1295	536
1295	537
1294	537
1294	538
1292	538
1292	536
1291	536
1291	535
1290	535
1290	534
1291	534
1291	532
1290	532
1290	531
1289	531
1289	530
1288	530
1288	529
1287	529
1287	527
1286	527
1286	525
1285	525
1285	521
1284	521
1284	520
1283	520
1283	519
1281	519
1281	518
1280	518
1280	517
1279	517
1279	516
1277	516
1277	515
1276	515
1276	513
1274	513
1274	512
1269	512
1269	507
1268	507
1268	497
1267	497
1267	491
1268	491
1268	485
1269	485
1269	483
1268	483
1268	478
1269	478
1269	469
1270	469
1270	466
1271	466
1271	465
1272	465
1272	464
1273	464
1273	463
1274	463
1274	462
1275	462
1275	461
1276	461
1276	459
1277	459
1277	457
1275	457
1275	456
1274	456
1274	454
1272	454
1272	453
1270	453
1270	451
1269	451
1269	450
1268	450
1268	449
1267	449
1267	447
1264	447
1264	445
1262	445
1262	444
1261	444
1261	443
1260	443
1260	442
1251	442
1251	443
1250	443
1250	442
1248	442
1248	438
1247	438
1247	437
1248	437
1248	432
1249	432
1249	431
1250	431
1250	429
1249	429
1249	427
1250	427
1250	411
1251	411
1251	406
1252	406
1252	404
1251	404
1251	400
1250	400
1250	392
1249	392
1249	390
1248	390
1248	383
1247	383
1247	375
1246	375
1246	362
1245	362
1245	358
1246	358
1246	357
1245	357
1245	355
1244	355
1244	350
1245	350
1245	349
1244	349
1244	347
1245	347
1245	346
1244	346
1244	343
1245	343
1245	340
1244	340
1244	339
1245	339
1245	337
1244	337
1244	335
1243	335
1243	334
1241	334
1241	332
1242	332
1242	330
1241	330
1241	328
1240	328
1240	327
1238	327
1238	326
1230	326
1230	327
1229	327
1229	326
1220	326
1220	325
1215	325
1215	324
1212	324
1212	325
1209	325
1209	326
1208	326
1208	325
1207	325
1207	324
1205	324
1205	323
1199	323
1199	324
1195	324
1195	325
1193	325
1193	326
1192	326
1192	327
1190	327
1190	328
1189	328
1189	330
1188	330
1188	333
1187	333
1187	337
1186	337
1186	339
1185	339
1185	346
1184	346
1184	347
1182	347
1182	350
1181	350
1181	361
1180	361
1180	364
1181	364
1181	368
1180	368
1180	373
1179	373
1179	376
1176	376
1176	377
1175	377
1175	376
1174	376
1174	375
1173	375
1173	377
1172	377
1172	378
1170	378
1170	379
1169	379
1169	380
1168	380
1168	381
1163	381
1163	382
1162	382
1162	383
1160	383
1160	385
1159	385
1159	386
1157	386
1157	387
1156	387
1156	389
1155	389
1155	390
1154	390
1154	391
1153	391
1153	392
1152	392
1152	394
1151	394
1151	396
1150	396
1150	397
1148	397
1148	399
1147	399
1147	402
1146	402
1146	404
1142	404
1142	405
1140	405
1140	406
1136	406
1136	405
1131	405
1131	406
1130	406
1130	405
1128	405
1128	404
1125	404
1125	405
1115	405
1115	406
1114	406
1114	405
1112	405
1112	406
1110	406
1110	407
1108	407
1108	408
1107	408
1107	409
1106	409
1106	411
1104	411
1104	412
1103	412
1103	414
1102	414
1102	416
1101	416
1101	418
1100	418
1100	419
1099	419
1099	420
1097	420
1097	421
1098	421
1098	426
1096	426
1096	428
1097	428
1097	433
1096	433
1096	441
1095	441
1095	443
1094	443
1094	452
1093	452
1093	454
1092	454
1092	456
1090	456
1090	461
1088	461
1088	465
1087	465
1087	471
1086	471
1086	472
1085	472
1085	473
1084	473
1084	474
1082	474
1082	473
1081	473
1081	472
1079	472
1079	471
1078	471
1078	470
1077	470
1077	468
1076	468
1076	467
1073	467
1073	466
1066	466
1066	467
1061	467
1061	468
1059	468
1059	469
1058	469
1058	471
1055	471
1055	472
1054	472
1054	474
1053	474
1053	475
1052	475
1052	476
1051	476
1051	478
1050	478
1050	480
1049	480
1049	484
1048	484
1048	489
1047	489
1047	497
1046	497
1046	504
1045	504
1045	507
1044	507
1044	508
1045	508
1045	513
1044	513
2020	445
2021	445
2021	450
2022	450
2022	453
2023	453
2023	458
2024	458
2024	461
2025	461
2025	464
2026	464
2026	467
2027	467
2027	469
2028	469
2028	471
2029	471
2029	473
2030	473
2030	475
2031	475
2031	477
2032	477
2032	479
2033	479
2033	482
2034	482
2034	483
2035	483
2035	484
2036	484
2036	486
2037	486
2037	488
2038	488
2038	491
2039	491
2039	494
2040	494
2040	496
2041	496
2041	497
2040	497
2040	498
2036	498
2036	499
2035	499
2035	500
2034	500
2034	501
2033	501
2033	502
2032	502
2032	506
2031	506
2031	507
2032	507
2032	509
2044	509
2044	510
2050	510
2050	511
2052	511
2052	512
2054	512
2054	515
2055	515
2055	516
2056	516
2056	517
2057	517
2057	518
2058	518
2058	519
2059	519
2059	520
2062	520
2062	521
2065	521
2065	522
2066	522
2066	523
2068	523
2068	524
2069	524
2069	526
2070	526
2070	527
2071	527
2071	528
2072	528
2072	530
2071	530
2071	531
2073	531
2073	530
2074	530
2074	531
2075	531
2075	533
2076	533
2076	535
2077	535
2077	537
2078	537
2078	538
2079	538
2079	541
2080	541
2080	544
2081	544
2081	551
2082	551
2082	552
2083	552
2083	553
2084	553
2084	556
2085	556
2085	558
2086	558
2086	561
2087	561
2087	564
2088	564
2088	567
2089	567
2089	569
2090	569
2090	571
2091	571
2091	573
2092	573
2092	575
2093	575
2093	576
2094	576
2094	577
2095	577
2095	578
2096	578
2096	579
2097	579
2097	580
2098	580
2098	583
2099	583
2099	584
2100	584
2100	585
2102	585
2102	586
2103	586
2103	587
2104	587
2104	586
2108	586
2108	585
2110	585
2110	584
2113	584
2113	582
2114	582
2114	581
2115	581
2115	579
2116	579
2116	577
2117	577
2117	576
2118	576
2118	574
2120	574
2120	573
2121	573
2121	572
2122	572
2122	571
2124	571
2124	570
2126	570
2126	569
2131	569
2131	568
2133	568
2133	567
2136	567
2136	566
2139	566
2139	565
2142	565
2142	566
2143	566
2143	567
2144	567
2144	568
2145	568
2145	573
2152	573
2152	574
2153	574
2153	576
2154	576
2154	575
2155	575
2155	574
2157	574
2157	575
2159	575
2159	576
2161	576
2161	577
2163	577
2163	578
2164	578
2164	579
2166	579
2166	583
2168	583
2168	585
2170	585
2170	586
2176	586
2176	587
2178	587
2178	586
2179	586
2179	587
2181	587
2181	588
2182	588
2182	589
2184	589
2184	591
2186	591
2186	592
2187	592
2187	593
2188	593
2188	594
2190	594
2190	595
2197	595
2197	596
2200	596
2200	595
2201	595
2201	596
2203	596
2203	595
2204	595
2204	594
2214	594
2214	593
2220	593
2220	592
2221	592
2221	590
2222	590
2222	589
2223	589
2223	588
2224	588
2224	582
2225	582
2225	575
2226	575
2226	574
2225	574
2225	570
2226	570
2226	569
2227	569
2227	565
2228	565
2228	563
2229	563
2229	560
2228	560
2228	559
2229	559
2229	554
2230	554
2230	553
2231	553
2231	552
2232	552
2232	551
2235	551
2235	550
2236	550
2236	549
2237	549
2237	548
2238	548
2238	547
2239	547
2239	546
2240	546
2240	545
2241	545
2241	543
2242	543
2242	542
2243	542
2243	541
2244	541
2244	540
2245	540
2245	537
2248	537
2248	536
2250	536
2250	535
2251	535
2251	536
2252	536
2252	535
2253	535
2253	536
2254	536
2254	535
2259	535
2259	534
2263	534
2263	533
2264	533
2264	532
2266	532
2266	530
2269	530
2269	529
2270	529
2270	528
2273	528
2273	527
2274	527
2274	526
2275	526
2275	525
2277	525
2277	521
2278	521
2278	519
2277	519
2277	515
2278	515
2278	512
2279	512
2279	510
2280	510
2280	509
2279	509
2279	508
2278	508
2278	506
2279	506
2279	504
2280	504
2280	496
2281	496
2281	491
2282	491
2282	489
2283	489
2283	488
2287	488
2287	487
2292	487
2292	485
2296	485
2296	487
2298	487
2298	488
2299	488
2299	489
2300	489
2300	490
2302	490
2302	493
2303	493
2303	496
2305	496
2305	497
2308	497
2308	498
2311	498
2311	497
2313	497
2313	495
2314	495
2314	491
2313	491
2313	487
2314	487
2314	483
2313	483
2313	482
2314	482
2314	480
2313	480
2313	479
2314	479
2314	478
2315	478
2315	476
2316	476
2316	472
2317	472
2317	470
2318	470
2318	464
2319	464
2319	457
2320	457
2320	453
2321	453
2321	448
2320	448
2320	447
2321	447
2321	443
2320	443
2320	438
2321	438
2321	436
2320	436
2320	430
2321	430
2321	428
2320	428
2320	426
2321	426
2321	425
2320	425
2320	411
2319	411
2319	409
2320	409
2320	407
2321	407
2321	405
2322	405
2322	404
2321	404
2321	398
2322	398
2322	397
2321	397
2321	384
2322	384
2322	380
2321	380
2321	379
2322	379
2322	378
2323	378
2323	377
2322	377
2322	374
2323	374
2323	373
2325	373
2325	374
2326	374
2326	375
2327	375
2327	376
2328	376
2328	377
2329	377
2329	378
2330	378
2330	379
2333	379
2333	381
2334	381
2334	382
2336	382
2336	383
2338	383
2338	384
2341	384
2341	385
2344	385
2344	386
2348	386
2348	387
2350	387
2350	389
2353	389
2353	390
2354	390
2354	391
2355	391
2355	393
2356	393
2356	396
2357	396
2357	398
2358	398
2358	401
2359	401
2359	402
2360	402
2360	406
2361	406
2361	407
2362	407
2362	410
2363	410
2363	412
2364	412
2364	413
2363	413
2363	416
2364	416
2364	418
2365	418
2365	420
2366	420
2366	423
2367	423
2367	428
2369	428
2369	430
2372	430
2372	429
2380	429
2380	430
2382	430
2382	431
2383	431
2383	432
2384	432
2384	435
2385	435
2385	436
2387	436
2387	438
2388	438
2388	439
2393	439
2393	440
2395	440
2395	439
2399	439
2399	440
2401	440
2401	439
2402	439
2402	438
2406	438
2406	439
2407	439
2407	440
2409	440
2409	439
2413	439
2413	440
2416	440
2416	439
2418	439
2418	440
2420	440
2420	441
2422	441
2422	442
2424	442
2424	443
2426	443
2426	444
2432	444
2432	445
2436	445
2436	446
2437	446
2437	447
2438	447
2438	448
2439	448
2439	449
2441	449
2441	450
2444	450
2444	451
2446	451
2446	452
2447	452
2447	453
2448	453
2448	454
2452	454
2452	456
2453	456
2453	458
2454	458
2454	457
2455	457
2455	458
2460	458
2460	459
2461	459
2461	461
2462	461
2462	463
2464	463
2464	465
2465	465
2465	466
2464	466
2464	470
2465	470
2465	472
2464	472
2464	477
2465	477
2465	479
2464	479
2464	483
2465	483
2465	484
2464	484
2464	486
2463	486
2463	488
2462	488
2462	489
2463	489
2463	491
2464	491
2464	492
2466	492
2466	493
2470	493
2470	492
2471	492
2471	493
2472	493
2472	494
2477	494
2477	495
2478	495
2478	500
2479	500
2479	503
2480	503
2480	506
2481	506
2481	510
2482	510
2482	512
2483	512
2483	513
2482	513
2482	514
2483	514
2483	518
2484	518
2484	520
2485	520
2485	527
2486	527
2486	536
2487	536
2487	541
2486	541
2486	549
2485	549
2485	557
2484	557
2484	558
2485	558
2485	575
2484	575
2484	578
2485	578
2485	589
2486	589
2486	593
2487	593
2487	601
2488	601
2488	604
2489	604
2489	605
2491	605
2491	606
2492	606
2492	607
2493	607
2493	608
2497	608
2497	609
2498	609
2498	608
2508	608
2508	609
2513	609
2513	608
2515	608
2515	609
2516	609
2516	608
2519	608
2519	607
2521	607
2521	606
2524	606
2524	605
2529	605
2529	604
2530	604
2530	605
2532	605
2532	604
2536	604
2536	603
2537	603
2537	604
2538	604
2538	603
2552	603
2552	604
2562	604
2562	603
2563	603
2563	604
2579	604
2579	605
2580	605
2580	604
2584	604
2584	603
2585	603
2585	604
2587	604
2587	603
2592	603
2592	600
2596	600
2596	596
2597	596
2597	595
2599	595
2599	585
2600	585
2600	581
2601	581
2601	579
2600	579
2600	573
2601	573
2601	569
2600	569
2600	566
2601	566
2601	564
2600	564
2600	561
2599	561
2599	559
2600	559
2600	557
2599	557
2599	556
2598	556
2598	551
2599	551
2599	549
2598	549
2598	547
2599	547
2599	543
2600	543
2600	539
2601	539
2601	537
2602	537
2602	535
2601	535
2601	524
2602	524
2602	519
2603	519
2603	518
2602	518
2602	515
2603	515
2603	512
2602	512
2602	510
2603	510
2603	499
2604	499
2604	497
2603	497
2603	492
2604	492
2604	477
2605	477
2605	473
2606	473
2606	472
2605	472
2605	470
2606	470
2606	466
2607	466
2607	461
2608	461
2608	455
2607	455
2607	445
2606	445
2606	444
2607	444
2607	442
2608	442
2608	441
2607	441
2607	440
2608	440
2608	437
2607	437
2607	436
2608	436
2608	434
2607	434
2607	432
2608	432
2608	430
2607	430
2607	428
2608	428
2608	427
2607	427
2607	424
2608	424
2608	418
2609	418
2609	417
2608	417
2608	413
2609	413
2609	411
2610	411
2610	409
2611	409
2611	401
2612	401
2612	395
2613	395
2613	392
2612	392
2612	391
2613	391
2613	384
2614	384
2614	377
2613	377
2613	373
2614	373
2614	372
2612	372
2612	369
2611	369
2611	367
2612	367
2612	366
2611	366
2611	362
2612	362
2612	361
2611	361
2611	359
2612	359
2612	355
2613	355
2613	351
2614	351
2614	345
2615	345
2615	341
2616	341
2616	340
2617	340
2617	339
2619	339
2619	337
2620	337
2620	335
2621	335
2621	329
2622	329
2622	328
2623	328
2623	330
2624	330
2624	331
2633	331
2633	332
2634	332
2634	333
2635	333
2635	335
2636	335
2636	336
2638	336
2638	340
2639	340
2639	344
2640	344
2640	347
2639	347
2639	348
2640	348
2640	349
2641	349
2641	352
2640	352
2640	357
2639	357
2639	359
2640	359
2640	361
2639	361
2639	365
2640	365
2640	366
2639	366
2639	371
2640	371
2640	373
2639	373
2639	378
2638	378
2638	380
2639	380
2639	381
2640	381
2640	382
2639	382
2639	383
2638	383
2638	384
2639	384
2639	387
2638	387
2638	389
2639	389
2639	397
2640	397
2640	402
2641	402
2641	406
2642	406
2642	408
2643	408
2643	413
2644	413
2644	419
2645	419
2645	430
2646	430
2646	431
2645	431
2645	433
2644	433
2644	435
2645	435
2645	437
2646	437
2646	438
2647	438
2647	441
2649	441
2649	440
2651	440
2651	439
2654	439
2654	440
2659	440
2659	439
2661	439
2661	440
2672	440
2672	439
2673	439
2673	440
2676	440
2676	439
2678	439
2678	440
2694	440
2694	439
2695	439
2695	440
2705	440
2705	439
2709	439
2709	438
2711	438
2711	437
2712	437
2712	435
2713	435
2713	436
2715	436
2715	435
2717	435
2717	436
2718	436
2718	437
2723	437
2723	436
2726	436
2726	434
2728	434
2728	432
2729	432
2729	430
2730	430
2730	429
2731	429
2731	425
2732	425
2732	424
2734	424
2734	423
2736	423
2736	422
2737	422
2737	421
2740	421
2740	419
2741	419
2741	418
2742	418
2742	417
2743	417
2743	413
2744	413
2744	411
2745	411
2745	404
2746	404
2746	401
2747	401
2747	393
2748	393
2748	391
2747	391
2747	385
2748	385
2748	384
2747	384
2747	380
2748	380
2748	379
2747	379
2747	378
2748	378
2748	372
2747	372
2747	370
2748	370
2748	368
2746	368
2746	367
2747	367
2747	366
2748	366
2748	360
2749	360
2749	359
2752	359
2752	358
2754	358
2754	357
2759	357
2759	358
2762	358
2762	359
2763	359
2763	360
2764	360
2764	361
2765	361
2765	362
2768	362
2768	364
2769	364
2769	366
2770	366
2770	367
2771	367
2771	369
2770	369
2770	370
2771	370
2771	376
2772	376
2772	382
2773	382
2773	383
2772	383
2772	385
2773	385
2773	388
2772	388
2772	391
2773	391
2773	392
2772	392
2772	401
2773	401
2773	404
2774	404
2774	408
2775	408
2775	409
2777	409
2777	410
2782	410
2782	411
2783	411
2783	410
2785	410
2785	409
2786	409
2786	408
2788	408
2788	407
2789	407
2789	405
2790	405
2790	404
2792	404
2792	403
2793	403
2793	401
2794	401
2794	400
2796	400
2796	395
2797	395
2797	394
2798	394
2798	392
2799	392
2799	391
2798	391
2798	389
2800	389
2800	390
2805	390
2805	389
2806	389
2806	387
2809	387
2809	386
2810	386
2810	385
2811	385
2811	384
2813	384
2813	383
2814	383
2814	382
2815	382
2815	381
2817	381
2817	379
2819	379
2819	378
2820	378
2820	376
2821	376
2821	375
2822	375
2822	374
2823	374
2823	373
2824	373
2824	372
2823	372
2823	371
2824	371
2824	369
2825	369
2825	366
2826	366
2826	359
2827	359
2827	356
2828	356
2828	355
2827	355
2827	354
2828	354
2828	353
2829	353
2829	352
2828	352
2828	350
2829	350
2829	347
2830	347
2830	342
2831	342
2831	341
2830	341
2830	335
2831	335
2831	334
2830	334
2830	333
2831	333
2831	331
2830	331
2830	330
2831	330
2831	327
2830	327
2830	326
2831	326
2831	321
2832	321
2832	316
2833	316
2833	311
2834	311
2834	309
2835	309
2835	304
2836	304
2836	302
2837	302
2837	301
2836	301
2836	299
2837	299
2837	298
2838	298
2838	295
2839	295
2839	290
2840	290
2840	282
2843	282
2843	281
2849	281
2849	280
2851	280
2851	279
2854	279
2854	280
2855	280
2855	279
2857	279
2857	280
2858	280
2858	279
2871	279
2871	280
2872	280
2872	281
2873	281
2873	283
2874	283
2874	284
2875	284
2875	285
2874	285
2874	286
2876	286
2876	289
2883	289
2883	290
2884	290
2884	289
2888	289
2888	290
2889	290
2889	289
2893	289
2893	288
2894	288
2894	287
2897	287
2897	286
2901	286
2901	287
2903	287
2903	289
2904	289
2904	292
2905	292
2905	298
2906	298
2906	302
2907	302
2907	306
2908	306
2908	309
2909	309
2909	310
2910	310
2910	312
2911	312
2911	313
2912	313
2912	316
2913	316
2913	317
2914	317
2914	319
2915	319
2915	322
2916	322
2916	324
2917	324
2917	326
2918	326
2918	327
2919	327
2919	329
2920	329
2920	331
2921	331
2921	333
2922	333
2922	334
2923	334
2923	336
2924	336
2924	339
2926	339
2926	340
2929	340
2929	339
2930	339
2930	340
2931	340
2931	339
2935	339
2935	338
2936	338
2936	339
2944	339
2944	340
2948	340
2948	339
2951	339
2951	340
2953	340
2953	341
2954	341
2954	342
2956	342
2956	343
2959	343
2959	344
2960	344
2960	343
2961	343
2961	342
2963	342
2963	341
2965	341
2965	340
2970	340
2970	341
2984	341
2984	342
2994	342
2994	341
2997	341
2997	342
3003	342
3003	343
3006	343
3006	344
3008	344
3008	345
3009	345
3009	346
3010	346
3010	347
3011	347
3011	348
3012	348
3012	349
3016	349
3016	350
3017	350
3017	351
3019	351
3019	352
3020	352
3020	353
3021	353
3021	354
3024	354
3024	355
3026	355
3026	356
3027	356
3027	358
3028	358
3028	359
3029	359
3029	362
3030	362
3030	363
3031	363
3031	364
3032	364
3032	367
3033	367
3033	371
3034	371
3034	372
3035	372
3035	376
3034	376
3034	377
3035	377
3035	378
3034	378
3034	387
3033	387
3033	397
3034	397
3034	399
3033	399
3033	406
3032	406
3032	412
3034	412
3034	413
3041	413
3041	414
3042	414
3042	413
3043	413
3043	414
3049	414
3049	415
3050	415
3050	416
3052	416
3052	417
3053	417
3053	416
3054	416
3054	417
3062	417
3062	418
3068	418
3068	419
3069	419
3069	418
3071	418
3071	417
3072	417
3072	418
3087	418
3087	419
3089	419
3089	418
3091	418
3091	417
3093	417
3093	416
3096	416
3096	415
3099	415
3099	414
3100	414
3100	412
3102	412
3102	411
3103	411
3103	410
3104	410
3104	409
3105	409
3105	408
3106	408
3106	407
3108	407
3108	406
3109	406
3109	405
3110	405
3110	404
3112	404
3112	402
3113	402
3113	400
3114	400
3114	397
3115	397
3115	395
3116	395
3116	394
3115	394
3115	393
3116	393
3116	386
3117	386
3117	378
3118	378
3118	377
3117	377
3117	375
3118	375
3118	367
3117	367
3117	361
3118	361
3118	354
3119	354
3119	352
3120	352
3120	350
3121	350
3121	348
3122	348
3122	346
3123	346
3123	345
3125	345
3125	344
3129	344
3129	345
3134	345
3134	346
3136	346
3136	347
3137	347
3137	348
3138	348
3138	351
3139	351
3139	352
3140	352
3140	354
3139	354
3139	355
3140	355
3140	358
3141	358
3141	366
3142	366
3142	369
3143	369
3143	370
3144	370
3144	371
3147	371
3147	370
3149	370
3149	371
3153	371
3153	370
3155	370
3155	371
3166	371
3166	370
3167	370
3167	371
3171	371
3171	370
3172	370
3172	369
3174	369
3174	368
3175	368
3175	366
3176	366
3176	365
3178	365
3178	362
3179	362
3179	360
3180	360
3180	358
3181	358
3181	357
3182	357
3182	355
3184	355
3184	352
3185	352
3185	351
3186	351
3186	350
3187	350
3187	349
3188	349
3188	347
3189	347
3189	346
3191	346
3191	343
3192	343
3192	342
3193	342
3193	341
3194	341
3194	339
3195	339
3195	338
3196	338
3196	336
3197	336
3197	335
3199	335
3199	334
3202	334
3202	333
3204	333
3204	332
3205	332
3205	331
3206	331
3206	330
3207	330
3207	329
3208	329
3208	328
3209	328
3209	327
3210	327
3210	325
3212	325
3212	324
3213	324
3213	322
3214	322
3214	319
3216	319
3216	316
3217	316
3217	313
3218	313
3218	312
3219	312
3219	311
3220	311
3220	309
3219	309
3219	307
3220	307
3220	306
3222	306
3222	302
3223	302
3223	300
3222	300
3222	299
3224	299
3224	297
3223	297
3223	296
3224	296
3224	287
3225	287
3225	286
3224	286
3224	284
3225	284
3225	263
3226	263
3226	261
3225	261
3225	259
3226	259
3226	253
3227	253
3227	252
3228	252
3228	251
3227	251
3227	249
3226	249
3226	248
3227	248
3227	244
3226	244
3226	233
3227	233
3227	220
3228	220
3228	214
3227	214
3227	212
3228	212
3228	210
3227	210
3227	208
3228	208
3228	206
3229	206
3229	204
3228	204
3228	191
3227	191
3227	189
3226	189
3226	186
3227	186
3227	185
3225	185
3225	179
3226	179
3226	176
3227	176
3227	174
3228	174
3228	172
3229	172
3229	170
3227	170
3227	169
3228	169
3228	168
3229	168
3229	167
3230	167
3230	166
3229	166
3229	165
3230	165
3230	163
3232	163
3232	158
3234	158
3234	156
3235	156
3235	157
3236	157
3236	156
3241	156
3241	157
3244	157
3244	158
3245	158
3245	159
3247	159
3247	160
3248	160
3248	159
3252	159
3252	157
3254	157
3254	156
3255	156
3255	154
3256	154
3256	153
3258	153
3258	152
3257	152
3257	151
3258	151
3258	150
3259	150
3259	149
3260	149
3260	147
3261	147
3261	145
3262	145
3262	144
3264	144
3264	142
3265	142
3265	141
3268	141
3268	140
3271	140
3271	139
3275	139
3275	138
3276	138
3276	137
3278	137
3278	136
3279	136
3279	135
3280	135
3280	132
3281	132
3281	131
3282	131
3282	129
3283	129
3283	128
3284	128
3284	127
3285	127
3285	126
3293	126
3293	127
3294	127
3294	126
3301	126
3301	127
3303	127
3303	128
3304	128
3304	129
3305	129
3305	130
3306	130
3306	132
3307	132
3307	135
3308	135
3308	136
3309	136
3309	139
3310	139
3310	140
3311	140
3311	142
3313	142
3313	145
3314	145
3314	147
3315	147
3315	149
3316	149
3316	150
3317	150
3317	153
3318	153
3318	154
3319	154
3319	156
3320	156
3320	157
3321	157
3321	158
3322	158
3322	159
3321	159
3321	160
3322	160
3322	164
3323	164
3323	166
3324	166
3324	169
3325	169
3325	170
3324	170
3324	174
3325	174
3325	177
3326	177
3326	181
3327	181
3327	187
3328	187
3328	190
3329	190
3329	197
3330	197
3330	201
3331	201
3331	204
3332	204
3332	210
3333	210
3333	211
3334	211
3334	214
3335	214
3335	215
3338	215
3338	216
3340	216
3340	215
3341	215
3341	214
3343	214
3343	215
3344	215
3344	214
3347	214
3347	215
3348	215
3348	214
3349	214
3349	215
3351	215
3351	214
3352	214
3352	215
3362	215
3362	216
3368	216
3368	215
3372	215
3372	214
3373	214
3373	213
3375	213
3375	212
3376	212
3376	211
3377	211
3377	210
3379	210
3379	208
3380	208
3380	206
3381	206
3381	205
3382	205
3382	202
3383	202
3383	200
3384	200
3384	199
3385	199
3385	195
3386	195
3386	193
3387	193
3387	190
3388	190
3388	189
3389	189
3389	187
3390	187
3390	185
3391	185
3391	180
3392	180
3392	179
3393	179
3393	176
3394	176
3394	175
3395	175
3395	173
3396	173
3396	171
3397	171
3397	170
3398	170
3398	166
3399	166
3399	165
3400	165
3400	163
3401	163
3401	159
3402	159
3402	157
3403	157
3403	156
3404	156
3404	153
3405	153
3405	151
3406	151
3406	150
3407	150
3407	147
3406	147
3406	146
3407	146
3407	145
3408	145
3408	137
3409	137
3409	131
3410	131
3410	129
3411	129
3411	127
3410	127
3410	125
3411	125
3411	124
3412	124
3412	122
3413	122
3413	120
3415	120
3415	118
3416	118
3416	116
3417	116
3417	115
3418	115
3418	112
3419	112
3419	111
3421	111
3421	110
3420	110
3420	109
3421	109
3421	107
3422	107
3422	106
3423	106
3423	105
3424	105
3424	103
3426	103
3426	101
3427	101
3427	104
3428	104
3428	106
3429	106
3429	107
3432	107
3432	106
3436	106
3436	107
3437	107
3437	106
3438	106
3438	107
3439	107
3439	106
3441	106
3441	105
3443	105
3443	103
3445	103
3445	102
3447	102
3447	99
3448	99
3448	96
3451	96
3451	95
3452	95
3452	96
3454	96
3454	95
3457	95
3457	96
3458	96
3458	95
3463	95
3463	94
3464	94
3464	92
3465	92
3465	89
3464	89
3464	88
3463	88
3463	81
3464	81
3464	80
3463	80
3463	78
3464	78
3464	73
3465	73
3465	72
3466	72
3466	69
3468	69
3468	68
3469	68
3469	67
3471	67
3471	66
3472	66
3472	65
3473	65
3473	63
3474	63
3474	62
3475	62
3475	60
3476	60
3476	59
3477	59
3477	58
3478	58
3478	57
3484	57
3484	56
3485	56
3485	57
3486	57
3486	56
3495	56
3495	55
3496	55
3496	56
3501	56
3501	55
3502	55
3502	54
3504	54
3504	55
3510	55
3510	54
3513	54
3513	53
3516	53
3516	52
3519	52
3519	51
3523	51
3523	50
3526	50
3526	49
3531	49
3531	50
3532	50
3532	49
3537	49
3537	50
3538	50
3538	49
3539	49
3539	48
3540	48
3540	49
3546	49
3546	50
3556	50
3556	51
3557	51
3557	52
3560	52
3560	53
3567	53
3567	54
3568	54
3568	55
3570	55
3570	57
3571	57
3571	59
3573	59
3573	60
3574	60
3574	61
3575	61
3575	63
3576	63
3576	65
3577	65
3577	66
3578	66
3578	67
3579	67
3579	68
3580	68
3580	69
3581	69
3581	70
3583	70
3583	72
3585	72
3585	73
3586	73
3586	75
3587	75
3587	77
3588	77
3588	80
3589	80
3589	82
3590	82
3590	86
3591	86
3591	88
3592	88
3592	93
3593	93
3593	96
3594	96
3594	103
3593	103
3593	104
3594	104
3594	106
3593	106
3593	108
3594	108
3594	109
3595	109
3595	110
3594	110
3594	113
3595	113
3595	124
3596	124
3596	126
3595	126
3595	128
3597	128
3597	129
3606	129
3606	130
3607	130
3607	129
3616	129
3616	130
3618	130
3618	129
3624	129
3624	130
3625	130
3625	129
3628	129
3628	130
3629	130
3629	129
3631	129
3631	128
3635	128
3635	127
3639	127
3639	128
3643	128
3643	127
3646	127
3646	126
3650	126
3650	125
3663	125
3663	124
3668	124
3668	123
3672	123
3672	124
3682	124
3682	123
3694	123
3694	124
3695	124
3695	123
3700	123
3700	122
3705	122
3705	121
3704	121
3704	120
3706	120
3706	119
3707	119
3707	117
3709	117
3709	116
3711	116
3711	115
3712	115
3712	114
3714	114
3714	113
3715	113
3715	111
3716	111
3716	104
3718	104
3718	100
3719	100
3719	98
3718	98
3718	97
3719	97
3719	89
3718	89
3718	87
3719	87
3719	76
3722	76
3722	74
3725	74
3725	73
3726	73
3726	74
3727	74
3727	73
3728	73
3728	72
3729	72
3729	71
3730	71
3730	70
3732	70
3732	846
0	846
0	71
1	71
1	70
0	70
0	0
1592	0
1592	1
1593	1
1593	0
3732	0
3732	50
3731	50
3731	51
3728	51
3728	52
3727	52
3727	56
3726	56
3726	59
3725	59
3725	60
3726	60
3726	61
3725	61
3725	64
3723	64
3723	65
3722	65
3722	66
3719	66
3719	67
3714	67
3714	68
3713	68
3713	70
3712	70
3712	71
3711	71
3711	72
3710	72
3710	84
3711	84
3711	85
3710	85
3710	88
3711	88
3711	89
3710	89
3710	95
3711	95
3711	96
3710	96
3710	97
3709	97
3709	103
3708	103
3708	104
3707	104
3707	105
3708	105
3708	106
3707	106
3707	107
3706	107
3706	108
3705	108
3705	110
3704	110
3704	111
3703	111
3703	112
3702	112
3702	113
3699	113
3699	114
3681	114
3681	115
3675	115
3675	116
3674	116
3674	115
3664	115
3664	116
3656	116
3656	117
3653	117
3653	116
3651	116
3651	117
3650	117
3650	116
3649	116
3649	117
3646	117
3646	118
3645	118
3645	117
3644	117
3644	118
3642	118
3642	117
3641	117
3641	118
3640	118
3640	119
3634	119
3634	120
3630	120
3630	121
3628	121
3628	120
3618	120
3618	119
3617	119
3617	120
3616	120
3616	119
3615	119
3615	120
3609	120
3609	119
3608	119
3608	120
3607	120
3607	119
3603	119
3603	118
3602	118
3602	115
3601	115
3601	112
3600	112
3600	106
3599	106
3599	102
3600	102
3600	99
3599	99
3599	95
3600	95
3600	89
3599	89
3599	86
3598	86
3598	84
3597	84
3597	82
3596	82
3596	80
3595	80
3595	78
3594	78
3594	75
3593	75
3593	71
3592	71
3592	69
3591	69
3591	68
3590	68
3590	67
3589	67
3589	66
3587	66
3587	65
3586	65
3586	64
3584	64
3584	63
3582	63
3582	61
3581	61
3581	59
3580	59
3580	58
3579	58
3579	56
3578	56
3578	55
3577	55
3577	54
3578	54
3578	53
3577	53
3577	51
3575	51
3575	49
3574	49
3574	48
3572	48
3572	47
3571	47
3571	46
3568	46
3568	43
3565	43
3565	44
3560	44
3560	43
3558	43
3558	42
3556	42
3556	41
3546	41
3546	40
3544	40
3544	41
3542	41
3542	40
3541	40
3541	41
3539	41
3539	40
3537	40
3537	41
3536	41
3536	40
3535	40
3535	41
3523	41
3523	42
3519	42
3519	43
3517	43
3517	44
3514	44
3514	45
3513	45
3513	46
3510	46
3510	47
3507	47
3507	46
3506	46
3506	47
3503	47
3503	48
3502	48
3502	47
3500	47
3500	48
3490	48
3490	47
3488	47
3488	48
3481	48
3481	49
3477	49
3477	50
3476	50
3476	51
3475	51
3475	53
3474	53
3474	54
3473	54
3473	55
3471	55
3471	58
3470	58
3470	59
3469	59
3469	60
3468	60
3468	61
3466	61
3466	63
3465	63
3465	65
3463	65
3463	66
3462	66
3462	67
3461	67
3461	68
3460	68
3460	69
3459	69
3459	74
3457	74
3457	78
3458	78
3458	81
3457	81
3457	83
3456	83
3456	85
3457	85
3457	86
3454	86
3454	87
3450	87
3450	88
3449	88
3449	87
3448	87
3448	88
3447	88
3447	89
3446	89
3446	90
3445	90
3445	91
3444	91
3444	92
3443	92
3443	93
3442	93
3442	95
3440	95
3440	96
3439	96
3439	98
3437	98
3437	97
3436	97
3436	95
3437	95
3437	91
3436	91
3436	89
3435	89
3435	88
3434	88
3434	87
3429	87
3429	88
3428	88
3428	89
3427	89
3427	90
3426	90
3426	92
3424	92
3424	93
3422	93
3422	95
3421	95
3421	96
3420	96
3420	98
3419	98
3419	99
3418	99
3418	101
3416	101
3416	102
3415	102
3415	103
3414	103
3414	104
3413	104
3413	106
3412	106
3412	108
3411	108
3411	110
3410	110
3410	113
3408	113
3408	114
3407	114
3407	115
3406	115
3406	116
3407	116
3407	117
3406	117
3406	121
3405	121
3405	122
3404	122
3404	124
3403	124
3403	125
3402	125
3402	127
3403	127
3403	128
3402	128
3402	132
3401	132
3401	133
3400	133
3400	134
3401	134
3401	138
3400	138
3400	142
3399	142
3399	146
3398	146
3398	148
3397	148
3397	149
3396	149
3396	153
3395	153
3395	157
3394	157
3394	158
3395	158
3395	159
3394	159
3394	160
3393	160
3393	161
3392	161
3392	163
3391	163
3391	166
3390	166
3390	169
3389	169
3389	170
3388	170
3388	171
3386	171
3386	172
3385	172
3385	173
3384	173
3384	181
3383	181
3383	184
3382	184
3382	186
3381	186
3381	188
3380	188
3380	189
3379	189
3379	191
3378	191
3378	193
3377	193
3377	197
3376	197
3376	198
3375	198
3375	201
3374	201
3374	203
3372	203
3372	204
3371	204
3371	205
3369	205
3369	207
3368	207
3368	206
3364	206
3364	207
3363	207
3363	206
3362	206
3362	207
3361	207
3361	206
3359	206
3359	205
3358	205
3358	206
3357	206
3357	205
3351	205
3351	206
3350	206
3350	205
3348	205
3348	206
3342	206
3342	205
3341	205
3341	204
3340	204
3340	203
3339	203
3339	201
3338	201
3338	200
3337	200
3337	199
3338	199
3338	198
3336	198
3336	197
3337	197
3337	196
3336	196
3336	194
3335	194
3335	186
3334	186
3334	184
3333	184
3333	183
3334	183
3334	180
3333	180
3333	175
3332	175
3332	171
3331	171
3331	166
3330	166
3330	162
3329	162
3329	159
3328	159
3328	158
3327	158
3327	155
3326	155
3326	153
3325	153
3325	149
3324	149
3324	146
3323	146
3323	144
3322	144
3322	143
3320	143
3320	139
3318	139
3318	134
3316	134
3316	131
3315	131
3315	129
3314	129
3314	126
3313	126
3313	125
3312	125
3312	123
3311	123
3311	121
3310	121
3310	109
3309	109
3309	107
3308	107
3308	106
3307	106
3307	104
3304	104
3304	101
3303	101
3303	98
3302	98
3302	96
3303	96
3303	95
3302	95
3302	93
3299	93
3299	92
3298	92
3298	93
3297	93
3297	95
3294	95
3294	97
3293	97
3293	98
3294	98
3294	103
3295	103
3295	104
3294	104
3294	105
3291	105
3291	106
3295	106
3295	107
3296	107
3296	111
3298	111
3298	112
3297	112
3297	113
3298	113
3298	116
3297	116
3297	117
3294	117
3294	118
3292	118
3292	117
3288	117
3288	116
3284	116
3284	117
3281	117
3281	120
3278	120
3278	123
3277	123
3277	125
3274	125
3274	127
3272	127
3272	129
3271	129
3271	130
3268	130
3268	131
3263	131
3263	132
3262	132
3262	133
3260	133
3260	134
3259	134
3259	136
3258	136
3258	137
3257	137
3257	140
3256	140
3256	141
3255	141
3255	142
3254	142
3254	144
3253	144
3253	145
3252	145
3252	146
3251	146
3251	148
3250	148
3250	149
3249	149
3249	150
3247	150
3247	149
3244	149
3244	148
3243	148
3243	147
3238	147
3238	146
3234	146
3234	147
3232	147
3232	148
3231	148
3231	149
3230	149
3230	150
3228	150
3228	151
3227	151
3227	152
3226	152
3226	154
3225	154
3225	157
3224	157
3224	158
3223	158
3223	163
3222	163
3222	165
3221	165
3221	168
3220	168
3220	172
3219	172
3219	176
3218	176
3218	178
3217	178
3217	186
3218	186
3218	189
3219	189
3219	190
3218	190
3218	192
3219	192
3219	195
3220	195
3220	196
3219	196
3219	197
3218	197
3218	198
3220	198
3220	204
3219	204
3219	206
3220	206
3220	210
3219	210
3219	212
3220	212
3220	213
3219	213
3219	215
3220	215
3220	220
3219	220
3219	231
3218	231
3218	241
3217	241
3217	243
3218	243
3218	257
3217	257
3217	258
3218	258
3218	262
3217	262
3217	279
3216	279
3216	286
3215	286
3215	287
3216	287
3216	291
3217	291
3217	293
3216	293
3216	295
3215	295
3215	301
3214	301
3214	303
3213	303
3213	306
3212	306
3212	307
3211	307
3211	311
3210	311
3210	313
3209	313
3209	315
3208	315
3208	317
3206	317
3206	318
3205	318
3205	320
3204	320
3204	321
3203	321
3203	322
3202	322
3202	323
3200	323
3200	324
3197	324
3197	323
3196	323
3196	324
3195	324
3195	325
3194	325
3194	326
3193	326
3193	327
3192	327
3192	330
3191	330
3191	331
3190	331
3190	333
3187	333
3187	335
3186	335
3186	336
3185	336
3185	338
3184	338
3184	339
3182	339
3182	342
3181	342
3181	344
3180	344
3180	347
3179	347
3179	348
3178	348
3178	349
3177	349
3177	350
3176	350
3176	351
3175	351
3175	353
3174	353
3174	355
3173	355
3173	356
3172	356
3172	360
3169	360
3169	361
3168	361
3168	362
3166	362
3166	363
3162	363
3162	362
3152	362
3152	361
3150	361
3150	362
3149	362
3149	361
3147	361
3147	354
3146	354
3146	352
3145	352
3145	350
3146	350
3146	346
3145	346
3145	345
3144	345
3144	343
3143	343
3143	340
3141	340
3141	339
3140	339
3140	338
3138	338
3138	337
3135	337
3135	336
3134	336
3134	334
3127	334
3127	335
3126	335
3126	334
3124	334
3124	335
3120	335
3120	336
3119	336
3119	339
3118	339
3118	340
3117	340
3117	341
3116	341
3116	342
3115	342
3115	344
3114	344
3114	345
3113	345
3113	347
3112	347
3112	348
3111	348
3111	354
3110	354
3110	358
3109	358
3109	361
3110	361
3110	363
3109	363
3109	369
3110	369
3110	375
3111	375
3111	376
3110	376
3110	380
3109	380
3109	382
3108	382
3108	387
3109	387
3109	389
3108	389
3108	392
3107	392
3107	396
3106	396
3106	398
3103	398
3103	399
3102	399
3102	400
3101	400
3101	401
3100	401
3100	402
3099	402
3099	403
3098	403
3098	404
3097	404
3097	405
3096	405
3096	406
3092	406
3092	407
3088	407
3088	408
3086	408
3086	409
3081	409
3081	408
3079	408
3079	409
3070	409
3070	410
3067	410
3067	409
3062	409
3062	408
3061	408
3061	409
3056	409
3056	408
3055	408
3055	409
3053	409
3053	408
3050	408
3050	407
3049	407
3049	406
3048	406
3048	405
3045	405
3045	404
3040	404
3040	398
3041	398
3041	393
3040	393
3040	390
3041	390
3041	389
3040	389
3040	386
3041	386
3041	379
3042	379
3042	377
3041	377
3041	374
3042	374
3042	372
3041	372
3041	366
3040	366
3040	360
3039	360
3039	359
3038	359
3038	358
3037	358
3037	355
3036	355
3036	354
3035	354
3035	351
3034	351
3034	350
3033	350
3033	349
3032	349
3032	348
3030	348
3030	347
3028	347
3028	346
3026	346
3026	344
3025	344
3025	343
3022	343
3022	342
3021	342
3021	341
3020	341
3020	340
3019	340
3019	341
3018	341
3018	340
3016	340
3016	338
3014	338
3014	336
3012	336
3012	335
3010	335
3010	334
3008	334
3008	333
3006	333
3006	334
3001	334
3001	333
2997	333
2997	332
2996	332
2996	333
2994	333
2994	332
2992	332
2992	333
2988	333
2988	334
2986	334
2986	333
2984	333
2984	332
2980	332
2980	333
2978	333
2978	332
2974	332
2974	331
2970	331
2970	330
2969	330
2969	331
2964	331
2964	332
2963	332
2963	331
2962	331
2962	332
2961	332
2961	334
2960	334
2960	335
2957	335
2957	334
2956	334
2956	333
2954	333
2954	332
2952	332
2952	330
2930	330
2930	329
2928	329
2928	327
2927	327
2927	325
2926	325
2926	324
2925	324
2925	323
2924	323
2924	321
2923	321
2923	319
2922	319
2922	317
2921	317
2921	315
2920	315
2920	313
2919	313
2919	312
2918	312
2918	311
2917	311
2917	309
2916	309
2916	308
2915	308
2915	307
2914	307
2914	306
2913	306
2913	301
2912	301
2912	299
2913	299
2913	295
2914	295
2914	294
2913	294
2913	293
2912	293
2912	287
2910	287
2910	286
2909	286
2909	284
2910	284
2910	281
2908	281
2908	280
2907	280
2907	279
2906	279
2906	278
2905	278
2905	279
2904	279
2904	278
2903	278
2903	279
2901	279
2901	278
2899	278
2899	277
2897	277
2897	278
2894	278
2894	276
2893	276
2893	277
2892	277
2892	278
2891	278
2891	279
2889	279
2889	280
2880	280
2880	276
2879	276
2879	275
2878	275
2878	274
2877	274
2877	273
2876	273
2876	272
2875	272
2875	270
2873	270
2873	269
2872	269
2872	270
2866	270
2866	271
2864	271
2864	270
2863	270
2863	269
2861	269
2861	270
2853	270
2853	269
2852	269
2852	270
2850	270
2850	269
2849	269
2849	270
2845	270
2845	271
2843	271
2843	272
2838	272
2838	273
2837	273
2837	274
2835	274
2835	275
2834	275
2834	276
2833	276
2833	279
2832	279
2832	280
2831	280
2831	284
2832	284
2832	285
2831	285
2831	290
2830	290
2830	298
2829	298
2829	299
2828	299
2828	303
2827	303
2827	305
2826	305
2826	309
2825	309
2825	314
2824	314
2824	316
2823	316
2823	327
2822	327
2822	346
2821	346
2821	352
2820	352
2820	355
2819	355
2819	362
2818	362
2818	363
2817	363
2817	365
2818	365
2818	366
2817	366
2817	367
2816	367
2816	369
2815	369
2815	371
2814	371
2814	372
2812	372
2812	374
2811	374
2811	375
2807	375
2807	377
2806	377
2806	378
2805	378
2805	380
2802	380
2802	379
2799	379
2799	378
2798	378
2798	379
2795	379
2795	380
2794	380
2794	385
2793	385
2793	386
2792	386
2792	390
2791	390
2791	392
2790	392
2790	393
2789	393
2789	395
2788	395
2788	396
2786	396
2786	397
2785	397
2785	398
2784	398
2784	399
2783	399
2783	400
2780	400
2780	396
2779	396
2779	385
2780	385
2780	383
2779	383
2779	373
2778	373
2778	368
2777	368
2777	364
2776	364
2776	360
2775	360
2775	359
2774	359
2774	358
2773	358
2773	357
2772	357
2772	356
2771	356
2771	355
2770	355
2770	354
2769	354
2769	352
2765	352
2765	351
2764	351
2764	348
2763	348
2763	347
2762	347
2762	346
2758	346
2758	347
2757	347
2757	346
2756	346
2756	345
2754	345
2754	346
2753	346
2753	347
2752	347
2752	348
2751	348
2751	349
2750	349
2750	350
2748	350
2748	351
2745	351
2745	352
2744	352
2744	355
2743	355
2743	356
2742	356
2742	359
2741	359
2741	362
2740	362
2740	366
2739	366
2739	368
2740	368
2740	372
2739	372
2739	373
2740	373
2740	374
2739	374
2739	378
2740	378
2740	380
2739	380
2739	390
2740	390
2740	393
2739	393
2739	396
2738	396
2738	407
2737	407
2737	410
2736	410
2736	412
2735	412
2735	413
2733	413
2733	414
2730	414
2730	415
2725	415
2725	416
2724	416
2724	417
2723	417
2723	426
2722	426
2722	427
2721	427
2721	428
2715	428
2715	427
2711	427
2711	428
2708	428
2708	429
2706	429
2706	430
2702	430
2702	431
2694	431
2694	430
2693	430
2693	431
2690	431
2690	430
2689	430
2689	431
2681	431
2681	430
2674	430
2674	431
2663	431
2663	430
2654	430
2654	429
2653	429
2653	422
2652	422
2652	418
2651	418
2651	415
2650	415
2650	407
2649	407
2649	405
2648	405
2648	402
2647	402
2647	401
2646	401
2646	399
2647	399
2647	397
2646	397
2646	392
2645	392
2645	389
2646	389
2646	386
2645	386
2645	381
2646	381
2646	379
2645	379
2645	377
2646	377
2646	368
2647	368
2647	362
2646	362
2646	354
2647	354
2647	350
2646	350
2646	348
2647	348
2647	347
2646	347
2646	343
2645	343
2645	342
2644	342
2644	341
2643	341
2643	340
2644	340
2644	338
2645	338
2645	335
2644	335
2644	333
2643	333
2643	330
2642	330
2642	327
2641	327
2641	326
2640	326
2640	325
2639	325
2639	324
2637	324
2637	323
2636	323
2636	324
2635	324
2635	323
2634	323
2634	322
2631	322
2631	321
2628	321
2628	320
2627	320
2627	319
2626	319
2626	317
2624	317
2624	315
2623	315
2623	314
2622	314
2622	313
2620	313
2620	312
2619	312
2619	311
2614	311
2614	312
2613	312
2613	313
2614	313
2614	315
2613	315
2613	316
2614	316
2614	317
2613	317
2613	320
2614	320
2614	321
2613	321
2613	322
2614	322
2614	325
2613	325
2613	328
2612	328
2612	331
2610	331
2610	332
2609	332
2609	333
2608	333
2608	334
2607	334
2607	336
2606	336
2606	338
2607	338
2607	343
2606	343
2606	347
2605	347
2605	355
2604	355
2604	356
2603	356
2603	357
2602	357
2602	363
2603	363
2603	365
2604	365
2604	367
2603	367
2603	370
2604	370
2604	375
2605	375
2605	376
2606	376
2606	380
2605	380
2605	384
2606	384
2606	387
2607	387
2607	388
2606	388
2606	390
2604	390
2604	391
2605	391
2605	397
2604	397
2604	400
2603	400
2603	405
2602	405
2602	406
2603	406
2603	408
2602	408
2602	409
2601	409
2601	416
2600	416
2600	423
2599	423
2599	428
2597	428
2597	429
2598	429
2598	431
2599	431
2599	442
2600	442
2600	443
2599	443
2599	445
2598	445
2598	446
2599	446
2599	452
2600	452
2600	459
2599	459
2599	460
2598	460
2598	461
2599	461
2599	466
2598	466
2598	467
2597	467
2597	474
2596	474
2596	476
2597	476
2597	478
2596	478
2596	481
2595	481
2595	483
2596	483
2596	487
2595	487
2595	507
2596	507
2596	508
2595	508
2595	520
2594	520
2594	527
2593	527
2593	531
2591	531
2591	532
2592	532
2592	534
2590	534
2590	533
2589	533
2589	534
2590	534
2590	535
2591	535
2591	537
2592	537
2592	546
2591	546
2591	547
2592	547
2592	548
2591	548
2591	549
2592	549
2592	550
2591	550
2591	551
2592	551
2592	553
2591	553
2591	560
2592	560
2592	566
2593	566
2593	567
2592	567
2592	570
2593	570
2593	572
2592	572
2592	574
2593	574
2593	579
2592	579
2592	581
2593	581
2593	585
2591	585
2591	592
2589	592
2589	594
2584	594
2584	595
2583	595
2583	594
2581	594
2581	595
2571	595
2571	596
2570	596
2570	595
2565	595
2565	594
2564	594
2564	595
2561	595
2561	594
2553	594
2553	595
2550	595
2550	594
2536	594
2536	595
2533	595
2533	596
2529	596
2529	597
2528	597
2528	596
2526	596
2526	597
2525	597
2525	596
2524	596
2524	597
2523	597
2523	596
2522	596
2522	597
2517	597
2517	598
2514	598
2514	599
2512	599
2512	600
2508	600
2508	599
2499	599
2499	598
2497	598
2497	599
2496	599
2496	598
2495	598
2495	597
2493	597
2493	596
2492	596
2492	594
2493	594
2493	591
2492	591
2492	587
2491	587
2491	585
2492	585
2492	583
2491	583
2491	578
2490	578
2490	570
2491	570
2491	568
2490	568
2490	566
2491	566
2491	556
2490	556
2490	555
2491	555
2491	549
2492	549
2492	548
2491	548
2491	545
2492	545
2492	542
2493	542
2493	541
2492	541
2492	530
2491	530
2491	525
2492	525
2492	524
2491	524
2491	519
2490	519
2490	515
2489	515
2489	513
2488	513
2488	510
2489	510
2489	507
2488	507
2488	503
2487	503
2487	501
2486	501
2486	500
2485	500
2485	499
2484	499
2484	496
2485	496
2485	495
2484	495
2484	490
2485	490
2485	485
2484	485
2484	484
2483	484
2483	483
2482	483
2482	484
2480	484
2480	485
2477	485
2477	484
2476	484
2476	483
2470	483
2470	482
2471	482
2471	478
2470	478
2470	477
2469	477
2469	476
2470	476
2470	471
2471	471
2471	463
2472	463
2472	462
2471	462
2471	458
2470	458
2470	455
2464	455
2464	453
2463	453
2463	450
2460	450
2460	449
2458	449
2458	448
2456	448
2456	447
2455	447
2455	446
2454	446
2454	445
2451	445
2451	444
2450	444
2450	443
2449	443
2449	442
2448	442
2448	441
2445	441
2445	440
2444	440
2444	439
2440	439
2440	438
2438	438
2438	437
2434	437
2434	436
2430	436
2430	435
2428	435
2428	436
2427	436
2427	435
2426	435
2426	433
2424	433
2424	432
2422	432
2422	431
2421	431
2421	432
2419	432
2419	431
2416	431
2416	430
2412	430
2412	431
2411	431
2411	430
2393	430
2393	429
2391	429
2391	428
2390	428
2390	427
2389	427
2389	426
2388	426
2388	425
2386	425
2386	424
2384	424
2384	423
2383	423
2383	422
2382	422
2382	421
2381	421
2381	420
2377	420
2377	421
2376	421
2376	420
2375	420
2375	419
2372	419
2372	418
2371	418
2371	417
2370	417
2370	414
2369	414
2369	410
2368	410
2368	405
2367	405
2367	404
2366	404
2366	398
2365	398
2365	397
2364	397
2364	396
2363	396
2363	393
2362	393
2362	392
2361	392
2361	390
2360	390
2360	389
2361	389
2361	387
2360	387
2360	386
2358	386
2358	385
2357	385
2357	384
2356	384
2356	383
2355	383
2355	380
2353	380
2353	379
2352	379
2352	378
2351	378
2351	377
2342	377
2342	376
2340	376
2340	375
2338	375
2338	374
2337	374
2337	373
2335	373
2335	372
2334	372
2334	371
2333	371
2333	369
2332	369
2332	368
2330	368
2330	367
2328	367
2328	364
2327	364
2327	363
2326	363
2326	362
2325	362
2325	359
2324	359
2324	358
2323	358
2323	356
2321	356
2321	355
2320	355
2320	354
2318	354
2318	355
2317	355
2317	356
2316	356
2316	357
2315	357
2315	359
2314	359
2314	364
2315	364
2315	370
2314	370
2314	373
2313	373
2313	375
2314	375
2314	385
2313	385
2313	398
2314	398
2314	403
2313	403
2313	404
2312	404
2312	417
2313	417
2313	420
2312	420
2312	423
2313	423
2313	428
2312	428
2312	435
2313	435
2313	437
2312	437
2312	440
2311	440
2311	442
2312	442
2312	445
2313	445
2313	447
2314	447
2314	448
2313	448
2313	450
2312	450
2312	454
2313	454
2313	455
2312	455
2312	458
2311	458
2311	468
2310	468
2310	469
2309	469
2309	473
2308	473
2308	477
2307	477
2307	483
2306	483
2306	485
2305	485
2305	486
2304	486
2304	485
2303	485
2303	483
2304	483
2304	482
2303	482
2303	480
2301	480
2301	479
2300	479
2300	478
2298	478
2298	477
2297	477
2297	476
2291	476
2291	477
2290	477
2290	478
2289	478
2289	479
2286	479
2286	480
2282	480
2282	481
2279	481
2279	482
2278	482
2278	484
2277	484
2277	486
2276	486
2276	487
2275	487
2275	490
2274	490
2274	493
2273	493
2273	496
2272	496
2272	501
2271	501
2271	504
2272	504
2272	505
2271	505
2271	508
2270	508
2270	509
2269	509
2269	510
2270	510
2270	511
2271	511
2271	521
2270	521
2270	522
2262	522
2262	523
2261	523
2261	524
2260	524
2260	525
2259	525
2259	526
2250	526
2250	527
2246	527
2246	528
2245	528
2245	529
2243	529
2243	531
2242	531
2242	532
2241	532
2241	533
2240	533
2240	534
2239	534
2239	535
2238	535
2238	537
2237	537
2237	538
2236	538
2236	539
2235	539
2235	540
2234	540
2234	542
2233	542
2233	543
2232	543
2232	544
2230	544
2230	545
2229	545
2229	546
2225	546
2225	548
2224	548
2224	550
2223	550
2223	551
2222	551
2222	555
2221	555
2221	558
2222	558
2222	560
2221	560
2221	563
2220	563
2220	564
2221	564
2221	565
2220	565
2220	567
2219	567
2219	572
2218	572
2218	577
2217	577
2217	584
2216	584
2216	585
2213	585
2213	586
2203	586
2203	587
2202	587
2202	586
2191	586
2191	587
2190	587
2190	586
2188	586
2188	584
2185	584
2185	582
2184	582
2184	580
2183	580
2183	579
2182	579
2182	578
2179	578
2179	577
2178	577
2178	576
2176	576
2176	575
2175	575
2175	576
2173	576
2173	575
2172	575
2172	573
2170	573
2170	572
2169	572
2169	571
2168	571
2168	570
2167	570
2167	569
2164	569
2164	568
2163	568
2163	567
2159	567
2159	566
2158	566
2158	565
2154	565
2154	564
2151	564
2151	563
2150	563
2150	562
2149	562
2149	561
2148	561
2148	559
2147	559
2147	557
2143	557
2143	556
2140	556
2140	557
2134	557
2134	558
2132	558
2132	559
2129	559
2129	560
2126	560
2126	561
2122	561
2122	562
2120	562
2120	563
2118	563
2118	565
2117	565
2117	566
2115	566
2115	567
2114	567
2114	569
2113	569
2113	570
2112	570
2112	572
2111	572
2111	573
2110	573
2110	575
2108	575
2108	576
2106	576
2106	577
2105	577
2105	576
2104	576
2104	575
2103	575
2103	574
2101	574
2101	571
2100	571
2100	570
2099	570
2099	569
2098	569
2098	567
2097	567
2097	564
2096	564
2096	562
2095	562
2095	558
2094	558
2094	556
2093	556
2093	555
2092	555
2092	554
2093	554
2093	552
2092	552
2092	551
2091	551
2091	549
2090	549
2090	547
2088	547
2088	542
2087	542
2087	541
2086	541
2086	539
2085	539
2085	531
2084	531
2084	529
2083	529
2083	527
2082	527
2082	525
2081	525
2081	524
2080	524
2080	523
2079	523
2079	522
2076	522
2076	521
2075	521
2075	520
2074	520
2074	518
2073	518
2073	517
2072	517
2072	516
2070	516
2070	514
2069	514
2069	513
2068	513
2068	512
2066	512
2066	511
2065	511
2065	510
2064	510
2064	509
2061	509
2061	508
2059	508
2059	507
2057	507
2057	506
2056	506
2056	505
2055	505
2055	504
2054	504
2054	503
2053	503
2053	501
2052	501
2052	500
2050	500
2050	499
2049	499
2049	498
2048	498
2048	495
2047	495
2047	494
2046	494
2046	491
2045	491
2045	489
2044	489
2044	487
2043	487
2043	486
2044	486
2044	482
2042	482
2042	481
2040	481
2040	479
2039	479
2039	474
2038	474
2038	472
2037	472
2037	471
2036	471
2036	468
2035	468
2035	467
2034	467
2034	466
2033	466
2033	465
2032	465
2032	461
2031	461
2031	460
2030	460
2030	452
2029	452
2029	450
2028	450
2028	449
2027	449
2027	445
2026	445
2026	444
2027	444
2027	443
2026	443
2026	437
2025	437
2025	433
2024	433
2024	432
2023	432
2023	431
2024	431
2024	428
2023	428
2023	425
2022	425
2022	424
2021	424
2021	423
2022	423
2022	420
2021	420
2021	419
2020	419
2020	415
2019	415
2019	413
2018	413
2018	412
2019	412
2019	411
2018	411
2018	409
2017	409
2017	402
2016	402
2016	388
2015	388
2015	386
2014	386
2014	384
2015	384
2015	383
2013	383
2013	382
2012	382
2012	380
2011	380
2011	379
2010	379
2010	377
2009	377
2009	375
2008	375
2008	374
2006	374
2006	375
2005	375
2005	374
2004	374
2004	375
2001	375
2001	374
2000	374
2000	375
1998	375
1998	374
1996	374
1996	375
1992	375
1992	376
1991	376
1991	377
1990	377
1990	380
1989	380
1989	381
1988	381
1988	382
1986	382
1986	383
1985	383
1985	382
1977	382
1977	381
1976	381
1976	382
1974	382
1974	381
1971	381
1971	382
1969	382
1969	383
1967	383
1967	384
1963	384
1963	385
1962	385
1962	386
1960	386
1960	388
1959	388
1959	389
1960	389
1960	391
1959	391
1959	392
1958	392
1958	395
1957	395
1957	397
1956	397
1956	399
1955	399
1955	401
1956	401
1956	402
1955	402
1955	406
1954	406
1954	410
1953	410
1953	411
1952	411
1952	413
1953	413
1953	414
1952	414
1952	417
1953	417
1953	421
1952	421
1952	422
1953	422
1953	433
1952	433
1952	435
1951	435
1951	438
1950	438
1950	440
1949	440
1949	443
1948	443
1948	446
1947	446
1947	447
1946	447
1946	455
1945	455
1945	456
1946	456
1946	460
1945	460
1945	461
1944	461
1944	466
1943	466
1943	467
1942	467
1942	470
1941	470
1941	474
1940	474
1940	477
1939	477
1939	481
1938	481
1938	482
1939	482
1939	483
1938	483
1938	487
1937	487
1937	488
1938	488
1938	491
1937	491
1937	492
1938	492
1938	493
1937	493
1937	498
1936	498
1936	501
1935	501
1935	502
1934	502
1934	505
1933	505
1933	507
1932	507
1932	509
1931	509
1931	511
1930	511
1930	512
1929	512
1929	513
1928	513
1928	514
1927	514
1927	515
1926	515
1926	517
1925	517
1925	518
1924	518
1924	519
1923	519
1923	521
1922	521
1922	523
1921	523
1921	524
1920	524
1920	529
1919	529
1919	530
1918	530
1918	535
1917	535
1917	538
1916	538
1916	539
1915	539
1915	540
1914	540
1914	542
1911	542
1911	543
1910	543
1910	544
1909	544
1909	545
1905	545
1905	546
1903	546
1903	547
1898	547
1898	548
1893	548
1893	549
1892	549
1892	550
1888	550
1888	551
1887	551
1887	552
1886	552
1886	553
1885	553
1885	554
1884	554
1884	553
1883	553
1883	557
1881	557
1881	560
1879	560
1879	563
1878	563
1878	565
1877	565
1877	567
1876	567
1876	568
1874	568
1874	570
1871	570
1871	571
1863	571
1863	572
1861	572
1861	573
1860	573
1860	574
1857	574
1857	575
1856	575
1856	576
1850	576
1850	577
1846	577
1846	578
1845	578
1845	577
1841	577
1841	576
1840	576
1840	577
1836	577
1836	576
1834	576
1834	577
1829	577
1829	576
1827	576
1827	577
1822	577
1822	576
1821	576
1821	575
1820	575
1820	574
1818	574
1818	571
1815	571
1815	572
1814	572
1814	571
1810	571
1810	570
1807	570
1807	566
1806	566
1806	557
1805	557
1805	556
1804	556
1804	555
1805	555
1805	553
1804	553
1804	551
1803	551
1803	548
1802	548
1802	541
1801	541
1801	539
1800	539
1800	537
1799	537
1799	536
1798	536
1798	534
1799	534
1799	532
1798	532
1798	530
1799	530
1799	528
1798	528
1798	525
1797	525
1797	523
1796	523
1796	520
1795	520
1795	517
1794	517
1794	515
1793	515
1793	514
1791	514
1791	512
1788	512
1788	511
1787	511
1787	508
1786	508
1786	506
1785	506
1785	505
1784	505
1784	504
1776	504
1776	503
1773	503
1773	504
1772	504
1772	503
1770	503
1770	502
1768	502
1768	503
1766	503
1766	502
1765	502
1765	500
1764	500
1764	499
1762	499
1762	496
1761	496
1761	495
1759	495
1759	494
1758	494
1758	493
1757	493
1757	491
1756	491
1756	490
1755	490
1755	487
1754	487
1754	486
1746	486
1746	485
1738	485
1738	484
1732	484
1732	483
1731	483
1731	484
1728	484
1728	483
1726	483
1726	484
1724	484
1724	483
1722	483
1722	482
1720	482
1720	481
1718	481
1718	479
1715	479
1715	478
1713	478
1713	477
1712	477
1712	475
1710	475
1710	474
1696	474
1696	475
1687	475
1687	476
1684	476
1684	477
1683	477
1683	478
1680	478
1680	479
1676	479
1676	478
1675	478
1675	479
1673	479
1673	480
1672	480
1672	481
1668	481
1668	483
1667	483
1667	484
1666	484
1666	485
1664	485
1664	487
1663	487
1663	488
1662	488
1662	490
1661	490
1661	492
1660	492
1660	494
1659	494
1659	496
1658	496
1658	497
1657	497
1657	498
1656	498
1656	499
1655	499
1655	500
1654	500
1654	501
1653	501
1653	506
1652	506
1652	507
1651	507
1651	510
1650	510
1650	511
1651	511
1651	512
1650	512
1650	513
1649	513
1649	514
1647	514
1647	515
1646	515
1646	516
1645	516
1645	517
1644	517
1644	519
1642	519
1642	522
1641	522
1641	523
1640	523
1640	524
1639	524
1639	526
1638	526
1638	528
1637	528
1637	529
1636	529
1636	530
1633	530
1633	531
1632	531
1632	532
1631	532
1631	533
1630	533
1630	534
1629	534
1629	535
1628	535
1628	536
1627	536
1627	538
1626	538
1626	539
1625	539
1625	542
1624	542
1624	545
1623	545
1623	548
1622	548
1622	550
1621	550
1621	551
1619	551
1619	552
1618	552
1618	553
1617	553
1617	554
1616	554
1616	556
1615	556
1615	557
1613	557
1613	559
1612	559
1612	560
1611	560
1611	563
1610	563
1610	562
1608	562
1608	563
1609	563
1609	564
1610	564
1610	565
1608	565
1608	566
1607	566
1607	565
1606	565
1606	564
1597	564
1597	565
1596	565
1596	564
1592	564
1592	565
1584	565
1584	566
1581	566
1581	565
1571	565
1571	566
1568	566
1568	567
1567	567
1567	568
1566	568
1566	567
1565	567
1565	566
1564	566
1564	565
1563	565
1563	570
1564	570
1564	571
1567	571
1567	572
1570	572
1570	573
1581	573
1581	574
1593	574
1593	573
1598	573
1598	574
1600	574
1600	573
1604	573
1604	574
1611	574
1611	573
1612	573
1612	572
1614	572
1614	571
1615	571
1615	570
1616	570
1616	569
1617	569
1617	568
1616	568
1616	566
1617	566
1617	563
1618	563
1618	562
1619	562
1619	561
1620	561
1620	559
1621	559
1621	558
1622	558
1622	557
1623	557
1623	556
1626	556
1626	555
1628	555
1628	553
1629	553
1629	552
1630	552
1630	551
1631	551
1631	546
1632	546
1632	543
1633	543
1633	540
1634	540
1634	539
1635	539
1635	538
1636	538
1636	537
1638	537
1638	536
1640	536
1640	535
1642	535
1642	534
1644	534
1644	533
1646	533
1646	527
1647	527
1647	525
1649	525
1649	524
1650	524
1650	522
1652	522
1652	521
1654	521
1654	520
1655	520
1655	519
1656	519
1656	518
1658	518
1658	517
1659	517
1659	514
1660	514
1660	507
1661	507
1661	506
1662	506
1662	504
1663	504
1663	502
1664	502
1664	500
1665	500
1665	498
1666	498
1666	495
1667	495
1667	494
1668	494
1668	493
1669	493
1669	492
1670	492
1670	490
1671	490
1671	489
1673	489
1673	488
1680	488
1680	487
1682	487
1682	485
1685	485
1685	484
1688	484
1688	483
1696	483
1696	482
1698	482
1698	483
1701	483
1701	482
1703	482
1703	483
1704	483
1704	482
1705	482
1705	483
1706	483
1706	482
1707	482
1707	483
1708	483
1708	484
1710	484
1710	485
1711	485
1711	486
1712	486
1712	487
1713	487
1713	488
1716	488
1716	489
1717	489
1717	490
1721	490
1721	491
1724	491
1724	492
1734	492
1734	493
1736	493
1736	492
1737	492
1737	493
1741	493
1741	494
1750	494
1750	495
1751	495
1751	496
1752	496
1752	494
1753	494
1753	495
1754	495
1754	498
1755	498
1755	499
1756	499
1756	500
1757	500
1757	501
1758	501
1758	503
1759	503
1759	504
1760	504
1760	505
1761	505
1761	510
1762	510
1762	511
1770	511
1770	512
1781	512
1781	513
1782	513
1782	514
1783	514
1783	517
1784	517
1784	518
1785	518
1785	519
1786	519
1786	521
1787	521
1787	523
1788	523
1788	524
1789	524
1789	528
1790	528
1790	531
1791	531
1791	535
1792	535
1792	540
1793	540
1793	542
1794	542
1794	544
1795	544
1795	547
1796	547
1796	549
1795	549
1795	550
1796	550
1796	551
1797	551
1797	558
1798	558
1798	565
1799	565
1799	568
1800	568
1800	570
1801	570
1801	573
1800	573
1800	575
1801	575
1801	578
1802	578
1802	579
1803	579
1803	580
1805	580
1805	581
1807	581
1807	580
1808	580
1808	581
1814	581
1814	582
1818	582
1818	584
1819	584
1819	585
1826	585
1826	586
1829	586
1829	585
1848	585
1848	586
1849	586
1849	585
1850	585
1850	584
1858	584
1858	583
1859	583
1859	582
1861	582
1861	581
1862	581
1862	580
1864	580
1864	579
1865	579
1865	580
1869	580
1869	579
1871	579
1871	580
1875	580
1875	579
1876	579
1876	578
1878	578
1878	576
1879	576
1879	574
1881	574
1881	573
1882	573
1882	572
1883	572
1883	570
1884	570
1884	569
1885	569
1885	567
1886	567
1886	564
1887	564
1887	562
1888	562
1888	561
1889	561
1889	560
1890	560
1890	559
1891	559
1891	557
1894	557
1894	556
1900	556
1900	555
1907	555
1907	554
1909	554
1909	553
1910	553
1910	552
1912	552
1912	551
1913	551
1913	550
1915	550
1915	549
1917	549
1917	548
1919	548
1919	547
1920	547
1920	546
1921	546
1921	543
1922	543
1922	540
1923	540
1923	539
1924	539
1924	537
1925	537
1925	533
1926	533
1926	531
1927	531
1927	528
1928	528
1928	525
1929	525
1929	523
1930	523
1930	522
1931	522
1931	521
1932	521
1932	520
1933	520
1933	519
1934	519
1934	518
1935	518
1935	516
1936	516
1936	515
1938	515
1938	513
1939	513
1939	511
1940	511
1940	507
1941	507
1941	506
1942	506
1942	504
1941	504
1941	503
1942	503
1942	501
1943	501
1943	498
1945	498
1945	492
1946	492
1946	491
1945	491
1945	489
1946	489
1946	488
1947	488
1947	486
1946	486
1946	484
1947	484
1947	475
1948	475
1948	472
1949	472
1949	469
1950	469
1950	467
1951	467
1951	466
1952	466
1952	462
1953	462
1953	458
1954	458
1954	450
1955	450
1955	447
1956	447
1956	445
1957	445
1957	444
1958	444
1958	441
1957	441
1957	440
1958	440
1958	439
1959	439
1959	437
1960	437
1960	436
1961	436
1961	433
1962	433
1962	431
1961	431
1961	430
1962	430
1962	425
1961	425
1961	422
1962	422
1962	419
1961	419
1961	413
1962	413
1962	405
1963	405
1963	404
1964	404
1964	403
1963	403
1963	401
1964	401
1964	399
1965	399
1965	397
1966	397
1966	392
1967	392
1967	391
1969	391
1969	390
1974	390
1974	389
1978	389
1978	390
1984	390
1984	391
1988	391
1988	390
1989	390
1989	391
1990	391
1990	390
1991	390
1991	389
1993	389
1993	387
1994	387
1994	385
1995	385
1995	384
1996	384
1996	383
2004	383
2004	384
2006	384
2006	387
2007	387
2007	389
2008	389
2008	394
2009	394
2009	398
2010	398
2010	407
2011	407
2011	412
2012	412
2012	415
2013	415
2013	418
2014	418
2014	422
2015	422
2015	424
2016	424
2016	426
2017	426
2017	431
2018	431
2018	433
2019	433
2019	439
2020	439
