937	596
938	596
938	601
942	601
942	600
946	600
946	599
951	599
951	600
956	600
956	601
958	601
958	610
959	610
959	613
960	613
960	614
961	614
961	616
962	616
962	617
963	617
963	619
964	619
964	620
963	620
963	621
964	621
964	622
962	622
962	623
963	623
963	624
966	624
966	625
969	625
969	626
970	626
970	627
972	627
972	628
974	628
974	629
975	629
975	630
977	630
977	631
978	631
978	632
979	632
979	633
980	633
980	634
981	634
981	635
982	635
982	636
983	636
983	638
984	638
984	640
985	640
985	642
986	642
986	644
987	644
987	646
988	646
988	648
989	648
989	650
990	650
990	653
991	653
991	654
992	654
992	655
993	655
993	657
996	657
996	658
995	658
995	659
996	659
996	661
998	661
998	662
999	662
999	663
1003	663
1003	664
1005	664
1005	663
1012	663
1012	662
1014	662
1014	661
1016	661
1016	660
1020	660
1020	659
1024	659
1024	660
1025	660
1025	661
1032	661
1032	660
1033	660
1033	659
1034	659
1034	657
1036	657
1036	656
1037	656
1037	655
1038	655
1038	653
1039	653
1039	649
1038	649
1038	648
1037	648
1037	647
1036	647
1036	644
1037	644
1037	643
1036	643
1036	642
1037	642
1037	638
1038	638
1038	635
1040	635
1040	634
1039	634
1039	633
1041	633
1041	632
1042	632
1042	630
1043	630
1043	628
1044	628
1044	618
1043	618
1043	617
1044	617
1044	616
1045	616
1045	615
1046	615
1046	612
1047	612
1047	610
1048	610
1048	609
1049	609
1049	606
1050	606
1050	605
1049	605
1049	604
1050	604
1050	603
1048	603
1048	602
1049	602
1049	599
1050	599
1050	598
1049	598
1049	596
1048	596
1048	595
1050	595
1050	593
1048	593
1048	595
1047	595
1047	609
1046	609
1046	611
1045	611
1045	612
1044	612
1044	614
1043	614
1043	616
1042	616
1042	628
1041	628
1041	629
1040	629
1040	631
1039	631
1039	632
1038	632
1038	633
1037	633
1037	634
1036	634
1036	636
1035	636
1035	638
1034	638
1034	647
1033	647
1033	648
1032	648
1032	649
1031	649
1031	650
1030	650
1030	651
1029	651
1029	652
1028	652
1028	653
1025	653
1025	654
1024	654
1024	655
1023	655
1023	658
1017	658
1017	659
1014	659
1014	660
1012	660
1012	661
1004	661
1004	662
1003	662
1003	661
1001	661
1001	660
1000	660
1000	659
997	659
997	658
998	658
998	657
996	657
996	656
995	656
995	655
994	655
994	653
993	653
993	652
992	652
992	651
991	651
991	649
992	649
992	650
993	650
993	648
992	648
992	646
991	646
991	645
990	645
990	646
989	646
989	644
988	644
988	643
989	643
989	642
988	642
988	640
987	640
987	639
988	639
988	637
986	637
986	635
985	635
985	634
983	634
983	632
982	632
982	631
981	631
981	630
980	630
980	631
979	631
979	628
977	628
977	627
976	627
976	626
974	626
974	625
972	625
972	624
969	624
969	623
968	623
968	622
967	622
967	618
966	618
966	615
965	615
965	616
964	616
964	612
962	612
962	611
961	611
961	609
960	609
960	605
961	605
961	602
960	602
960	600
959	600
959	599
957	599
957	598
956	598
956	599
954	599
954	598
950	598
950	597
948	597
948	598
943	598
943	599
942	599
942	598
941	598
941	596
939	596
939	595
940	595
940	592
939	592
939	590
938	590
938	589
939	589
939	584
938	584
938	583
939	583
939	582
938	582
938	581
939	581
939	580
941	580
941	581
940	581
940	583
941	583
941	586
944	586
944	585
945	585
945	584
944	584
944	582
943	582
943	579
942	579
942	577
941	577
941	575
940	575
940	573
941	573
941	572
939	572
939	570
938	570
938	567
939	567
939	563
938	563
938	562
937	562
937	561
927	561
927	560
928	560
928	559
927	559
927	558
926	558
926	557
925	557
925	556
924	556
924	555
921	555
921	554
922	554
922	553
921	553
921	552
919	552
919	551
918	551
918	549
917	549
917	548
916	548
916	547
913	547
913	548
914	548
914	550
915	550
915	551
916	551
916	552
917	552
917	553
918	553
918	554
920	554
920	555
921	555
921	557
922	557
922	558
924	558
924	559
923	559
923	560
925	560
925	561
926	561
926	562
921	562
921	563
920	563
920	564
919	564
919	565
918	565
918	566
917	566
917	565
916	565
916	566
912	566
912	565
906	565
906	566
905	566
905	565
903	565
903	564
902	564
902	565
901	565
901	566
900	566
900	565
897	565
897	564
891	564
891	565
888	565
888	566
887	566
887	565
886	565
886	566
885	566
885	567
884	567
884	568
882	568
882	569
881	569
881	570
879	570
879	571
877	571
877	572
876	572
876	571
872	571
872	572
871	572
871	573
870	573
870	576
869	576
869	578
868	578
868	580
867	580
867	581
868	581
868	582
867	582
867	584
866	584
866	585
865	585
865	586
861	586
861	587
860	587
860	588
859	588
859	587
858	587
858	588
857	588
857	589
856	589
856	590
855	590
855	591
854	591
854	592
853	592
853	594
852	594
852	595
850	595
850	596
847	596
847	597
841	597
841	596
832	596
832	595
829	595
829	596
830	596
830	597
828	597
828	595
826	595
826	596
825	596
825	595
824	595
824	596
823	596
823	595
822	595
822	596
819	596
819	597
817	597
817	598
816	598
816	599
815	599
815	601
814	601
814	602
810	602
810	603
806	603
806	604
800	604
800	605
799	605
799	604
798	604
798	605
795	605
795	604
794	604
794	605
793	605
793	604
787	604
787	603
784	603
784	601
783	601
783	599
784	599
784	598
781	598
781	595
783	595
783	593
781	593
781	591
782	591
782	587
781	587
781	586
782	586
782	585
781	585
781	579
780	579
780	580
779	580
779	577
780	577
780	578
781	578
781	577
780	577
780	576
781	576
781	574
780	574
780	573
778	573
778	572
777	572
777	571
774	571
774	570
773	570
773	569
770	569
770	568
769	568
769	570
768	570
768	569
766	569
766	568
765	568
765	569
764	569
764	568
763	568
763	569
761	569
761	568
759	568
759	567
752	567
752	568
750	568
750	569
748	569
748	568
747	568
747	567
746	567
746	568
745	568
745	567
744	567
744	564
743	564
743	563
742	563
742	562
728	562
728	563
724	563
724	564
723	564
723	565
722	565
722	566
721	566
721	567
720	567
720	571
719	571
719	578
718	578
718	579
717	579
717	582
713	582
713	581
712	581
712	580
709	580
709	579
695	579
695	580
694	580
694	581
679	581
679	582
677	582
677	583
675	583
675	584
673	584
673	585
672	585
672	586
670	586
670	588
669	588
669	589
668	589
668	590
667	590
667	592
666	592
666	594
665	594
665	598
664	598
664	599
663	599
663	600
662	600
662	603
661	603
661	602
660	602
660	603
659	603
659	604
656	604
656	605
651	605
651	606
648	606
648	607
647	607
647	606
646	606
646	607
642	607
642	606
641	606
641	603
642	603
642	602
643	602
643	601
644	601
644	596
643	596
643	595
642	595
642	594
638	594
638	595
636	595
636	593
635	593
635	592
634	592
634	591
632	591
632	590
630	590
630	589
629	589
629	588
627	588
627	587
625	587
625	586
624	586
624	585
623	585
623	584
621	584
621	583
620	583
620	582
619	582
619	581
617	581
617	580
616	580
616	563
615	563
615	559
614	559
614	550
613	550
613	537
612	537
612	536
611	536
611	526
610	526
610	516
609	516
609	513
608	513
608	512
607	512
607	511
606	511
606	509
605	509
605	507
604	507
604	505
603	505
603	504
602	504
602	503
601	503
601	502
600	502
600	497
599	497
599	496
598	496
598	495
597	495
597	494
584	494
584	495
583	495
583	496
574	496
574	497
573	497
573	498
571	498
571	499
568	499
568	500
567	500
567	501
566	501
566	502
563	502
563	503
562	503
562	504
561	504
561	505
560	505
560	506
559	506
559	507
556	507
556	508
555	508
555	509
554	509
554	510
553	510
553	511
551	511
551	512
547	512
547	513
540	513
540	514
534	514
534	513
523	513
523	512
521	512
521	511
519	511
519	510
518	510
518	511
514	511
514	510
513	510
513	509
512	509
512	508
510	508
510	507
507	507
507	506
506	506
506	505
504	505
504	504
503	504
503	503
502	503
502	502
501	502
501	501
500	501
500	488
499	488
499	484
498	484
498	483
497	483
497	482
496	482
496	481
495	481
495	480
490	480
490	479
489	479
489	478
488	478
488	477
487	477
487	476
485	476
485	475
468	475
468	474
467	474
467	475
462	475
462	474
461	474
461	473
460	473
460	472
459	472
459	471
458	471
458	468
457	468
457	465
456	465
456	464
455	464
455	463
453	463
453	460
452	460
452	459
451	459
451	458
450	458
450	457
449	457
449	456
448	456
448	454
447	454
447	442
448	442
448	436
447	436
447	435
446	435
446	429
445	429
445	426
444	426
444	425
443	425
443	424
435	424
435	425
434	425
434	426
431	426
431	425
426	425
426	424
415	424
415	425
414	425
414	426
413	426
413	427
412	427
412	428
411	428
411	429
410	429
410	430
409	430
409	431
408	431
408	432
407	432
407	433
406	433
406	434
405	434
405	435
385	435
385	434
382	434
382	433
370	433
370	434
369	434
369	435
368	435
368	436
364	436
364	434
363	434
363	433
362	433
362	432
357	432
357	433
356	433
356	434
354	434
354	433
353	433
353	432
351	432
351	423
352	423
352	420
353	420
353	381
352	381
352	380
351	380
351	377
357	377
357	376
358	376
358	375
359	375
359	371
358	371
358	370
357	370
357	369
354	369
354	368
355	368
355	367
356	367
356	365
357	365
357	364
358	364
358	333
357	333
357	332
356	332
356	321
355	321
355	320
354	320
354	317
353	317
353	314
352	314
352	311
351	311
351	308
350	308
350	305
349	305
349	302
348	302
348	301
347	301
347	300
346	300
346	298
345	298
345	297
344	297
344	296
343	296
343	295
342	295
342	294
341	294
341	293
340	293
340	292
339	292
339	291
338	291
338	290
336	290
336	289
333	289
333	288
332	288
332	287
331	287
331	286
329	286
329	285
326	285
326	284
309	284
309	283
302	283
302	282
301	282
301	281
296	281
296	278
295	278
295	277
294	277
294	275
293	275
293	274
292	274
292	269
291	269
291	255
290	255
290	248
289	248
289	245
288	245
288	240
287	240
287	239
286	239
286	238
283	238
283	225
282	225
282	192
281	192
281	191
280	191
280	189
279	189
279	188
278	188
278	187
277	187
277	186
273	186
273	185
271	185
271	184
265	184
265	183
264	183
264	182
255	182
255	181
254	181
254	177
253	177
253	176
252	176
252	175
251	175
251	174
250	174
250	173
249	173
249	172
247	172
247	170
246	170
246	169
243	169
243	167
242	167
242	168
241	168
241	167
240	167
240	166
230	166
230	165
224	165
224	164
216	164
216	163
215	163
215	162
210	162
210	161
209	161
209	160
177	160
177	159
171	159
171	158
165	158
165	157
151	157
151	158
150	158
150	159
149	159
149	160
148	160
148	159
143	159
143	162
144	162
144	161
146	161
146	160
147	160
147	161
149	161
149	163
150	163
150	164
151	164
151	165
162	165
162	166
168	166
168	167
173	167
173	168
174	168
174	169
181	169
181	168
205	168
205	169
206	169
206	170
211	170
211	171
212	171
212	172
221	172
221	173
227	173
227	174
236	174
236	175
237	175
237	176
239	176
239	177
240	177
240	178
241	178
241	179
242	179
242	180
243	180
243	181
246	181
246	184
247	184
247	185
248	185
248	201
249	201
249	202
250	202
250	203
251	203
251	204
252	204
252	205
253	205
253	204
255	204
255	205
256	205
256	202
257	202
257	201
256	201
256	198
257	198
257	197
256	197
256	196
257	196
257	195
256	195
256	194
257	194
257	193
256	193
256	190
258	190
258	191
257	191
257	192
258	192
258	193
259	193
259	191
262	191
262	192
268	192
268	193
270	193
270	194
273	194
273	195
274	195
274	229
275	229
275	243
276	243
276	244
277	244
277	245
278	245
278	246
280	246
280	249
281	249
281	252
282	252
282	259
283	259
283	272
284	272
284	278
285	278
285	279
284	279
284	280
285	280
285	282
288	282
288	284
289	284
289	286
290	286
290	287
291	287
291	288
293	288
293	289
298	289
298	290
299	290
299	291
305	291
305	292
322	292
322	293
325	293
325	294
328	294
328	295
329	295
329	296
330	296
330	297
332	297
332	298
335	298
335	299
336	299
336	300
337	300
337	301
338	301
338	304
339	304
339	305
340	305
340	306
341	306
341	309
342	309
342	312
343	312
343	315
344	315
344	317
345	317
345	320
346	320
346	323
347	323
347	324
348	324
348	336
349	336
349	337
350	337
350	351
349	351
349	352
348	352
348	355
347	355
347	359
346	359
346	362
345	362
345	364
344	364
344	365
343	365
343	367
342	367
342	371
343	371
343	383
344	383
344	384
345	384
345	417
344	417
344	419
343	419
343	441
344	441
344	444
348	444
348	445
349	445
349	446
353	446
353	445
355	445
355	444
370	444
370	443
371	443
371	444
375	444
375	443
376	443
376	442
377	442
377	441
379	441
379	442
382	442
382	443
409	443
409	442
410	442
410	441
411	441
411	440
412	440
412	439
413	439
413	438
414	438
414	437
415	437
415	436
416	436
416	435
417	435
417	434
418	434
418	433
419	433
419	432
424	432
424	433
427	433
427	434
433	434
433	435
436	435
436	436
435	436
435	440
436	440
436	441
437	441
437	442
439	442
439	466
440	466
440	467
441	467
441	468
443	468
443	469
444	469
444	470
448	470
448	471
449	471
449	472
450	472
450	475
451	475
451	476
452	476
452	477
453	477
453	478
454	478
454	479
455	479
455	480
456	480
456	481
457	481
457	482
458	482
458	483
481	483
481	484
484	484
484	485
485	485
485	486
486	486
486	487
487	487
487	488
489	488
489	489
488	489
488	490
489	490
489	493
490	493
490	495
491	495
491	501
492	501
492	503
491	503
491	504
492	504
492	505
493	505
493	506
494	506
494	507
495	507
495	508
496	508
496	509
497	509
497	510
498	510
498	511
499	511
499	512
501	512
501	513
503	513
503	514
504	514
504	515
507	515
507	516
509	516
509	517
510	517
510	518
511	518
511	519
516	519
516	520
518	520
518	521
530	521
530	522
531	522
531	523
549	523
549	522
550	522
550	521
551	521
551	520
554	520
554	519
557	519
557	518
558	518
558	517
559	517
559	516
560	516
560	515
562	515
562	514
564	514
564	513
565	513
565	512
566	512
566	511
567	511
567	510
569	510
569	509
570	509
570	508
571	508
571	507
574	507
574	506
577	506
577	505
578	505
578	504
586	504
586	503
588	503
588	502
592	502
592	505
593	505
593	507
594	507
594	508
595	508
595	509
596	509
596	511
597	511
597	512
598	512
598	515
599	515
599	516
600	516
600	517
601	517
601	519
602	519
602	531
603	531
603	532
602	532
602	533
603	533
603	535
602	535
602	541
603	541
603	545
604	545
604	547
605	547
605	548
604	548
604	561
605	561
605	562
606	562
606	563
604	563
604	564
605	564
605	569
606	569
606	570
605	570
605	571
606	571
606	574
608	574
608	575
607	575
607	577
608	577
608	584
609	584
609	585
610	585
610	586
611	586
611	587
612	587
612	588
613	588
613	589
615	589
615	590
616	590
616	591
617	591
617	592
619	592
619	593
620	593
620	594
621	594
621	595
624	595
624	596
625	596
625	597
626	597
626	598
629	598
629	599
630	599
630	600
631	600
631	601
632	601
632	602
633	602
633	604
634	604
634	605
635	605
635	606
638	606
638	607
639	607
639	608
640	608
640	609
648	609
648	608
650	608
650	607
654	607
654	606
655	606
655	607
656	607
656	606
658	606
658	605
661	605
661	604
662	604
662	603
663	603
663	602
664	602
664	600
666	600
666	598
667	598
667	595
668	595
668	592
669	592
669	591
670	591
670	590
671	590
671	587
673	587
673	586
674	586
674	585
675	585
675	584
678	584
678	583
691	583
691	584
693	584
693	585
694	585
694	586
695	586
695	587
705	587
705	588
708	588
708	589
709	589
709	590
723	590
723	589
724	589
724	588
725	588
725	582
726	582
726	581
727	581
727	574
728	574
728	571
731	571
731	570
742	570
742	569
744	569
744	570
752	570
752	569
757	569
757	570
759	570
759	571
768	571
768	572
769	572
769	570
770	570
770	572
772	572
772	573
775	573
775	574
777	574
777	577
776	577
776	578
777	578
777	582
778	582
778	586
779	586
779	597
780	597
780	598
779	598
779	600
780	600
780	606
786	606
786	607
800	607
800	606
808	606
808	605
809	605
809	604
810	604
810	605
811	605
811	604
815	604
815	603
816	603
816	602
817	602
817	599
820	599
820	598
821	598
821	597
823	597
823	598
824	598
824	597
825	597
825	598
837	598
837	599
838	599
838	598
840	598
840	599
841	599
841	598
842	598
842	599
847	599
847	598
848	598
848	597
849	597
849	598
850	598
850	597
851	597
851	596
853	596
853	595
856	595
856	594
854	594
854	593
855	593
855	592
856	592
856	591
857	591
857	590
859	590
859	589
863	589
863	588
866	588
866	586
867	586
867	587
868	587
868	586
867	586
867	585
868	585
868	583
869	583
869	581
870	581
870	577
871	577
871	578
872	578
872	579
876	579
876	578
877	578
877	577
878	577
878	573
879	573
879	572
880	572
880	571
883	571
883	569
885	569
885	568
887	568
887	567
901	567
901	566
902	566
902	567
903	567
903	568
907	568
907	567
908	567
908	568
909	568
909	566
911	566
911	567
912	567
912	568
920	568
920	569
921	569
921	570
932	570
932	569
934	569
934	570
935	570
935	572
936	572
936	576
935	576
935	585
936	585
936	590
937	590
1198	568
1199	568
1199	569
1198	569
1198	572
1199	572
1199	577
1200	577
1200	583
1201	583
1201	586
1202	586
1202	590
1203	590
1203	593
1202	593
1202	594
1201	594
1201	595
1200	595
1200	599
1201	599
1201	600
1202	600
1202	601
1205	601
1205	602
1206	602
1206	603
1213	603
1213	604
1217	604
1217	606
1218	606
1218	607
1219	607
1219	609
1220	609
1220	611
1221	611
1221	612
1222	612
1222	613
1224	613
1224	614
1240	614
1240	613
1274	613
1274	612
1275	612
1275	611
1277	611
1277	610
1278	610
1278	609
1280	609
1280	608
1283	608
1283	607
1285	607
1285	606
1286	606
1286	605
1287	605
1287	604
1289	604
1289	603
1290	603
1290	602
1291	602
1291	601
1292	601
1292	600
1294	600
1294	599
1295	599
1295	598
1296	598
1296	597
1298	597
1298	596
1299	596
1299	595
1300	595
1300	594
1301	594
1301	593
1302	593
1302	589
1303	589
1303	587
1304	587
1304	584
1305	584
1305	583
1306	583
1306	581
1307	581
1307	577
1308	577
1308	573
1309	573
1309	572
1310	572
1310	570
1311	570
1311	567
1312	567
1312	561
1313	561
1313	542
1312	542
1312	541
1311	541
1311	540
1309	540
1309	539
1308	539
1308	536
1307	536
1307	535
1306	535
1306	533
1305	533
1305	531
1304	531
1304	529
1303	529
1303	527
1302	527
1302	504
1301	504
1301	488
1302	488
1302	487
1303	487
1303	486
1304	486
1304	484
1305	484
1305	482
1304	482
1304	481
1305	481
1305	480
1306	480
1306	479
1307	479
1307	477
1308	477
1308	476
1309	476
1309	475
1310	475
1310	474
1311	474
1311	471
1312	471
1312	469
1313	469
1313	467
1314	467
1314	465
1321	465
1321	466
1322	466
1322	467
1323	467
1323	468
1324	468
1324	469
1325	469
1325	470
1326	470
1326	471
1327	471
1327	472
1331	472
1331	473
1333	473
1333	474
1335	474
1335	475
1336	475
1336	476
1337	476
1337	477
1339	477
1339	478
1340	478
1340	479
1344	479
1344	480
1349	480
1349	479
1350	479
1350	478
1362	478
1362	477
1364	477
1364	476
1368	476
1368	475
1371	475
1371	474
1378	474
1378	473
1379	473
1379	474
1380	474
1380	473
1390	473
1390	472
1391	472
1391	471
1392	471
1392	470
1393	470
1393	455
1392	455
1392	453
1391	453
1391	452
1390	452
1390	451
1389	451
1389	449
1388	449
1388	447
1389	447
1389	446
1390	446
1390	444
1391	444
1391	441
1392	441
1392	440
1393	440
1393	439
1394	439
1394	438
1395	438
1395	437
1396	437
1396	436
1397	436
1397	435
1398	435
1398	433
1399	433
1399	432
1400	432
1400	431
1401	431
1401	430
1402	430
1402	429
1403	429
1403	427
1404	427
1404	426
1405	426
1405	425
1406	425
1406	423
1408	423
1408	422
1409	422
1409	421
1410	421
1410	420
1412	420
1412	419
1417	419
1417	420
1420	420
1420	421
1430	421
1430	422
1434	422
1434	423
1435	423
1435	424
1436	424
1436	425
1440	425
1440	424
1449	424
1449	423
1456	423
1456	424
1457	424
1457	425
1458	425
1458	426
1467	426
1467	427
1470	427
1470	428
1472	428
1472	429
1474	429
1474	430
1478	430
1478	431
1488	431
1488	430
1490	430
1490	429
1500	429
1500	428
1504	428
1504	427
1505	427
1505	426
1506	426
1506	425
1507	425
1507	424
1508	424
1508	423
1509	423
1509	422
1510	422
1510	421
1511	421
1511	420
1512	420
1512	419
1513	419
1513	418
1514	418
1514	417
1515	417
1515	416
1516	416
1516	415
1517	415
1517	414
1518	414
1518	413
1519	413
1519	411
1520	411
1520	410
1521	410
1521	409
1522	409
1522	404
1523	404
1523	403
1524	403
1524	400
1525	400
1525	397
1526	397
1526	393
1527	393
1527	383
1528	383
1528	375
1529	375
1529	373
1530	373
1530	369
1531	369
1531	367
1532	367
1532	364
1533	364
1533	359
1534	359
1534	356
1535	356
1535	355
1536	355
1536	353
1537	353
1537	351
1538	351
1538	350
1539	350
1539	349
1540	349
1540	347
1542	347
1542	346
1544	346
1544	345
1545	345
1545	344
1548	344
1548	343
1552	343
1552	342
1555	342
1555	341
1557	341
1557	340
1560	340
1560	339
1565	339
1565	338
1566	338
1566	339
1567	339
1567	338
1569	338
1569	337
1578	337
1578	336
1579	336
1579	335
1580	335
1580	334
1581	334
1581	333
1582	333
1582	330
1585	330
1585	329
1588	329
1588	328
1591	328
1591	327
1592	327
1592	326
1593	326
1593	325
1598	325
1598	324
1599	324
1599	323
1602	323
1602	322
1604	322
1604	321
1606	321
1606	320
1608	320
1608	319
1610	319
1610	318
1611	318
1611	317
1613	317
1613	316
1616	316
1616	315
1617	315
1617	314
1618	314
1618	312
1619	312
1619	311
1622	311
1622	310
1623	310
1623	309
1624	309
1624	308
1626	308
1626	307
1630	307
1630	306
1631	306
1631	305
1633	305
1633	304
1638	304
1638	303
1648	303
1648	302
1653	302
1653	301
1654	301
1654	300
1655	300
1655	299
1656	299
1656	298
1657	298
1657	297
1658	297
1658	290
1659	290
1659	289
1660	289
1660	286
1661	286
1661	284
1662	284
1662	281
1663	281
1663	280
1664	280
1664	279
1665	279
1665	277
1666	277
1666	276
1668	276
1668	275
1669	275
1669	274
1670	274
1670	271
1671	271
1671	268
1672	268
1672	254
1673	254
1673	253
1674	253
1674	250
1675	250
1675	240
1676	240
1676	225
1677	225
1677	224
1678	224
1678	221
1679	221
1679	220
1680	220
1680	219
1683	219
1683	218
1684	218
1684	217
1690	217
1690	216
1691	216
1691	215
1694	215
1694	214
1695	214
1695	213
1698	213
1698	212
1699	212
1699	211
1706	211
1706	210
1707	210
1707	209
1712	209
1712	208
1713	208
1713	207
1714	207
1714	198
1713	198
1713	197
1712	197
1712	196
1711	196
1711	195
1710	195
1710	193
1709	193
1709	192
1708	192
1708	188
1709	188
1709	187
1710	187
1710	186
1711	186
1711	183
1712	183
1712	180
1713	180
1713	177
1714	177
1714	175
1728	175
1728	176
1730	176
1730	175
1732	175
1732	176
1731	176
1731	177
1732	177
1732	176
1733	176
1733	178
1735	178
1735	179
1736	179
1736	181
1737	181
1737	182
1738	182
1738	183
1739	183
1739	184
1740	184
1740	185
1743	185
1743	186
1749	186
1749	187
1758	187
1758	188
1759	188
1759	189
1764	189
1764	190
1766	190
1766	191
1775	191
1775	190
1776	190
1776	189
1778	189
1778	188
1779	188
1779	187
1780	187
1780	185
1781	185
1781	181
1782	181
1782	146
1783	146
1783	144
1784	144
1784	142
1785	142
1785	141
1786	141
1786	140
1787	140
1787	139
1788	139
1788	138
1789	138
1789	137
1792	137
1792	136
1793	136
1793	135
1794	135
1794	134
1795	134
1795	133
1796	133
1796	132
1797	132
1797	131
1798	131
1798	130
1799	130
1799	129
1800	129
1800	128
1801	128
1801	127
1803	127
1803	126
1804	126
1804	125
1807	125
1807	124
1808	124
1808	123
1809	123
1809	121
1811	121
1811	120
1812	120
1812	119
1813	119
1813	118
1814	118
1814	117
1815	117
1815	116
1816	116
1816	115
1818	115
1818	114
1819	114
1819	113
1820	113
1820	112
1821	112
1821	111
1822	111
1822	110
1824	110
1824	109
1826	109
1826	108
1827	108
1827	107
1828	107
1828	106
1829	106
1829	105
1831	105
1831	103
1832	103
1832	102
1833	102
1833	101
1837	101
1837	100
1838	100
1838	99
1839	99
1839	98
1840	98
1840	97
1841	97
1841	93
1840	93
1840	92
1839	92
1839	91
1834	91
1834	92
1833	92
1833	93
1832	93
1832	92
1831	92
1831	91
1832	91
1832	90
1831	90
1831	88
1830	88
1830	92
1829	92
1829	93
1828	93
1828	95
1827	95
1827	96
1825	96
1825	97
1824	97
1824	98
1823	98
1823	99
1822	99
1822	100
1819	100
1819	102
1818	102
1818	104
1817	104
1817	105
1815	105
1815	106
1814	106
1814	107
1813	107
1813	108
1811	108
1811	109
1810	109
1810	110
1809	110
1809	111
1808	111
1808	112
1807	112
1807	113
1806	113
1806	114
1805	114
1805	115
1804	115
1804	116
1801	116
1801	117
1799	117
1799	118
1798	118
1798	120
1797	120
1797	119
1796	119
1796	120
1795	120
1795	121
1794	121
1794	122
1793	122
1793	123
1792	123
1792	126
1791	126
1791	124
1790	124
1790	126
1787	126
1787	127
1788	127
1788	129
1787	129
1787	128
1786	128
1786	130
1784	130
1784	131
1782	131
1782	132
1781	132
1781	133
1780	133
1780	136
1779	136
1779	137
1778	137
1778	138
1777	138
1777	139
1776	139
1776	141
1775	141
1775	143
1774	143
1774	178
1773	178
1773	181
1771	181
1771	182
1770	182
1770	183
1769	183
1769	182
1767	182
1767	181
1763	181
1763	180
1761	180
1761	179
1753	179
1753	178
1746	178
1746	177
1744	177
1744	175
1743	175
1743	174
1742	174
1742	173
1741	173
1741	172
1740	172
1740	171
1739	171
1739	170
1738	170
1738	169
1737	169
1737	168
1736	168
1736	167
1708	167
1708	168
1707	168
1707	169
1706	169
1706	174
1705	174
1705	177
1704	177
1704	179
1703	179
1703	182
1702	182
1702	183
1701	183
1701	184
1700	184
1700	196
1701	196
1701	197
1702	197
1702	199
1703	199
1703	200
1704	200
1704	202
1703	202
1703	203
1696	203
1696	204
1695	204
1695	205
1692	205
1692	206
1690	206
1690	207
1689	207
1689	206
1688	206
1688	207
1687	207
1687	206
1686	206
1686	207
1687	207
1687	208
1684	208
1684	207
1683	207
1683	208
1682	208
1682	209
1680	209
1680	210
1679	210
1679	211
1676	211
1676	212
1675	212
1675	213
1674	213
1674	214
1673	214
1673	215
1672	215
1672	216
1671	216
1671	217
1670	217
1670	220
1669	220
1669	221
1668	221
1668	231
1667	231
1667	233
1666	233
1666	236
1665	236
1665	240
1666	240
1666	241
1665	241
1665	247
1666	247
1666	248
1665	248
1665	249
1666	249
1666	250
1665	250
1665	251
1664	251
1664	265
1663	265
1663	267
1662	267
1662	270
1661	270
1661	271
1660	271
1660	272
1659	272
1659	273
1658	273
1658	274
1657	274
1657	276
1656	276
1656	277
1655	277
1655	278
1654	278
1654	281
1653	281
1653	283
1652	283
1652	284
1651	284
1651	285
1650	285
1650	292
1649	292
1649	294
1645	294
1645	295
1635	295
1635	296
1630	296
1630	297
1628	297
1628	298
1623	298
1623	299
1622	299
1622	300
1620	300
1620	301
1619	301
1619	302
1618	302
1618	303
1616	303
1616	304
1615	304
1615	305
1614	305
1614	306
1613	306
1613	307
1612	307
1612	308
1610	308
1610	309
1607	309
1607	310
1606	310
1606	311
1604	311
1604	312
1603	312
1603	313
1601	313
1601	314
1599	314
1599	315
1596	315
1596	316
1595	316
1595	317
1589	317
1589	318
1588	318
1588	319
1587	319
1587	320
1585	320
1585	321
1582	321
1582	322
1579	322
1579	323
1577	323
1577	324
1576	324
1576	325
1575	325
1575	326
1574	326
1574	329
1565	329
1565	328
1561	328
1561	329
1560	329
1560	330
1559	330
1559	331
1555	331
1555	332
1554	332
1554	333
1552	333
1552	334
1549	334
1549	335
1544	335
1544	336
1541	336
1541	337
1540	337
1540	338
1539	338
1539	339
1537	339
1537	340
1536	340
1536	341
1534	341
1534	342
1533	342
1533	343
1532	343
1532	345
1531	345
1531	346
1530	346
1530	347
1529	347
1529	349
1528	349
1528	351
1527	351
1527	352
1526	352
1526	356
1525	356
1525	361
1524	361
1524	363
1523	363
1523	365
1522	365
1522	369
1521	369
1521	372
1520	372
1520	380
1519	380
1519	389
1518	389
1518	393
1517	393
1517	397
1516	397
1516	399
1515	399
1515	400
1514	400
1514	406
1513	406
1513	407
1512	407
1512	408
1511	408
1511	409
1510	409
1510	410
1509	410
1509	411
1508	411
1508	412
1507	412
1507	413
1506	413
1506	414
1505	414
1505	415
1504	415
1504	416
1503	416
1503	417
1502	417
1502	418
1501	418
1501	419
1500	419
1500	420
1497	420
1497	421
1486	421
1486	422
1485	422
1485	423
1481	423
1481	422
1477	422
1477	421
1476	421
1476	420
1474	420
1474	419
1471	419
1471	418
1462	418
1462	417
1461	417
1461	416
1460	416
1460	415
1446	415
1446	416
1440	416
1440	415
1439	415
1439	414
1433	414
1433	413
1423	413
1423	412
1417	412
1417	411
1408	411
1408	412
1407	412
1407	413
1405	413
1405	414
1404	414
1404	415
1403	415
1403	416
1402	416
1402	417
1401	417
1401	418
1400	418
1400	419
1399	419
1399	420
1398	420
1398	421
1397	421
1397	423
1396	423
1396	424
1395	424
1395	425
1393	425
1393	426
1392	426
1392	427
1391	427
1391	430
1390	430
1390	431
1389	431
1389	432
1388	432
1388	433
1387	433
1387	434
1386	434
1386	436
1385	436
1385	437
1384	437
1384	438
1383	438
1383	441
1382	441
1382	442
1381	442
1381	443
1380	443
1380	445
1379	445
1379	451
1380	451
1380	453
1381	453
1381	454
1382	454
1382	455
1383	455
1383	456
1384	456
1384	458
1385	458
1385	465
1369	465
1369	466
1368	466
1368	467
1365	467
1365	468
1360	468
1360	469
1358	469
1358	470
1352	470
1352	469
1348	469
1348	470
1346	470
1346	471
1344	471
1344	470
1343	470
1343	465
1342	465
1342	464
1341	464
1341	463
1340	463
1340	462
1334	462
1334	461
1333	461
1333	460
1330	460
1330	459
1329	459
1329	458
1326	458
1326	457
1310	457
1310	458
1309	458
1309	459
1308	459
1308	460
1307	460
1307	461
1306	461
1306	463
1305	463
1305	466
1304	466
1304	467
1303	467
1303	469
1302	469
1302	471
1301	471
1301	472
1300	472
1300	474
1299	474
1299	475
1298	475
1298	476
1297	476
1297	477
1296	477
1296	478
1295	478
1295	479
1294	479
1294	481
1293	481
1293	507
1294	507
1294	531
1295	531
1295	532
1296	532
1296	535
1297	535
1297	536
1298	536
1298	539
1299	539
1299	540
1300	540
1300	543
1301	543
1301	548
1302	548
1302	555
1303	555
1303	562
1304	562
1304	564
1303	564
1303	567
1302	567
1302	568
1301	568
1301	569
1300	569
1300	574
1299	574
1299	577
1298	577
1298	579
1297	579
1297	580
1296	580
1296	584
1295	584
1295	586
1294	586
1294	588
1293	588
1293	589
1292	589
1292	590
1291	590
1291	591
1290	591
1290	592
1288	592
1288	593
1287	593
1287	594
1286	594
1286	595
1285	595
1285	596
1284	596
1284	597
1283	597
1283	598
1281	598
1281	599
1280	599
1280	600
1277	600
1277	601
1275	601
1275	602
1269	602
1269	603
1262	603
1262	604
1261	604
1261	605
1227	605
1227	603
1226	603
1226	602
1225	602
1225	600
1224	600
1224	598
1223	598
1223	597
1222	597
1222	596
1216	596
1216	595
1207	595
1207	591
1206	591
1206	588
1205	588
1205	585
1204	585
1204	580
1203	580
1203	565
1202	565
1202	562
1205	562
1205	561
1206	561
1206	560
1207	560
1207	553
1208	553
1208	554
1210	554
1210	553
1208	553
1208	552
1207	552
1207	546
1206	546
1206	545
1205	545
1205	544
1201	544
1201	545
1193	545
1193	544
1192	544
1192	543
1188	543
1188	542
1187	542
1187	541
1186	541
1186	540
1163	540
1163	541
1162	541
1162	542
1161	542
1161	545
1160	545
1160	546
1159	546
1159	548
1157	548
1157	549
1156	549
1156	550
1154	550
1154	551
1153	551
1153	552
1151	552
1151	553
1149	553
1149	554
1148	554
1148	555
1147	555
1147	556
1146	556
1146	557
1138	557
1138	558
1137	558
1137	559
1136	559
1136	560
1133	560
1133	561
1127	561
1127	562
1121	562
1121	563
1117	563
1117	564
1116	564
1116	563
1115	563
1115	566
1114	566
1114	565
1112	565
1112	566
1111	566
1111	568
1110	568
1110	569
1109	569
1109	568
1107	568
1107	569
1104	569
1104	570
1101	570
1101	571
1099	571
1099	572
1098	572
1098	571
1092	571
1092	572
1081	572
1081	573
1080	573
1080	572
1078	572
1078	573
1076	573
1076	574
1074	574
1074	575
1071	575
1071	576
1070	576
1070	577
1069	577
1069	578
1068	578
1068	579
1066	579
1066	581
1065	581
1065	580
1064	580
1064	581
1062	581
1062	582
1060	582
1060	583
1057	583
1057	585
1054	585
1054	586
1051	586
1051	587
1050	587
1050	588
1049	588
1049	592
1051	592
1051	591
1052	591
1052	590
1051	590
1051	589
1053	589
1053	588
1054	588
1054	586
1055	586
1055	587
1056	587
1056	586
1059	586
1059	585
1061	585
1061	584
1062	584
1062	583
1065	583
1065	582
1067	582
1067	581
1069	581
1069	579
1072	579
1072	577
1075	577
1075	576
1079	576
1079	575
1081	575
1081	576
1082	576
1082	575
1090	575
1090	574
1100	574
1100	573
1103	573
1103	572
1105	572
1105	571
1107	571
1107	570
1110	570
1110	569
1112	569
1112	568
1113	568
1113	567
1115	567
1115	566
1117	566
1117	565
1120	565
1120	564
1131	564
1131	563
1134	563
1134	562
1136	562
1136	561
1137	561
1137	560
1144	560
1144	559
1147	559
1147	558
1148	558
1148	557
1149	557
1149	556
1150	556
1150	555
1151	555
1151	554
1153	554
1153	553
1154	553
1154	552
1156	552
1156	551
1158	551
1158	550
1159	550
1159	549
1161	549
1161	548
1160	548
1160	547
1162	547
1162	548
1163	548
1163	549
1167	549
1167	548
1182	548
1182	549
1183	549
1183	550
1185	550
1185	551
1188	551
1188	552
1190	552
1190	553
1197	553
1197	554
1199	554
1199	559
1198	559
1198	560
1199	560
1199	561
1198	561
1198	563
1197	563
1197	564
1198	564
1198	565
1199	565
1199	566
1198	566
