316	414
315	414
315	430
314	430
314	432
313	432
313	439
312	439
312	440
311	440
311	472
310	472
310	474
311	474
311	475
310	475
310	479
311	479
311	480
310	480
310	482
311	482
311	486
312	486
312	488
313	488
313	491
314	491
314	492
316	492
316	493
317	493
317	494
319	494
319	495
321	495
321	496
322	496
322	497
324	497
324	498
325	498
325	499
331	499
331	500
339	500
339	499
340	499
340	500
341	500
341	501
342	501
342	520
341	520
341	521
340	521
340	541
341	541
341	542
342	542
342	543
343	543
343	544
345	544
345	545
346	545
346	546
348	546
348	549
349	549
349	551
350	551
350	552
351	552
351	553
352	553
352	554
353	554
353	555
356	555
356	556
357	556
357	557
358	557
358	558
359	558
359	559
365	559
365	560
366	560
366	561
370	561
370	560
371	560
371	557
372	557
372	558
373	558
373	559
374	559
374	560
381	560
381	561
383	561
383	562
384	562
384	563
385	563
385	564
386	564
386	565
387	565
387	566
388	566
388	567
389	567
389	569
390	569
390	570
391	570
391	571
392	571
392	573
393	573
393	574
394	574
394	575
395	575
395	577
396	577
396	578
397	578
397	579
398	579
398	580
399	580
399	581
400	581
400	582
401	582
401	584
402	584
402	585
403	585
403	587
404	587
404	588
405	588
405	589
406	589
406	590
407	590
407	592
408	592
408	594
409	594
409	596
410	596
410	599
411	599
411	601
412	601
412	604
413	604
413	607
414	607
414	608
415	608
415	610
416	610
416	612
417	612
417	613
421	613
421	614
422	614
422	615
424	615
424	617
425	617
425	618
426	618
426	619
427	619
427	620
428	620
428	621
430	621
430	623
431	623
431	624
432	624
432	626
434	626
434	628
435	628
435	629
436	629
436	630
438	630
438	633
439	633
439	635
440	635
440	636
441	636
441	637
442	637
442	639
443	639
443	640
445	640
445	642
447	642
447	643
449	643
449	645
450	645
450	646
452	646
452	648
453	648
453	650
454	650
454	651
455	651
455	652
456	652
456	653
457	653
457	654
459	654
459	655
460	655
460	656
462	656
462	657
463	657
463	658
464	658
464	660
465	660
465	661
467	661
467	663
469	663
469	664
472	664
472	665
473	665
473	666
475	666
475	667
476	667
476	668
479	668
479	669
483	669
483	668
484	668
484	667
485	667
485	665
486	665
486	662
487	662
487	650
486	650
486	649
487	649
487	647
486	647
486	646
487	646
487	645
486	645
486	644
487	644
487	641
488	641
488	639
489	639
489	638
490	638
490	637
491	637
491	636
492	636
492	635
493	635
493	634
494	634
494	633
495	633
495	631
496	631
496	629
497	629
497	628
498	628
498	616
499	616
499	615
500	615
500	613
504	613
504	612
505	612
505	600
506	600
506	596
507	596
507	593
508	593
508	592
507	592
507	590
508	590
508	588
509	588
509	586
510	586
510	585
512	585
512	584
513	584
513	583
518	583
518	582
519	582
519	581
521	581
521	580
525	580
525	581
526	581
526	582
528	582
528	583
529	583
529	584
530	584
530	585
535	585
535	586
537	586
537	587
543	587
543	588
544	588
544	589
550	589
550	590
551	590
551	591
562	591
562	592
563	592
563	591
564	591
564	592
567	592
567	600
565	600
565	601
564	601
564	602
563	602
563	603
562	603
562	604
561	604
561	615
562	615
562	616
566	616
566	617
569	617
569	618
570	618
570	617
571	617
571	618
573	618
573	619
574	619
574	620
578	620
578	621
579	621
579	623
580	623
580	635
581	635
581	640
582	640
582	641
583	641
583	649
582	649
582	651
581	651
581	663
582	663
582	664
583	664
583	665
587	665
587	666
588	666
588	667
598	667
598	672
599	672
599	673
600	673
600	676
601	676
601	679
602	679
602	681
603	681
603	682
604	682
604	687
605	687
605	688
606	688
606	704
605	704
605	706
606	706
606	710
607	710
607	711
619	711
619	710
624	710
624	709
625	709
625	708
626	708
626	706
629	706
629	707
630	707
630	706
631	706
631	707
633	707
633	706
635	706
635	707
634	707
634	708
637	708
637	709
639	709
639	708
638	708
638	707
636	707
636	706
641	706
641	708
642	708
642	709
643	709
643	710
641	710
641	709
640	709
640	710
639	710
639	711
640	711
640	710
641	710
641	712
642	712
642	713
643	713
643	715
644	715
644	718
645	718
645	724
646	724
646	725
647	725
647	726
648	726
648	727
649	727
649	729
650	729
650	730
652	730
652	731
653	731
653	735
654	735
654	736
655	736
655	737
656	737
656	738
657	738
657	739
658	739
658	741
659	741
659	742
660	742
660	744
661	744
661	745
662	745
662	746
663	746
663	748
664	748
664	749
665	749
665	753
666	753
666	754
667	754
667	755
676	755
676	756
677	756
677	757
683	757
683	758
684	758
684	759
685	759
685	760
686	760
686	761
687	761
687	762
688	762
688	763
709	763
709	762
710	762
710	761
712	761
712	760
713	760
713	759
714	759
714	758
715	758
715	751
717	751
717	750
718	750
718	749
719	749
719	748
720	748
720	740
721	740
721	738
723	738
723	737
724	737
724	730
722	730
722	726
723	726
723	723
725	723
725	722
726	722
726	721
727	721
727	720
729	720
729	719
731	719
731	718
732	718
732	717
734	717
734	716
736	716
736	715
741	715
741	714
752	714
752	715
754	715
754	714
755	714
755	715
758	715
758	716
763	716
763	717
764	717
764	716
765	716
765	717
768	717
768	716
770	716
770	717
774	717
774	718
776	718
776	719
779	719
779	720
781	720
781	721
783	721
783	719
782	719
782	718
779	718
779	717
776	717
776	716
773	716
773	715
769	715
769	714
765	714
765	715
762	715
762	714
760	714
760	713
757	713
757	712
738	712
738	713
734	713
734	714
733	714
733	715
731	715
731	716
729	716
729	717
728	717
728	718
725	718
725	719
724	719
724	720
722	720
722	721
717	721
717	722
716	722
716	728
715	728
715	731
714	731
714	744
713	744
713	745
712	745
712	746
711	746
711	747
710	747
710	748
709	748
709	755
707	755
707	756
706	756
706	757
699	757
699	755
696	755
696	754
693	754
693	753
691	753
691	754
690	754
690	753
689	753
689	752
688	752
688	753
687	753
687	752
686	752
686	751
684	751
684	750
683	750
683	751
682	751
682	750
679	750
679	749
678	749
678	748
677	748
677	747
676	747
676	746
674	746
674	745
671	745
671	743
670	743
670	741
669	741
669	739
668	739
668	738
666	738
666	736
664	736
664	734
663	734
663	732
662	732
662	730
660	730
660	728
659	728
659	726
658	726
658	727
657	727
657	725
656	725
656	723
655	723
655	722
654	722
654	720
652	720
652	719
651	719
651	715
650	715
650	712
649	712
649	706
648	706
648	705
647	705
647	703
646	703
646	702
645	702
645	701
644	701
644	700
623	700
623	701
620	701
620	702
621	702
621	703
620	703
620	704
615	704
615	705
612	705
612	685
611	685
611	684
610	684
610	679
609	679
609	678
608	678
608	676
607	676
607	672
606	672
606	669
605	669
605	668
604	668
604	663
603	663
603	662
602	662
602	661
592	661
592	660
591	660
591	659
587	659
587	655
588	655
588	653
589	653
589	638
588	638
588	636
587	636
587	632
586	632
586	620
585	620
585	616
584	616
584	615
581	615
581	614
578	614
578	613
577	613
577	612
574	612
574	611
573	611
573	610
567	610
567	608
568	608
568	606
571	606
571	605
572	605
572	604
573	604
573	588
572	588
572	587
570	587
570	586
568	586
568	585
556	585
556	584
554	584
554	583
548	583
548	582
547	582
547	581
540	581
540	580
539	580
539	579
537	579
537	578
536	578
536	577
533	577
533	576
530	576
530	574
529	574
529	573
521	573
521	574
517	574
517	575
516	575
516	576
515	576
515	577
510	577
510	578
509	578
509	579
503	579
503	580
502	580
502	581
501	581
501	582
500	582
500	584
499	584
499	607
497	607
497	608
496	608
496	612
495	612
495	615
496	615
496	616
494	616
494	619
493	619
493	620
495	620
495	622
496	622
496	628
495	628
495	629
494	629
494	631
493	631
493	632
492	632
492	633
491	633
491	634
490	634
490	635
489	635
489	636
488	636
488	638
487	638
487	639
486	639
486	641
485	641
485	645
484	645
484	649
485	649
485	660
484	660
484	659
483	659
483	660
484	660
484	665
483	665
483	666
482	666
482	667
480	667
480	666
477	666
477	665
476	665
476	664
474	664
474	663
472	663
472	662
470	662
470	661
469	661
469	660
468	660
468	659
467	659
467	658
466	658
466	657
465	657
465	656
464	656
464	655
462	655
462	654
461	654
461	653
459	653
459	651
457	651
457	650
456	650
456	649
455	649
455	648
454	648
454	645
452	645
452	643
450	643
450	642
449	642
449	641
448	641
448	640
447	640
447	639
446	639
446	638
444	638
444	636
443	636
443	635
442	635
442	633
441	633
441	631
440	631
440	630
439	630
439	629
437	629
437	626
436	626
436	625
434	625
434	623
433	623
433	622
432	622
432	621
430	621
430	620
429	620
429	619
428	619
428	618
427	618
427	617
426	617
426	615
425	615
425	614
424	614
424	613
422	613
422	612
420	612
420	611
419	611
419	610
418	610
418	608
417	608
417	606
416	606
416	603
415	603
415	601
414	601
414	599
413	599
413	597
412	597
412	596
413	596
413	595
412	595
412	594
411	594
411	592
410	592
410	590
409	590
409	588
407	588
407	586
406	586
406	585
404	585
404	582
403	582
403	581
402	581
402	580
401	580
401	579
400	579
400	577
399	577
399	576
398	576
398	575
396	575
396	573
395	573
395	572
394	572
394	571
393	571
393	570
392	570
392	569
391	569
391	567
390	567
390	566
389	566
389	564
388	564
388	563
387	563
387	562
386	562
386	561
384	561
384	560
383	560
383	559
379	559
379	558
374	558
374	557
373	557
373	556
372	556
372	555
371	555
371	554
369	554
369	553
367	553
367	552
362	552
362	551
361	551
361	550
359	550
359	549
357	549
357	548
356	548
356	546
355	546
355	545
354	545
354	543
353	543
353	542
352	542
352	541
351	541
351	540
350	540
350	539
349	539
349	538
346	538
346	525
347	525
347	523
348	523
348	512
349	512
349	510
348	510
348	509
349	509
349	505
348	505
348	497
347	497
347	496
346	496
346	495
345	495
345	494
344	494
344	493
339	493
339	492
335	492
335	491
333	491
333	490
331	490
331	489
330	489
330	488
329	488
329	487
322	487
322	486
319	486
319	471
318	471
318	468
317	468
317	447
318	447
318	446
317	446
317	444
318	444
318	443
319	443
319	436
320	436
320	435
321	435
321	418
322	418
322	413
323	413
323	412
324	412
324	411
325	411
325	410
326	410
326	390
325	390
325	388
324	388
324	387
323	387
323	384
322	384
322	383
321	383
321	381
320	381
320	380
319	380
319	378
318	378
318	376
317	376
317	374
316	374
316	373
315	373
315	372
314	372
314	371
313	371
313	370
312	370
312	368
311	368
311	367
309	367
309	366
307	366
307	365
306	365
306	364
303	364
303	363
302	363
302	362
298	362
298	361
297	361
297	360
264	360
264	348
263	348
263	345
262	345
262	343
261	343
261	341
260	341
260	340
259	340
259	335
258	335
258	333
257	333
257	330
256	330
256	327
255	327
255	325
254	325
254	324
253	324
253	323
252	323
252	322
251	322
251	315
250	315
250	314
247	314
247	313
246	313
246	312
243	312
243	311
242	311
242	310
241	310
241	308
240	308
240	307
239	307
239	306
238	306
238	293
239	293
239	292
237	292
237	291
236	291
236	290
235	290
235	289
234	289
234	288
223	288
223	287
222	287
222	285
221	285
221	283
220	283
220	281
219	281
219	277
218	277
218	273
217	273
217	269
216	269
216	267
215	267
215	264
214	264
214	263
213	263
213	261
212	261
212	258
211	258
211	256
210	256
210	255
209	255
209	253
208	253
208	254
205	254
205	255
203	255
203	256
202	256
202	257
198	257
198	258
196	258
196	256
195	256
195	254
194	254
194	250
193	250
193	247
192	247
192	242
191	242
191	237
190	237
190	234
189	234
189	231
188	231
188	229
187	229
187	227
186	227
186	228
182	228
182	227
181	227
181	225
180	225
180	224
177	224
177	223
175	223
175	222
174	222
174	223
169	223
169	222
168	222
168	223
167	223
167	222
166	222
166	223
165	223
165	222
155	222
155	220
154	220
154	219
151	219
151	218
150	218
150	217
149	217
149	214
150	214
150	212
149	212
149	211
147	211
147	216
148	216
148	219
149	219
149	221
150	221
150	223
154	223
154	224
155	224
155	225
156	225
156	226
160	226
160	227
162	227
162	226
171	226
171	227
172	227
172	226
174	226
174	225
175	225
175	226
179	226
179	227
180	227
180	229
182	229
182	231
186	231
186	230
187	230
187	233
188	233
188	235
189	235
189	238
190	238
190	243
191	243
191	248
192	248
192	251
193	251
193	255
194	255
194	258
195	258
195	260
196	260
196	261
200	261
200	260
202	260
202	259
203	259
203	258
204	258
204	257
206	257
206	256
210	256
210	259
211	259
211	262
212	262
212	264
213	264
213	265
214	265
214	268
215	268
215	270
216	270
216	274
217	274
217	279
218	279
218	281
219	281
219	283
220	283
220	286
221	286
221	287
222	287
222	290
223	290
223	292
224	292
224	293
225	293
225	294
230	294
230	295
231	295
231	296
232	296
232	311
233	311
233	312
234	312
234	313
235	313
235	314
237	314
237	316
238	316
238	317
239	317
239	318
243	318
243	319
244	319
244	320
245	320
245	325
246	325
246	326
247	326
247	327
248	327
248	328
249	328
249	330
250	330
250	333
251	333
251	336
252	336
252	338
253	338
253	344
254	344
254	345
255	345
255	347
256	347
256	348
257	348
257	352
258	352
258	365
259	365
259	366
294	366
294	367
295	367
295	368
298	368
298	369
299	369
299	370
303	370
303	371
304	371
304	372
306	372
306	374
307	374
307	375
308	375
308	376
310	376
310	378
311	378
311	379
312	379
312	382
313	382
313	383
314	383
314	384
315	384
315	386
316	386
316	387
317	387
317	391
318	391
318	392
319	392
319	393
320	393
320	399
319	399
319	400
320	400
320	401
319	401
319	404
318	404
318	407
317	407
317	408
318	408
318	409
317	409
317	410
316	410
1150	719
1098	719
1098	720
1097	720
1097	724
1096	724
1096	740
1095	740
1095	743
1094	743
1094	744
1093	744
1093	745
1092	745
1092	747
1091	747
1091	748
1090	748
1090	752
1089	752
1089	753
1088	753
1088	762
1087	762
1087	767
1086	767
1086	769
1085	769
1085	770
1083	770
1083	771
1074	771
1074	770
1073	770
1073	769
1067	769
1067	768
1066	768
1066	767
1062	767
1062	766
1061	766
1061	765
1060	765
1060	764
1059	764
1059	763
1052	763
1052	762
1050	762
1050	761
1048	761
1048	760
1045	760
1045	759
1044	759
1044	758
1043	758
1043	757
1042	757
1042	756
1041	756
1041	755
1040	755
1040	753
1039	753
1039	752
1038	752
1038	751
1036	751
1036	750
1035	750
1035	749
1034	749
1034	748
1033	748
1033	747
1030	747
1030	746
1028	746
1028	745
1025	745
1025	744
1024	744
1024	743
1021	743
1021	742
1019	742
1019	741
1017	741
1017	740
1015	740
1015	739
1012	739
1012	738
1011	738
1011	737
1008	737
1008	736
1006	736
1006	735
1003	735
1003	734
1002	734
1002	735
1000	735
1000	732
994	732
994	731
993	731
993	730
992	730
992	729
990	729
990	727
989	727
989	726
988	726
988	727
987	727
987	726
986	726
986	725
971	725
971	726
970	726
970	727
969	727
969	728
968	728
968	729
967	729
967	730
966	730
966	731
964	731
964	732
961	732
961	733
959	733
959	734
958	734
958	735
957	735
957	736
952	736
952	737
951	737
951	738
952	738
952	739
951	739
951	751
952	751
952	787
951	787
951	788
950	788
950	789
949	789
949	790
948	790
948	791
947	791
947	792
945	792
945	793
944	793
944	794
926	794
926	793
925	793
925	792
921	792
921	791
916	791
916	790
914	790
914	789
910	789
910	788
906	788
906	787
903	787
903	786
901	786
901	785
899	785
899	784
897	784
897	783
896	783
896	782
895	782
895	781
892	781
892	780
890	780
890	779
889	779
889	780
886	780
886	779
883	779
883	778
884	778
884	777
883	777
883	776
877	776
877	775
876	775
876	776
874	776
874	777
859	777
859	779
858	779
858	778
857	778
857	781
856	781
856	784
855	784
855	785
842	785
842	784
841	784
841	783
837	783
837	782
836	782
836	781
835	781
835	780
830	780
830	778
829	778
829	777
828	777
828	775
827	775
827	771
826	771
826	770
825	770
825	741
824	741
824	740
823	740
823	739
822	739
822	737
821	737
821	736
813	736
813	737
809	737
809	736
808	736
808	733
805	733
805	732
804	732
804	730
803	730
803	729
802	729
802	727
800	727
800	726
799	726
799	725
798	725
798	724
795	724
795	723
794	723
794	722
789	722
789	721
784	721
784	719
788	719
788	720
793	720
793	721
795	721
795	722
798	722
798	723
800	723
800	724
802	724
802	726
804	726
804	727
805	727
805	729
806	729
806	730
807	730
807	731
808	731
808	732
809	732
809	731
810	731
810	730
826	730
826	731
827	731
827	734
828	734
828	735
830	735
830	736
829	736
829	737
830	737
830	738
831	738
831	739
832	739
832	743
831	743
831	744
832	744
832	746
833	746
833	747
832	747
832	748
833	748
833	750
834	750
834	752
833	752
833	750
832	750
832	751
831	751
831	752
832	752
832	754
833	754
833	756
832	756
832	757
833	757
833	758
832	758
832	757
831	757
831	760
832	760
832	759
833	759
833	772
834	772
834	773
836	773
836	774
839	774
839	775
840	775
840	776
841	776
841	777
844	777
844	778
845	778
845	779
850	779
850	775
851	775
851	774
852	774
852	773
853	773
853	772
854	772
854	771
866	771
866	770
867	770
867	771
868	771
868	770
869	770
869	771
870	771
870	770
871	770
871	769
888	769
888	770
889	770
889	771
891	771
891	772
892	772
892	773
893	773
893	774
895	774
895	775
898	775
898	776
899	776
899	777
900	777
900	778
902	778
902	779
905	779
905	780
917	780
917	781
921	781
921	782
922	782
922	781
923	781
923	783
925	783
925	784
927	784
927	785
929	785
929	786
934	786
934	787
942	787
942	786
943	786
943	784
945	784
945	783
944	783
944	781
945	781
945	779
946	779
946	774
945	774
945	770
946	770
946	767
945	767
945	766
946	766
946	757
945	757
945	756
946	756
946	755
945	755
945	734
946	734
946	732
947	732
947	731
948	731
948	730
953	730
953	729
955	729
955	728
956	728
956	727
957	727
957	726
961	726
961	725
962	725
962	723
963	723
963	722
966	722
966	721
967	721
967	720
968	720
968	719
997	719
997	720
998	720
998	721
1000	721
1000	722
1001	722
1001	723
1003	723
1003	724
1004	724
1004	727
1006	727
1006	728
1007	728
1007	729
1010	729
1010	730
1011	730
1011	731
1014	731
1014	732
1015	732
1015	733
1018	733
1018	734
1020	734
1020	735
1022	735
1022	736
1024	736
1024	737
1027	737
1027	738
1029	738
1029	739
1032	739
1032	740
1033	740
1033	741
1037	741
1037	742
1038	742
1038	743
1039	743
1039	745
1041	745
1041	746
1042	746
1042	747
1043	747
1043	748
1044	748
1044	749
1045	749
1045	750
1046	750
1046	751
1048	751
1048	752
1050	752
1050	753
1051	753
1051	754
1052	754
1052	755
1053	755
1053	756
1054	756
1054	755
1055	755
1055	756
1057	756
1057	757
1062	757
1062	758
1063	758
1063	759
1065	759
1065	760
1066	760
1066	761
1070	761
1070	762
1071	762
1071	763
1079	763
1079	761
1080	761
1080	759
1081	759
1081	757
1082	757
1082	750
1083	750
1083	749
1084	749
1084	744
1085	744
1085	743
1086	743
1086	742
1085	742
1085	741
1087	741
1087	740
1086	740
1086	738
1085	738
1085	733
1084	733
1084	732
1085	732
1085	729
1086	729
1086	728
1085	728
1085	727
1087	727
1087	726
1086	726
1086	725
1087	725
1087	723
1088	723
1088	722
1089	722
1089	723
1090	723
1090	721
1089	721
1089	720
1091	720
1091	717
1092	717
1092	715
1093	715
1093	714
1095	714
1095	713
1118	713
1118	712
1119	712
1119	713
1144	713
1144	712
1147	712
1147	711
1150	711
1150	710
1152	710
1152	709
1153	709
1153	708
1154	708
1154	707
1158	707
1158	706
1165	706
1165	705
1166	705
1166	704
1170	704
1170	703
1171	703
1171	702
1173	702
1173	701
1178	701
1178	700
1188	700
1188	699
1189	699
1189	700
1195	700
1195	699
1196	699
1196	700
1214	700
1214	701
1215	701
1215	703
1216	703
1216	704
1217	704
1217	705
1218	705
1218	706
1219	706
1219	707
1220	707
1220	708
1221	708
1221	709
1224	709
1224	710
1225	710
1225	711
1226	711
1226	714
1228	714
1228	716
1229	716
1229	719
1230	719
1230	718
1231	718
1231	719
1230	719
1230	721
1231	721
1231	723
1233	723
1233	724
1234	724
1234	725
1235	725
1235	726
1237	726
1237	727
1238	727
1238	728
1241	728
1241	694
1242	694
1242	693
1243	693
1243	691
1242	691
1242	690
1243	690
1243	691
1244	691
1244	689
1243	689
1243	687
1245	687
1245	686
1246	686
1246	685
1245	685
1245	684
1246	684
1246	682
1245	682
1245	681
1246	681
1246	682
1247	682
1247	676
1248	676
1248	675
1251	675
1251	674
1252	674
1252	673
1253	673
1253	672
1254	672
1254	671
1261	671
1261	670
1263	670
1263	669
1281	669
1281	670
1282	670
1282	671
1283	671
1283	672
1284	672
1284	673
1285	673
1285	674
1286	674
1286	675
1287	675
1287	676
1288	676
1288	677
1289	677
1289	678
1290	678
1290	680
1292	680
1292	681
1297	681
1297	682
1300	682
1300	683
1301	683
1301	684
1302	684
1302	685
1303	685
1303	686
1304	686
1304	687
1305	687
1305	688
1307	688
1307	689
1309	689
1309	690
1310	690
1310	695
1311	695
1311	698
1312	698
1312	699
1313	699
1313	700
1314	700
1314	701
1315	701
1315	702
1316	702
1316	703
1317	703
1317	704
1318	704
1318	705
1326	705
1326	704
1327	704
1327	703
1328	703
1328	702
1329	702
1329	701
1330	701
1330	700
1331	700
1331	699
1332	699
1332	698
1333	698
1333	697
1336	697
1336	696
1338	696
1338	695
1339	695
1339	694
1352	694
1352	693
1353	693
1353	692
1359	692
1359	691
1361	691
1361	690
1364	690
1364	689
1366	689
1366	688
1368	688
1368	687
1369	687
1369	686
1373	686
1373	685
1377	685
1377	684
1378	684
1378	683
1380	683
1380	682
1382	682
1382	681
1384	681
1384	680
1385	680
1385	679
1386	679
1386	678
1389	678
1389	677
1390	677
1390	676
1395	676
1395	675
1396	675
1396	674
1398	674
1398	673
1401	673
1401	672
1402	672
1402	671
1405	671
1405	669
1404	669
1404	668
1406	668
1406	667
1404	667
1404	666
1403	666
1403	664
1404	664
1404	662
1403	662
1403	661
1405	661
1405	660
1404	660
1404	659
1405	659
1405	655
1406	655
1406	641
1407	641
1407	640
1408	640
1408	639
1409	639
1409	638
1412	638
1412	637
1413	637
1413	636
1416	636
1416	635
1418	635
1418	634
1419	634
1419	633
1422	633
1422	632
1426	632
1426	631
1440	631
1440	632
1442	632
1442	633
1443	633
1443	627
1444	627
1444	626
1445	626
1445	624
1446	624
1446	622
1445	622
1445	621
1446	621
1446	620
1447	620
1447	619
1449	619
1449	617
1451	617
1451	615
1452	615
1452	614
1457	614
1457	613
1470	613
1470	614
1472	614
1472	615
1473	615
1473	616
1474	616
1474	618
1475	618
1475	619
1477	619
1477	620
1478	620
1478	621
1479	621
1479	622
1480	622
1480	623
1481	623
1481	624
1482	624
1482	625
1485	625
1485	626
1486	626
1486	627
1487	627
1487	628
1488	628
1488	629
1489	629
1489	630
1490	630
1490	631
1491	631
1491	632
1496	632
1496	631
1497	631
1497	630
1498	630
1498	625
1499	625
1499	624
1500	624
1500	623
1501	623
1501	619
1502	619
1502	615
1503	615
1503	614
1504	614
1504	613
1505	613
1505	612
1506	612
1506	611
1507	611
1507	610
1508	610
1508	609
1512	609
1512	608
1516	608
1516	607
1517	607
1517	606
1521	606
1521	605
1522	605
1522	604
1525	604
1525	603
1529	603
1529	602
1533	602
1533	601
1534	601
1534	602
1535	602
1535	601
1536	601
1536	602
1537	602
1537	600
1542	600
1542	599
1543	599
1543	600
1544	600
1544	599
1545	599
1545	598
1590	598
1590	597
1592	597
1592	594
1591	594
1591	589
1590	589
1590	582
1589	582
1589	581
1588	581
1588	580
1590	580
1590	579
1588	579
1588	578
1589	578
1589	577
1588	577
1588	574
1587	574
1587	573
1586	573
1586	543
1587	543
1587	542
1588	542
1588	541
1591	541
1591	539
1592	539
1592	538
1593	538
1593	537
1594	537
1594	536
1595	536
1595	535
1596	535
1596	534
1597	534
1597	533
1599	533
1599	532
1601	532
1601	531
1602	531
1602	530
1603	530
1603	529
1604	529
1604	528
1608	528
1608	527
1610	527
1610	526
1613	526
1613	525
1615	525
1615	524
1617	524
1617	523
1618	523
1618	522
1619	522
1619	521
1621	521
1621	522
1622	522
1622	520
1623	520
1623	519
1625	519
1625	517
1626	517
1626	515
1627	515
1627	514
1630	514
1630	513
1632	513
1632	512
1633	512
1633	511
1634	511
1634	510
1636	510
1636	509
1637	509
1637	508
1640	508
1640	507
1642	507
1642	506
1648	506
1648	505
1651	505
1651	504
1658	504
1658	503
1660	503
1660	502
1668	502
1668	500
1667	500
1667	497
1668	497
1668	496
1667	496
1667	490
1666	490
1666	489
1668	489
1668	488
1666	488
1666	486
1665	486
1665	483
1666	483
1666	481
1665	481
1665	480
1664	480
1664	478
1665	478
1665	479
1666	479
1666	476
1665	476
1665	477
1664	477
1664	474
1663	474
1663	471
1662	471
1662	467
1661	467
1661	463
1660	463
1660	437
1661	437
1661	436
1662	436
1662	435
1663	435
1663	434
1664	434
1664	433
1665	433
1665	431
1666	431
1666	430
1667	430
1667	429
1668	429
1668	428
1669	428
1669	427
1670	427
1670	426
1671	426
1671	425
1673	425
1673	424
1680	424
1680	423
1681	423
1681	422
1687	422
1687	420
1689	420
1689	419
1690	419
1690	418
1691	418
1691	417
1692	417
1692	416
1693	416
1693	415
1694	415
1694	414
1697	414
1697	413
1725	413
1725	414
1727	414
1727	415
1728	415
1728	425
1730	425
1730	426
1731	426
1731	427
1734	427
1734	428
1736	428
1736	429
1743	429
1743	430
1744	430
1744	429
1747	429
1747	430
1748	430
1748	429
1751	429
1751	428
1754	428
1754	429
1753	429
1753	430
1755	430
1755	429
1759	429
1759	430
1761	430
1761	429
1763	429
1763	431
1764	431
1764	430
1765	430
1765	431
1766	431
1766	430
1769	430
1769	431
1774	431
1774	430
1780	430
1780	429
1785	429
1785	428
1791	428
1791	427
1792	427
1792	424
1791	424
1791	423
1790	423
1790	416
1789	416
1789	410
1790	410
1790	409
1789	409
1789	408
1790	408
1790	404
1791	404
1791	401
1792	401
1792	398
1793	398
1793	395
1794	395
1794	390
1795	390
1795	384
1796	384
1796	383
1797	383
1797	378
1798	378
1798	376
1799	376
1799	372
1800	372
1800	369
1801	369
1801	365
1802	365
1802	362
1803	362
1803	359
1804	359
1804	357
1805	357
1805	351
1806	351
1806	350
1807	350
1807	340
1808	340
1808	336
1809	336
1809	334
1810	334
1810	333
1812	333
1812	332
1811	332
1811	331
1813	331
1813	330
1814	330
1814	329
1816	329
1816	327
1819	327
1819	325
1820	325
1820	321
1819	321
1819	319
1818	319
1818	317
1819	317
1819	316
1818	316
1818	312
1817	312
1817	311
1818	311
1818	310
1817	310
1817	307
1818	307
1818	305
1817	305
1817	302
1818	302
1818	290
1819	290
1819	289
1820	289
1820	285
1821	285
1821	284
1822	284
1822	275
1823	275
1823	273
1824	273
1824	270
1825	270
1825	269
1826	269
1826	267
1827	267
1827	266
1828	266
1828	253
1829	253
1829	252
1830	252
1830	251
1831	251
1831	250
1832	250
1832	249
1833	249
1833	248
1834	248
1834	247
1835	247
1835	245
1836	245
1836	244
1837	244
1837	243
1860	243
1860	242
1861	242
1861	241
1863	241
1863	240
1865	240
1865	239
1866	239
1866	238
1870	238
1870	237
1871	237
1871	236
1874	236
1874	235
1875	235
1875	234
1876	234
1876	233
1878	233
1878	232
1881	232
1881	231
1882	231
1882	230
1892	230
1892	231
1893	231
1893	232
1894	232
1894	234
1895	234
1895	235
1896	235
1896	237
1897	237
1897	238
1898	238
1898	239
1899	239
1899	238
1900	238
1900	218
1901	218
1901	216
1900	216
1900	213
1901	213
1901	207
1902	207
1902	204
1903	204
1903	185
1904	185
1904	179
1905	179
1905	178
1906	178
1906	172
1907	172
1907	171
1909	171
1909	170
1910	170
1910	169
1909	169
1909	168
1910	168
1910	169
1911	169
1911	168
1912	168
1912	167
1910	167
1910	166
1912	166
1912	167
1913	167
1913	166
1914	166
1914	165
1916	165
1916	164
1917	164
1917	153
1916	153
1916	151
1915	151
1915	153
1914	153
1914	154
1915	154
1915	155
1914	155
1914	157
1913	157
1913	158
1914	158
1914	160
1913	160
1913	162
1912	162
1912	163
1911	163
1911	162
1912	162
1912	157
1911	157
1911	156
1912	156
1912	155
1913	155
1913	151
1915	151
1915	150
1913	150
1913	149
1914	149
1914	148
1913	148
1913	146
1911	146
1911	143
1910	143
1910	142
1909	142
1909	139
1908	139
1908	136
1907	136
1907	133
1906	133
1906	109
1907	109
1907	108
1920	108
1920	107
1921	107
1921	106
1922	106
1922	105
1923	105
1923	104
1924	104
1924	103
1927	103
1927	102
1928	102
1928	101
1945	101
1945	102
1946	102
1946	104
1947	104
1947	105
1948	105
1948	106
1949	106
1949	110
1950	110
1950	112
1951	112
1951	114
1952	114
1952	116
1954	116
1954	118
1955	118
1955	119
1956	119
1956	121
1957	121
1957	122
1958	122
1958	123
1959	123
1959	124
1960	124
1960	125
1963	125
1963	126
1964	126
1964	127
1965	127
1965	129
1966	129
1966	137
1967	137
1967	139
1968	139
1968	141
1969	141
1969	142
1970	142
1970	143
1971	143
1971	146
1972	146
1972	147
1973	147
1973	149
1974	149
1974	150
1975	150
1975	151
1976	151
1976	152
1977	152
1977	153
1978	153
1978	154
1980	154
1980	155
1982	155
1982	156
1983	156
1983	155
1984	155
1984	156
1985	156
1985	155
1986	155
1986	154
1987	154
1987	153
1988	153
1988	149
1989	149
1989	127
1990	127
1990	125
1991	125
1991	124
1992	124
1992	123
1993	123
1993	122
1994	122
1994	119
1995	119
1995	118
1996	118
1996	113
1997	113
1997	110
1998	110
1998	107
1999	107
1999	106
2000	106
2000	105
2001	105
2001	104
2002	104
2002	102
2003	102
2003	101
2004	101
2004	100
2005	100
2005	99
2006	99
2006	98
2011	98
2011	97
2012	97
2012	96
2014	96
2014	94
2015	94
2015	95
2016	95
2016	94
2018	94
2018	95
2019	95
2019	94
2020	94
2020	93
2021	93
2021	86
2020	86
2020	88
2019	88
2019	89
2018	89
2018	90
2017	90
2017	92
2016	92
2016	93
2015	93
2015	92
2014	92
2014	93
2012	93
2012	92
2014	92
2014	91
2015	91
2015	90
2014	90
2014	89
2015	89
2015	90
2017	90
2017	88
2016	88
2016	87
2019	87
2019	86
2020	86
2020	85
2021	85
2021	77
2020	77
2020	78
2019	78
2019	76
2020	76
2020	75
2019	75
2019	61
2018	61
2018	62
2017	62
2017	61
2018	61
2018	58
2016	58
2016	56
2015	56
2015	54
2014	54
2014	53
2013	53
2013	50
2012	50
2012	48
2011	48
2011	41
2010	41
2010	40
2011	40
2011	36
2010	36
2010	18
2011	18
2011	17
2015	17
2015	18
2016	18
2016	26
2017	26
2017	29
2016	29
2016	32
2017	32
2017	45
2018	45
2018	47
2019	47
2019	50
2020	50
2020	51
2021	51
2021	53
2024	53
2024	54
2025	54
2025	72
2026	72
2026	74
2027	74
2027	98
2026	98
2026	99
2024	99
2024	100
2023	100
2023	101
2019	101
2019	102
2015	102
2015	103
2014	103
2014	104
2013	104
2013	106
2012	106
2012	104
2011	104
2011	105
2010	105
2010	104
2009	104
2009	107
2007	107
2007	109
2009	109
2009	111
2007	111
2007	112
2008	112
2008	113
2007	113
2007	112
2005	112
2005	111
2004	111
2004	113
2005	113
2005	114
2008	114
2008	115
2005	115
2005	116
2006	116
2006	119
2005	119
2005	120
2006	120
2006	123
2004	123
2004	124
2005	124
2005	125
2002	125
2002	126
2001	126
2001	128
2000	128
2000	129
1998	129
1998	128
1996	128
1996	130
1995	130
1995	141
1997	141
1997	140
1996	140
1996	139
1997	139
1997	137
1996	137
1996	136
1997	136
1997	137
1998	137
1998	139
1999	139
1999	138
2000	138
2000	142
1999	142
1999	147
1996	147
1996	150
1997	150
1997	148
2000	148
2000	149
1999	149
1999	151
1998	151
1998	153
1997	153
1997	155
1996	155
1996	157
1995	157
1995	158
1993	158
1993	159
1990	159
1990	161
1989	161
1989	163
1988	163
1988	164
1981	164
1981	163
1980	163
1980	162
1978	162
1978	161
1977	161
1977	160
1975	160
1975	159
1974	159
1974	158
1972	158
1972	157
1968	157
1968	156
1969	156
1969	154
1968	154
1968	155
1966	155
1966	154
1967	154
1967	153
1968	153
1968	152
1967	152
1967	151
1966	151
1966	149
1965	149
1965	147
1964	147
1964	146
1963	146
1963	144
1962	144
1962	142
1961	142
1961	141
1960	141
1960	133
1959	133
1959	131
1957	131
1957	130
1956	130
1956	129
1955	129
1955	128
1953	128
1953	127
1952	127
1952	126
1950	126
1950	125
1948	125
1948	124
1947	124
1947	121
1946	121
1946	117
1945	117
1945	115
1944	115
1944	113
1943	113
1943	111
1941	111
1941	110
1942	110
1942	109
1941	109
1941	108
1940	108
1940	107
1932	107
1932	108
1931	108
1931	109
1929	109
1929	110
1927	110
1927	111
1926	111
1926	112
1925	112
1925	113
1924	113
1924	114
1923	114
1923	115
1922	115
1922	116
1920	116
1920	117
1918	117
1918	116
1917	116
1917	115
1915	115
1915	116
1913	116
1913	117
1912	117
1912	130
1913	130
1913	133
1914	133
1914	136
1915	136
1915	139
1916	139
1916	140
1917	140
1917	141
1918	141
1918	142
1919	142
1919	144
1920	144
1920	145
1921	145
1921	148
1922	148
1922	150
1923	150
1923	167
1922	167
1922	168
1921	168
1921	169
1920	169
1920	170
1919	170
1919	171
1917	171
1917	172
1916	172
1916	173
1915	173
1915	174
1914	174
1914	175
1913	175
1913	176
1912	176
1912	182
1911	182
1911	183
1910	183
1910	188
1909	188
1909	207
1908	207
1908	210
1907	210
1907	221
1906	221
1906	241
1905	241
1905	243
1904	243
1904	248
1903	248
1903	250
1904	250
1904	249
1905	249
1905	248
1907	248
1907	249
1906	249
1906	250
1905	250
1905	251
1907	251
1907	252
1905	252
1905	251
1904	251
1904	252
1900	252
1900	251
1899	251
1899	249
1902	249
1902	248
1897	248
1897	247
1896	247
1896	245
1894	245
1894	244
1893	244
1893	243
1892	243
1892	241
1891	241
1891	240
1890	240
1890	238
1889	238
1889	237
1888	237
1888	236
1886	236
1886	237
1885	237
1885	238
1882	238
1882	239
1879	239
1879	240
1878	240
1878	241
1877	241
1877	242
1876	242
1876	243
1873	243
1873	245
1872	245
1872	246
1871	246
1871	245
1872	245
1872	244
1870	244
1870	247
1868	247
1868	246
1867	246
1867	248
1866	248
1866	247
1865	247
1865	248
1864	248
1864	249
1841	249
1841	250
1840	250
1840	251
1839	251
1839	252
1838	252
1838	253
1837	253
1837	254
1836	254
1836	255
1835	255
1835	256
1834	256
1834	267
1835	267
1835	268
1834	268
1834	270
1835	270
1835	269
1837	269
1837	270
1836	270
1836	273
1834	273
1834	274
1833	274
1833	273
1831	273
1831	274
1830	274
1830	278
1829	278
1829	279
1828	279
1828	283
1829	283
1829	284
1828	284
1828	287
1827	287
1827	289
1826	289
1826	293
1825	293
1825	294
1826	294
1826	295
1825	295
1825	294
1824	294
1824	313
1825	313
1825	314
1826	314
1826	331
1825	331
1825	332
1822	332
1822	333
1820	333
1820	334
1819	334
1819	336
1818	336
1818	337
1816	337
1816	338
1815	338
1815	339
1814	339
1814	342
1815	342
1815	343
1814	343
1814	344
1813	344
1813	348
1814	348
1814	347
1815	347
1815	348
1814	348
1814	350
1813	350
1813	353
1812	353
1812	354
1811	354
1811	360
1810	360
1810	362
1809	362
1809	367
1808	367
1808	370
1807	370
1807	376
1806	376
1806	379
1805	379
1805	380
1804	380
1804	384
1803	384
1803	386
1802	386
1802	389
1801	389
1801	393
1800	393
1800	398
1799	398
1799	401
1798	401
1798	405
1797	405
1797	407
1796	407
1796	413
1797	413
1797	414
1798	414
1798	433
1797	433
1797	434
1795	434
1795	435
1784	435
1784	436
1783	436
1783	437
1778	437
1778	436
1777	436
1777	437
1742	437
1742	436
1735	436
1735	435
1733	435
1733	434
1731	434
1731	433
1728	433
1728	432
1727	432
1727	431
1726	431
1726	432
1725	432
1725	431
1723	431
1723	429
1720	429
1720	428
1718	428
1718	427
1717	427
1717	426
1714	426
1714	425
1712	425
1712	424
1709	424
1709	423
1707	423
1707	422
1710	422
1710	420
1709	420
1709	421
1706	421
1706	422
1704	422
1704	421
1697	421
1697	422
1695	422
1695	423
1694	423
1694	424
1693	424
1693	425
1692	425
1692	427
1691	427
1691	428
1685	428
1685	429
1683	429
1683	430
1676	430
1676	431
1675	431
1675	432
1674	432
1674	434
1675	434
1675	433
1676	433
1676	434
1675	434
1675	435
1676	435
1676	436
1675	436
1675	435
1673	435
1673	436
1672	436
1672	435
1673	435
1673	434
1671	434
1671	436
1670	436
1670	438
1671	438
1671	440
1672	440
1672	442
1673	442
1673	443
1672	443
1672	444
1671	444
1671	445
1670	445
1670	446
1669	446
1669	447
1667	447
1667	448
1666	448
1666	450
1667	450
1667	451
1666	451
1666	452
1667	452
1667	453
1666	453
1666	454
1667	454
1667	464
1668	464
1668	467
1669	467
1669	470
1671	470
1671	471
1672	471
1672	472
1673	472
1673	473
1674	473
1674	474
1675	474
1675	493
1674	493
1674	503
1675	503
1675	504
1676	504
1676	505
1674	505
1674	506
1676	506
1676	508
1674	508
1674	509
1671	509
1671	508
1663	508
1663	509
1661	509
1661	510
1655	510
1655	511
1652	511
1652	512
1646	512
1646	513
1643	513
1643	514
1640	514
1640	515
1639	515
1639	516
1638	516
1638	517
1636	517
1636	518
1635	518
1635	519
1634	519
1634	520
1632	520
1632	521
1631	521
1631	522
1630	522
1630	524
1629	524
1629	525
1628	525
1628	526
1627	526
1627	527
1625	527
1625	528
1624	528
1624	529
1623	529
1623	530
1622	530
1622	531
1620	531
1620	532
1615	532
1615	533
1611	533
1611	534
1608	534
1608	535
1607	535
1607	536
1606	536
1606	537
1604	537
1604	539
1603	539
1603	540
1601	540
1601	541
1598	541
1598	542
1597	542
1597	545
1596	545
1596	546
1594	546
1594	547
1592	547
1592	569
1593	569
1593	570
1594	570
1594	573
1595	573
1595	575
1596	575
1596	576
1597	576
1597	579
1598	579
1598	600
1597	600
1597	602
1596	602
1596	603
1593	603
1593	604
1549	604
1549	605
1547	605
1547	606
1542	606
1542	607
1540	607
1540	608
1532	608
1532	609
1528	609
1528	610
1525	610
1525	611
1524	611
1524	612
1521	612
1521	613
1519	613
1519	614
1515	614
1515	615
1511	615
1511	616
1510	616
1510	619
1509	619
1509	620
1508	620
1508	622
1507	622
1507	626
1506	626
1506	627
1505	627
1505	628
1504	628
1504	634
1503	634
1503	636
1502	636
1502	637
1501	637
1501	638
1498	638
1498	639
1497	639
1497	638
1495	638
1495	640
1492	640
1492	638
1487	638
1487	637
1486	637
1486	636
1485	636
1485	635
1484	635
1484	634
1483	634
1483	632
1482	632
1482	631
1478	631
1478	630
1477	630
1477	628
1475	628
1475	627
1473	627
1473	626
1471	626
1471	625
1470	625
1470	624
1469	624
1469	622
1468	622
1468	621
1467	621
1467	619
1460	619
1460	620
1459	620
1459	621
1458	621
1458	622
1454	622
1454	625
1453	625
1453	626
1452	626
1452	627
1451	627
1451	629
1450	629
1450	631
1449	631
1449	636
1450	636
1450	637
1449	637
1449	638
1448	638
1448	640
1438	640
1438	639
1437	639
1437	637
1429	637
1429	638
1426	638
1426	639
1423	639
1423	640
1422	640
1422	641
1421	641
1421	642
1420	642
1420	641
1419	641
1419	643
1417	643
1417	646
1416	646
1416	647
1415	647
1415	648
1414	648
1414	649
1413	649
1413	651
1412	651
1412	673
1411	673
1411	674
1410	674
1410	676
1409	676
1409	677
1405	677
1405	678
1404	678
1404	679
1401	679
1401	680
1399	680
1399	681
1398	681
1398	682
1394	682
1394	683
1393	683
1393	684
1390	684
1390	685
1389	685
1389	686
1388	686
1388	687
1385	687
1385	688
1384	688
1384	689
1382	689
1382	690
1381	690
1381	691
1377	691
1377	692
1372	692
1372	693
1371	693
1371	694
1369	694
1369	695
1367	695
1367	696
1364	696
1364	697
1363	697
1363	698
1357	698
1357	699
1355	699
1355	700
1345	700
1345	701
1344	701
1344	700
1343	700
1343	701
1342	701
1342	702
1340	702
1340	704
1338	704
1338	705
1336	705
1336	706
1335	706
1335	707
1333	707
1333	708
1332	708
1332	710
1331	710
1331	711
1314	711
1314	710
1313	710
1313	709
1312	709
1312	708
1311	708
1311	707
1310	707
1310	705
1309	705
1309	704
1307	704
1307	703
1306	703
1306	702
1304	702
1304	701
1305	701
1305	699
1304	699
1304	694
1302	694
1302	693
1301	693
1301	692
1300	692
1300	691
1299	691
1299	690
1298	690
1298	689
1297	689
1297	688
1294	688
1294	687
1289	687
1289	686
1285	686
1285	685
1284	685
1284	682
1283	682
1283	681
1282	681
1282	679
1281	679
1281	680
1280	680
1280	679
1279	679
1279	678
1280	678
1280	677
1279	677
1279	676
1278	676
1278	675
1269	675
1269	676
1271	676
1271	677
1270	677
1270	679
1269	679
1269	678
1268	678
1268	676
1267	676
1267	675
1266	675
1266	676
1264	676
1264	677
1258	677
1258	678
1256	678
1256	679
1255	679
1255	680
1254	680
1254	681
1253	681
1253	688
1252	688
1252	690
1251	690
1251	692
1250	692
1250	695
1249	695
1249	696
1248	696
1248	697
1247	697
1247	733
1246	733
1246	734
1247	734
1247	735
1246	735
1246	736
1245	736
1245	735
1244	735
1244	736
1243	736
1243	737
1242	737
1242	735
1241	735
1241	737
1240	737
1240	736
1238	736
1238	737
1237	737
1237	736
1236	736
1236	734
1235	734
1235	736
1234	736
1234	735
1230	735
1230	733
1232	733
1232	731
1231	731
1231	730
1230	730
1230	729
1227	729
1227	728
1226	728
1226	727
1225	727
1225	726
1224	726
1224	725
1223	725
1223	719
1222	719
1222	718
1221	718
1221	717
1220	717
1220	715
1218	715
1218	714
1217	714
1217	713
1216	713
1216	712
1214	712
1214	711
1213	711
1213	710
1211	710
1211	707
1209	707
1209	706
1181	706
1181	707
1177	707
1177	708
1174	708
1174	709
1173	709
1173	710
1170	710
1170	711
1169	711
1169	712
1161	712
1161	713
1157	713
1157	715
1156	715
1156	716
1154	716
1154	717
1151	717
1151	718
1150	718
