233	325
234	325
234	327
235	327
235	328
236	328
236	329
237	329
237	331
238	331
238	336
239	336
239	338
240	338
240	339
242	339
242	340
243	340
243	341
249	341
249	342
253	342
253	343
256	343
256	344
257	344
257	343
258	343
258	344
268	344
268	345
272	345
272	346
275	346
275	347
279	347
279	348
288	348
288	349
292	349
292	350
294	350
294	351
298	351
298	352
299	352
299	353
301	353
301	354
303	354
303	356
304	356
304	357
305	357
305	358
307	358
307	359
308	359
308	360
309	360
309	361
310	361
310	362
313	362
313	363
315	363
315	364
316	364
316	365
318	365
318	366
319	366
319	367
320	367
320	368
322	368
322	369
324	369
324	370
325	370
325	371
326	371
326	372
328	372
328	373
330	373
330	374
331	374
331	375
332	375
332	377
334	377
334	378
336	378
336	380
337	380
337	381
340	381
340	382
341	382
341	383
343	383
343	384
344	384
344	385
345	385
345	386
346	386
346	387
348	387
348	388
352	388
352	389
368	389
368	396
367	396
367	397
366	397
366	399
365	399
365	400
364	400
364	403
365	403
365	408
366	408
366	414
367	414
367	421
368	421
368	423
367	423
367	425
368	425
368	427
369	427
369	429
370	429
370	430
371	430
371	432
372	432
372	435
373	435
373	437
374	437
374	438
375	438
375	440
376	440
376	441
377	441
377	442
378	442
378	443
379	443
379	444
381	444
381	445
382	445
382	446
385	446
385	447
386	447
386	448
388	448
388	449
389	449
389	450
391	450
391	451
392	451
392	452
394	452
394	453
395	453
395	454
396	454
396	455
397	455
397	456
398	456
398	457
399	457
399	458
400	458
400	459
401	459
401	460
402	460
402	462
403	462
403	463
404	463
404	464
405	464
405	466
407	466
407	467
408	467
408	468
409	468
409	469
410	469
410	470
411	470
411	471
412	471
412	472
413	472
413	474
414	474
414	475
415	475
415	477
416	477
416	478
417	478
417	480
419	480
419	481
421	481
421	482
423	482
423	483
425	483
425	484
426	484
426	485
428	485
428	486
429	486
429	487
430	487
430	488
432	488
432	489
434	489
434	490
436	490
436	491
438	491
438	492
441	492
441	493
444	493
444	494
447	494
447	493
448	493
448	494
454	494
454	495
456	495
456	496
459	496
459	497
460	497
460	498
461	498
461	499
462	499
462	500
463	500
463	502
465	502
465	505
466	505
466	507
465	507
465	508
468	508
468	510
469	510
469	512
470	512
470	513
474	513
474	512
476	512
476	511
478	511
478	509
479	509
479	508
480	508
480	504
481	504
481	472
482	472
482	465
481	465
481	462
482	462
482	451
483	451
483	449
484	449
484	447
485	447
485	445
486	445
486	444
487	444
487	443
488	443
488	442
489	442
489	441
490	441
490	440
491	440
491	439
493	439
493	438
495	438
495	437
497	437
497	436
498	436
498	435
502	435
502	434
505	434
505	433
509	433
509	432
523	432
523	433
526	433
526	432
529	432
529	435
530	435
530	437
532	437
532	438
533	438
533	440
534	440
534	442
536	442
536	443
537	443
537	445
538	445
538	446
539	446
539	447
540	447
540	448
541	448
541	449
542	449
542	450
543	450
543	451
544	451
544	452
545	452
545	453
546	453
546	454
548	454
548	456
550	456
550	457
556	457
556	460
558	460
558	461
559	461
559	462
561	462
561	465
562	465
562	466
561	466
561	467
560	467
560	470
559	470
559	471
558	471
558	473
559	473
559	474
561	474
561	475
564	475
564	476
566	476
566	477
568	477
568	478
571	478
571	479
572	479
572	478
581	478
581	477
590	477
590	476
594	476
594	477
597	477
597	478
602	478
602	479
605	479
605	480
608	480
608	481
612	481
612	482
617	482
617	483
620	483
620	484
623	484
623	483
628	483
628	484
631	484
631	483
632	483
632	484
633	484
633	486
632	486
632	488
633	488
633	497
632	497
632	499
633	499
633	500
632	500
632	502
633	502
633	503
632	503
632	508
633	508
633	514
632	514
632	516
633	516
633	519
634	519
634	541
633	541
633	543
632	543
632	545
633	545
633	547
634	547
634	548
635	548
635	549
638	549
638	548
639	548
639	545
640	545
640	540
639	540
639	534
640	534
640	532
639	532
639	531
640	531
640	530
639	530
639	526
640	526
640	522
639	522
639	518
638	518
638	505
637	505
637	499
638	499
638	487
637	487
637	486
638	486
638	483
640	483
640	479
639	479
639	478
637	478
637	477
633	477
633	476
632	476
632	475
631	475
631	474
629	474
629	478
627	478
627	477
623	477
623	478
618	478
618	477
612	477
612	476
608	476
608	475
605	475
605	474
602	474
602	473
599	473
599	472
593	472
593	471
589	471
589	472
576	472
576	473
573	473
573	472
574	472
574	455
573	455
573	453
571	453
571	452
564	452
564	450
563	450
563	449
561	449
561	448
559	448
559	447
556	447
556	446
554	446
554	445
552	445
552	444
551	444
551	443
550	443
550	441
549	441
549	440
547	440
547	439
546	439
546	437
545	437
545	436
544	436
544	435
543	435
543	432
542	432
542	430
541	430
541	429
539	429
539	428
538	428
538	426
536	426
536	425
532	425
532	426
530	426
530	428
529	428
529	429
527	429
527	428
526	428
526	429
524	429
524	428
523	428
523	429
522	429
522	428
511	428
511	429
506	429
506	430
504	430
504	431
499	431
499	432
496	432
496	433
494	433
494	434
492	434
492	435
491	435
491	436
490	436
490	437
489	437
489	438
487	438
487	439
486	439
486	440
485	440
485	441
484	441
484	443
483	443
483	444
482	444
482	446
481	446
481	447
480	447
480	449
479	449
479	454
478	454
478	455
479	455
479	456
478	456
478	502
477	502
477	505
476	505
476	506
473	506
473	507
472	507
472	506
471	506
471	503
470	503
470	501
469	501
469	500
468	500
468	499
467	499
467	498
466	498
466	497
465	497
465	496
464	496
464	495
463	495
463	494
462	494
462	493
459	493
459	492
458	492
458	491
455	491
455	490
454	490
454	489
449	489
449	488
444	488
444	487
442	487
442	486
440	486
440	485
438	485
438	484
436	484
436	483
433	483
433	482
432	482
432	481
430	481
430	480
429	480
429	479
427	479
427	478
425	478
425	477
423	477
423	476
422	476
422	475
420	475
420	474
419	474
419	473
418	473
418	472
417	472
417	471
416	471
416	470
415	470
415	469
414	469
414	468
413	468
413	467
412	467
412	465
410	465
410	463
409	463
409	462
408	462
408	461
406	461
406	460
405	460
405	458
404	458
404	457
403	457
403	455
402	455
402	454
401	454
401	453
400	453
400	452
399	452
399	451
398	451
398	450
397	450
397	449
396	449
396	448
395	448
395	447
393	447
393	446
391	446
391	445
389	445
389	444
388	444
388	443
387	443
387	442
385	442
385	441
383	441
383	440
382	440
382	439
380	439
380	438
379	438
379	437
378	437
378	436
377	436
377	434
376	434
376	432
375	432
375	431
374	431
374	425
373	425
373	424
372	424
372	423
371	423
371	418
370	418
370	413
369	413
369	412
370	412
370	409
369	409
369	408
370	408
370	407
369	407
369	406
372	406
372	405
374	405
374	404
376	404
376	402
377	402
377	400
378	400
378	393
379	393
379	394
380	394
380	395
381	395
381	396
383	396
383	398
385	398
385	399
386	399
386	400
387	400
387	402
388	402
388	403
389	403
389	402
391	402
391	401
392	401
392	398
391	398
391	394
390	394
390	393
386	393
386	392
385	392
385	391
383	391
383	390
382	390
382	389
380	389
380	388
379	388
379	387
378	387
378	386
377	386
377	384
375	384
375	383
371	383
371	384
359	384
359	383
358	383
358	384
353	384
353	383
350	383
350	382
347	382
347	381
346	381
346	380
345	380
345	379
343	379
343	378
341	378
341	377
340	377
340	376
338	376
338	375
337	375
337	374
336	374
336	373
334	373
334	371
332	371
332	370
331	370
331	369
329	369
329	368
328	368
328	367
327	367
327	366
325	366
325	365
323	365
323	364
322	364
322	363
320	363
320	362
319	362
319	361
317	361
317	360
316	360
316	359
315	359
315	358
312	358
312	357
310	357
310	356
309	356
309	355
308	355
308	353
307	353
307	352
306	352
306	351
305	351
305	350
304	350
304	349
303	349
303	348
300	348
300	347
296	347
296	346
294	346
294	345
290	345
290	344
281	344
281	343
278	343
278	342
274	342
274	341
271	341
271	340
268	340
268	339
264	339
264	338
262	338
262	339
259	339
259	338
254	338
254	337
251	337
251	338
249	338
249	337
246	337
246	336
242	336
242	334
241	334
241	330
240	330
240	328
239	328
239	326
238	326
238	325
237	325
237	324
236	324
236	323
235	323
235	322
234	322
234	318
231	318
231	308
230	308
230	304
229	304
229	302
228	302
228	300
227	300
227	299
226	299
226	297
225	297
225	296
224	296
224	295
223	295
223	294
222	294
222	293
221	293
221	292
218	292
218	291
217	291
217	290
215	290
215	289
213	289
213	288
208	288
208	287
200	287
200	286
195	286
195	285
192	285
192	286
191	286
191	285
186	285
186	286
179	286
179	285
169	285
169	269
170	269
170	263
171	263
171	257
172	257
172	253
173	253
173	249
174	249
174	243
175	243
175	237
176	237
176	233
177	233
177	227
178	227
178	218
179	218
179	213
178	213
178	209
177	209
177	208
172	208
172	207
169	207
169	206
168	206
168	205
166	205
166	204
164	204
164	203
162	203
162	202
145	202
145	201
144	201
144	202
143	202
143	201
140	201
140	202
138	202
138	198
137	198
137	197
138	197
138	194
137	194
137	179
136	179
136	166
135	166
135	155
136	155
136	153
135	153
135	151
136	151
136	144
137	144
137	133
138	133
138	129
139	129
139	126
138	126
138	125
137	125
137	124
136	124
136	123
135	123
135	120
134	120
134	116
133	116
133	114
132	114
132	113
130	113
130	112
129	112
129	111
128	111
128	110
127	110
127	108
126	108
126	107
125	107
125	106
123	106
123	105
122	105
122	104
121	104
121	103
120	103
120	102
118	102
118	101
117	101
117	100
115	100
115	98
112	98
112	97
103	97
103	98
100	98
100	99
99	99
99	100
96	100
96	101
95	101
95	102
94	102
94	104
93	104
93	106
92	106
92	107
91	107
91	108
90	108
90	109
89	109
89	110
88	110
88	111
86	111
86	112
80	112
80	111
78	111
78	110
75	110
75	107
74	107
74	106
75	106
75	88
76	88
76	86
77	86
77	85
76	85
76	83
75	83
75	76
74	76
74	69
73	69
73	67
72	67
72	62
71	62
71	61
70	61
70	60
69	60
69	59
65	59
65	58
61	58
61	57
60	57
60	58
59	58
59	57
57	57
57	56
54	56
54	55
53	55
53	54
44	54
44	55
41	55
41	56
42	56
42	57
43	57
43	58
44	58
44	59
47	59
47	60
48	60
48	59
49	59
49	60
50	60
50	59
52	59
52	60
54	60
54	61
56	61
56	62
60	62
60	63
62	63
62	64
65	64
65	65
67	65
67	66
68	66
68	68
69	68
69	70
70	70
70	75
71	75
71	81
72	81
72	85
71	85
71	113
72	113
72	114
74	114
74	113
76	113
76	114
77	114
77	115
79	115
79	116
82	116
82	117
89	117
89	116
90	116
90	115
91	115
91	114
92	114
92	113
93	113
93	111
94	111
94	110
95	110
95	109
96	109
96	107
97	107
97	105
98	105
98	104
100	104
100	103
104	103
104	102
111	102
111	103
114	103
114	104
115	104
115	105
116	105
116	106
118	106
118	107
119	107
119	108
121	108
121	109
122	109
122	110
123	110
123	111
124	111
124	112
125	112
125	113
126	113
126	114
127	114
127	115
128	115
128	118
129	118
129	117
130	117
130	120
131	120
131	121
132	121
132	124
133	124
133	126
134	126
134	128
135	128
135	131
134	131
134	141
133	141
133	147
132	147
132	158
131	158
131	161
132	161
132	162
131	162
131	163
132	163
132	172
133	172
133	187
134	187
134	188
133	188
133	189
134	189
134	190
133	190
133	194
134	194
134	205
136	205
136	206
137	206
137	205
140	205
140	206
149	206
149	207
152	207
152	206
156	206
156	207
161	207
161	208
164	208
164	209
166	209
166	210
167	210
167	211
171	211
171	212
174	212
174	213
175	213
175	227
174	227
174	232
173	232
173	235
172	235
172	240
171	240
171	244
170	244
170	249
169	249
169	252
168	252
168	259
167	259
167	264
166	264
166	271
165	271
165	288
166	288
166	289
179	289
179	290
196	290
196	291
201	291
201	292
204	292
204	293
205	293
205	292
206	292
206	293
208	293
208	292
210	292
210	293
213	293
213	294
215	294
215	295
216	295
216	296
219	296
219	297
220	297
220	298
221	298
221	299
222	299
222	300
223	300
223	301
224	301
224	303
225	303
225	305
226	305
226	307
227	307
227	317
228	317
228	321
229	321
229	322
231	322
231	323
232	323
232	324
233	324
828	493
830	493
830	494
832	494
832	495
833	495
833	496
835	496
835	497
837	497
837	498
838	498
838	499
845	499
845	500
849	500
849	501
853	501
853	502
857	502
857	501
867	501
867	500
869	500
869	499
870	499
870	498
872	498
872	497
876	497
876	496
878	496
878	495
879	495
879	494
881	494
881	493
883	493
883	492
885	492
885	491
887	491
887	490
890	490
890	489
892	489
892	488
895	488
895	487
900	487
900	486
901	486
901	487
902	487
902	486
905	486
905	485
909	485
909	484
912	484
912	483
916	483
916	482
919	482
919	481
923	481
923	480
925	480
925	479
927	479
927	478
931	478
931	477
933	477
933	476
938	476
938	475
942	475
942	474
947	474
947	473
950	473
950	472
953	472
953	471
958	471
958	470
966	470
966	469
973	469
973	467
976	467
976	466
979	466
979	465
980	465
980	464
981	464
981	462
982	462
982	460
983	460
983	458
982	458
982	457
983	457
983	454
982	454
982	451
981	451
981	455
980	455
980	459
978	459
978	460
977	460
977	461
976	461
976	462
974	462
974	463
970	463
970	464
967	464
967	465
966	465
966	464
965	464
965	465
959	465
959	466
957	466
957	467
952	467
952	468
948	468
948	469
945	469
945	470
941	470
941	471
936	471
936	472
932	472
932	473
929	473
929	474
927	474
927	475
924	475
924	476
921	476
921	477
919	477
919	478
916	478
916	479
911	479
911	480
908	480
908	481
905	481
905	482
900	482
900	483
895	483
895	484
892	484
892	485
889	485
889	486
886	486
886	487
883	487
883	488
882	488
882	489
879	489
879	490
878	490
878	491
876	491
876	492
873	492
873	493
870	493
870	494
867	494
867	495
865	495
865	496
861	496
861	495
858	495
858	496
855	496
855	495
845	495
845	494
839	494
839	493
836	493
836	492
835	492
835	491
833	491
833	490
831	490
831	489
830	489
830	488
828	488
828	487
826	487
826	486
825	486
825	485
822	485
822	484
821	484
821	483
818	483
818	482
814	482
814	481
812	481
812	480
802	480
802	479
796	479
796	478
788	478
788	477
781	477
781	476
780	476
780	475
778	475
778	473
776	473
776	472
774	472
774	471
772	471
772	470
770	470
770	469
766	469
766	468
758	468
758	469
757	469
757	470
756	470
756	471
754	471
754	472
753	472
753	473
752	473
752	472
751	472
751	473
750	473
750	474
749	474
749	475
746	475
746	476
743	476
743	477
741	477
741	478
738	478
738	479
736	479
736	480
735	480
735	481
734	481
734	482
733	482
733	483
732	483
732	484
731	484
731	485
730	485
730	484
729	484
729	485
728	485
728	491
727	491
727	493
726	493
726	498
725	498
725	501
724	501
724	504
723	504
723	508
721	508
721	509
720	509
720	513
719	513
719	514
718	514
718	515
720	515
720	518
719	518
719	527
717	527
717	529
716	529
716	531
715	531
715	539
714	539
714	540
712	540
712	541
710	541
710	540
707	540
707	539
706	539
706	540
705	540
705	543
706	543
706	544
707	544
707	545
708	545
708	544
710	544
710	545
711	545
711	547
710	547
710	550
709	550
709	551
708	551
708	553
706	553
706	554
705	554
705	555
703	555
703	556
702	556
702	557
699	557
699	558
693	558
693	559
692	559
692	558
684	558
684	559
681	559
681	560
680	560
680	561
678	561
678	562
677	562
677	563
675	563
675	562
674	562
674	563
672	563
672	562
669	562
669	561
667	561
667	560
665	560
665	559
663	559
663	558
662	558
662	557
659	557
659	556
652	556
652	554
649	554
649	553
640	553
640	552
639	552
639	551
638	551
638	552
635	552
635	551
633	551
633	553
632	553
632	554
633	554
633	557
634	557
634	558
635	558
635	559
637	559
637	558
641	558
641	557
642	557
642	558
644	558
644	559
645	559
645	558
648	558
648	559
649	559
649	560
653	560
653	561
658	561
658	562
660	562
660	563
661	563
661	564
664	564
664	565
666	565
666	566
669	566
669	567
678	567
678	566
681	566
681	565
683	565
683	564
685	564
685	563
691	563
691	564
698	564
698	563
701	563
701	562
703	562
703	561
704	561
704	560
706	560
706	559
707	559
707	558
709	558
709	557
711	557
711	556
712	556
712	555
713	555
713	552
714	552
714	547
715	547
715	546
719	546
719	545
721	545
721	543
722	543
722	536
721	536
721	531
722	531
722	519
723	519
723	517
724	517
724	516
725	516
725	515
726	515
726	516
728	516
728	519
726	519
726	520
725	520
725	521
724	521
724	522
723	522
723	524
724	524
724	523
726	523
726	522
727	522
727	521
728	521
728	520
730	520
730	514
728	514
728	515
727	515
727	514
723	514
723	512
724	512
724	509
725	509
725	507
726	507
726	505
727	505
727	502
728	502
728	498
729	498
729	494
730	494
730	490
731	490
731	489
732	489
732	488
733	488
733	486
735	486
735	485
736	485
736	484
738	484
738	483
739	483
739	482
742	482
742	481
744	481
744	480
747	480
747	479
750	479
750	478
751	478
751	477
752	477
752	476
754	476
754	475
757	475
757	474
760	474
760	473
766	473
766	474
767	474
767	475
770	475
770	476
771	476
771	477
774	477
774	478
775	478
775	479
776	479
776	480
777	480
777	481
780	481
780	482
784	482
784	483
785	483
785	482
788	482
788	483
795	483
795	484
799	484
799	485
806	485
806	486
816	486
816	487
817	487
817	488
821	488
821	489
822	489
822	490
825	490
825	491
827	491
827	492
828	492
1020	385
1021	385
1021	386
1022	386
1022	387
1023	387
1023	388
1024	388
1024	389
1025	389
1025	391
1026	391
1026	392
1027	392
1027	394
1028	394
1028	397
1029	397
1029	398
1031	398
1031	399
1036	399
1036	400
1042	400
1042	401
1043	401
1043	400
1044	400
1044	401
1046	401
1046	402
1049	402
1049	403
1053	403
1053	404
1060	404
1060	403
1063	403
1063	402
1066	402
1066	401
1067	401
1067	402
1068	402
1068	401
1073	401
1073	400
1078	400
1078	399
1081	399
1081	398
1087	398
1087	397
1091	397
1091	396
1094	396
1094	395
1095	395
1095	394
1097	394
1097	393
1098	393
1098	392
1099	392
1099	391
1101	391
1101	389
1102	389
1102	387
1103	387
1103	385
1104	385
1104	383
1105	383
1105	382
1106	382
1106	381
1107	381
1107	380
1108	380
1108	379
1112	379
1112	378
1114	378
1114	376
1115	376
1115	375
1116	375
1116	374
1117	374
1117	372
1118	372
1118	371
1119	371
1119	369
1120	369
1120	358
1121	358
1121	356
1122	356
1122	354
1123	354
1123	352
1124	352
1124	351
1125	351
1125	350
1126	350
1126	349
1127	349
1127	348
1129	348
1129	347
1130	347
1130	346
1131	346
1131	345
1134	345
1134	344
1135	344
1135	343
1136	343
1136	341
1140	341
1140	340
1142	340
1142	339
1144	339
1144	338
1146	338
1146	337
1148	337
1148	336
1151	336
1151	335
1154	335
1154	334
1160	334
1160	333
1161	333
1161	331
1160	331
1160	330
1158	330
1158	328
1159	328
1159	324
1160	324
1160	323
1163	323
1163	324
1167	324
1167	326
1168	326
1168	327
1169	327
1169	328
1170	328
1170	329
1171	329
1171	330
1172	330
1172	331
1174	331
1174	332
1177	332
1177	331
1179	331
1179	330
1180	330
1180	327
1181	327
1181	326
1183	326
1183	325
1184	325
1184	323
1185	323
1185	322
1186	322
1186	321
1187	321
1187	320
1189	320
1189	319
1190	319
1190	318
1191	318
1191	317
1192	317
1192	315
1193	315
1193	313
1194	313
1194	312
1195	312
1195	311
1196	311
1196	310
1195	310
1195	306
1194	306
1194	298
1193	298
1193	295
1194	295
1194	293
1195	293
1195	286
1194	286
1194	283
1193	283
1193	281
1192	281
1192	276
1193	276
1193	273
1192	273
1192	272
1193	272
1193	267
1194	267
1194	260
1193	260
1193	258
1194	258
1194	244
1195	244
1195	239
1196	239
1196	231
1197	231
1197	229
1196	229
1196	221
1195	221
1195	216
1194	216
1194	214
1193	214
1193	211
1192	211
1192	210
1198	210
1198	209
1203	209
1203	210
1204	210
1204	211
1203	211
1203	214
1205	214
1205	213
1207	213
1207	212
1209	212
1209	211
1214	211
1214	212
1215	212
1215	213
1216	213
1216	214
1217	214
1217	215
1218	215
1218	217
1219	217
1219	219
1220	219
1220	220
1221	220
1221	223
1222	223
1222	224
1223	224
1223	226
1224	226
1224	227
1226	227
1226	228
1227	228
1227	229
1228	229
1228	230
1229	230
1229	231
1231	231
1231	232
1234	232
1234	233
1237	233
1237	234
1240	234
1240	235
1245	235
1245	236
1250	236
1250	237
1256	237
1256	238
1257	238
1257	240
1259	240
1259	241
1266	241
1266	240
1268	240
1268	239
1270	239
1270	238
1272	238
1272	236
1273	236
1273	233
1276	233
1276	231
1275	231
1275	228
1274	228
1274	224
1276	224
1276	222
1277	222
1277	216
1278	216
1278	208
1279	208
1279	199
1278	199
1278	197
1276	197
1276	196
1271	196
1271	195
1270	195
1270	192
1269	192
1269	190
1268	190
1268	189
1267	189
1267	188
1266	188
1266	187
1267	187
1267	186
1268	186
1268	185
1269	185
1269	184
1270	184
1270	182
1271	182
1271	179
1272	179
1272	178
1275	178
1275	177
1279	177
1279	176
1282	176
1282	175
1283	175
1283	174
1284	174
1284	173
1285	173
1285	162
1286	162
1286	147
1287	147
1287	146
1286	146
1286	145
1287	145
1287	144
1286	144
1286	143
1287	143
1287	117
1288	117
1288	97
1289	97
1289	89
1288	89
1288	88
1289	88
1289	86
1288	86
1288	69
1287	69
1287	68
1288	68
1288	67
1287	67
1287	66
1288	66
1288	63
1287	63
1287	59
1288	59
1288	57
1287	57
1287	50
1288	50
1288	48
1287	48
1287	44
1288	44
1288	36
1287	36
1287	35
1288	35
1288	31
1289	31
1289	27
1288	27
1288	26
1289	26
1289	24
1288	24
1288	23
1289	23
1289	4
1288	4
1288	2
1287	2
1287	0
1344	0
1344	720
0	720
0	0
1283	0
1283	2
1284	2
1284	4
1285	4
1285	40
1284	40
1284	41
1285	41
1285	42
1284	42
1284	78
1285	78
1285	81
1284	81
1284	82
1285	82
1285	83
1284	83
1284	84
1285	84
1285	87
1284	87
1284	88
1285	88
1285	94
1286	94
1286	96
1285	96
1285	108
1284	108
1284	110
1285	110
1285	112
1284	112
1284	114
1285	114
1285	115
1284	115
1284	141
1283	141
1283	158
1282	158
1282	161
1283	161
1283	162
1282	162
1282	169
1281	169
1281	172
1276	172
1276	173
1275	173
1275	172
1274	172
1274	173
1273	173
1273	174
1269	174
1269	175
1268	175
1268	176
1267	176
1267	181
1266	181
1266	182
1265	182
1265	184
1263	184
1263	186
1262	186
1262	191
1263	191
1263	192
1264	192
1264	194
1265	194
1265	195
1266	195
1266	196
1267	196
1267	197
1268	197
1268	198
1269	198
1269	205
1268	205
1268	212
1267	212
1267	217
1266	217
1266	218
1265	218
1265	220
1264	220
1264	228
1263	228
1263	230
1261	230
1261	231
1259	231
1259	232
1257	232
1257	234
1255	234
1255	233
1251	233
1251	232
1247	232
1247	231
1245	231
1245	230
1240	230
1240	229
1238	229
1238	228
1235	228
1235	227
1232	227
1232	226
1230	226
1230	225
1229	225
1229	224
1228	224
1228	223
1227	223
1227	222
1226	222
1226	221
1225	221
1225	219
1224	219
1224	217
1223	217
1223	216
1222	216
1222	214
1221	214
1221	213
1220	213
1220	211
1219	211
1219	210
1218	210
1218	209
1217	209
1217	208
1216	208
1216	207
1215	207
1215	206
1211	206
1211	205
1208	205
1208	204
1207	204
1207	201
1206	201
1206	200
1203	200
1203	201
1201	201
1201	202
1199	202
1199	201
1191	201
1191	202
1190	202
1190	203
1191	203
1191	205
1187	205
1187	206
1186	206
1186	210
1187	210
1187	212
1188	212
1188	215
1189	215
1189	217
1190	217
1190	223
1191	223
1191	225
1190	225
1190	226
1191	226
1191	236
1190	236
1190	238
1191	238
1191	242
1190	242
1190	246
1189	246
1189	250
1190	250
1190	251
1189	251
1189	253
1190	253
1190	255
1189	255
1189	256
1190	256
1190	258
1189	258
1189	268
1188	268
1188	279
1187	279
1187	280
1188	280
1188	283
1189	283
1189	284
1190	284
1190	289
1191	289
1191	290
1190	290
1190	297
1189	297
1189	301
1190	301
1190	307
1191	307
1191	309
1190	309
1190	313
1189	313
1189	314
1188	314
1188	315
1187	315
1187	316
1186	316
1186	317
1184	317
1184	318
1182	318
1182	319
1181	319
1181	321
1180	321
1180	322
1179	322
1179	324
1178	324
1178	325
1176	325
1176	326
1174	326
1174	325
1173	325
1173	324
1172	324
1172	323
1171	323
1171	322
1170	322
1170	321
1169	321
1169	320
1168	320
1168	319
1164	319
1164	318
1161	318
1161	317
1157	317
1157	321
1156	321
1156	323
1155	323
1155	325
1154	325
1154	329
1152	329
1152	330
1146	330
1146	331
1142	331
1142	332
1140	332
1140	333
1139	333
1139	334
1137	334
1137	335
1136	335
1136	336
1135	336
1135	337
1134	337
1134	338
1133	338
1133	339
1132	339
1132	340
1131	340
1131	341
1130	341
1130	342
1129	342
1129	343
1127	343
1127	344
1125	344
1125	345
1124	345
1124	346
1122	346
1122	348
1121	348
1121	349
1120	349
1120	350
1119	350
1119	352
1118	352
1118	353
1117	353
1117	355
1116	355
1116	363
1115	363
1115	365
1116	365
1116	366
1115	366
1115	369
1114	369
1114	370
1115	370
1115	372
1114	372
1114	373
1112	373
1112	375
1111	375
1111	376
1108	376
1108	377
1105	377
1105	378
1104	378
1104	379
1103	379
1103	380
1102	380
1102	382
1101	382
1101	383
1099	383
1099	386
1098	386
1098	387
1097	387
1097	388
1096	388
1096	390
1095	390
1095	391
1093	391
1093	392
1091	392
1091	393
1089	393
1089	394
1085	394
1085	395
1081	395
1081	394
1079	394
1079	395
1075	395
1075	396
1074	396
1074	397
1072	397
1072	398
1063	398
1063	399
1061	399
1061	400
1059	400
1059	399
1052	399
1052	398
1049	398
1049	397
1047	397
1047	396
1042	396
1042	395
1035	395
1035	394
1034	394
1034	393
1032	393
1032	392
1031	392
1031	390
1030	390
1030	388
1029	388
1029	387
1028	387
1028	386
1027	386
1027	384
1026	384
1026	383
1025	383
1025	382
1023	382
1023	381
1022	381
1022	379
1019	379
1019	378
1013	378
1013	376
1012	376
1012	377
1000	377
1000	378
999	378
999	379
998	379
998	381
997	381
997	382
996	382
996	383
994	383
994	384
989	384
989	383
985	383
985	384
983	384
983	383
981	383
981	382
979	382
979	383
978	383
978	385
979	385
979	386
983	386
983	387
984	387
984	388
986	388
986	389
991	389
991	392
992	392
992	394
994	394
994	395
996	395
996	396
995	396
995	397
994	397
994	398
993	398
993	399
992	399
992	400
991	400
991	402
990	402
990	404
989	404
989	405
988	405
988	409
987	409
987	410
986	410
986	413
985	413
985	418
984	418
984	420
983	420
983	425
982	425
982	426
981	426
981	430
980	430
980	434
979	434
979	441
980	441
980	443
979	443
979	444
981	444
981	433
982	433
982	431
983	431
983	428
984	428
984	425
985	425
985	421
986	421
986	420
987	420
987	416
988	416
988	414
989	414
989	411
990	411
990	410
991	410
991	407
992	407
992	404
993	404
993	403
994	403
994	402
996	402
996	401
997	401
997	400
998	400
998	399
999	399
999	398
1000	398
1000	397
1001	397
1001	395
1002	395
1002	394
1001	394
1001	388
1000	388
1000	386
999	386
999	384
1000	384
1000	383
1001	383
1001	381
1009	381
1009	382
1017	382
1017	383
1018	383
1018	384
1020	384
