276	241
275	241
275	242
276	242
276	249
277	249
277	251
278	251
278	252
279	252
279	254
280	254
280	256
282	256
282	257
283	257
283	258
284	258
284	260
285	260
285	262
287	262
287	267
288	267
288	269
289	269
289	287
288	287
288	288
289	288
289	289
288	289
288	291
289	291
289	292
287	292
287	293
288	293
288	294
287	294
287	296
289	296
289	298
288	298
288	297
287	297
287	300
285	300
285	302
284	302
284	307
285	307
285	308
249	308
249	306
247	306
247	305
242	305
242	295
241	295
241	293
240	293
240	292
238	292
238	291
232	291
232	290
230	290
230	289
220	289
220	290
218	290
218	292
217	292
217	293
214	293
214	294
212	294
212	296
210	296
210	297
209	297
209	298
208	298
208	299
207	299
207	300
203	300
203	301
201	301
201	303
200	303
200	305
198	305
198	306
197	306
197	307
195	307
195	308
192	308
192	309
178	309
178	306
177	306
177	300
176	300
176	298
175	298
175	295
174	295
174	293
173	293
173	292
172	292
172	290
171	290
171	289
170	289
170	288
168	288
168	287
158	287
158	288
155	288
155	289
153	289
153	290
152	290
152	291
148	291
148	292
146	292
146	291
144	291
144	289
142	289
142	288
140	288
140	286
138	286
138	285
136	285
136	284
135	284
135	280
134	280
134	278
133	278
133	276
132	276
132	274
130	274
130	273
126	273
126	272
125	272
125	271
124	271
124	269
123	269
123	268
121	268
121	266
120	266
120	264
118	264
118	263
117	263
117	261
115	261
115	259
114	259
114	255
113	255
113	253
111	253
111	251
110	251
110	249
109	249
109	248
108	248
108	246
107	246
107	243
106	243
106	241
105	241
105	231
104	231
104	229
103	229
103	226
102	226
102	221
101	221
101	219
99	219
99	190
98	190
98	187
97	187
97	138
98	138
98	122
97	122
97	120
95	120
95	119
94	119
94	115
93	115
93	110
94	110
94	107
95	107
95	106
93	106
93	104
91	104
91	103
86	103
86	104
84	104
84	106
83	106
83	118
84	118
84	123
85	123
85	125
86	125
86	126
87	126
87	127
86	127
86	128
88	128
88	129
86	129
86	128
85	128
85	130
88	130
88	135
87	135
87	132
85	132
85	133
86	133
86	135
85	135
85	134
84	134
84	137
85	137
85	138
84	138
84	141
83	141
83	142
84	142
84	146
86	146
86	144
85	144
85	143
86	143
86	139
87	139
87	151
86	151
86	148
85	148
85	149
83	149
83	152
84	152
84	153
86	153
86	152
87	152
87	153
86	153
86	154
85	154
85	156
86	156
86	157
84	157
84	158
85	158
85	161
84	161
84	164
85	164
85	165
84	165
84	167
85	167
85	168
84	168
84	169
85	169
85	174
84	174
84	175
87	175
87	176
85	176
85	178
84	178
84	180
85	180
85	179
86	179
86	180
87	180
87	182
83	182
83	183
87	183
87	184
86	184
86	185
84	185
84	186
85	186
85	189
86	189
86	190
85	190
85	191
88	191
88	192
85	192
85	193
87	193
87	194
86	194
86	196
87	196
87	197
86	197
86	198
89	198
89	199
87	199
87	200
86	200
86	201
87	201
87	203
88	203
88	204
87	204
87	205
89	205
89	206
88	206
88	207
87	207
87	208
88	208
88	210
87	210
87	211
88	211
88	212
89	212
89	214
88	214
88	215
89	215
89	224
90	224
90	226
92	226
92	230
93	230
93	234
94	234
94	236
95	236
95	245
96	245
96	247
97	247
97	251
98	251
98	253
100	253
100	255
101	255
101	259
102	259
102	261
104	261
104	262
105	262
105	267
106	267
106	269
108	269
108	270
109	270
109	272
111	272
111	273
112	273
112	274
113	274
113	275
114	275
114	276
115	276
115	277
116	277
116	279
117	279
117	280
118	280
118	281
120	281
120	282
122	282
122	283
123	283
123	285
125	285
125	286
124	286
124	287
125	287
125	290
126	290
126	292
128	292
128	293
129	293
129	294
131	294
131	295
133	295
133	296
134	296
134	297
136	297
136	299
137	299
137	300
139	300
139	301
141	301
141	302
143	302
143	303
150	303
150	302
152	302
152	301
156	301
156	300
158	300
158	299
159	299
159	298
161	298
161	299
162	299
162	297
164	297
164	299
165	299
165	304
166	304
166	308
165	308
165	315
166	315
166	317
168	317
168	318
170	318
170	319
196	319
196	318
198	318
198	317
202	317
202	316
204	316
204	314
206	314
206	313
208	313
208	311
209	311
209	310
211	310
211	309
213	309
213	308
214	308
214	307
215	307
215	306
216	306
216	305
218	305
218	304
220	304
220	303
222	303
222	302
224	302
224	300
227	300
227	301
232	301
232	310
233	310
233	312
234	312
234	313
236	313
236	314
238	314
238	315
239	315
239	316
242	316
242	318
245	318
245	320
246	320
246	319
247	319
247	318
249	318
249	320
251	320
251	318
253	318
253	319
252	319
252	320
254	320
254	319
256	319
256	321
257	321
257	319
259	319
259	318
261	318
261	320
263	320
263	319
265	319
265	320
266	320
266	319
269	319
269	318
292	318
292	317
294	317
294	315
295	315
295	306
297	306
297	304
298	304
298	302
299	302
299	266
298	266
298	264
297	264
297	258
296	258
296	256
295	256
295	255
294	255
294	254
293	254
293	252
292	252
292	250
291	250
291	249
290	249
290	248
289	248
289	247
288	247
288	245
287	245
287	244
286	244
286	239
287	239
287	238
288	238
288	237
289	237
289	238
290	238
290	237
291	237
291	239
292	239
292	238
296	238
296	237
297	237
297	238
299	238
299	239
300	239
300	238
301	238
301	239
302	239
302	238
304	238
304	237
305	237
305	238
306	238
306	237
308	237
308	236
309	236
309	235
312	235
312	234
314	234
314	233
316	233
316	232
317	232
317	230
318	230
318	228
319	228
319	210
320	210
320	208
321	208
321	206
322	206
322	204
323	204
323	207
324	207
324	211
325	211
325	219
326	219
326	221
327	221
327	225
328	225
328	231
329	231
329	233
331	233
331	235
332	235
332	237
333	237
333	238
335	238
335	239
336	239
336	243
337	243
337	245
338	245
338	246
339	246
339	247
340	247
340	250
341	250
341	252
342	252
342	254
343	254
343	255
344	255
344	257
346	257
346	258
347	258
347	260
348	260
348	261
351	261
351	263
352	263
352	264
354	264
354	265
356	265
356	266
358	266
358	267
362	267
362	268
363	268
363	267
365	267
365	268
366	268
366	267
367	267
367	268
371	268
371	267
372	267
372	265
373	265
373	266
374	266
374	265
376	265
376	264
374	264
374	262
373	262
373	261
374	261
374	262
375	262
375	263
377	263
377	266
378	266
378	268
380	268
380	271
381	271
381	287
382	287
382	289
384	289
384	346
385	346
385	348
386	348
386	349
387	349
387	350
388	350
388	355
389	355
389	357
390	357
390	358
391	358
391	362
392	362
392	374
393	374
393	376
395	376
395	379
396	379
396	382
397	382
397	384
399	384
399	385
402	385
402	386
403	386
403	387
404	387
404	389
405	389
405	391
406	391
406	392
408	392
408	394
409	394
409	396
411	396
411	397
412	397
412	402
413	402
413	404
415	404
415	405
420	405
420	404
422	404
422	402
423	402
423	397
426	397
426	398
428	398
428	396
429	396
429	395
430	395
430	396
429	396
429	398
428	398
428	399
434	399
434	397
437	397
437	399
441	399
441	398
438	398
438	396
440	396
440	397
441	397
441	398
442	398
442	399
444	399
444	400
445	400
445	399
446	399
446	400
450	400
450	401
451	401
451	400
452	400
452	401
454	401
454	402
461	402
461	403
468	403
468	404
472	404
472	405
478	405
478	406
479	406
479	403
480	403
480	402
481	402
481	403
480	403
480	405
483	405
483	404
484	404
484	407
485	407
485	406
486	406
486	407
488	407
488	408
491	408
491	407
492	407
492	408
494	408
494	409
495	409
495	407
494	407
494	406
496	406
496	407
497	407
497	405
498	405
498	406
499	406
499	407
500	407
500	409
502	409
502	410
503	410
503	409
504	409
504	410
505	410
505	411
512	411
512	412
513	412
513	411
514	411
514	410
516	410
516	411
517	411
517	412
518	412
518	413
523	413
523	414
524	414
524	415
527	415
527	414
528	414
528	415
527	415
527	416
533	416
533	417
537	417
537	418
541	418
541	419
543	419
543	420
545	420
545	421
547	421
547	420
548	420
548	421
549	421
549	420
550	420
550	421
556	421
556	422
560	422
560	423
565	423
565	424
574	424
574	423
577	423
577	422
578	422
578	423
579	423
579	422
580	422
580	423
586	423
586	424
589	424
589	423
591	423
591	424
590	424
590	425
600	425
600	427
601	427
601	426
603	426
603	427
604	427
604	426
605	426
605	427
614	427
614	426
615	426
615	425
614	425
614	424
615	424
615	425
616	425
616	424
617	424
617	423
618	423
618	424
617	424
617	426
615	426
615	427
618	427
618	426
621	426
621	425
622	425
622	424
628	424
628	422
629	422
629	420
630	420
630	418
631	418
631	417
630	417
630	413
629	413
629	412
630	412
630	411
628	411
628	410
629	410
629	402
628	402
628	401
629	401
629	400
628	400
628	397
625	397
625	396
626	396
626	394
628	394
628	392
627	392
627	384
626	384
626	383
627	383
627	382
626	382
626	379
625	379
625	377
623	377
623	376
626	376
626	375
625	375
625	374
626	374
626	373
624	373
624	372
625	372
625	371
624	371
624	370
625	370
625	368
623	368
623	367
624	367
624	365
623	365
623	360
622	360
622	352
621	352
621	351
622	351
622	350
621	350
621	349
622	349
622	348
621	348
621	346
620	346
620	345
621	345
621	341
620	341
620	340
621	340
621	339
620	339
620	338
619	338
619	337
620	337
620	333
619	333
619	325
618	325
618	322
617	322
617	321
618	321
618	322
619	322
619	321
630	321
630	320
631	320
631	319
632	319
632	318
634	318
634	319
640	319
640	320
650	320
650	319
651	319
651	320
650	320
650	321
653	321
653	320
654	320
654	321
656	321
656	320
655	320
655	319
657	319
657	321
662	321
662	320
663	320
663	321
665	321
665	322
673	322
673	323
678	323
678	324
682	324
682	325
685	325
685	324
684	324
684	322
685	322
685	324
686	324
686	325
689	325
689	324
692	324
692	325
698	325
698	327
701	327
701	325
700	325
700	324
701	324
701	325
702	325
702	327
704	327
704	328
706	328
706	329
712	329
712	330
713	330
713	331
715	331
715	330
717	330
717	331
715	331
715	332
717	332
717	333
719	333
719	334
720	334
720	333
721	333
721	334
722	334
722	335
723	335
723	336
734	336
734	335
735	335
735	336
736	336
736	339
737	339
737	342
738	342
738	344
740	344
740	346
741	346
741	348
743	348
743	349
746	349
746	350
748	350
748	352
749	352
749	370
750	370
750	372
751	372
751	373
752	373
752	378
753	378
753	383
754	383
754	385
756	385
756	387
757	387
757	388
758	388
758	390
759	390
759	402
760	402
760	404
761	404
761	407
762	407
762	409
764	409
764	410
768	410
768	409
770	409
770	407
771	407
771	402
772	402
772	401
775	401
775	400
777	400
777	399
778	399
778	398
786	398
786	397
788	397
788	396
789	396
789	395
796	395
796	394
799	394
799	393
804	393
804	392
806	392
806	391
807	391
807	390
812	390
812	389
865	389
865	391
866	391
866	392
868	392
868	393
869	393
869	394
870	394
870	396
872	396
872	397
873	397
873	398
875	398
875	399
876	399
876	401
878	401
878	402
882	402
882	404
884	404
884	405
885	405
885	406
887	406
887	407
898	407
898	408
900	408
900	409
902	409
902	410
907	410
907	411
908	411
908	412
910	412
910	413
924	413
924	412
926	412
926	411
927	411
927	410
929	410
929	409
932	409
932	410
934	410
934	409
935	409
935	410
939	410
939	408
940	408
940	406
941	406
941	404
942	404
942	400
941	400
941	398
939	398
939	397
937	397
937	394
936	394
936	386
935	386
935	382
934	382
934	374
933	374
933	368
932	368
932	363
931	363
931	359
930	359
930	347
931	347
931	340
932	340
932	337
933	337
933	334
934	334
934	333
935	333
935	332
936	332
936	330
937	330
937	329
938	329
938	327
945	327
945	328
955	328
955	327
965	327
965	328
974	328
974	327
978	327
978	326
981	326
981	325
983	325
983	324
985	324
985	328
986	328
986	330
988	330
988	332
989	332
989	333
990	333
990	334
991	334
991	337
992	337
992	339
993	339
993	341
994	341
994	342
996	342
996	344
997	344
997	346
998	346
998	348
1000	348
1000	349
1001	349
1001	350
1002	350
1002	352
1003	352
1003	353
1004	353
1004	358
1005	358
1005	360
1007	360
1007	380
1008	380
1008	382
1009	382
1009	388
1010	388
1010	390
1011	390
1011	410
1012	410
1012	412
1014	412
1014	413
1017	413
1017	414
1018	414
1018	416
1017	416
1017	417
1016	417
1016	418
1017	418
1017	420
1018	420
1018	419
1020	419
1020	417
1021	417
1021	415
1030	415
1030	414
1034	414
1034	413
1036	413
1036	411
1037	411
1037	410
1097	410
1097	412
1099	412
1099	413
1105	413
1105	414
1107	414
1107	415
1128	415
1128	414
1130	414
1130	412
1131	412
1131	388
1130	388
1130	386
1129	386
1129	383
1128	383
1128	381
1127	381
1127	380
1126	380
1126	350
1130	350
1130	349
1132	349
1132	348
1133	348
1133	346
1134	346
1134	342
1162	342
1162	341
1164	341
1164	340
1165	340
1165	339
1169	339
1169	340
1170	340
1170	339
1172	339
1172	340
1170	340
1170	343
1171	343
1171	344
1170	344
1170	343
1169	343
1169	345
1170	345
1170	346
1172	346
1172	345
1173	345
1173	343
1172	343
1172	342
1171	342
1171	341
1174	341
1174	342
1175	342
1175	344
1176	344
1176	346
1177	346
1177	347
1178	347
1178	349
1180	349
1180	350
1181	350
1181	352
1182	352
1182	354
1181	354
1181	353
1179	353
1179	355
1178	355
1178	356
1179	356
1179	357
1180	357
1180	356
1182	356
1182	359
1184	359
1184	360
1186	360
1186	361
1185	361
1185	362
1187	362
1187	361
1188	361
1188	362
1187	362
1187	364
1188	364
1188	363
1189	363
1189	364
1188	364
1188	365
1189	365
1189	366
1192	366
1192	367
1193	367
1193	369
1192	369
1192	370
1193	370
1193	372
1194	372
1194	374
1195	374
1195	375
1196	375
1196	376
1197	376
1197	378
1198	378
1198	380
1200	380
1200	383
1201	383
1201	387
1202	387
1202	389
1203	389
1203	390
1204	390
1204	392
1206	392
1206	393
1207	393
1207	394
1208	394
1208	395
1209	395
1209	396
1210	396
1210	397
1209	397
1209	398
1211	398
1211	397
1212	397
1212	398
1215	398
1215	399
1216	399
1216	398
1231	398
1231	397
1236	397
1236	396
1238	396
1238	395
1239	395
1239	396
1240	396
1240	395
1282	395
1282	396
1283	396
1283	395
1284	395
1284	396
1285	396
1285	397
1287	397
1287	398
1290	398
1290	399
1292	399
1292	400
1293	400
1293	401
1295	401
1295	402
1297	402
1297	403
1298	403
1298	404
1300	404
1300	405
1301	405
1301	406
1303	406
1303	407
1304	407
1304	408
1306	408
1306	409
1308	409
1308	410
1310	410
1310	411
1312	411
1312	412
1314	412
1314	413
1323	413
1323	414
1346	414
1346	413
1348	413
1348	411
1349	411
1349	410
1351	410
1351	409
1352	409
1352	408
1353	408
1353	406
1354	406
1354	407
1355	407
1355	406
1359	406
1359	405
1360	405
1360	404
1361	404
1361	403
1362	403
1362	404
1364	404
1364	403
1366	403
1366	401
1369	401
1369	400
1372	400
1372	399
1373	399
1373	398
1374	398
1374	397
1375	397
1375	399
1376	399
1376	397
1380	397
1380	396
1383	396
1383	395
1394	395
1394	394
1395	394
1395	395
1397	395
1397	394
1398	394
1398	393
1399	393
1399	395
1400	395
1400	396
1399	396
1399	397
1401	397
1401	398
1405	398
1405	395
1406	395
1406	393
1410	393
1410	394
1412	394
1412	395
1417	395
1417	394
1419	394
1419	392
1420	392
1420	376
1419	376
1419	372
1418	372
1418	370
1417	370
1417	368
1416	368
1416	354
1415	354
1415	351
1414	351
1414	349
1413	349
1413	336
1412	336
1412	305
1413	305
1413	304
1415	304
1415	303
1417	303
1417	302
1454	302
1454	301
1456	301
1456	300
1458	300
1458	299
1468	299
1468	301
1469	301
1469	300
1470	300
1470	299
1469	299
1469	298
1474	298
1474	297
1479	297
1479	296
1478	296
1478	294
1492	294
1492	293
1494	293
1494	292
1495	292
1495	291
1497	291
1497	290
1499	290
1499	289
1502	289
1502	288
1504	288
1504	287
1509	287
1509	286
1511	286
1511	285
1525	285
1525	284
1527	284
1527	283
1528	283
1528	282
1534	282
1534	281
1536	281
1536	279
1538	279
1538	278
1542	278
1542	277
1546	277
1546	276
1549	276
1549	277
1550	277
1550	275
1553	275
1553	274
1554	274
1554	275
1557	275
1557	274
1561	274
1561	273
1564	273
1564	272
1566	272
1566	271
1572	271
1572	270
1574	270
1574	269
1575	269
1575	268
1576	268
1576	266
1578	266
1578	264
1579	264
1579	262
1580	262
1580	261
1582	261
1582	259
1583	259
1583	255
1584	255
1584	253
1585	253
1585	252
1584	252
1584	251
1585	251
1585	252
1586	252
1586	250
1587	250
1587	248
1588	248
1588	247
1589	247
1589	246
1588	246
1588	244
1590	244
1590	242
1591	242
1591	238
1592	238
1592	236
1594	236
1594	234
1596	234
1596	233
1602	233
1602	232
1604	232
1604	231
1605	231
1605	230
1610	230
1610	229
1612	229
1612	228
1614	228
1614	227
1617	227
1617	228
1619	228
1619	229
1620	229
1620	228
1621	228
1621	227
1623	227
1623	228
1624	228
1624	229
1625	229
1625	230
1628	230
1628	231
1632	231
1632	230
1635	230
1635	231
1636	231
1636	232
1638	232
1638	233
1702	233
1702	232
1704	232
1704	231
1705	231
1705	230
1706	230
1706	229
1707	229
1707	227
1709	227
1709	226
1711	226
1711	224
1712	224
1712	222
1714	222
1714	221
1715	221
1715	219
1716	219
1716	214
1717	214
1717	203
1718	203
1718	197
1719	197
1719	195
1720	195
1720	190
1722	190
1722	188
1723	188
1723	186
1724	186
1724	185
1726	185
1726	183
1727	183
1727	181
1728	181
1728	179
1729	179
1729	178
1730	178
1730	176
1732	176
1732	175
1733	175
1733	174
1734	174
1734	172
1735	172
1735	171
1736	171
1736	172
1738	172
1738	173
1740	173
1740	172
1739	172
1739	171
1737	171
1737	170
1741	170
1741	171
1743	171
1743	172
1744	172
1744	170
1748	170
1748	172
1749	172
1749	170
1751	170
1751	172
1754	172
1754	173
1758	173
1758	174
1759	174
1759	179
1760	179
1760	181
1761	181
1761	183
1762	183
1762	187
1763	187
1763	189
1764	189
1764	190
1766	190
1766	192
1768	192
1768	193
1770	193
1770	194
1772	194
1772	195
1776	195
1776	196
1778	196
1778	197
1806	197
1806	196
1808	196
1808	194
1809	194
1809	192
1811	192
1811	190
1812	190
1812	189
1814	189
1814	188
1816	188
1816	187
1817	187
1817	186
1818	186
1818	185
1820	185
1820	183
1821	183
1821	182
1822	182
1822	181
1824	181
1824	179
1825	179
1825	162
1824	162
1824	160
1823	160
1823	158
1822	158
1822	157
1821	157
1821	153
1822	153
1822	151
1823	151
1823	150
1828	150
1828	149
1831	149
1831	151
1825	151
1825	152
1827	152
1827	153
1828	153
1828	152
1832	152
1832	149
1833	149
1833	150
1835	150
1835	149
1857	149
1857	148
1861	148
1861	147
1866	147
1866	146
1881	146
1881	145
1883	145
1883	144
1884	144
1884	143
1920	143
1920	142
1922	142
1922	140
1923	140
1923	132
1922	132
1922	130
1921	130
1921	114
1922	114
1922	112
1923	112
1923	110
1924	110
1924	106
1926	106
1926	105
1927	105
1927	104
1928	104
1928	103
1929	103
1929	102
1931	102
1931	101
1933	101
1933	100
1935	100
1935	99
1937	99
1937	98
1939	98
1939	97
1942	97
1942	96
1944	96
1944	95
1945	95
1945	94
1946	94
1946	93
1949	93
1949	92
1951	92
1951	91
1952	91
1952	90
1953	90
1953	89
1954	89
1954	88
1955	88
1955	86
1956	86
1956	82
1955	82
1955	80
1953	80
1953	79
1949	79
1949	80
1947	80
1947	81
1946	81
1946	82
1945	82
1945	83
1942	83
1942	84
1940	84
1940	85
1939	85
1939	86
1938	86
1938	87
1935	87
1935	88
1932	88
1932	89
1930	89
1930	90
1928	90
1928	91
1926	91
1926	92
1925	92
1925	93
1922	93
1922	94
1920	94
1920	96
1919	96
1919	97
1918	97
1918	98
1916	98
1916	100
1915	100
1915	103
1914	103
1914	107
1913	107
1913	109
1912	109
1912	111
1911	111
1911	133
1880	133
1880	134
1878	134
1878	135
1877	135
1877	136
1875	136
1875	135
1874	135
1874	136
1869	136
1869	135
1865	135
1865	136
1864	136
1864	135
1863	135
1863	136
1861	136
1861	137
1858	137
1858	138
1854	138
1854	139
1821	139
1821	140
1819	140
1819	141
1817	141
1817	142
1816	142
1816	143
1815	143
1815	144
1814	144
1814	145
1812	145
1812	147
1811	147
1811	162
1812	162
1812	164
1814	164
1814	166
1815	166
1815	174
1814	174
1814	175
1813	175
1813	176
1812	176
1812	177
1811	177
1811	178
1810	178
1810	179
1809	179
1809	180
1806	180
1806	181
1804	181
1804	182
1803	182
1803	184
1801	184
1801	185
1800	185
1800	187
1783	187
1783	186
1781	186
1781	185
1775	185
1775	184
1774	184
1774	182
1772	182
1772	179
1771	179
1771	176
1770	176
1770	174
1769	174
1769	171
1768	171
1768	168
1767	168
1767	166
1765	166
1765	165
1764	165
1764	164
1762	164
1762	163
1759	163
1759	162
1758	162
1758	161
1756	161
1756	160
1734	160
1734	161
1729	161
1729	162
1727	162
1727	164
1726	164
1726	166
1725	166
1725	168
1723	168
1723	169
1722	169
1722	171
1721	171
1721	172
1720	172
1720	173
1719	173
1719	174
1718	174
1718	176
1717	176
1717	177
1716	177
1716	178
1715	178
1715	179
1714	179
1714	181
1713	181
1713	183
1712	183
1712	184
1711	184
1711	186
1710	186
1710	190
1708	190
1708	192
1707	192
1707	211
1706	211
1706	214
1704	214
1704	216
1703	216
1703	217
1702	217
1702	218
1700	218
1700	219
1697	219
1697	220
1689	220
1689	221
1686	221
1686	222
1673	222
1673	223
1643	223
1643	222
1641	222
1641	221
1639	221
1639	220
1632	220
1632	218
1631	218
1631	216
1629	216
1629	215
1622	215
1622	216
1620	216
1620	217
1609	217
1609	218
1607	218
1607	219
1606	219
1606	220
1601	220
1601	221
1599	221
1599	222
1598	222
1598	223
1591	223
1591	224
1589	224
1589	225
1588	225
1588	226
1587	226
1587	227
1586	227
1586	228
1585	228
1585	229
1584	229
1584	231
1583	231
1583	233
1582	233
1582	235
1581	235
1581	237
1580	237
1580	238
1579	238
1579	240
1578	240
1578	243
1577	243
1577	244
1576	244
1576	245
1575	245
1575	247
1574	247
1574	251
1573	251
1573	254
1571	254
1571	256
1570	256
1570	258
1568	258
1568	260
1567	260
1567	261
1561	261
1561	262
1559	262
1559	263
1558	263
1558	264
1547	264
1547	265
1544	265
1544	266
1542	266
1542	267
1539	267
1539	268
1535	268
1535	269
1532	269
1532	270
1530	270
1530	271
1529	271
1529	272
1524	272
1524	273
1522	273
1522	274
1521	274
1521	275
1506	275
1506	276
1504	276
1504	277
1500	277
1500	278
1498	278
1498	279
1495	279
1495	280
1493	280
1493	281
1490	281
1490	282
1488	282
1488	283
1487	283
1487	284
1474	284
1474	285
1472	285
1472	286
1471	286
1471	287
1468	287
1468	288
1466	288
1466	289
1461	289
1461	288
1457	288
1457	289
1455	289
1455	290
1453	290
1453	291
1451	291
1451	292
1440	292
1440	291
1438	291
1438	292
1414	292
1414	293
1409	293
1409	294
1407	294
1407	296
1406	296
1406	297
1405	297
1405	298
1404	298
1404	299
1403	299
1403	301
1402	301
1402	310
1401	310
1401	308
1400	308
1400	306
1401	306
1401	305
1400	305
1400	304
1401	304
1401	303
1399	303
1399	304
1398	304
1398	307
1397	307
1397	309
1398	309
1398	310
1399	310
1399	311
1398	311
1398	312
1399	312
1399	314
1400	314
1400	320
1401	320
1401	321
1400	321
1400	322
1401	322
1401	331
1400	331
1400	334
1401	334
1401	335
1400	335
1400	340
1401	340
1401	341
1400	341
1400	342
1399	342
1399	344
1400	344
1400	345
1399	345
1399	346
1400	346
1400	347
1399	347
1399	348
1400	348
1400	349
1399	349
1399	350
1401	350
1401	351
1400	351
1400	352
1401	352
1401	353
1400	353
1400	354
1401	354
1401	355
1402	355
1402	357
1403	357
1403	358
1402	358
1402	359
1403	359
1403	361
1404	361
1404	362
1403	362
1403	363
1404	363
1404	364
1405	364
1405	366
1404	366
1404	367
1405	367
1405	373
1406	373
1406	374
1405	374
1405	376
1407	376
1407	378
1406	378
1406	381
1409	381
1409	379
1410	379
1410	383
1409	383
1409	382
1406	382
1406	383
1391	383
1391	384
1389	384
1389	385
1377	385
1377	386
1375	386
1375	387
1370	387
1370	388
1367	388
1367	389
1365	389
1365	390
1364	390
1364	391
1362	391
1362	392
1360	392
1360	393
1354	393
1354	394
1352	394
1352	395
1351	395
1351	396
1349	396
1349	397
1347	397
1347	398
1346	398
1346	399
1345	399
1345	400
1344	400
1344	401
1342	401
1342	400
1338	400
1338	401
1336	401
1336	403
1335	403
1335	404
1326	404
1326	403
1318	403
1318	402
1316	402
1316	401
1313	401
1313	400
1311	400
1311	399
1310	399
1310	398
1308	398
1308	397
1307	397
1307	396
1305	396
1305	394
1303	394
1303	393
1301	393
1301	392
1299	392
1299	391
1298	391
1298	390
1297	390
1297	389
1295	389
1295	388
1292	388
1292	386
1290	386
1290	385
1234	385
1234	386
1232	386
1232	387
1228	387
1228	388
1218	388
1218	387
1217	387
1217	385
1215	385
1215	384
1213	384
1213	382
1212	382
1212	380
1210	380
1210	376
1209	376
1209	374
1208	374
1208	373
1207	373
1207	371
1206	371
1206	369
1204	369
1204	368
1203	368
1203	364
1202	364
1202	362
1201	362
1201	360
1200	360
1200	358
1198	358
1198	356
1197	356
1197	355
1196	355
1196	353
1195	353
1195	352
1194	352
1194	350
1193	350
1193	349
1192	349
1192	348
1191	348
1191	347
1190	347
1190	344
1189	344
1189	342
1187	342
1187	341
1186	341
1186	340
1185	340
1185	336
1184	336
1184	334
1182	334
1182	333
1181	333
1181	332
1180	332
1180	330
1178	330
1178	329
1160	329
1160	328
1162	328
1162	327
1159	327
1159	326
1157	326
1157	329
1154	329
1154	328
1155	328
1155	327
1153	327
1153	326
1152	326
1152	327
1148	327
1148	326
1146	326
1146	329
1145	329
1145	327
1144	327
1144	328
1143	328
1143	329
1144	329
1144	330
1142	330
1142	331
1140	331
1140	332
1128	332
1128	333
1126	333
1126	334
1125	334
1125	336
1124	336
1124	340
1123	340
1123	341
1119	341
1119	342
1117	342
1117	344
1116	344
1116	368
1115	368
1115	369
1116	369
1116	370
1115	370
1115	371
1116	371
1116	384
1117	384
1117	386
1118	386
1118	387
1119	387
1119	390
1120	390
1120	392
1121	392
1121	405
1116	405
1116	404
1114	404
1114	405
1113	405
1113	403
1112	403
1112	405
1111	405
1111	404
1109	404
1109	403
1106	403
1106	402
1104	402
1104	401
1102	401
1102	400
1091	400
1091	399
1088	399
1088	398
1087	398
1087	400
1085	400
1085	399
1086	399
1086	398
1082	398
1082	399
1078	399
1078	398
1077	398
1077	400
1075	400
1075	398
1074	398
1074	400
1071	400
1071	399
1067	399
1067	400
1033	400
1033	401
1031	401
1031	402
1030	402
1030	403
1029	403
1029	404
1026	404
1026	405
1025	405
1025	404
1023	404
1023	403
1021	403
1021	384
1020	384
1020	382
1019	382
1019	378
1018	378
1018	376
1017	376
1017	355
1016	355
1016	353
1015	353
1015	352
1014	352
1014	350
1013	350
1013	347
1012	347
1012	345
1011	345
1011	344
1010	344
1010	342
1009	342
1009	341
1012	341
1012	338
1011	338
1011	340
1008	340
1008	341
1007	341
1007	340
1006	340
1006	338
1005	338
1005	336
1004	336
1004	334
1002	334
1002	333
1001	333
1001	330
1000	330
1000	328
999	328
999	327
998	327
998	326
997	326
997	324
996	324
996	322
994	322
994	321
988	321
988	322
987	322
987	321
984	321
984	322
980	322
980	323
976	323
976	324
975	324
975	323
974	323
974	325
973	325
973	324
970	324
970	325
959	325
959	324
953	324
953	325
947	325
947	324
946	324
946	325
944	325
944	324
943	324
943	325
939	325
939	324
935	324
935	325
936	325
936	326
934	326
934	327
933	327
933	329
932	329
932	331
930	331
930	333
929	333
929	335
930	335
930	336
929	336
929	337
928	337
928	341
927	341
927	343
928	343
928	345
927	345
927	347
926	347
926	356
927	356
927	361
928	361
928	364
929	364
929	369
930	369
930	380
931	380
931	384
932	384
932	389
933	389
933	397
934	397
934	398
933	398
933	399
924	399
924	400
922	400
922	401
921	401
921	402
920	402
920	403
918	403
918	402
914	402
914	401
912	401
912	400
905	400
905	399
903	399
903	398
901	398
901	397
893	397
893	396
891	396
891	395
890	395
890	394
889	394
889	393
887	393
887	392
883	392
883	391
882	391
882	390
880	390
880	389
879	389
879	388
878	388
878	386
877	386
877	385
876	385
876	384
874	384
874	382
873	382
873	380
871	380
871	379
847	379
847	378
838	378
838	377
825	377
825	378
818	378
818	377
816	377
816	378
813	378
813	379
811	379
811	378
810	378
810	379
806	379
806	380
804	380
804	381
801	381
801	382
798	382
798	383
796	383
796	384
792	384
792	385
783	385
783	386
781	386
781	388
775	388
775	389
771	389
771	390
769	390
769	384
768	384
768	382
766	382
766	380
764	380
764	378
763	378
763	374
762	374
762	370
761	370
761	367
760	367
760	365
759	365
759	348
758	348
758	344
757	344
757	342
755	342
755	341
751	341
751	340
749	340
749	339
748	339
748	337
747	337
747	332
746	332
746	330
744	330
744	329
739	329
739	330
735	330
735	331
734	331
734	333
729	333
729	332
728	332
728	331
727	331
727	332
725	332
725	331
724	331
724	332
723	332
723	331
721	331
721	329
720	329
720	332
719	332
719	331
718	331
718	330
719	330
719	329
718	329
718	328
716	328
716	327
715	327
715	328
714	328
714	327
713	327
713	326
708	326
708	325
706	325
706	324
704	324
704	323
702	323
702	322
701	322
701	321
700	321
700	323
699	323
699	322
697	322
697	324
696	324
696	323
695	323
695	322
694	322
694	320
693	320
693	321
692	321
692	322
691	322
691	321
688	321
688	320
686	320
686	321
684	321
684	320
683	320
683	321
679	321
679	320
676	320
676	319
669	319
669	318
668	318
668	319
665	319
665	318
667	318
667	317
661	317
661	316
657	316
657	315
656	315
656	317
654	317
654	316
653	316
653	317
650	317
650	316
644	316
644	317
643	317
643	315
641	315
641	314
640	314
640	318
639	318
639	317
638	317
638	316
637	316
637	315
638	315
638	316
639	316
639	314
633	314
633	315
630	315
630	316
626	316
626	317
624	317
624	318
623	318
623	317
624	317
624	316
618	316
618	317
617	317
617	320
616	320
616	318
612	318
612	320
613	320
613	321
611	321
611	322
613	322
613	326
614	326
614	327
615	327
615	326
618	326
618	327
615	327
615	334
616	334
616	333
617	333
617	334
616	334
616	337
618	337
618	338
617	338
617	340
616	340
616	342
617	342
617	343
616	343
616	344
618	344
618	345
617	345
617	346
618	346
618	347
619	347
619	348
617	348
617	351
618	351
618	356
619	356
619	357
618	357
618	358
619	358
619	359
618	359
618	360
619	360
619	365
620	365
620	368
621	368
621	373
622	373
622	372
623	372
623	373
622	373
622	374
621	374
621	375
622	375
622	376
621	376
621	379
622	379
622	384
623	384
623	394
624	394
624	392
625	392
625	394
624	394
624	399
625	399
625	401
626	401
626	402
625	402
625	403
626	403
626	404
625	404
625	406
626	406
626	409
625	409
625	410
626	410
626	413
627	413
627	414
626	414
626	420
622	420
622	421
621	421
621	420
619	420
619	422
618	422
618	420
615	420
615	421
616	421
616	422
615	422
615	421
609	421
609	422
608	422
608	421
606	421
606	422
605	422
605	421
604	421
604	422
603	422
603	421
597	421
597	420
592	420
592	419
587	419
587	418
585	418
585	419
584	419
584	418
581	418
581	417
580	417
580	418
578	418
578	417
577	417
577	418
571	418
571	419
572	419
572	421
571	421
571	419
569	419
569	421
568	421
568	419
569	419
569	418
564	418
564	417
557	417
557	416
552	416
552	415
547	415
547	416
549	416
549	418
548	418
548	417
546	417
546	418
545	418
545	416
546	416
546	415
545	415
545	414
544	414
544	415
543	415
543	414
542	414
542	413
537	413
537	412
534	412
534	411
528	411
528	410
526	410
526	411
525	411
525	412
524	412
524	409
521	409
521	408
520	408
520	409
519	409
519	410
518	410
518	407
509	407
509	406
506	406
506	405
505	405
505	407
503	407
503	406
504	406
504	405
502	405
502	404
498	404
498	403
489	403
489	402
486	402
486	403
485	403
485	402
486	402
486	401
481	401
481	400
478	400
478	401
477	401
477	400
476	400
476	401
474	401
474	402
473	402
473	403
472	403
472	402
473	402
473	401
472	401
472	398
466	398
466	397
465	397
465	398
464	398
464	397
460	397
460	396
459	396
459	397
458	397
458	396
457	396
457	398
461	398
461	399
459	399
459	400
458	400
458	399
457	399
457	398
456	398
456	400
453	400
453	399
455	399
455	398
453	398
453	397
455	397
455	398
456	398
456	396
451	396
451	395
450	395
450	394
447	394
447	395
446	395
446	394
444	394
444	396
443	396
443	393
442	393
442	396
441	396
441	393
438	393
438	395
437	395
437	393
432	393
432	394
431	394
431	393
425	393
425	394
423	394
423	393
424	393
424	392
423	392
423	391
422	391
422	389
421	389
421	388
419	388
419	387
417	387
417	386
416	386
416	385
415	385
415	384
414	384
414	383
413	383
413	380
412	380
412	378
410	378
410	377
407	377
407	376
406	376
406	375
405	375
405	371
404	371
404	369
403	369
403	368
402	368
402	358
401	358
401	354
400	354
400	352
399	352
399	351
398	351
398	347
397	347
397	344
396	344
396	342
395	342
395	341
394	341
394	286
393	286
393	282
392	282
392	281
393	281
393	279
391	279
391	277
392	277
392	272
391	272
391	267
390	267
390	262
388	262
388	260
387	260
387	259
386	259
386	255
385	255
385	253
384	253
384	252
382	252
382	251
367	251
367	252
365	252
365	253
364	253
364	255
363	255
363	257
362	257
362	256
361	256
361	254
360	254
360	252
358	252
358	251
354	251
354	250
353	250
353	249
352	249
352	248
351	248
351	246
350	246
350	243
349	243
349	241
348	241
348	240
347	240
347	239
346	239
346	235
345	235
345	233
344	233
344	231
342	231
342	230
341	230
341	228
340	228
340	226
339	226
339	225
338	225
338	222
337	222
337	216
336	216
336	214
335	214
335	207
334	207
334	203
333	203
333	196
332	196
332	194
330	194
330	193
318	193
318	194
316	194
316	196
314	196
314	198
313	198
313	200
312	200
312	203
311	203
311	204
310	204
310	206
309	206
309	207
308	207
308	209
309	209
309	210
308	210
308	209
307	209
307	208
306	208
306	211
308	211
308	213
307	213
307	212
306	212
306	214
308	214
308	215
309	215
309	225
302	225
302	226
300	226
300	227
284	227
284	228
282	228
282	229
279	229
279	230
277	230
277	232
276	232
