122	188
123	188
123	189
124	189
124	190
125	190
125	192
126	192
126	193
127	193
127	194
128	194
128	196
129	196
129	198
130	198
130	199
131	199
131	201
132	201
132	204
133	204
133	205
136	205
136	206
137	206
137	205
142	205
142	206
143	206
143	205
150	205
150	204
152	204
152	199
151	199
151	198
150	198
150	200
148	200
148	199
146	199
146	200
137	200
137	199
135	199
135	196
134	196
134	195
133	195
133	193
132	193
132	192
131	192
131	190
130	190
130	188
126	188
126	186
127	186
127	183
126	183
126	182
125	182
125	181
124	181
124	180
123	180
123	179
122	179
122	177
121	177
121	176
120	176
120	175
119	175
119	174
117	174
117	173
115	173
115	172
114	172
114	171
113	171
113	170
112	170
112	168
111	168
111	167
112	167
112	165
110	165
110	163
109	163
109	162
106	162
106	161
105	161
105	158
104	158
104	154
103	154
103	149
102	149
102	146
101	146
101	145
100	145
100	144
99	144
99	143
98	143
98	142
97	142
97	139
96	139
96	136
95	136
95	134
94	134
94	133
93	133
93	132
94	132
94	131
92	131
92	130
88	130
88	129
87	129
87	128
86	128
86	125
85	125
85	123
84	123
84	121
83	121
83	118
82	118
82	117
81	117
81	115
80	115
80	113
79	113
79	110
78	110
78	108
77	108
77	107
76	107
76	106
75	106
75	103
74	103
74	100
73	100
73	97
72	97
72	94
71	94
71	88
70	88
70	85
69	85
69	84
68	84
68	83
67	83
67	82
66	82
66	81
67	81
67	80
66	80
66	65
64	65
64	80
65	80
65	82
64	82
64	85
65	85
65	87
66	87
66	89
67	89
67	97
68	97
68	100
69	100
69	101
68	101
68	102
69	102
69	105
70	105
70	107
71	107
71	111
73	111
73	112
74	112
74	113
75	113
75	116
76	116
76	119
77	119
77	121
78	121
78	123
79	123
79	126
80	126
80	128
81	128
81	129
82	129
82	132
83	132
83	135
86	135
86	136
90	136
90	137
91	137
91	138
92	138
92	141
93	141
93	143
94	143
94	147
95	147
95	148
96	148
96	151
97	151
97	154
98	154
98	157
99	157
99	162
100	162
100	166
102	166
102	167
106	167
106	168
107	168
107	170
108	170
108	172
109	172
109	174
110	174
110	176
111	176
111	177
113	177
113	178
114	178
114	179
115	179
115	180
117	180
117	181
118	181
118	182
119	182
119	184
120	184
120	185
121	185
121	186
122	186
466	486
467	486
467	491
468	491
468	493
469	493
469	499
470	499
470	502
471	502
471	503
472	503
472	505
473	505
473	508
474	508
474	510
475	510
475	512
476	512
476	513
477	513
477	515
478	515
478	517
479	517
479	518
480	518
480	519
481	519
481	520
482	520
482	521
483	521
483	522
484	522
484	524
485	524
485	525
487	525
487	526
488	526
488	527
491	527
491	528
490	528
490	531
491	531
491	532
493	532
493	533
495	533
495	534
496	534
496	535
497	535
497	538
498	538
498	539
499	539
499	540
502	540
502	541
505	541
505	540
506	540
506	541
511	541
511	542
514	542
514	543
515	543
515	544
520	544
520	545
526	545
526	544
529	544
529	543
530	543
530	542
532	542
532	541
536	541
536	540
541	540
541	539
546	539
546	538
547	538
547	537
549	537
549	536
550	536
550	535
552	535
552	534
554	534
554	532
555	532
555	531
557	531
557	530
558	530
558	529
559	529
559	528
561	528
561	527
565	527
565	526
567	526
567	525
568	525
568	524
570	524
570	523
572	523
572	522
574	522
574	521
576	521
576	520
578	520
578	519
593	519
593	520
599	520
599	519
602	519
602	518
604	518
604	517
605	517
605	515
606	515
606	514
607	514
607	513
608	513
608	512
609	512
609	510
611	510
611	509
615	509
615	508
617	508
617	507
618	507
618	506
620	506
620	505
621	505
621	504
622	504
622	503
624	503
624	502
625	502
625	501
626	501
626	500
627	500
627	498
628	498
628	497
629	497
629	496
630	496
630	493
631	493
631	492
632	492
632	489
633	489
633	487
634	487
634	485
635	485
635	484
636	484
636	483
635	483
635	482
637	482
637	480
639	480
639	479
641	479
641	478
653	478
653	477
662	477
662	478
664	478
664	479
667	479
667	480
669	480
669	481
670	481
670	482
671	482
671	483
673	483
673	484
675	484
675	485
679	485
679	486
682	486
682	485
683	485
683	486
687	486
687	487
691	487
691	488
692	488
692	489
694	489
694	490
696	490
696	491
699	491
699	492
701	492
701	493
703	493
703	494
709	494
709	495
710	495
710	496
717	496
717	495
724	495
724	494
730	494
730	493
735	493
735	492
743	492
743	493
747	493
747	494
750	494
750	495
751	495
751	496
756	496
756	497
757	497
757	498
759	498
759	499
761	499
761	500
763	500
763	501
765	501
765	502
766	502
766	503
768	503
768	504
769	504
769	506
770	506
770	507
771	507
771	508
772	508
772	510
773	510
773	512
774	512
774	514
775	514
775	516
776	516
776	518
777	518
777	520
778	520
778	522
779	522
779	524
780	524
780	525
779	525
779	526
780	526
780	530
781	530
781	531
780	531
780	533
781	533
781	537
780	537
780	538
781	538
781	539
780	539
780	544
779	544
779	545
780	545
780	548
779	548
779	553
778	553
778	556
777	556
777	559
776	559
776	560
777	560
777	562
776	562
776	571
775	571
775	576
774	576
774	577
775	577
775	581
776	581
776	585
777	585
777	592
778	592
778	593
783	593
783	594
786	594
786	596
787	596
787	598
788	598
788	599
789	599
789	600
790	600
790	602
791	602
791	603
792	603
792	604
794	604
794	606
796	606
796	607
797	607
797	608
798	608
798	609
799	609
799	610
800	610
800	611
801	611
801	612
802	612
802	614
803	614
803	615
804	615
804	617
805	617
805	618
806	618
806	621
808	621
808	622
817	622
817	623
818	623
818	622
823	622
823	623
826	623
826	624
829	624
829	625
832	625
832	626
834	626
834	628
835	628
835	629
837	629
837	630
838	630
838	629
839	629
839	630
843	630
843	631
849	631
849	632
852	632
852	633
855	633
855	634
856	634
856	635
857	635
857	636
858	636
858	637
859	637
859	638
860	638
860	639
861	639
861	640
862	640
862	642
864	642
864	643
865	643
865	644
866	644
866	645
867	645
867	646
869	646
869	647
870	647
870	648
871	648
871	649
872	649
872	650
873	650
873	651
875	651
875	653
881	653
881	654
884	654
884	655
888	655
888	656
892	656
892	657
895	657
895	658
898	658
898	659
901	659
901	660
902	660
902	661
903	661
903	660
906	660
906	661
908	661
908	660
910	660
910	661
912	661
912	660
915	660
915	661
917	661
917	662
925	662
925	663
931	663
931	662
932	662
932	663
939	663
939	662
942	662
942	663
946	663
946	664
956	664
956	665
969	665
969	666
976	666
976	667
985	667
985	668
996	668
996	667
998	667
998	666
1000	666
1000	665
1001	665
1001	664
1002	664
1002	663
1003	663
1003	662
1004	662
1004	660
1006	660
1006	658
1007	658
1007	657
1008	657
1008	655
1010	655
1010	654
1011	654
1011	653
1012	653
1012	652
1013	652
1013	650
1015	650
1015	649
1016	649
1016	648
1017	648
1017	647
1018	647
1018	646
1019	646
1019	645
1020	645
1020	644
1021	644
1021	638
1022	638
1022	617
1021	617
1021	601
1020	601
1020	599
1021	599
1021	598
1020	598
1020	596
1021	596
1021	595
1020	595
1020	594
1021	594
1021	593
1020	593
1020	585
1021	585
1021	584
1020	584
1020	583
1021	583
1021	573
1022	573
1022	570
1023	570
1023	568
1024	568
1024	566
1025	566
1025	564
1026	564
1026	561
1027	561
1027	560
1028	560
1028	557
1029	557
1029	556
1031	556
1031	555
1032	555
1032	554
1033	554
1033	553
1034	553
1034	551
1036	551
1036	549
1039	549
1039	548
1041	548
1041	547
1044	547
1044	546
1046	546
1046	547
1047	547
1047	546
1060	546
1060	547
1069	547
1069	548
1071	548
1071	549
1072	549
1072	550
1074	550
1074	551
1075	551
1075	552
1076	552
1076	553
1077	553
1077	554
1080	554
1080	555
1081	555
1081	556
1085	556
1085	557
1086	557
1086	558
1090	558
1090	559
1092	559
1092	558
1094	558
1094	557
1096	557
1096	556
1108	556
1108	555
1110	555
1110	556
1114	556
1114	555
1120	555
1120	554
1124	554
1124	553
1128	553
1128	550
1129	550
1129	549
1130	549
1130	548
1131	548
1131	546
1132	546
1132	545
1133	545
1133	544
1134	544
1134	543
1135	543
1135	542
1136	542
1136	541
1137	541
1137	540
1138	540
1138	539
1139	539
1139	538
1141	538
1141	537
1143	537
1143	536
1145	536
1145	535
1147	535
1147	534
1149	534
1149	533
1151	533
1151	532
1157	532
1157	531
1159	531
1159	530
1160	530
1160	529
1163	529
1163	528
1165	528
1165	527
1166	527
1166	526
1167	526
1167	525
1168	525
1168	524
1170	524
1170	523
1171	523
1171	522
1174	522
1174	521
1175	521
1175	520
1178	520
1178	519
1179	519
1179	518
1183	518
1183	517
1186	517
1186	516
1190	516
1190	515
1192	515
1192	514
1195	514
1195	513
1201	513
1201	514
1204	514
1204	515
1206	515
1206	516
1210	516
1210	517
1211	517
1211	518
1212	518
1212	519
1213	519
1213	520
1214	520
1214	521
1216	521
1216	522
1217	522
1217	523
1218	523
1218	524
1219	524
1219	525
1220	525
1220	526
1222	526
1222	527
1223	527
1223	528
1224	528
1224	529
1225	529
1225	530
1226	530
1226	531
1227	531
1227	532
1228	532
1228	534
1229	534
1229	535
1230	535
1230	537
1231	537
1231	540
1232	540
1232	541
1233	541
1233	551
1234	551
1234	559
1233	559
1233	560
1234	560
1234	562
1235	562
1235	565
1236	565
1236	567
1237	567
1237	568
1238	568
1238	570
1239	570
1239	571
1240	571
1240	573
1241	573
1241	575
1242	575
1242	576
1244	576
1244	577
1247	577
1247	578
1248	578
1248	579
1251	579
1251	580
1253	580
1253	581
1255	581
1255	582
1257	582
1257	583
1259	583
1259	584
1262	584
1262	585
1263	585
1263	586
1264	586
1264	587
1265	587
1265	588
1267	588
1267	590
1270	590
1270	592
1271	592
1271	593
1272	593
1272	594
1273	594
1273	595
1274	595
1274	596
1275	596
1275	598
1276	598
1276	599
1277	599
1277	600
1278	600
1278	601
1279	601
1279	602
1280	602
1280	603
1281	603
1281	604
1282	604
1282	605
1283	605
1283	606
1285	606
1285	608
1286	608
1286	609
1287	609
1287	610
1288	610
1288	612
1289	612
1289	613
1290	613
1290	615
1291	615
1291	617
1293	617
1293	618
1292	618
1292	621
1293	621
1293	626
1294	626
1294	628
1295	628
1295	630
1296	630
1296	631
1297	631
1297	632
1298	632
1298	634
1299	634
1299	635
1300	635
1300	637
1301	637
1301	639
1302	639
1302	640
1307	640
1307	641
1309	641
1309	640
1310	640
1310	641
1311	641
1311	642
1317	642
1317	643
1324	643
1324	644
1336	644
1336	643
1340	643
1340	642
1344	642
1344	641
1351	641
1351	640
1353	640
1353	639
1356	639
1356	638
1358	638
1358	637
1360	637
1360	636
1362	636
1362	635
1363	635
1363	634
1365	634
1365	633
1366	633
1366	632
1367	632
1367	631
1368	631
1368	630
1370	630
1370	628
1371	628
1371	627
1372	627
1372	625
1373	625
1373	623
1374	623
1374	622
1375	622
1375	621
1376	621
1376	619
1377	619
1377	616
1378	616
1378	615
1379	615
1379	611
1380	611
1380	599
1379	599
1379	598
1380	598
1380	595
1379	595
1379	593
1380	593
1380	592
1379	592
1379	588
1380	588
1380	570
1381	570
1381	569
1380	569
1380	565
1381	565
1381	561
1382	561
1382	560
1381	560
1381	559
1382	559
1382	558
1381	558
1381	557
1382	557
1382	549
1383	549
1383	547
1384	547
1384	543
1385	543
1385	538
1386	538
1386	537
1387	537
1387	536
1388	536
1388	535
1391	535
1391	534
1393	534
1393	533
1394	533
1394	532
1395	532
1395	531
1396	531
1396	530
1397	530
1397	529
1398	529
1398	528
1399	528
1399	527
1400	527
1400	526
1401	526
1401	525
1402	525
1402	514
1403	514
1403	510
1404	510
1404	507
1405	507
1405	505
1406	505
1406	504
1407	504
1407	501
1408	501
1408	500
1409	500
1409	499
1410	499
1410	497
1411	497
1411	496
1412	496
1412	495
1413	495
1413	494
1414	494
1414	493
1415	493
1415	492
1416	492
1416	491
1417	491
1417	490
1419	490
1419	489
1420	489
1420	488
1421	488
1421	487
1423	487
1423	486
1424	486
1424	485
1425	485
1425	484
1426	484
1426	483
1427	483
1427	482
1428	482
1428	481
1429	481
1429	480
1430	480
1430	479
1431	479
1431	478
1433	478
1433	477
1434	477
1434	475
1436	475
1436	473
1437	473
1437	472
1438	472
1438	471
1440	471
1440	470
1441	470
1441	469
1442	469
1442	468
1443	468
1443	467
1444	467
1444	466
1446	466
1446	465
1447	465
1447	464
1448	464
1448	463
1449	463
1449	462
1451	462
1451	461
1452	461
1452	460
1455	460
1455	459
1456	459
1456	458
1458	458
1458	457
1460	457
1460	456
1462	456
1462	455
1463	455
1463	454
1465	454
1465	453
1467	453
1467	452
1468	452
1468	451
1470	451
1470	450
1472	450
1472	449
1475	449
1475	448
1476	448
1476	447
1477	447
1477	446
1478	446
1478	445
1479	445
1479	439
1478	439
1478	428
1479	428
1479	426
1480	426
1480	425
1482	425
1482	424
1483	424
1483	423
1485	423
1485	422
1487	422
1487	421
1500	421
1500	420
1504	420
1504	421
1507	421
1507	422
1508	422
1508	423
1509	423
1509	424
1510	424
1510	426
1511	426
1511	427
1512	427
1512	429
1513	429
1513	430
1514	430
1514	431
1516	431
1516	432
1517	432
1517	433
1518	433
1518	434
1520	434
1520	436
1521	436
1521	437
1522	437
1522	440
1523	440
1523	442
1524	442
1524	444
1525	444
1525	446
1526	446
1526	447
1527	447
1527	448
1528	448
1528	449
1529	449
1529	450
1530	450
1530	452
1531	452
1531	454
1532	454
1532	455
1533	455
1533	457
1534	457
1534	460
1535	460
1535	462
1536	462
1536	464
1537	464
1537	465
1538	465
1538	467
1545	467
1545	468
1552	468
1552	469
1553	469
1553	470
1554	470
1554	471
1555	471
1555	472
1556	472
1556	473
1557	473
1557	474
1558	474
1558	475
1559	475
1559	476
1561	476
1561	478
1562	478
1562	479
1563	479
1563	480
1564	480
1564	481
1565	481
1565	483
1566	483
1566	484
1567	484
1567	486
1566	486
1566	495
1567	495
1567	498
1568	498
1568	500
1569	500
1569	501
1570	501
1570	503
1571	503
1571	504
1575	504
1575	503
1576	503
1576	504
1577	504
1577	505
1580	505
1580	506
1582	506
1582	507
1583	507
1583	508
1585	508
1585	509
1590	509
1590	510
1592	510
1592	511
1594	511
1594	512
1596	512
1596	513
1598	513
1598	514
1604	514
1604	515
1605	515
1605	514
1612	514
1612	513
1615	513
1615	514
1617	514
1617	513
1621	513
1621	512
1622	512
1622	511
1625	511
1625	510
1626	510
1626	509
1628	509
1628	508
1630	508
1630	507
1632	507
1632	506
1634	506
1634	505
1635	505
1635	504
1637	504
1637	502
1640	502
1640	501
1642	501
1642	500
1644	500
1644	499
1646	499
1646	498
1647	498
1647	497
1648	497
1648	496
1649	496
1649	495
1650	495
1650	494
1651	494
1651	493
1652	493
1652	491
1653	491
1653	490
1654	490
1654	487
1655	487
1655	485
1656	485
1656	483
1657	483
1657	480
1658	480
1658	479
1659	479
1659	477
1660	477
1660	476
1661	476
1661	475
1662	475
1662	473
1665	473
1665	472
1667	472
1667	471
1670	471
1670	469
1671	469
1671	468
1675	468
1675	467
1678	467
1678	466
1680	466
1680	465
1684	465
1684	464
1685	464
1685	463
1686	463
1686	462
1687	462
1687	461
1688	461
1688	460
1689	460
1689	459
1690	459
1690	458
1691	458
1691	457
1692	457
1692	455
1693	455
1693	454
1694	454
1694	452
1695	452
1695	451
1696	451
1696	449
1698	449
1698	448
1699	448
1699	447
1700	447
1700	446
1702	446
1702	445
1709	445
1709	444
1712	444
1712	443
1715	443
1715	442
1717	442
1717	440
1719	440
1719	439
1720	439
1720	438
1723	438
1723	437
1726	437
1726	436
1728	436
1728	435
1729	435
1729	434
1730	434
1730	433
1731	433
1731	431
1732	431
1732	429
1734	429
1734	426
1735	426
1735	425
1736	425
1736	423
1737	423
1737	421
1738	421
1738	420
1739	420
1739	417
1740	417
1740	415
1741	415
1741	414
1742	414
1742	413
1743	413
1743	412
1744	412
1744	410
1745	410
1745	409
1747	409
1747	407
1748	407
1748	406
1750	406
1750	404
1751	404
1751	403
1752	403
1752	402
1753	402
1753	401
1755	401
1755	400
1756	400
1756	399
1757	399
1757	397
1758	397
1758	395
1759	395
1759	394
1760	394
1760	392
1761	392
1761	391
1762	391
1762	390
1763	390
1763	389
1764	389
1764	388
1765	388
1765	387
1766	387
1766	386
1767	386
1767	385
1768	385
1768	384
1769	384
1769	383
1770	383
1770	381
1771	381
1771	380
1772	380
1772	378
1774	378
1774	377
1775	377
1775	374
1776	374
1776	372
1777	372
1777	371
1778	371
1778	369
1779	369
1779	365
1780	365
1780	361
1781	361
1781	359
1782	359
1782	354
1783	354
1783	353
1782	353
1782	352
1783	352
1783	350
1784	350
1784	346
1785	346
1785	345
1784	345
1784	344
1785	344
1785	339
1784	339
1784	338
1785	338
1785	336
1786	336
1786	330
1785	330
1785	329
1786	329
1786	328
1785	328
1785	323
1784	323
1784	322
1785	322
1785	321
1784	321
1784	317
1783	317
1783	314
1782	314
1782	312
1783	312
1783	311
1782	311
1782	308
1783	308
1783	307
1782	307
1782	300
1783	300
1783	294
1784	294
1784	288
1785	288
1785	285
1786	285
1786	281
1787	281
1787	273
1788	273
1788	265
1789	265
1789	260
1790	260
1790	258
1791	258
1791	255
1792	255
1792	253
1793	253
1793	251
1794	251
1794	249
1795	249
1795	248
1796	248
1796	246
1797	246
1797	244
1798	244
1798	242
1799	242
1799	240
1800	240
1800	238
1801	238
1801	236
1802	236
1802	235
1804	235
1804	233
1805	233
1805	232
1807	232
1807	230
1808	230
1808	229
1810	229
1810	227
1811	227
1811	226
1813	226
1813	225
1816	225
1816	224
1821	224
1821	223
1825	223
1825	222
1828	222
1828	221
1829	221
1829	220
1830	220
1830	218
1831	218
1831	217
1832	217
1832	210
1833	210
1833	204
1834	204
1834	200
1835	200
1835	196
1836	196
1836	195
1835	195
1835	194
1836	194
1836	192
1837	192
1837	189
1838	189
1838	186
1839	186
1839	185
1840	185
1840	184
1841	184
1841	183
1842	183
1842	182
1843	182
1843	181
1844	181
1844	180
1845	180
1845	179
1847	179
1847	178
1850	178
1850	177
1851	177
1851	176
1853	176
1853	174
1855	174
1855	173
1856	173
1856	172
1857	172
1857	171
1858	171
1858	170
1859	170
1859	169
1860	169
1860	168
1861	168
1861	166
1862	166
1862	165
1864	165
1864	164
1865	164
1865	163
1866	163
1866	162
1867	162
1867	161
1868	161
1868	160
1869	160
1869	159
1871	159
1871	158
1872	158
1872	157
1875	157
1875	156
1886	156
1886	157
1887	157
1887	158
1890	158
1890	159
1892	159
1892	160
1895	160
1895	161
1897	161
1897	162
1899	162
1899	163
1900	163
1900	164
1901	164
1901	165
1903	165
1903	166
1904	166
1904	167
1905	167
1905	168
1906	168
1906	169
1907	169
1907	170
1908	170
1908	172
1909	172
1909	173
1912	173
1912	174
1913	174
1913	175
1914	175
1914	176
1916	176
1916	177
1917	177
1917	178
1918	178
1918	179
1919	179
1919	180
1920	180
1920	181
1923	181
1923	182
1935	182
1935	183
1936	183
1936	182
1944	182
1944	181
1946	181
1946	180
1947	180
1947	179
1948	179
1948	178
1950	178
1950	177
1951	177
1951	176
1952	176
1952	175
1955	175
1955	174
1958	174
1958	173
1960	173
1960	172
1961	172
1961	170
1963	170
1963	168
1964	168
1964	167
1965	167
1965	166
1966	166
1966	164
1967	164
1967	162
1968	162
1968	160
1969	160
1969	157
1970	157
1970	156
1971	156
1971	155
1972	155
1972	154
1973	154
1973	153
1974	153
1974	151
1975	151
1975	150
1976	150
1976	149
1977	149
1977	148
1978	148
1978	145
1979	145
1979	144
1980	144
1980	142
1982	142
1982	141
1983	141
1983	140
1984	140
1984	139
1986	139
1986	138
1987	138
1987	137
1989	137
1989	136
1991	136
1991	135
1995	135
1995	134
1997	134
1997	133
2002	133
2002	132
2005	132
2005	131
2007	131
2007	130
2011	130
2011	129
2012	129
2012	128
2015	128
2015	127
2016	127
2016	126
2018	126
2018	125
2020	125
2020	124
2021	124
2021	123
2023	123
2023	122
2025	122
2025	121
2026	121
2026	120
2027	120
2027	119
2029	119
2029	117
2031	117
2031	116
2032	116
2032	115
2035	115
2035	114
2036	114
2036	113
2037	113
2037	112
2038	112
2038	113
2039	113
2039	112
2043	112
2043	111
2049	111
2049	110
2050	110
2050	111
2051	111
2051	110
2052	110
2052	111
2053	111
2053	110
2055	110
2055	108
2056	108
2056	107
2055	107
2055	106
2054	106
2054	104
2052	104
2052	103
2049	103
2049	104
2047	104
2047	105
2040	105
2040	106
2036	106
2036	107
2035	107
2035	108
2033	108
2033	109
2031	109
2031	110
2029	110
2029	111
2028	111
2028	112
2026	112
2026	113
2025	113
2025	114
2024	114
2024	115
2023	115
2023	116
2021	116
2021	117
2020	117
2020	118
2019	118
2019	119
2018	119
2018	120
2016	120
2016	121
2015	121
2015	122
2013	122
2013	123
2012	123
2012	124
2009	124
2009	126
2008	126
2008	127
2006	127
2006	126
2002	126
2002	127
1998	127
1998	128
1995	128
1995	129
1993	129
1993	130
1991	130
1991	131
1987	131
1987	132
1985	132
1985	133
1984	133
1984	134
1982	134
1982	135
1978	135
1978	137
1977	137
1977	138
1976	138
1976	140
1975	140
1975	141
1974	141
1974	143
1973	143
1973	144
1972	144
1972	145
1971	145
1971	146
1970	146
1970	148
1969	148
1969	149
1968	149
1968	151
1967	151
1967	152
1966	152
1966	153
1965	153
1965	155
1964	155
1964	156
1963	156
1963	159
1962	159
1962	162
1960	162
1960	165
1959	165
1959	166
1958	166
1958	167
1956	167
1956	168
1953	168
1953	169
1950	169
1950	170
1948	170
1948	171
1946	171
1946	173
1945	173
1945	174
1943	174
1943	175
1941	175
1941	176
1940	176
1940	175
1939	175
1939	176
1925	176
1925	175
1921	175
1921	174
1920	174
1920	173
1919	173
1919	172
1917	172
1917	171
1915	171
1915	170
1913	170
1913	169
1912	169
1912	167
1910	167
1910	165
1909	165
1909	164
1908	164
1908	163
1906	163
1906	162
1905	162
1905	161
1903	161
1903	159
1901	159
1901	158
1899	158
1899	157
1897	157
1897	156
1896	156
1896	155
1894	155
1894	154
1890	154
1890	153
1889	153
1889	152
1886	152
1886	151
1882	151
1882	150
1874	150
1874	151
1873	151
1873	150
1872	150
1872	151
1870	151
1870	152
1868	152
1868	153
1867	153
1867	154
1866	154
1866	156
1863	156
1863	157
1862	157
1862	158
1861	158
1861	159
1860	159
1860	160
1859	160
1859	162
1857	162
1857	163
1856	163
1856	164
1855	164
1855	165
1854	165
1854	167
1853	167
1853	168
1852	168
1852	169
1851	169
1851	170
1850	170
1850	171
1848	171
1848	172
1846	172
1846	173
1845	173
1845	174
1842	174
1842	175
1841	175
1841	176
1837	176
1837	179
1836	179
1836	180
1835	180
1835	181
1834	181
1834	183
1833	183
1833	186
1832	186
1832	188
1831	188
1831	193
1830	193
1830	198
1829	198
1829	201
1828	201
1828	210
1827	210
1827	213
1826	213
1826	215
1825	215
1825	216
1821	216
1821	217
1818	217
1818	218
1814	218
1814	219
1811	219
1811	220
1809	220
1809	221
1807	221
1807	222
1806	222
1806	224
1805	224
1805	225
1804	225
1804	226
1803	226
1803	228
1801	228
1801	229
1800	229
1800	230
1799	230
1799	231
1798	231
1798	232
1797	232
1797	233
1796	233
1796	235
1795	235
1795	237
1794	237
1794	240
1793	240
1793	241
1792	241
1792	242
1791	242
1791	244
1790	244
1790	246
1789	246
1789	247
1788	247
1788	250
1787	250
1787	252
1786	252
1786	253
1785	253
1785	257
1784	257
1784	259
1783	259
1783	266
1782	266
1782	275
1781	275
1781	279
1780	279
1780	284
1779	284
1779	288
1778	288
1778	296
1777	296
1777	303
1776	303
1776	309
1777	309
1777	316
1778	316
1778	321
1779	321
1779	330
1780	330
1780	335
1779	335
1779	339
1778	339
1778	340
1779	340
1779	345
1778	345
1778	349
1777	349
1777	350
1776	350
1776	351
1777	351
1777	353
1776	353
1776	355
1775	355
1775	356
1776	356
1776	358
1775	358
1775	363
1774	363
1774	366
1773	366
1773	368
1772	368
1772	370
1771	370
1771	372
1770	372
1770	373
1769	373
1769	375
1768	375
1768	376
1767	376
1767	377
1766	377
1766	378
1765	378
1765	380
1764	380
1764	381
1763	381
1763	382
1762	382
1762	383
1761	383
1761	384
1760	384
1760	385
1759	385
1759	386
1758	386
1758	388
1757	388
1757	389
1756	389
1756	390
1755	390
1755	391
1754	391
1754	393
1753	393
1753	395
1751	395
1751	397
1750	397
1750	398
1748	398
1748	399
1747	399
1747	401
1745	401
1745	402
1744	402
1744	403
1743	403
1743	404
1742	404
1742	405
1741	405
1741	407
1740	407
1740	408
1739	408
1739	409
1738	409
1738	411
1737	411
1737	412
1736	412
1736	413
1735	413
1735	415
1734	415
1734	417
1733	417
1733	418
1732	418
1732	420
1731	420
1731	421
1729	421
1729	424
1728	424
1728	426
1727	426
1727	428
1726	428
1726	429
1725	429
1725	431
1722	431
1722	432
1719	432
1719	433
1717	433
1717	434
1716	434
1716	435
1714	435
1714	436
1713	436
1713	437
1711	437
1711	438
1708	438
1708	439
1703	439
1703	440
1697	440
1697	441
1696	441
1696	442
1695	442
1695	443
1694	443
1694	444
1693	444
1693	445
1692	445
1692	446
1691	446
1691	447
1690	447
1690	448
1689	448
1689	451
1688	451
1688	452
1687	452
1687	454
1686	454
1686	455
1685	455
1685	456
1684	456
1684	457
1683	457
1683	458
1682	458
1682	459
1681	459
1681	460
1678	460
1678	461
1676	461
1676	462
1674	462
1674	463
1669	463
1669	465
1668	465
1668	466
1664	466
1664	467
1662	467
1662	468
1659	468
1659	469
1658	469
1658	471
1657	471
1657	472
1656	472
1656	473
1655	473
1655	474
1654	474
1654	476
1653	476
1653	478
1652	478
1652	480
1651	480
1651	483
1650	483
1650	486
1649	486
1649	488
1648	488
1648	489
1647	489
1647	490
1646	490
1646	491
1645	491
1645	492
1644	492
1644	493
1643	493
1643	494
1642	494
1642	495
1639	495
1639	496
1638	496
1638	497
1636	497
1636	498
1634	498
1634	499
1632	499
1632	500
1631	500
1631	501
1628	501
1628	502
1627	502
1627	503
1625	503
1625	504
1623	504
1623	505
1622	505
1622	506
1619	506
1619	507
1614	507
1614	508
1610	508
1610	509
1602	509
1602	508
1595	508
1595	507
1593	507
1593	506
1592	506
1592	505
1590	505
1590	504
1588	504
1588	503
1586	503
1586	502
1584	502
1584	501
1582	501
1582	500
1580	500
1580	499
1577	499
1577	498
1574	498
1574	497
1572	497
1572	495
1571	495
1571	492
1570	492
1570	490
1571	490
1571	487
1572	487
1572	482
1571	482
1571	481
1570	481
1570	479
1569	479
1569	478
1567	478
1567	477
1566	477
1566	476
1565	476
1565	475
1564	475
1564	474
1563	474
1563	473
1562	473
1562	472
1561	472
1561	471
1560	471
1560	470
1559	470
1559	469
1558	469
1558	468
1557	468
1557	467
1556	467
1556	466
1554	466
1554	465
1553	465
1553	464
1551	464
1551	463
1550	463
1550	462
1549	462
1549	461
1544	461
1544	460
1540	460
1540	459
1539	459
1539	456
1538	456
1538	455
1537	455
1537	454
1536	454
1536	452
1535	452
1535	449
1534	449
1534	447
1533	447
1533	446
1532	446
1532	445
1531	445
1531	444
1530	444
1530	443
1529	443
1529	440
1528	440
1528	439
1527	439
1527	436
1526	436
1526	434
1524	434
1524	433
1523	433
1523	430
1522	430
1522	429
1521	429
1521	428
1520	428
1520	427
1519	427
1519	426
1518	426
1518	425
1516	425
1516	424
1515	424
1515	422
1514	422
1514	421
1513	421
1513	420
1511	420
1511	418
1510	418
1510	417
1509	417
1509	416
1507	416
1507	414
1505	414
1505	413
1503	413
1503	414
1497	414
1497	415
1495	415
1495	414
1485	414
1485	415
1484	415
1484	416
1483	416
1483	417
1482	417
1482	418
1479	418
1479	419
1478	419
1478	420
1477	420
1477	421
1476	421
1476	422
1475	422
1475	423
1474	423
1474	424
1473	424
1473	426
1472	426
1472	442
1471	442
1471	443
1470	443
1470	444
1468	444
1468	445
1466	445
1466	446
1464	446
1464	447
1463	447
1463	448
1462	448
1462	449
1460	449
1460	450
1459	450
1459	451
1458	451
1458	452
1455	452
1455	453
1454	453
1454	454
1452	454
1452	455
1449	455
1449	456
1448	456
1448	458
1445	458
1445	459
1444	459
1444	460
1442	460
1442	461
1441	461
1441	462
1440	462
1440	463
1439	463
1439	464
1438	464
1438	465
1437	465
1437	466
1436	466
1436	467
1435	467
1435	468
1434	468
1434	469
1433	469
1433	470
1431	470
1431	471
1430	471
1430	472
1429	472
1429	474
1427	474
1427	475
1426	475
1426	476
1425	476
1425	477
1424	477
1424	478
1423	478
1423	479
1422	479
1422	480
1421	480
1421	481
1420	481
1420	482
1419	482
1419	483
1417	483
1417	484
1416	484
1416	485
1415	485
1415	486
1413	486
1413	487
1412	487
1412	488
1411	488
1411	489
1410	489
1410	490
1409	490
1409	491
1408	491
1408	493
1407	493
1407	494
1406	494
1406	495
1405	495
1405	497
1403	497
1403	499
1402	499
1402	500
1401	500
1401	502
1400	502
1400	504
1399	504
1399	507
1398	507
1398	511
1397	511
1397	517
1396	517
1396	519
1397	519
1397	520
1396	520
1396	521
1395	521
1395	522
1394	522
1394	524
1393	524
1393	525
1392	525
1392	527
1390	527
1390	528
1389	528
1389	529
1387	529
1387	530
1386	530
1386	531
1385	531
1385	532
1384	532
1384	533
1382	533
1382	535
1380	535
1380	540
1379	540
1379	542
1378	542
1378	547
1377	547
1377	549
1378	549
1378	550
1377	550
1377	551
1376	551
1376	557
1375	557
1375	562
1374	562
1374	563
1375	563
1375	567
1374	567
1374	570
1373	570
1373	571
1374	571
1374	584
1373	584
1373	585
1374	585
1374	594
1373	594
1373	597
1374	597
1374	598
1373	598
1373	599
1374	599
1374	608
1373	608
1373	611
1372	611
1372	612
1373	612
1373	613
1372	613
1372	614
1371	614
1371	617
1370	617
1370	619
1369	619
1369	620
1368	620
1368	622
1367	622
1367	623
1366	623
1366	625
1365	625
1365	626
1364	626
1364	627
1363	627
1363	628
1361	628
1361	629
1360	629
1360	630
1359	630
1359	631
1358	631
1358	632
1355	632
1355	633
1354	633
1354	634
1350	634
1350	635
1349	635
1349	636
1346	636
1346	637
1345	637
1345	636
1342	636
1342	637
1341	637
1341	636
1340	636
1340	637
1334	637
1334	638
1321	638
1321	637
1315	637
1315	636
1309	636
1309	635
1307	635
1307	634
1306	634
1306	633
1303	633
1303	631
1302	631
1302	630
1301	630
1301	628
1300	628
1300	626
1299	626
1299	625
1298	625
1298	623
1297	623
1297	620
1296	620
1296	616
1295	616
1295	614
1294	614
1294	611
1293	611
1293	609
1292	609
1292	608
1291	608
1291	607
1290	607
1290	605
1289	605
1289	604
1287	604
1287	602
1285	602
1285	601
1284	601
1284	599
1283	599
1283	598
1282	598
1282	597
1281	597
1281	596
1280	596
1280	595
1279	595
1279	594
1278	594
1278	593
1276	593
1276	591
1275	591
1275	590
1273	590
1273	588
1272	588
1272	587
1271	587
1271	586
1270	586
1270	585
1269	585
1269	584
1268	584
1268	583
1266	583
1266	582
1265	582
1265	581
1264	581
1264	580
1263	580
1263	579
1261	579
1261	577
1258	577
1258	576
1256	576
1256	575
1254	575
1254	574
1251	574
1251	572
1249	572
1249	571
1247	571
1247	570
1244	570
1244	569
1243	569
1243	567
1242	567
1242	565
1241	565
1241	564
1240	564
1240	563
1239	563
1239	562
1238	562
1238	560
1239	560
1239	558
1238	558
1238	546
1237	546
1237	542
1236	542
1236	539
1235	539
1235	537
1234	537
1234	534
1233	534
1233	531
1232	531
1232	530
1231	530
1231	529
1230	529
1230	527
1229	527
1229	526
1228	526
1228	525
1227	525
1227	524
1225	524
1225	523
1224	523
1224	522
1223	522
1223	521
1222	521
1222	520
1221	520
1221	519
1220	519
1220	518
1219	518
1219	517
1218	517
1218	516
1217	516
1217	515
1216	515
1216	513
1214	513
1214	512
1213	512
1213	511
1211	511
1211	510
1209	510
1209	509
1205	509
1205	508
1200	508
1200	507
1194	507
1194	508
1191	508
1191	509
1189	509
1189	510
1185	510
1185	511
1184	511
1184	512
1180	512
1180	513
1177	513
1177	514
1175	514
1175	513
1174	513
1174	515
1171	515
1171	516
1168	516
1168	517
1166	517
1166	519
1164	519
1164	520
1163	520
1163	522
1160	522
1160	523
1159	523
1159	524
1157	524
1157	525
1156	525
1156	526
1154	526
1154	527
1149	527
1149	528
1147	528
1147	529
1144	529
1144	530
1142	530
1142	531
1141	531
1141	532
1139	532
1139	533
1137	533
1137	534
1135	534
1135	535
1134	535
1134	537
1133	537
1133	538
1132	538
1132	539
1130	539
1130	540
1129	540
1129	542
1128	542
1128	543
1127	543
1127	544
1126	544
1126	546
1124	546
1124	547
1123	547
1123	548
1119	548
1119	549
1111	549
1111	550
1108	550
1108	551
1107	551
1107	550
1104	550
1104	549
1103	549
1103	550
1095	550
1095	549
1089	549
1089	551
1087	551
1087	550
1086	550
1086	551
1083	551
1083	549
1079	549
1079	548
1078	548
1078	547
1077	547
1077	546
1076	546
1076	545
1075	545
1075	544
1073	544
1073	543
1072	543
1072	542
1069	542
1069	541
1067	541
1067	540
1051	540
1051	539
1043	539
1043	540
1040	540
1040	541
1037	541
1037	542
1035	542
1035	543
1034	543
1034	544
1033	544
1033	545
1031	545
1031	547
1030	547
1030	548
1029	548
1029	549
1026	549
1026	551
1025	551
1025	553
1024	553
1024	554
1023	554
1023	555
1022	555
1022	557
1021	557
1021	559
1020	559
1020	561
1019	561
1019	564
1018	564
1018	567
1017	567
1017	570
1016	570
1016	579
1015	579
1015	585
1016	585
1016	589
1015	589
1015	607
1016	607
1016	610
1015	610
1015	614
1016	614
1016	619
1017	619
1017	626
1016	626
1016	627
1017	627
1017	635
1016	635
1016	638
1015	638
1015	640
1013	640
1013	644
1012	644
1012	645
1011	645
1011	646
1010	646
1010	647
1009	647
1009	648
1008	648
1008	649
1007	649
1007	650
1006	650
1006	651
1005	651
1005	652
1004	652
1004	653
1003	653
1003	654
1002	654
1002	656
1001	656
1001	657
1000	657
1000	658
999	658
999	659
997	659
997	660
995	660
995	661
989	661
989	662
988	662
988	661
986	661
986	662
985	662
985	661
977	661
977	660
972	660
972	661
971	661
971	660
965	660
965	659
964	659
964	660
958	660
958	659
952	659
952	658
940	658
940	657
932	657
932	656
921	656
921	655
919	655
919	656
917	656
917	655
915	655
915	656
914	656
914	655
912	655
912	654
909	654
909	655
906	655
906	654
900	654
900	653
898	653
898	652
895	652
895	651
893	651
893	650
892	650
892	649
889	649
889	648
886	648
886	647
884	647
884	648
881	648
881	647
879	647
879	646
876	646
876	645
875	645
875	644
874	644
874	643
873	643
873	642
872	642
872	641
870	641
870	640
869	640
869	639
868	639
868	638
866	638
866	637
865	637
865	635
863	635
863	634
862	634
862	633
861	633
861	632
860	632
860	631
858	631
858	630
857	630
857	629
855	629
855	627
854	627
854	626
852	626
852	625
850	625
850	624
843	624
843	623
837	623
837	622
835	622
835	621
834	621
834	620
833	620
833	619
831	619
831	618
828	618
828	617
826	617
826	616
822	616
822	615
818	615
818	616
816	616
816	615
810	615
810	614
809	614
809	613
808	613
808	612
807	612
807	610
806	610
806	608
805	608
805	607
804	607
804	606
803	606
803	605
802	605
802	603
801	603
801	602
800	602
800	601
799	601
799	600
797	600
797	599
796	599
796	598
795	598
795	597
793	597
793	596
792	596
792	595
791	595
791	594
790	594
790	593
789	593
789	592
788	592
788	590
786	590
786	589
785	589
785	588
784	588
784	587
782	587
782	586
781	586
781	578
780	578
780	572
781	572
781	568
782	568
782	566
781	566
781	558
782	558
782	557
783	557
783	552
784	552
784	541
785	541
785	536
786	536
786	532
785	532
785	531
786	531
786	529
785	529
785	527
786	527
786	526
785	526
785	522
784	522
784	520
783	520
783	518
782	518
782	517
781	517
781	512
780	512
780	511
779	511
779	510
778	510
778	508
777	508
777	506
776	506
776	504
775	504
775	503
774	503
774	501
773	501
773	500
772	500
772	499
771	499
771	498
769	498
769	496
767	496
767	495
765	495
765	494
763	494
763	493
760	493
760	492
759	492
759	491
757	491
757	490
754	490
754	489
752	489
752	488
749	488
749	487
746	487
746	486
744	486
744	485
736	485
736	486
733	486
733	487
726	487
726	488
725	488
725	487
724	487
724	488
720	488
720	489
712	489
712	488
707	488
707	487
704	487
704	486
702	486
702	485
699	485
699	484
696	484
696	483
694	483
694	482
692	482
692	481
691	481
691	480
687	480
687	479
677	479
677	478
675	478
675	477
674	477
674	476
673	476
673	475
670	475
670	473
665	473
665	472
663	472
663	471
661	471
661	470
655	470
655	471
652	471
652	472
649	472
649	471
646	471
646	472
642	472
642	471
641	471
641	472
639	472
639	473
638	473
638	474
637	474
637	475
635	475
635	476
634	476
634	477
633	477
633	478
632	478
632	481
630	481
630	484
629	484
629	485
628	485
628	488
627	488
627	490
626	490
626	493
625	493
625	495
624	495
624	496
623	496
623	497
622	497
622	498
621	498
621	499
618	499
618	500
617	500
617	501
616	501
616	502
615	502
615	503
612	503
612	504
609	504
609	505
608	505
608	506
607	506
607	507
605	507
605	508
604	508
604	510
603	510
603	511
602	511
602	512
601	512
601	513
598	513
598	514
597	514
597	513
596	513
596	514
589	514
589	513
584	513
584	514
583	514
583	513
580	513
580	514
574	514
574	515
573	515
573	516
571	516
571	517
570	517
570	518
568	518
568	519
567	519
567	520
565	520
565	521
563	521
563	522
559	522
559	523
557	523
557	524
556	524
556	525
555	525
555	526
552	526
552	528
551	528
551	529
550	529
550	530
548	530
548	531
547	531
547	532
545	532
545	533
543	533
543	534
537	534
537	535
533	535
533	536
529	536
529	537
527	537
527	538
521	538
521	537
516	537
516	536
514	536
514	535
512	535
512	534
516	534
516	533
517	533
517	532
516	532
516	531
514	531
514	530
506	530
506	529
504	529
504	528
503	528
503	527
500	527
500	526
499	526
499	525
497	525
497	524
495	524
495	523
494	523
494	522
495	522
495	521
494	521
494	522
493	522
493	518
492	518
492	517
491	517
491	516
490	516
490	517
491	517
491	519
492	519
492	521
491	521
491	520
490	520
490	519
488	519
488	518
487	518
487	517
486	517
486	515
484	515
484	513
483	513
483	512
482	512
482	510
481	510
481	509
480	509
480	506
479	506
479	504
478	504
478	502
477	502
477	500
476	500
476	497
475	497
475	494
474	494
474	491
473	491
473	487
472	487
472	480
471	480
471	478
470	478
470	477
469	477
469	471
468	471
468	468
467	468
467	465
466	465
466	464
467	464
467	463
466	463
466	459
465	459
465	454
464	454
464	453
465	453
465	451
464	451
464	439
463	439
463	438
464	438
464	437
463	437
463	433
464	433
464	432
463	432
463	430
462	430
462	422
461	422
461	403
460	403
460	402
461	402
461	401
460	401
460	399
461	399
461	398
464	398
464	397
465	397
465	396
466	396
466	393
464	393
464	392
461	392
461	393
460	393
460	390
458	390
458	388
457	388
457	387
456	387
456	386
453	386
453	387
452	387
452	389
451	389
451	390
450	390
450	391
451	391
451	390
452	390
452	392
451	392
451	393
450	393
450	399
449	399
449	402
448	402
448	405
447	405
447	407
446	407
446	409
445	409
445	410
443	410
443	411
441	411
441	412
440	412
440	415
439	415
439	418
438	418
438	421
437	421
437	425
436	425
436	428
437	428
437	429
436	429
436	430
435	430
435	444
436	444
436	452
437	452
437	460
438	460
438	464
439	464
439	467
440	467
440	472
439	472
439	474
436	474
436	475
434	475
434	476
423	476
423	475
421	475
421	476
419	476
419	475
416	475
416	474
411	474
411	473
409	473
409	472
406	472
406	470
405	470
405	471
402	471
402	470
399	470
399	469
395	469
395	468
393	468
393	467
388	467
388	468
387	468
387	467
386	467
386	468
385	468
385	469
382	469
382	468
378	468
378	467
374	467
374	465
373	465
373	464
372	464
372	463
369	463
369	464
368	464
368	465
366	465
366	464
365	464
365	465
363	465
363	464
361	464
361	460
360	460
360	459
359	459
359	458
358	458
358	456
357	456
357	454
356	454
356	452
355	452
355	450
354	450
354	452
355	452
355	454
356	454
356	456
357	456
357	460
356	460
356	464
354	464
354	463
349	463
349	462
347	462
347	461
345	461
345	460
344	460
344	459
341	459
341	458
338	458
338	457
337	457
337	456
335	456
335	454
334	454
334	455
332	455
332	454
330	454
330	453
329	453
329	452
326	452
326	450
325	450
325	449
324	449
324	448
323	448
323	447
322	447
322	446
321	446
321	445
320	445
320	443
318	443
318	442
317	442
317	441
316	441
316	439
315	439
315	438
314	438
314	437
313	437
313	436
312	436
312	435
311	435
311	433
309	433
309	432
308	432
308	431
307	431
307	430
306	430
306	429
305	429
305	427
303	427
303	425
302	425
302	424
301	424
301	423
300	423
300	421
299	421
299	418
298	418
298	413
297	413
297	410
296	410
296	407
295	407
295	405
296	405
296	402
295	402
295	400
296	400
296	399
295	399
295	371
294	371
294	366
293	366
293	364
294	364
294	363
293	363
293	361
294	361
294	347
295	347
295	343
296	343
296	339
297	339
297	332
298	332
298	328
299	328
299	315
300	315
300	314
299	314
299	303
300	303
300	297
301	297
301	292
302	292
302	290
303	290
303	287
302	287
302	285
303	285
303	280
302	280
302	275
301	275
301	270
300	270
300	265
299	265
299	263
298	263
298	259
297	259
297	257
296	257
296	256
295	256
295	253
294	253
294	252
293	252
293	250
292	250
292	249
290	249
290	246
289	246
289	245
288	245
288	244
287	244
287	243
286	243
286	242
285	242
285	241
284	241
284	240
282	240
282	238
280	238
280	237
279	237
279	236
278	236
278	235
276	235
276	234
275	234
275	233
273	233
273	232
270	232
270	231
267	231
267	230
266	230
266	229
263	229
263	228
259	228
259	227
257	227
257	226
251	226
251	225
248	225
248	224
247	224
247	225
246	225
246	224
245	224
245	221
243	221
243	219
242	219
242	217
241	217
241	213
240	213
240	209
239	209
239	204
238	204
238	202
237	202
237	198
236	198
236	187
235	187
235	184
234	184
234	177
233	177
233	175
232	175
232	171
231	171
231	167
230	167
230	165
229	165
229	161
228	161
228	157
227	157
227	152
224	152
224	151
223	151
223	150
222	150
222	149
220	149
220	148
218	148
218	146
216	146
216	145
214	145
214	144
212	144
212	143
210	143
210	141
207	141
207	142
206	142
206	143
204	143
204	144
203	144
203	148
206	148
206	157
205	157
205	158
204	158
204	162
203	162
203	163
204	163
204	164
203	164
203	171
202	171
202	172
203	172
203	173
202	173
202	174
203	174
203	181
204	181
204	187
203	187
203	189
202	189
202	195
201	195
201	196
202	196
202	198
201	198
201	201
200	201
200	203
201	203
201	205
200	205
200	209
201	209
201	210
200	210
200	214
199	214
199	215
198	215
198	216
197	216
197	217
196	217
196	218
195	218
195	220
190	220
190	221
189	221
189	220
182	220
182	219
171	219
171	218
166	218
166	217
163	217
163	216
161	216
161	215
157	215
157	213
155	213
155	215
156	215
156	216
157	216
157	217
161	217
161	218
163	218
163	219
165	219
165	220
170	220
170	221
174	221
174	222
177	222
177	221
183	221
183	222
189	222
189	223
192	223
192	222
198	222
198	221
200	221
200	219
201	219
201	218
202	218
202	217
203	217
203	214
204	214
204	211
205	211
205	203
206	203
206	200
207	200
207	189
208	189
208	185
209	185
209	181
208	181
208	178
209	178
209	176
208	176
208	173
209	173
209	172
208	172
208	162
209	162
209	160
210	160
210	156
211	156
211	154
212	154
212	151
214	151
214	152
215	152
215	153
217	153
217	154
218	154
218	155
220	155
220	156
221	156
221	158
222	158
222	161
223	161
223	164
224	164
224	167
225	167
225	172
226	172
226	175
227	175
227	177
228	177
228	180
229	180
229	187
230	187
230	190
231	190
231	198
232	198
232	204
233	204
233	208
234	208
234	213
235	213
235	217
236	217
236	222
237	222
237	223
238	223
238	224
239	224
239	226
240	226
240	229
241	229
241	230
247	230
247	231
252	231
252	232
254	232
254	233
258	233
258	234
259	234
259	235
264	235
264	236
267	236
267	237
270	237
270	238
272	238
272	239
273	239
273	240
274	240
274	241
275	241
275	242
276	242
276	243
277	243
277	244
279	244
279	246
281	246
281	247
282	247
282	248
283	248
283	249
284	249
284	251
285	251
285	252
286	252
286	254
287	254
287	256
288	256
288	258
289	258
289	260
291	260
291	261
292	261
292	264
293	264
293	268
294	268
294	275
295	275
295	276
296	276
296	279
298	279
298	281
297	281
297	284
296	284
296	287
297	287
297	288
296	288
296	291
297	291
297	292
296	292
296	293
297	293
297	294
296	294
296	296
295	296
295	300
294	300
294	308
293	308
293	309
294	309
294	312
293	312
293	318
294	318
294	322
293	322
293	321
292	321
292	322
293	322
293	323
294	323
294	329
293	329
293	333
292	333
292	337
291	337
291	341
290	341
290	345
289	345
289	352
288	352
288	353
289	353
289	358
288	358
288	364
289	364
289	366
288	366
288	369
289	369
289	374
290	374
290	375
289	375
289	389
288	389
288	394
289	394
289	399
290	399
290	405
289	405
289	406
290	406
290	410
291	410
291	413
292	413
292	416
293	416
293	424
294	424
294	426
295	426
295	427
297	427
297	428
298	428
298	429
299	429
299	430
300	430
300	432
301	432
301	434
304	434
304	435
305	435
305	437
306	437
306	438
307	438
307	439
309	439
309	441
310	441
310	442
311	442
311	443
312	443
312	444
313	444
313	445
315	445
315	447
316	447
316	448
317	448
317	449
318	449
318	450
319	450
319	452
321	452
321	454
322	454
322	455
324	455
324	456
326	456
326	458
327	458
327	459
328	459
328	460
330	460
330	461
333	461
333	462
336	462
336	463
337	463
337	464
342	464
342	465
344	465
344	466
345	466
345	468
349	468
349	469
353	469
353	470
355	470
355	471
358	471
358	472
362	472
362	471
363	471
363	472
373	472
373	474
374	474
374	473
375	473
375	474
376	474
376	475
384	475
384	474
389	474
389	473
390	473
390	474
391	474
391	473
394	473
394	474
399	474
399	475
402	475
402	476
404	476
404	477
407	477
407	478
410	478
410	479
412	479
412	480
413	480
413	481
416	481
416	482
421	482
421	483
424	483
424	482
425	482
425	483
432	483
432	482
435	482
435	481
437	481
437	480
440	480
440	478
442	478
442	477
443	477
443	475
444	475
444	471
445	471
445	465
444	465
444	462
443	462
443	459
442	459
442	458
441	458
441	455
442	455
442	453
441	453
441	450
440	450
440	435
439	435
439	434
440	434
440	428
441	428
441	427
440	427
440	425
441	425
441	423
442	423
442	421
443	421
443	418
444	418
444	416
447	416
447	415
448	415
448	414
449	414
449	413
450	413
450	411
451	411
451	408
452	408
452	406
453	406
453	402
454	402
454	411
455	411
455	415
454	415
454	416
455	416
455	423
456	423
456	424
455	424
455	425
456	425
456	430
457	430
457	436
456	436
456	437
457	437
457	441
458	441
458	442
457	442
457	444
458	444
458	445
457	445
457	446
458	446
458	451
459	451
459	459
460	459
460	464
461	464
461	468
462	468
462	472
463	472
463	477
464	477
464	481
465	481
465	484
466	484
