414	442
415	442
415	452
414	452
414	455
415	455
415	457
416	457
416	459
417	459
417	461
418	461
418	462
417	462
417	466
418	466
418	469
419	469
419	470
420	470
420	471
421	471
421	473
422	473
422	474
423	474
423	478
424	478
424	479
425	479
425	480
430	480
430	481
433	481
433	480
443	480
443	479
445	479
445	478
446	478
446	477
447	477
447	476
449	476
449	475
450	475
450	474
452	474
452	473
453	473
453	472
454	472
454	471
455	471
455	470
456	470
456	468
458	468
458	467
459	467
459	466
461	466
461	464
462	464
462	461
464	461
464	460
465	460
465	458
466	458
466	457
467	457
467	455
468	455
468	453
469	453
469	452
470	452
470	451
472	451
472	450
475	450
475	449
476	449
476	450
478	450
478	449
481	449
481	448
483	448
483	447
488	447
488	446
489	446
489	445
491	445
491	444
492	444
492	442
494	442
494	441
495	441
495	439
497	439
497	438
498	438
498	436
499	436
499	435
500	435
500	434
501	434
501	433
503	433
503	431
512	431
512	430
513	430
513	429
515	429
515	428
517	428
517	427
519	427
519	426
520	426
520	425
522	425
522	424
523	424
523	423
524	423
524	421
525	421
525	420
526	420
526	418
527	418
527	417
529	417
529	414
530	414
530	413
532	413
532	410
535	410
535	409
536	409
536	408
537	408
537	407
538	407
538	405
540	405
540	404
541	404
541	403
542	403
542	401
543	401
543	400
544	400
544	398
545	398
545	395
546	395
546	392
547	392
547	386
548	386
548	381
549	381
549	379
550	379
550	377
551	377
551	376
552	376
552	375
554	375
554	373
555	373
555	372
558	372
558	373
559	373
559	374
562	374
562	375
568	375
568	376
574	376
574	377
577	377
577	378
585	378
585	379
588	379
588	380
592	380
592	381
594	381
594	382
595	382
595	383
596	383
596	385
597	385
597	386
600	386
600	387
601	387
601	390
602	390
602	392
604	392
604	393
608	393
608	394
610	394
610	396
612	396
612	398
613	398
613	400
614	400
614	402
615	402
615	403
616	403
616	404
617	404
617	405
618	405
618	406
619	406
619	407
620	407
620	408
619	408
619	409
620	409
620	414
619	414
619	417
618	417
618	420
619	420
619	421
618	421
618	424
617	424
617	426
618	426
618	430
617	430
617	431
618	431
618	433
617	433
617	439
616	439
616	444
615	444
615	454
614	454
614	455
615	455
615	457
614	457
614	461
613	461
613	469
614	469
614	470
613	470
613	474
614	474
614	481
613	481
613	485
614	485
614	486
613	486
613	487
614	487
614	488
613	488
613	497
612	497
612	498
611	498
611	505
610	505
610	521
609	521
609	525
608	525
608	535
607	535
607	536
606	536
606	545
605	545
605	549
604	549
604	552
603	552
603	562
604	562
604	564
605	564
605	565
604	565
604	570
603	570
603	577
604	577
604	580
603	580
603	587
604	587
604	588
603	588
603	594
604	594
604	596
603	596
603	609
604	609
604	611
603	611
603	613
602	613
602	616
603	616
603	617
602	617
602	625
603	625
603	627
602	627
602	636
603	636
603	639
605	639
605	640
606	640
606	641
607	641
607	642
608	642
608	643
609	643
609	644
611	644
611	645
617	645
617	646
619	646
619	645
621	645
621	646
622	646
622	647
623	647
623	648
624	648
624	649
626	649
626	650
627	650
627	651
628	651
628	652
629	652
629	654
631	654
631	656
632	656
632	657
633	657
633	658
635	658
635	661
636	661
636	662
639	662
639	663
640	663
640	662
642	662
642	663
645	663
645	664
646	664
646	669
647	669
647	671
648	671
648	673
649	673
649	674
651	674
651	675
653	675
653	676
655	676
655	677
657	677
657	678
659	678
659	679
661	679
661	680
663	680
663	682
664	682
664	684
665	684
665	686
666	686
666	690
669	690
669	689
670	689
670	690
672	690
672	691
675	691
675	690
676	690
676	691
681	691
681	692
683	692
683	691
684	691
684	690
686	690
686	689
688	689
688	688
689	688
689	686
690	686
690	684
691	684
691	680
692	680
692	673
693	673
693	672
694	672
694	670
695	670
695	669
694	669
694	668
695	668
695	667
696	667
696	665
697	665
697	663
698	663
698	659
699	659
699	658
700	658
700	657
701	657
701	656
702	656
702	655
705	655
705	654
708	654
708	653
710	653
710	652
714	652
714	651
715	651
715	652
716	652
716	651
718	651
718	650
719	650
719	649
720	649
720	648
721	648
721	646
722	646
722	645
723	645
723	644
724	644
724	643
725	643
725	641
727	641
727	640
728	640
728	639
730	639
730	638
732	638
732	637
736	637
736	636
738	636
738	635
741	635
741	634
742	634
742	633
743	633
743	631
744	631
744	628
745	628
745	617
746	617
746	616
747	616
747	615
748	615
748	614
749	614
749	612
748	612
748	609
749	609
749	607
750	607
750	606
751	606
751	604
752	604
752	601
753	601
753	594
754	594
754	593
753	593
753	592
754	592
754	589
755	589
755	588
754	588
754	577
753	577
753	576
754	576
754	567
755	567
755	558
756	558
756	555
755	555
755	553
756	553
756	550
757	550
757	548
758	548
758	546
759	546
759	545
760	545
760	544
762	544
762	543
763	543
763	542
764	542
764	541
765	541
765	539
767	539
767	538
768	538
768	537
772	537
772	536
776	536
776	535
780	535
780	534
783	534
783	535
785	535
785	536
790	536
790	535
791	535
791	534
792	534
792	533
796	533
796	532
802	532
802	531
804	531
804	530
807	530
807	529
808	529
808	530
810	530
810	529
812	529
812	530
816	530
816	531
826	531
826	530
827	530
827	531
829	531
829	532
839	532
839	533
840	533
840	535
843	535
843	537
844	537
844	538
846	538
846	540
847	540
847	543
848	543
848	546
849	546
849	548
850	548
850	550
851	550
851	553
852	553
852	556
853	556
853	560
852	560
852	567
853	567
853	568
854	568
854	569
863	569
863	570
864	570
864	569
867	569
867	568
871	568
871	567
876	567
876	568
881	568
881	565
882	565
882	564
885	564
885	563
888	563
888	562
907	562
907	563
908	563
908	562
911	562
911	563
917	563
917	562
922	562
922	563
926	563
926	562
928	562
928	563
933	563
933	564
934	564
934	566
936	566
936	567
937	567
937	569
938	569
938	570
939	570
939	571
940	571
940	577
941	577
941	579
942	579
942	580
941	580
941	586
942	586
942	587
941	587
941	591
940	591
940	599
939	599
939	603
941	603
941	604
943	604
943	603
946	603
946	604
949	604
949	606
951	606
951	607
952	607
952	608
953	608
953	609
954	609
954	610
955	610
955	611
957	611
957	612
958	612
958	613
959	613
959	614
964	614
964	615
968	615
968	616
971	616
971	617
973	617
973	618
974	618
974	619
975	619
975	620
976	620
976	619
977	619
977	620
980	620
980	621
982	621
982	622
983	622
983	621
984	621
984	622
988	622
988	623
990	623
990	624
994	624
994	625
995	625
995	626
997	626
997	627
998	627
998	628
999	628
999	630
1001	630
1001	631
1003	631
1003	632
1004	632
1004	634
1006	634
1006	635
1007	635
1007	636
1008	636
1008	635
1009	635
1009	637
1010	637
1010	636
1012	636
1012	637
1018	637
1018	638
1020	638
1020	639
1021	639
1021	640
1022	640
1022	641
1024	641
1024	642
1025	642
1025	643
1026	643
1026	644
1027	644
1027	645
1028	645
1028	646
1030	646
1030	648
1031	648
1031	649
1032	649
1032	650
1033	650
1033	651
1036	651
1036	652
1039	652
1039	653
1041	653
1041	655
1042	655
1042	656
1043	656
1043	658
1044	658
1044	659
1045	659
1045	660
1047	660
1047	661
1052	661
1052	663
1053	663
1053	664
1055	664
1055	665
1056	665
1056	666
1057	666
1057	667
1058	667
1058	668
1059	668
1059	669
1060	669
1060	670
1061	670
1061	672
1062	672
1062	673
1063	673
1063	674
1064	674
1064	676
1065	676
1065	678
1066	678
1066	679
1067	679
1067	681
1071	681
1071	682
1072	682
1072	683
1074	683
1074	684
1075	684
1075	685
1076	685
1076	687
1077	687
1077	689
1078	689
1078	691
1079	691
1079	694
1080	694
1080	697
1081	697
1081	699
1082	699
1082	704
1083	704
1083	706
1082	706
1082	707
1083	707
1083	708
1082	708
1082	710
1084	710
1084	711
1087	711
1087	709
1086	709
1086	699
1085	699
1085	695
1084	695
1084	693
1083	693
1083	692
1082	692
1082	690
1081	690
1081	687
1080	687
1080	686
1079	686
1079	684
1078	684
1078	683
1077	683
1077	682
1076	682
1076	681
1075	681
1075	680
1074	680
1074	678
1073	678
1073	677
1072	677
1072	675
1070	675
1070	674
1069	674
1069	673
1067	673
1067	671
1066	671
1066	669
1065	669
1065	668
1064	668
1064	666
1063	666
1063	664
1062	664
1062	662
1061	662
1061	661
1059	661
1059	660
1057	660
1057	659
1054	659
1054	658
1053	658
1053	657
1052	657
1052	656
1050	656
1050	655
1049	655
1049	653
1046	653
1046	652
1044	652
1044	651
1043	651
1043	650
1042	650
1042	649
1040	649
1040	648
1039	648
1039	646
1037	646
1037	645
1033	645
1033	644
1032	644
1032	643
1031	643
1031	642
1030	642
1030	640
1029	640
1029	639
1027	639
1027	638
1026	638
1026	637
1025	637
1025	636
1024	636
1024	635
1022	635
1022	634
1020	634
1020	633
1016	633
1016	632
1015	632
1015	631
1011	631
1011	630
1010	630
1010	629
1005	629
1005	628
1004	628
1004	627
1003	627
1003	625
1001	625
1001	624
1000	624
1000	623
999	623
999	622
998	622
998	621
995	621
995	620
994	620
994	618
991	618
991	617
989	617
989	616
983	616
983	615
981	615
981	614
979	614
979	613
976	613
976	614
975	614
975	612
972	612
972	610
965	610
965	609
958	609
958	608
956	608
956	606
955	606
955	605
954	605
954	604
953	604
953	603
951	603
951	602
950	602
950	600
949	600
949	599
948	599
948	598
947	598
947	597
944	597
944	590
945	590
945	577
944	577
944	574
943	574
943	570
942	570
942	568
941	568
941	567
940	567
940	561
939	561
939	560
936	560
936	559
935	559
935	560
933	560
933	559
934	559
934	557
933	557
933	556
932	556
932	555
929	555
929	556
913	556
913	557
912	557
912	556
911	556
911	557
909	557
909	556
908	556
908	557
906	557
906	556
904	556
904	557
901	557
901	556
899	556
899	557
898	557
898	556
896	556
896	557
895	557
895	556
893	556
893	557
889	557
889	556
887	556
887	557
883	557
883	558
881	558
881	559
880	559
880	560
879	560
879	561
878	561
878	562
877	562
877	561
871	561
871	562
867	562
867	563
866	563
866	564
865	564
865	563
858	563
858	557
857	557
857	552
856	552
856	549
855	549
855	547
854	547
854	545
853	545
853	543
852	543
852	541
851	541
851	539
850	539
850	538
848	538
848	537
849	537
849	536
848	536
848	535
847	535
847	533
846	533
846	530
845	530
845	529
843	529
843	528
842	528
842	527
841	527
841	528
840	528
840	527
839	527
839	526
834	526
834	525
831	525
831	524
830	524
830	525
828	525
828	524
817	524
817	525
816	525
816	524
814	524
814	523
813	523
813	524
809	524
809	523
808	523
808	524
804	524
804	525
802	525
802	526
795	526
795	527
792	527
792	528
789	528
789	529
788	529
788	530
781	530
781	529
773	529
773	530
770	530
770	531
766	531
766	532
765	532
765	533
764	533
764	534
763	534
763	536
761	536
761	537
759	537
759	538
758	538
758	539
756	539
756	540
755	540
755	542
754	542
754	543
753	543
753	545
752	545
752	548
751	548
751	550
750	550
750	562
749	562
749	563
750	563
750	568
749	568
749	569
750	569
750	570
749	570
749	593
748	593
748	598
747	598
747	603
746	603
746	604
745	604
745	605
744	605
744	607
743	607
743	613
742	613
742	617
741	617
741	625
740	625
740	628
739	628
739	630
738	630
738	631
735	631
735	632
732	632
732	633
729	633
729	632
728	632
728	633
727	633
727	634
726	634
726	635
724	635
724	636
722	636
722	637
719	637
719	639
718	639
718	640
717	640
717	642
716	642
716	643
715	643
715	644
713	644
713	645
712	645
712	646
708	646
708	647
706	647
706	648
704	648
704	649
702	649
702	650
701	650
701	651
700	651
700	652
699	652
699	653
697	653
697	654
696	654
696	655
695	655
695	656
694	656
694	660
693	660
693	661
692	661
692	662
691	662
691	665
690	665
690	667
689	667
689	670
688	670
688	674
687	674
687	679
686	679
686	682
685	682
685	683
684	683
684	684
681	684
681	685
680	685
680	686
679	686
679	685
675	685
675	684
672	684
672	683
670	683
670	681
669	681
669	679
668	679
668	677
667	677
667	676
666	676
666	675
664	675
664	674
663	674
663	673
661	673
661	672
660	672
660	671
658	671
658	670
654	670
654	666
653	666
653	665
654	665
654	664
653	664
653	663
652	663
652	661
651	661
651	660
649	660
649	659
646	659
646	658
643	658
643	657
641	657
641	654
640	654
640	653
639	653
639	652
634	652
634	651
633	651
633	649
632	649
632	648
631	648
631	646
629	646
629	645
627	645
627	643
625	643
625	641
621	641
621	640
618	640
618	639
613	639
613	638
611	638
611	637
610	637
610	634
609	634
609	633
608	633
608	625
607	625
607	623
608	623
608	611
609	611
609	603
608	603
608	600
609	600
609	599
608	599
608	597
609	597
609	591
608	591
608	589
609	589
609	587
608	587
608	569
609	569
609	567
608	567
608	566
609	566
609	558
608	558
608	557
609	557
609	552
610	552
610	545
611	545
611	540
612	540
612	537
613	537
613	533
614	533
614	528
613	528
613	527
614	527
614	526
615	526
615	525
614	525
614	523
615	523
615	521
614	521
614	520
615	520
615	519
614	519
614	515
615	515
615	506
616	506
616	500
617	500
617	494
618	494
618	479
619	479
619	478
618	478
618	476
619	476
619	474
618	474
618	465
619	465
619	454
620	454
620	443
621	443
621	438
622	438
622	429
623	429
623	428
622	428
622	426
623	426
623	422
624	422
624	421
623	421
623	420
624	420
624	414
625	414
625	409
626	409
626	408
628	408
628	406
629	406
629	402
628	402
628	400
627	400
627	399
626	399
626	398
625	398
625	397
624	397
624	396
623	396
623	395
627	395
627	396
628	396
628	399
629	399
629	400
630	400
630	403
633	403
633	402
631	402
631	400
630	400
630	399
629	399
629	396
628	396
628	395
627	395
627	394
623	394
623	392
622	392
622	390
621	390
621	389
622	389
622	386
620	386
620	385
614	385
614	384
612	384
612	383
608	383
608	382
607	382
607	381
604	381
604	380
602	380
602	379
601	379
601	378
600	378
600	377
597	377
597	375
595	375
595	374
594	374
594	373
592	373
592	372
586	372
586	371
582	371
582	370
580	370
580	371
579	371
579	370
576	370
576	369
573	369
573	368
571	368
571	367
569	367
569	368
566	368
566	367
563	367
563	366
562	366
562	365
561	365
561	364
560	364
560	363
559	363
559	362
556	362
556	363
554	363
554	364
552	364
552	365
551	365
551	367
550	367
550	369
548	369
548	370
547	370
547	371
546	371
546	372
545	372
545	374
544	374
544	377
543	377
543	379
542	379
542	383
541	383
541	388
540	388
540	391
539	391
539	395
538	395
538	397
537	397
537	398
536	398
536	399
535	399
535	400
534	400
534	401
533	401
533	402
532	402
532	403
529	403
529	404
528	404
528	405
527	405
527	407
525	407
525	409
524	409
524	411
523	411
523	412
522	412
522	414
521	414
521	416
520	416
520	418
519	418
519	419
516	419
516	420
515	420
515	421
513	421
513	422
511	422
511	423
509	423
509	424
503	424
503	425
500	425
500	426
499	426
499	427
498	427
498	428
497	428
497	429
496	429
496	430
495	430
495	431
494	431
494	432
493	432
493	433
492	433
492	434
491	434
491	435
490	435
490	436
489	436
489	437
488	437
488	438
487	438
487	439
486	439
486	440
483	440
483	441
480	441
480	442
478	442
478	443
469	443
469	444
468	444
468	445
467	445
467	446
466	446
466	447
465	447
465	448
464	448
464	449
463	449
463	450
462	450
462	452
461	452
461	454
460	454
460	455
459	455
459	457
458	457
458	458
457	458
457	460
456	460
456	461
454	461
454	462
453	462
453	464
451	464
451	465
450	465
450	466
449	466
449	467
448	467
448	468
447	468
447	469
444	469
444	471
443	471
443	472
439	472
439	473
429	473
429	470
428	470
428	469
427	469
427	467
426	467
426	466
425	466
425	464
424	464
424	458
423	458
423	455
422	455
422	452
421	452
421	442
420	442
420	433
419	433
419	432
420	432
420	430
419	430
419	416
418	416
418	409
417	409
417	407
416	407
416	397
415	397
415	395
414	395
414	393
413	393
413	392
412	392
412	388
411	388
411	382
412	382
412	380
413	380
413	376
414	376
414	366
415	366
415	356
416	356
416	353
417	353
417	348
418	348
418	316
419	316
419	311
420	311
420	309
419	309
419	308
416	308
416	307
413	307
413	308
411	308
411	307
401	307
401	308
399	308
399	307
397	307
397	308
394	308
394	309
391	309
391	308
389	308
389	309
387	309
387	310
383	310
383	311
382	311
382	310
372	310
372	309
370	309
370	308
369	308
369	307
366	307
366	306
363	306
363	305
353	305
353	306
349	306
349	307
348	307
348	308
346	308
346	311
345	311
345	317
344	317
344	320
343	320
343	321
342	321
342	324
341	324
341	326
342	326
342	327
341	327
341	328
340	328
340	330
339	330
339	331
338	331
338	333
337	333
337	338
336	338
336	347
335	347
335	352
334	352
334	355
333	355
333	360
332	360
332	364
331	364
331	365
330	365
330	366
329	366
329	367
327	367
327	368
326	368
326	370
325	370
325	372
323	372
323	373
322	373
322	374
320	374
320	375
319	375
319	376
317	376
317	377
316	377
316	378
314	378
314	379
305	379
305	380
303	380
303	381
302	381
302	380
300	380
300	381
289	381
289	382
287	382
287	383
283	383
283	382
277	382
277	381
273	381
273	380
272	380
272	377
270	377
270	375
269	375
269	374
268	374
268	371
267	371
267	368
266	368
266	367
265	367
265	363
264	363
264	361
263	361
263	359
262	359
262	358
261	358
261	357
260	357
260	355
259	355
259	354
258	354
258	353
257	353
257	352
256	352
256	351
255	351
255	350
254	350
254	348
250	348
250	347
247	347
247	346
245	346
245	347
242	347
242	348
238	348
238	349
235	349
235	350
231	350
231	351
227	351
227	352
221	352
221	351
217	351
217	350
216	350
216	339
215	339
215	337
216	337
216	326
215	326
215	325
216	325
216	323
215	323
215	288
214	288
214	287
213	287
213	267
212	267
212	265
211	265
211	261
210	261
210	259
209	259
209	255
208	255
208	251
207	251
207	248
206	248
206	240
205	240
205	236
204	236
204	235
203	235
203	234
202	234
202	231
201	231
201	230
196	230
196	229
194	229
194	228
191	228
191	227
189	227
189	226
186	226
186	225
184	225
184	224
181	224
181	223
177	223
177	222
175	222
175	223
171	223
171	224
170	224
170	223
163	223
163	222
162	222
162	221
157	221
157	220
154	220
154	219
151	219
151	218
150	218
150	217
149	217
149	216
148	216
148	214
147	214
147	213
146	213
146	212
145	212
145	210
144	210
144	209
143	209
143	207
142	207
142	206
141	206
141	204
139	204
139	203
137	203
137	204
136	204
136	199
137	199
137	196
136	196
136	194
137	194
137	192
136	192
136	185
135	185
135	184
136	184
136	180
137	180
137	177
136	177
136	176
135	176
135	175
133	175
133	174
131	174
131	173
129	173
129	172
126	172
126	171
125	171
125	170
124	170
124	169
123	169
123	168
122	168
122	167
120	167
120	165
117	165
117	164
109	164
109	165
108	165
108	166
107	166
107	169
108	169
108	170
109	170
109	171
116	171
116	172
118	172
118	173
119	173
119	175
120	175
120	176
121	176
121	177
122	177
122	178
123	178
123	179
126	179
126	180
129	180
129	184
130	184
130	185
129	185
129	197
130	197
130	201
129	201
129	209
130	209
130	210
135	210
135	211
136	211
136	213
139	213
139	214
140	214
140	216
141	216
141	217
142	217
142	218
143	218
143	219
144	219
144	220
145	220
145	221
146	221
146	223
147	223
147	224
148	224
148	225
150	225
150	226
152	226
152	227
154	227
154	228
160	228
160	229
169	229
169	230
171	230
171	229
172	229
172	230
179	230
179	231
181	231
181	232
183	232
183	233
186	233
186	234
189	234
189	235
192	235
192	236
194	236
194	237
195	237
195	238
196	238
196	239
197	239
197	242
198	242
198	245
199	245
199	249
200	249
200	254
201	254
201	257
202	257
202	262
203	262
203	264
204	264
204	266
205	266
205	270
206	270
206	286
207	286
207	288
206	288
206	290
207	290
207	295
208	295
208	313
209	313
209	321
208	321
208	328
209	328
209	335
208	335
208	340
209	340
209	344
208	344
208	346
209	346
209	352
210	352
210	357
211	357
211	358
213	358
213	357
214	357
214	358
220	358
220	359
228	359
228	358
234	358
234	357
240	357
240	356
241	356
241	355
243	355
243	354
245	354
245	355
247	355
247	356
248	356
248	357
250	357
250	358
251	358
251	359
252	359
252	360
253	360
253	361
254	361
254	362
255	362
255	363
256	363
256	366
257	366
257	369
258	369
258	371
259	371
259	373
260	373
260	375
261	375
261	377
262	377
262	379
264	379
264	380
265	380
265	383
266	383
266	384
267	384
267	385
268	385
268	387
269	387
269	388
270	388
270	389
277	389
277	390
289	390
289	389
291	389
291	388
299	388
299	387
307	387
307	386
309	386
309	385
310	385
310	386
316	386
316	385
317	385
317	384
319	384
319	383
321	383
321	382
322	382
322	381
323	381
323	380
325	380
325	379
327	379
327	378
328	378
328	376
329	376
329	374
331	374
331	373
332	373
332	372
334	372
334	371
335	371
335	370
336	370
336	369
337	369
337	368
338	368
338	366
339	366
339	361
340	361
340	354
341	354
341	350
342	350
342	347
343	347
343	336
344	336
344	335
345	335
345	333
346	333
346	332
347	332
347	331
348	331
348	326
349	326
349	323
350	323
350	322
351	322
351	320
352	320
352	317
353	317
353	313
357	313
357	312
358	312
358	313
362	313
362	314
365	314
365	315
367	315
367	316
369	316
369	317
375	317
375	318
384	318
384	317
389	317
389	316
395	316
395	315
411	315
411	329
412	329
412	347
411	347
411	352
410	352
410	359
409	359
409	369
408	369
408	373
407	373
407	376
406	376
406	379
405	379
405	382
404	382
404	392
405	392
405	393
406	393
406	398
407	398
407	399
408	399
408	400
409	400
409	401
410	401
410	409
411	409
411	415
412	415
412	427
413	427
413	434
414	434
1403	652
1402	652
1402	653
1400	653
1400	655
1398	655
1398	657
1395	657
1395	658
1394	658
1394	660
1393	660
1393	661
1392	661
1392	663
1390	663
1390	667
1389	667
1389	669
1388	669
1388	674
1387	674
1387	677
1386	677
1386	680
1384	680
1384	681
1375	681
1375	682
1374	682
1374	680
1371	680
1371	679
1369	679
1369	678
1368	678
1368	677
1367	677
1367	676
1365	676
1365	675
1363	675
1363	674
1362	674
1362	672
1360	672
1360	671
1357	671
1357	670
1354	670
1354	671
1352	671
1352	672
1351	672
1351	671
1348	671
1348	669
1346	669
1346	668
1344	668
1344	666
1342	666
1342	665
1341	665
1341	664
1340	664
1340	663
1339	663
1339	662
1336	662
1336	661
1334	661
1334	660
1329	660
1329	659
1327	659
1327	658
1326	658
1326	657
1325	657
1325	656
1324	656
1324	655
1322	655
1322	653
1320	653
1320	652
1319	652
1319	651
1314	651
1314	649
1311	649
1311	648
1310	648
1310	647
1308	647
1308	646
1307	646
1307	645
1305	645
1305	643
1304	643
1304	634
1305	634
1305	633
1304	633
1304	632
1305	632
1305	627
1306	627
1306	626
1305	626
1305	621
1306	621
1306	612
1307	612
1307	611
1306	611
1306	609
1307	609
1307	606
1306	606
1306	605
1307	605
1307	601
1306	601
1306	600
1307	600
1307	598
1306	598
1306	589
1305	589
1305	588
1306	588
1306	587
1305	587
1305	585
1304	585
1304	583
1303	583
1303	581
1302	581
1302	580
1301	580
1301	579
1300	579
1300	577
1299	577
1299	575
1296	575
1296	574
1295	574
1295	573
1294	573
1294	572
1293	572
1293	571
1292	571
1292	570
1289	570
1289	569
1284	569
1284	568
1281	568
1281	567
1280	567
1280	566
1279	566
1279	563
1278	563
1278	560
1277	560
1277	558
1278	558
1278	557
1277	557
1277	556
1276	556
1276	555
1277	555
1277	546
1278	546
1278	543
1277	543
1277	540
1278	540
1278	539
1279	539
1279	538
1278	538
1278	528
1277	528
1277	527
1278	527
1278	520
1277	520
1277	519
1278	519
1278	517
1277	517
1277	509
1276	509
1276	505
1275	505
1275	503
1274	503
1274	501
1273	501
1273	499
1272	499
1272	493
1271	493
1271	491
1270	491
1270	486
1269	486
1269	483
1268	483
1268	479
1267	479
1267	477
1264	477
1264	476
1263	476
1263	477
1262	477
1262	478
1260	478
1260	479
1261	479
1261	480
1259	480
1259	481
1257	481
1257	482
1256	482
1256	483
1251	483
1251	484
1249	484
1249	485
1247	485
1247	487
1245	487
1245	488
1244	488
1244	490
1243	490
1243	491
1241	491
1241	492
1240	492
1240	493
1239	493
1239	494
1238	494
1238	496
1234	496
1234	495
1233	495
1233	496
1232	496
1232	497
1227	497
1227	498
1226	498
1226	499
1225	499
1225	500
1223	500
1223	502
1220	502
1220	504
1219	504
1219	505
1216	505
1216	506
1215	506
1215	507
1214	507
1214	508
1212	508
1212	509
1211	509
1211	510
1208	510
1208	511
1207	511
1207	512
1206	512
1206	513
1205	513
1205	514
1204	514
1204	516
1203	516
1203	517
1202	517
1202	519
1201	519
1201	520
1200	520
1200	523
1199	523
1199	525
1198	525
1198	530
1197	530
1197	531
1196	531
1196	534
1197	534
1197	536
1195	536
1195	537
1190	537
1190	538
1185	538
1185	537
1183	537
1183	538
1181	538
1181	539
1178	539
1178	540
1177	540
1177	542
1175	542
1175	543
1174	543
1174	544
1173	544
1173	545
1172	545
1172	547
1171	547
1171	548
1170	548
1170	549
1169	549
1169	551
1168	551
1168	555
1167	555
1167	559
1166	559
1166	565
1165	565
1165	574
1164	574
1164	576
1163	576
1163	579
1164	579
1164	581
1163	581
1163	585
1162	585
1162	586
1161	586
1161	587
1160	587
1160	588
1159	588
1159	589
1158	589
1158	590
1157	590
1157	591
1156	591
1156	592
1157	592
1157	593
1156	593
1156	594
1157	594
1157	596
1158	596
1158	603
1157	603
1157	606
1158	606
1158	613
1157	613
1157	616
1156	616
1156	618
1155	618
1155	621
1154	621
1154	622
1153	622
1153	624
1152	624
1152	625
1151	625
1151	627
1149	627
1149	629
1145	629
1145	630
1142	630
1142	631
1139	631
1139	632
1138	632
1138	633
1137	633
1137	634
1136	634
1136	635
1132	635
1132	637
1131	637
1131	638
1130	638
1130	639
1129	639
1129	640
1128	640
1128	642
1127	642
1127	644
1126	644
1126	646
1125	646
1125	648
1124	648
1124	649
1123	649
1123	650
1122	650
1122	651
1121	651
1121	652
1120	652
1120	654
1118	654
1118	656
1117	656
1117	657
1116	657
1116	659
1115	659
1115	661
1114	661
1114	662
1113	662
1113	667
1112	667
1112	673
1111	673
1111	677
1110	677
1110	678
1111	678
1111	681
1110	681
1110	685
1111	685
1111	686
1110	686
1110	688
1109	688
1109	693
1108	693
1108	697
1107	697
1107	701
1106	701
1106	704
1105	704
1105	705
1104	705
1104	707
1105	707
1105	709
1104	709
1104	711
1105	711
1105	713
1104	713
1104	714
1103	714
1103	717
1102	717
1102	720
1101	720
1101	721
1096	721
1096	719
1095	719
1095	717
1094	717
1094	716
1092	716
1092	715
1091	715
1091	716
1089	716
1089	717
1088	717
1088	718
1086	718
1086	712
1085	712
1085	719
1088	719
1088	720
1091	720
1091	721
1092	721
1092	720
1093	720
1093	722
1094	722
1094	723
1096	723
1096	726
1097	726
1097	727
1098	727
1098	728
1105	728
1105	727
1106	727
1106	725
1107	725
1107	721
1108	721
1108	718
1109	718
1109	712
1110	712
1110	709
1111	709
1111	708
1112	708
1112	696
1113	696
1113	695
1114	695
1114	690
1115	690
1115	688
1114	688
1114	686
1115	686
1115	681
1116	681
1116	676
1117	676
1117	671
1118	671
1118	669
1117	669
1117	667
1118	667
1118	665
1119	665
1119	663
1120	663
1120	662
1121	662
1121	660
1122	660
1122	658
1123	658
1123	657
1124	657
1124	656
1125	656
1125	655
1126	655
1126	654
1127	654
1127	653
1128	653
1128	652
1129	652
1129	650
1130	650
1130	648
1131	648
1131	646
1132	646
1132	645
1133	645
1133	643
1134	643
1134	642
1135	642
1135	641
1136	641
1136	640
1137	640
1137	639
1138	639
1138	638
1140	638
1140	637
1142	637
1142	636
1144	636
1144	635
1146	635
1146	634
1149	634
1149	633
1151	633
1151	634
1152	634
1152	633
1155	633
1155	632
1156	632
1156	629
1157	629
1157	626
1158	626
1158	625
1159	625
1159	624
1160	624
1160	621
1161	621
1161	618
1162	618
1162	614
1163	614
1163	613
1164	613
1164	609
1163	609
1163	605
1164	605
1164	603
1163	603
1163	600
1164	600
1164	598
1163	598
1163	594
1164	594
1164	593
1165	593
1165	592
1166	592
1166	590
1167	590
1167	587
1168	587
1168	582
1169	582
1169	581
1168	581
1168	578
1169	578
1169	576
1170	576
1170	575
1169	575
1169	573
1170	573
1170	565
1171	565
1171	557
1172	557
1172	555
1173	555
1173	553
1174	553
1174	551
1175	551
1175	550
1176	550
1176	549
1177	549
1177	548
1179	548
1179	547
1180	547
1180	546
1182	546
1182	545
1185	545
1185	544
1193	544
1193	543
1194	543
1194	542
1197	542
1197	543
1198	543
1198	542
1199	542
1199	541
1200	541
1200	539
1201	539
1201	536
1202	536
1202	531
1203	531
1203	527
1204	527
1204	524
1205	524
1205	522
1206	522
1206	521
1207	521
1207	520
1208	520
1208	518
1209	518
1209	517
1210	517
1210	516
1211	516
1211	515
1213	515
1213	514
1214	514
1214	513
1216	513
1216	512
1218	512
1218	511
1220	511
1220	510
1221	510
1221	508
1223	508
1223	507
1226	507
1226	506
1227	506
1227	505
1228	505
1228	504
1229	504
1229	503
1230	503
1230	504
1231	504
1231	503
1232	503
1232	502
1234	502
1234	501
1239	501
1239	499
1240	499
1240	500
1241	500
1241	499
1242	499
1242	498
1243	498
1243	497
1244	497
1244	496
1246	496
1246	494
1247	494
1247	493
1248	493
1248	492
1249	492
1249	491
1250	491
1250	489
1253	489
1253	488
1258	488
1258	487
1260	487
1260	486
1262	486
1262	485
1263	485
1263	484
1264	484
1264	486
1265	486
1265	489
1266	489
1266	492
1267	492
1267	498
1268	498
1268	501
1269	501
1269	503
1270	503
1270	505
1271	505
1271	507
1272	507
1272	510
1273	510
1273	513
1274	513
1274	519
1275	519
1275	520
1274	520
1274	525
1275	525
1275	526
1274	526
1274	531
1275	531
1275	534
1274	534
1274	536
1275	536
1275	538
1274	538
1274	548
1273	548
1273	549
1274	549
1274	557
1275	557
1275	559
1274	559
1274	568
1275	568
1275	570
1276	570
1276	572
1277	572
1277	574
1279	574
1279	575
1287	575
1287	576
1291	576
1291	577
1293	577
1293	578
1294	578
1294	579
1295	579
1295	580
1296	580
1296	581
1297	581
1297	583
1298	583
1298	584
1299	584
1299	587
1300	587
1300	589
1301	589
1301	591
1302	591
1302	597
1303	597
1303	600
1304	600
1304	602
1303	602
1303	605
1304	605
1304	610
1303	610
1303	611
1304	611
1304	612
1303	612
1303	619
1302	619
1302	627
1301	627
1301	645
1300	645
1300	650
1301	650
1301	651
1304	651
1304	652
1306	652
1306	653
1310	653
1310	655
1311	655
1311	656
1313	656
1313	657
1315	657
1315	658
1318	658
1318	659
1320	659
1320	660
1323	660
1323	661
1324	661
1324	662
1325	662
1325	663
1326	663
1326	664
1328	664
1328	666
1329	666
1329	667
1332	667
1332	668
1333	668
1333	667
1334	667
1334	668
1340	668
1340	669
1341	669
1341	670
1343	670
1343	671
1344	671
1344	672
1346	672
1346	673
1349	673
1349	674
1350	674
1350	675
1351	675
1351	676
1354	676
1354	677
1355	677
1355	678
1358	678
1358	679
1359	679
1359	678
1363	678
1363	679
1365	679
1365	680
1366	680
1366	681
1371	681
1371	682
1370	682
1370	683
1371	683
1371	682
1373	682
1373	683
1374	683
1374	684
1375	684
1375	686
1376	686
1376	688
1384	688
1384	687
1388	687
1388	685
1389	685
1389	683
1391	683
1391	681
1392	681
1392	676
1393	676
1393	673
1394	673
1394	672
1393	672
1393	670
1394	670
1394	668
1395	668
1395	667
1396	667
1396	665
1397	665
1397	664
1398	664
1398	663
1399	663
1399	662
1400	662
1400	661
1401	661
1401	660
1402	660
1402	659
1403	659
1403	658
1405	658
1405	657
1406	657
1406	656
1407	656
1407	655
1408	655
1408	653
1409	653
1409	652
1410	652
1410	649
1411	649
1411	648
1412	648
1412	644
1413	644
1413	642
1414	642
1414	640
1415	640
1415	638
1416	638
1416	636
1417	636
1417	630
1418	630
1418	627
1419	627
1419	626
1418	626
1418	622
1419	622
1419	620
1420	620
1420	616
1421	616
1421	614
1422	614
1422	613
1423	613
1423	610
1425	610
1425	608
1426	608
1426	607
1427	607
1427	606
1428	606
1428	605
1429	605
1429	604
1431	604
1431	602
1432	602
1432	601
1434	601
1434	600
1435	600
1435	599
1436	599
1436	598
1437	598
1437	596
1438	596
1438	595
1439	595
1439	593
1440	593
1440	592
1441	592
1441	589
1443	589
1443	586
1444	586
1444	584
1446	584
1446	579
1445	579
1445	578
1444	578
1444	577
1441	577
1441	579
1439	579
1439	578
1437	578
1437	572
1438	572
1438	567
1437	567
1437	566
1436	566
1436	565
1437	565
1437	562
1436	562
1436	559
1437	559
1437	558
1436	558
1436	546
1435	546
1435	543
1436	543
1436	532
1437	532
1437	525
1438	525
1438	523
1437	523
1437	521
1438	521
1438	518
1439	518
1439	513
1440	513
1440	512
1441	512
1441	511
1440	511
1440	510
1441	510
1441	509
1440	509
1440	508
1441	508
1441	503
1442	503
1442	497
1441	497
1441	492
1440	492
1440	491
1441	491
1441	490
1442	490
1442	484
1443	484
1443	483
1444	483
1444	482
1445	482
1445	481
1446	481
1446	480
1447	480
1447	479
1448	479
1448	478
1449	478
1449	477
1452	477
1452	476
1454	476
1454	477
1457	477
1457	476
1464	476
1464	475
1465	475
1465	476
1470	476
1470	477
1474	477
1474	478
1476	478
1476	479
1477	479
1477	480
1478	480
1478	481
1479	481
1479	482
1480	482
1480	483
1481	483
1481	484
1482	484
1482	485
1484	485
1484	487
1485	487
1485	489
1486	489
1486	492
1487	492
1487	495
1488	495
1488	497
1489	497
1489	498
1492	498
1492	499
1494	499
1494	500
1496	500
1496	501
1497	501
1497	503
1498	503
1498	504
1499	504
1499	505
1500	505
1500	506
1501	506
1501	508
1502	508
1502	509
1503	509
1503	510
1504	510
1504	512
1505	512
1505	514
1506	514
1506	517
1507	517
1507	519
1508	519
1508	523
1509	523
1509	529
1510	529
1510	531
1509	531
1509	534
1510	534
1510	535
1509	535
1509	537
1510	537
1510	538
1509	538
1509	539
1510	539
1510	544
1511	544
1511	549
1512	549
1512	558
1513	558
1513	559
1516	559
1516	560
1517	560
1517	561
1518	561
1518	562
1519	562
1519	563
1520	563
1520	565
1521	565
1521	566
1522	566
1522	568
1523	568
1523	569
1524	569
1524	571
1526	571
1526	573
1527	573
1527	574
1528	574
1528	576
1529	576
1529	584
1530	584
1530	587
1534	587
1534	590
1535	590
1535	589
1536	589
1536	590
1537	590
1537	591
1538	591
1538	592
1539	592
1539	593
1540	593
1540	594
1539	594
1539	598
1538	598
1538	599
1537	599
1537	603
1536	603
1536	607
1537	607
1537	614
1536	614
1536	620
1535	620
1535	621
1536	621
1536	625
1537	625
1537	626
1536	626
1536	628
1537	628
1537	630
1538	630
1538	632
1539	632
1539	637
1540	637
1540	639
1539	639
1539	644
1541	644
1541	645
1543	645
1543	646
1545	646
1545	647
1547	647
1547	648
1552	648
1552	647
1553	647
1553	648
1556	648
1556	649
1557	649
1557	648
1559	648
1559	647
1561	647
1561	645
1562	645
1562	644
1563	644
1563	643
1564	643
1564	641
1565	641
1565	640
1566	640
1566	638
1567	638
1567	636
1568	636
1568	634
1569	634
1569	631
1570	631
1570	628
1571	628
1571	623
1572	623
1572	616
1573	616
1573	606
1572	606
1572	604
1573	604
1573	597
1574	597
1574	594
1575	594
1575	591
1576	591
1576	588
1577	588
1577	587
1578	587
1578	585
1579	585
1579	583
1580	583
1580	581
1581	581
1581	580
1582	580
1582	579
1584	579
1584	578
1585	578
1585	577
1586	577
1586	575
1587	575
1587	573
1589	573
1589	571
1591	571
1591	569
1592	569
1592	566
1594	566
1594	565
1595	565
1595	564
1596	564
1596	561
1597	561
1597	560
1596	560
1596	559
1595	559
1595	558
1594	558
1594	557
1593	557
1593	555
1594	555
1594	553
1593	553
1593	549
1592	549
1592	546
1593	546
1593	543
1592	543
1592	542
1593	542
1593	539
1594	539
1594	537
1593	537
1593	535
1594	535
1594	534
1593	534
1593	521
1594	521
1594	520
1593	520
1593	517
1594	517
1594	516
1593	516
1593	514
1594	514
1594	511
1593	511
1593	508
1594	508
1594	503
1595	503
1595	502
1594	502
1594	498
1593	498
1593	497
1592	497
1592	495
1593	495
1593	493
1592	493
1592	491
1593	491
1593	490
1592	490
1592	489
1593	489
1593	488
1592	488
1592	472
1591	472
1591	469
1592	469
1592	466
1593	466
1593	462
1594	462
1594	457
1596	457
1596	456
1598	456
1598	457
1599	457
1599	458
1601	458
1601	459
1602	459
1602	461
1611	461
1611	462
1613	462
1613	463
1615	463
1615	464
1617	464
1617	465
1618	465
1618	466
1619	466
1619	468
1620	468
1620	469
1629	469
1629	470
1630	470
1630	471
1633	471
1633	472
1636	472
1636	473
1641	473
1641	474
1643	474
1643	473
1644	473
1644	475
1646	475
1646	476
1651	476
1651	477
1654	477
1654	478
1656	478
1656	479
1658	479
1658	480
1661	480
1661	481
1663	481
1663	483
1664	483
1664	484
1666	484
1666	485
1667	485
1667	486
1668	486
1668	487
1669	487
1669	489
1670	489
1670	490
1671	490
1671	492
1672	492
1672	497
1673	497
1673	499
1674	499
1674	501
1675	501
1675	506
1676	506
1676	507
1677	507
1677	509
1678	509
1678	510
1679	510
1679	511
1681	511
1681	512
1682	512
1682	513
1683	513
1683	514
1684	514
1684	515
1686	515
1686	517
1687	517
1687	518
1688	518
1688	519
1689	519
1689	520
1690	520
1690	521
1691	521
1691	522
1692	522
1692	524
1694	524
1694	526
1695	526
1695	527
1696	527
1696	530
1697	530
1697	532
1698	532
1698	535
1699	535
1699	537
1700	537
1700	539
1702	539
1702	540
1703	540
1703	541
1707	541
1707	542
1709	542
1709	541
1710	541
1710	542
1711	542
1711	543
1712	543
1712	542
1713	542
1713	543
1716	543
1716	544
1718	544
1718	545
1722	545
1722	546
1725	546
1725	547
1727	547
1727	548
1729	548
1729	549
1732	549
1732	550
1736	550
1736	552
1738	552
1738	553
1739	553
1739	554
1741	554
1741	556
1742	556
1742	557
1743	557
1743	558
1744	558
1744	559
1745	559
1745	560
1746	560
1746	562
1747	562
1747	566
1748	566
1748	568
1749	568
1749	569
1750	569
1750	571
1751	571
1751	574
1752	574
1752	575
1753	575
1753	576
1754	576
1754	577
1755	577
1755	578
1756	578
1756	579
1757	579
1757	580
1759	580
1759	581
1760	581
1760	582
1761	582
1761	583
1762	583
1762	584
1763	584
1763	585
1764	585
1764	586
1765	586
1765	587
1766	587
1766	589
1767	589
1767	590
1768	590
1768	591
1769	591
1769	592
1770	592
1770	596
1771	596
1771	600
1772	600
1772	605
1773	605
1773	606
1772	606
1772	607
1773	607
1773	608
1774	608
1774	609
1775	609
1775	610
1777	610
1777	611
1778	611
1778	612
1780	612
1780	613
1781	613
1781	614
1784	614
1784	615
1785	615
1785	616
1787	616
1787	617
1789	617
1789	618
1795	618
1795	619
1799	619
1799	620
1802	620
1802	621
1803	621
1803	622
1805	622
1805	623
1806	623
1806	624
1808	624
1808	625
1810	625
1810	626
1811	626
1811	627
1813	627
1813	628
1816	628
1816	627
1818	627
1818	628
1825	628
1825	629
1826	629
1826	628
1827	628
1827	629
1828	629
1828	628
1829	628
1829	627
1831	627
1831	624
1832	624
1832	622
1833	622
1833	620
1832	620
1832	619
1833	619
1833	611
1834	611
1834	609
1835	609
1835	607
1836	607
1836	600
1837	600
1837	597
1836	597
1836	596
1837	596
1837	591
1836	591
1836	590
1837	590
1837	586
1838	586
1838	580
1839	580
1839	575
1840	575
1840	570
1841	570
1841	566
1842	566
1842	565
1841	565
1841	563
1842	563
1842	548
1843	548
1843	546
1842	546
1842	545
1843	545
1843	543
1844	543
1844	542
1843	542
1843	539
1844	539
1844	538
1843	538
1843	537
1844	537
1844	535
1845	535
1845	532
1846	532
1846	531
1845	531
1845	528
1846	528
1846	527
1845	527
1845	525
1846	525
1846	519
1845	519
1845	518
1846	518
1846	515
1845	515
1845	513
1846	513
1846	512
1847	512
1847	511
1846	511
1846	509
1847	509
1847	508
1846	508
1846	507
1847	507
1847	504
1848	504
1848	503
1847	503
1847	502
1848	502
1848	499
1849	499
1849	498
1848	498
1848	496
1849	496
1849	493
1848	493
1848	491
1849	491
1849	489
1848	489
1848	488
1849	488
1849	473
1850	473
1850	467
1849	467
1849	466
1850	466
1850	462
1849	462
1849	452
1850	452
1850	449
1849	449
1849	446
1850	446
1850	445
1849	445
1849	441
1850	441
1850	436
1851	436
1851	434
1850	434
1850	432
1849	432
1849	425
1850	425
1850	419
1849	419
1849	412
1848	412
1848	408
1847	408
1847	397
1846	397
1846	395
1845	395
1845	389
1844	389
1844	387
1843	387
1843	386
1842	386
1842	384
1843	384
1843	383
1842	383
1842	380
1843	380
1843	377
1844	377
1844	374
1845	374
1845	372
1846	372
1846	370
1847	370
1847	369
1851	369
1851	368
1852	368
1852	367
1853	367
1853	366
1854	366
1854	365
1857	365
1857	364
1862	364
1862	363
1863	363
1863	362
1864	362
1864	363
1865	363
1865	362
1867	362
1867	361
1870	361
1870	362
1872	362
1872	363
1874	363
1874	362
1876	362
1876	363
1880	363
1880	364
1883	364
1883	367
1884	367
1884	368
1886	368
1886	369
1890	369
1890	371
1891	371
1891	372
1892	372
1892	373
1894	373
1894	374
1895	374
1895	375
1896	375
1896	376
1898	376
1898	377
1900	377
1900	378
1901	378
1901	379
1906	379
1906	380
1908	380
1908	381
1911	381
1911	382
1914	382
1914	383
1918	383
1918	384
1921	384
1921	385
1922	385
1922	386
1924	386
1924	387
1925	387
1925	388
1926	388
1926	389
1927	389
1927	391
1930	391
1930	392
1938	392
1938	393
1940	393
1940	394
1942	394
1942	395
1946	395
1946	396
1947	396
1947	397
1948	397
1948	396
1949	396
1949	399
1950	399
1950	400
1951	400
1951	401
1953	401
1953	402
1954	402
1954	403
1957	403
1957	404
1960	404
1960	405
1965	405
1965	406
1968	406
1968	408
1969	408
1969	409
1970	409
1970	410
1969	410
1969	411
1970	411
1970	412
1969	412
1969	415
1970	415
1970	418
1971	418
1971	422
1972	422
1972	425
1973	425
1973	430
1974	430
1974	435
1975	435
1975	439
1976	439
1976	442
1977	442
1977	444
1978	444
1978	445
1979	445
1979	447
1980	447
1980	449
1981	449
1981	452
1982	452
1982	460
1983	460
1983	462
1984	462
1984	463
1988	463
1988	464
1991	464
1991	463
1996	463
1996	462
1997	462
1997	461
2000	461
2000	460
2002	460
2002	459
2003	459
2003	457
2004	457
2004	456
2005	456
2005	453
2006	453
2006	452
2005	452
2005	451
2006	451
2006	450
2007	450
2007	447
2008	447
2008	444
2009	444
2009	443
2010	443
2010	442
2011	442
2011	441
2012	441
2012	440
2013	440
2013	438
2014	438
2014	437
2015	437
2015	436
2016	436
2016	434
2017	434
2017	433
2018	433
2018	431
2019	431
2019	430
2020	430
2020	428
2021	428
2021	427
2022	427
2022	426
2023	426
2023	425
2024	425
2024	424
2025	424
2025	423
2027	423
2027	421
2029	421
2029	420
2031	420
2031	419
2034	419
2034	418
2035	418
2035	417
2037	417
2037	416
2038	416
2038	414
2039	414
2039	413
2040	413
2040	411
2041	411
2041	409
2042	409
2042	408
2041	408
2041	405
2042	405
2042	403
2043	403
2043	399
2044	399
2044	396
2045	396
2045	390
2046	390
2046	388
2045	388
2045	387
2046	387
2046	381
2047	381
2047	379
2046	379
2046	357
2045	357
2045	342
2046	342
2046	341
2053	341
2053	339
2054	339
2054	336
2055	336
2055	334
2057	334
2057	333
2058	333
2058	332
2059	332
2059	331
2060	331
2060	329
2061	329
2061	328
2065	328
2065	329
2067	329
2067	330
2071	330
2071	332
2074	332
2074	333
2078	333
2078	334
2080	334
2080	335
2082	335
2082	337
2083	337
2083	338
2084	338
2084	339
2087	339
2087	340
2090	340
2090	341
2091	341
2091	340
2095	340
2095	341
2099	341
2099	342
2102	342
2102	341
2104	341
2104	342
2106	342
2106	341
2107	341
2107	342
2112	342
2112	343
2115	343
2115	344
2118	344
2118	345
2121	345
2121	344
2124	344
2124	345
2132	345
2132	344
2134	344
2134	341
2135	341
2135	340
2136	340
2136	337
2137	337
2137	335
2138	335
2138	334
2139	334
2139	333
2140	333
2140	332
2141	332
2141	330
2142	330
2142	329
2143	329
2143	327
2144	327
2144	324
2145	324
2145	319
2146	319
2146	314
2147	314
2147	311
2148	311
2148	308
2149	308
2149	305
2150	305
2150	303
2151	303
2151	298
2152	298
2152	297
2153	297
2153	294
2154	294
2154	293
2155	293
2155	291
2156	291
2156	288
2157	288
2157	286
2158	286
2158	282
2159	282
2159	280
2158	280
2158	279
2159	279
2159	277
2160	277
2160	275
2161	275
2161	273
2162	273
2162	269
2163	269
2163	261
2164	261
2164	257
2165	257
2165	256
2164	256
2164	255
2165	255
2165	253
2166	253
2166	252
2167	252
2167	251
2168	251
2168	250
2169	250
2169	248
2177	248
2177	247
2182	247
2182	246
2183	246
2183	247
2187	247
2187	248
2189	248
2189	250
2190	250
2190	251
2192	251
2192	252
2200	252
2200	253
2201	253
2201	252
2203	252
2203	253
2207	253
2207	254
2209	254
2209	255
2212	255
2212	256
2213	256
2213	255
2214	255
2214	256
2215	256
2215	255
2216	255
2216	256
2224	256
2224	257
2225	257
2225	256
2228	256
2228	257
2231	257
2231	259
2232	259
2232	258
2233	258
2233	259
2234	259
2234	260
2235	260
2235	262
2236	262
2236	263
2237	263
2237	264
2238	264
2238	265
2240	265
2240	267
2241	267
2241	270
2242	270
2242	272
2243	272
2243	274
2244	274
2244	275
2245	275
2245	277
2246	277
2246	280
2247	280
2247	281
2248	281
2248	282
2249	282
2249	283
2250	283
2250	284
2251	284
2251	285
2252	285
2252	288
2253	288
2253	290
2258	290
2258	291
2262	291
2262	292
2263	292
2263	291
2266	291
2266	292
2267	292
2267	291
2269	291
2269	292
2271	292
2271	291
2272	291
2272	292
2274	292
2274	291
2275	291
2275	292
2287	292
2287	293
2293	293
2293	294
2298	294
2298	295
2299	295
2299	296
2301	296
2301	297
2302	297
2302	298
2304	298
2304	299
2306	299
2306	300
2308	300
2308	301
2310	301
2310	302
2313	302
2313	303
2315	303
2315	304
2316	304
2316	305
2317	305
2317	307
2318	307
2318	306
2319	306
2319	307
2322	307
2322	306
2326	306
2326	305
2329	305
2329	304
2337	304
2337	303
2339	303
2339	302
2340	302
2340	301
2341	301
2341	300
2342	300
2342	299
2344	299
2344	298
2345	298
2345	297
2346	297
2346	295
2347	295
2347	294
2348	294
2348	293
2349	293
2349	290
2350	290
2350	289
2351	289
2351	288
2352	288
2352	284
2354	284
2354	283
2355	283
2355	282
2357	282
2357	281
2358	281
2358	280
2359	280
2359	279
2360	279
2360	277
2361	277
2361	276
2362	276
2362	275
2363	275
2363	274
2364	274
2364	270
2365	270
2365	268
2366	268
2366	266
2365	266
2365	265
2366	265
2366	260
2367	260
2367	259
2368	259
2368	257
2369	257
2369	256
2370	256
2370	253
2371	253
2371	250
2372	250
2372	249
2373	249
2373	245
2374	245
2374	230
2373	230
2373	221
2372	221
2372	219
2371	219
2371	215
2370	215
2370	214
2369	214
2369	212
2368	212
2368	208
2367	208
2367	205
2366	205
2366	196
2365	196
2365	192
2364	192
2364	186
2363	186
2363	184
2364	184
2364	178
2365	178
2365	177
2364	177
2364	175
2365	175
2365	166
2366	166
2366	165
2365	165
2365	163
2366	163
2366	157
2367	157
2367	151
2368	151
2368	145
2369	145
2369	143
2370	143
2370	141
2371	141
2371	139
2373	139
2373	136
2374	136
2374	134
2375	134
2375	133
2376	133
2376	132
2377	132
2377	130
2379	130
2379	128
2381	128
2381	126
2382	126
2382	125
2383	125
2383	124
2384	124
2384	123
2386	123
2386	122
2388	122
2388	121
2390	121
2390	120
2391	120
2391	119
2392	119
2392	118
2393	118
2393	117
2394	117
2394	116
2396	116
2396	115
2398	115
2398	114
2400	114
2400	113
2401	113
2401	114
2403	114
2403	113
2407	113
2407	114
2414	114
2414	115
2415	115
2415	114
2417	114
2417	115
2418	115
2418	114
2421	114
2421	112
2423	112
2423	111
2424	111
2424	110
2425	110
2425	108
2426	108
2426	107
2425	107
2425	105
2423	105
2423	104
2422	104
2422	105
2417	105
2417	108
2415	108
2415	107
2412	107
2412	108
2411	108
2411	107
2400	107
2400	108
2398	108
2398	109
2395	109
2395	108
2394	108
2394	110
2393	110
2393	111
2390	111
2390	114
2389	114
2389	115
2387	115
2387	116
2383	116
2383	117
2381	117
2381	118
2380	118
2380	120
2379	120
2379	122
2378	122
2378	123
2377	123
2377	124
2376	124
2376	125
2374	125
2374	126
2373	126
2373	127
2372	127
2372	128
2371	128
2371	130
2370	130
2370	133
2369	133
2369	134
2368	134
2368	136
2367	136
2367	138
2366	138
2366	139
2365	139
2365	141
2364	141
2364	143
2363	143
2363	149
2362	149
2362	154
2361	154
2361	158
2360	158
2360	169
2359	169
2359	171
2360	171
2360	174
2359	174
2359	185
2358	185
2358	186
2359	186
2359	194
2360	194
2360	199
2361	199
2361	200
2360	200
2360	203
2361	203
2361	205
2362	205
2362	213
2363	213
2363	215
2364	215
2364	217
2365	217
2365	221
2366	221
2366	225
2367	225
2367	226
2366	226
2366	227
2367	227
2367	228
2368	228
2368	233
2369	233
2369	234
2368	234
2368	236
2369	236
2369	242
2368	242
2368	245
2367	245
2367	248
2366	248
2366	250
2365	250
2365	253
2364	253
2364	257
2363	257
2363	258
2362	258
2362	261
2361	261
2361	265
2360	265
2360	271
2359	271
2359	272
2357	272
2357	273
2356	273
2356	274
2355	274
2355	275
2354	275
2354	276
2353	276
2353	277
2352	277
2352	278
2351	278
2351	279
2349	279
2349	280
2348	280
2348	282
2347	282
2347	283
2346	283
2346	286
2344	286
2344	289
2343	289
2343	290
2342	290
2342	292
2341	292
2341	294
2340	294
2340	295
2339	295
2339	296
2336	296
2336	297
2334	297
2334	298
2329	298
2329	299
2327	299
2327	300
2325	300
2325	299
2319	299
2319	300
2316	300
2316	299
2312	299
2312	297
2308	297
2308	296
2304	296
2304	295
2302	295
2302	294
2301	294
2301	293
2299	293
2299	292
2298	292
2298	291
2299	291
2299	290
2298	290
2298	289
2297	289
2297	288
2291	288
2291	287
2286	287
2286	286
2285	286
2285	287
2284	287
2284	286
2281	286
2281	287
2279	287
2279	286
2277	286
2277	287
2275	287
2275	285
2265	285
2265	284
2264	284
2264	285
2262	285
2262	284
2256	284
2256	283
2255	283
2255	282
2254	282
2254	281
2253	281
2253	279
2252	279
2252	277
2251	277
2251	276
2250	276
2250	274
2249	274
2249	272
2248	272
2248	271
2246	271
2246	267
2245	267
2245	265
2244	265
2244	264
2243	264
2243	263
2242	263
2242	262
2241	262
2241	260
2238	260
2238	258
2237	258
2237	257
2236	257
2236	256
2235	256
2235	255
2234	255
2234	254
2233	254
2233	253
2232	253
2232	252
2231	252
2231	251
2230	251
2230	250
2228	250
2228	249
2227	249
2227	250
2224	250
2224	249
2218	249
2218	248
2215	248
2215	249
2213	249
2213	248
2209	248
2209	249
2208	249
2208	248
2206	248
2206	247
2204	247
2204	246
2201	246
2201	245
2193	245
2193	244
2191	244
2191	243
2190	243
2190	242
2188	242
2188	241
2186	241
2186	240
2178	240
2178	241
2172	241
2172	240
2171	240
2171	241
2170	241
2170	242
2167	242
2167	243
2166	243
2166	244
2164	244
2164	245
2163	245
2163	247
2162	247
2162	249
2161	249
2161	250
2160	250
2160	253
2159	253
2159	258
2158	258
2158	264
2157	264
2157	270
2156	270
2156	272
2155	272
2155	273
2154	273
2154	275
2152	275
2152	278
2153	278
2153	279
2154	279
2154	281
2153	281
2153	284
2152	284
2152	286
2151	286
2151	288
2150	288
2150	290
2149	290
2149	292
2148	292
2148	294
2147	294
2147	299
2146	299
2146	303
2145	303
2145	305
2144	305
2144	306
2143	306
2143	308
2142	308
2142	310
2141	310
2141	311
2142	311
2142	312
2141	312
2141	318
2140	318
2140	322
2139	322
2139	325
2138	325
2138	326
2137	326
2137	328
2136	328
2136	329
2135	329
2135	330
2134	330
2134	331
2133	331
2133	333
2132	333
2132	334
2131	334
2131	337
2130	337
2130	339
2128	339
2128	338
2127	338
2127	339
2126	339
2126	338
2116	338
2116	337
2113	337
2113	336
2109	336
2109	337
2108	337
2108	335
2104	335
2104	336
2103	336
2103	335
2096	335
2096	334
2095	334
2095	335
2090	335
2090	334
2086	334
2086	332
2085	332
2085	330
2083	330
2083	329
2081	329
2081	328
2080	328
2080	327
2078	327
2078	328
2075	328
2075	327
2073	327
2073	326
2071	326
2071	325
2070	325
2070	324
2067	324
2067	323
2066	323
2066	322
2061	322
2061	321
2060	321
2060	322
2058	322
2058	323
2057	323
2057	324
2056	324
2056	327
2054	327
2054	328
2053	328
2053	329
2051	329
2051	330
2050	330
2050	335
2049	335
2049	336
2048	336
2048	335
2046	335
2046	334
2045	334
2045	335
2042	335
2042	337
2041	337
2041	341
2040	341
2040	353
2039	353
2039	355
2040	355
2040	361
2041	361
2041	363
2040	363
2040	364
2041	364
2041	368
2040	368
2040	372
2041	372
2041	373
2040	373
2040	376
2041	376
2041	384
2040	384
2040	391
2039	391
2039	395
2038	395
2038	401
2037	401
2037	406
2036	406
2036	408
2035	408
2035	410
2034	410
2034	412
2033	412
2033	413
2031	413
2031	414
2030	414
2030	415
2027	415
2027	416
2025	416
2025	417
2023	417
2023	418
2021	418
2021	419
2020	419
2020	420
2019	420
2019	422
2018	422
2018	423
2017	423
2017	424
2016	424
2016	426
2015	426
2015	427
2014	427
2014	429
2013	429
2013	430
2012	430
2012	431
2011	431
2011	433
2010	433
2010	434
2009	434
2009	436
2008	436
2008	437
2007	437
2007	438
2006	438
2006	440
2005	440
2005	441
2004	441
2004	443
2003	443
2003	445
2002	445
2002	448
2001	448
2001	451
2000	451
2000	453
1999	453
1999	454
1998	454
1998	455
1995	455
1995	456
1989	456
1989	457
1986	457
1986	453
1985	453
1985	451
1984	451
1984	449
1983	449
1983	447
1982	447
1982	443
1981	443
1981	442
1980	442
1980	438
1979	438
1979	436
1978	436
1978	432
1977	432
1977	426
1976	426
1976	422
1975	422
1975	416
1974	416
1974	409
1972	409
1972	408
1973	408
1973	407
1972	407
1972	405
1971	405
1971	404
1969	404
1969	402
1967	402
1967	399
1965	399
1965	398
1960	398
1960	397
1958	397
1958	396
1955	396
1955	397
1953	397
1953	396
1952	396
1952	395
1951	395
1951	394
1950	394
1950	393
1949	393
1949	391
1948	391
1948	390
1946	390
1946	389
1941	389
1941	388
1940	388
1940	387
1939	387
1939	386
1936	386
1936	385
1930	385
1930	386
1928	386
1928	385
1925	385
1925	384
1926	384
1926	383
1925	383
1925	382
1922	382
1922	381
1921	381
1921	380
1920	380
1920	379
1919	379
1919	378
1918	378
1918	377
1917	377
1917	376
1910	376
1910	375
1909	375
1909	374
1908	374
1908	373
1906	373
1906	372
1900	372
1900	371
1899	371
1899	370
1897	370
1897	369
1896	369
1896	367
1895	367
1895	368
1894	368
1894	366
1893	366
1893	365
1890	365
1890	364
1888	364
1888	363
1887	363
1887	362
1886	362
1886	361
1885	361
1885	360
1883	360
1883	359
1882	359
1882	360
1880	360
1880	359
1881	359
1881	358
1878	358
1878	356
1874	356
1874	355
1873	355
1873	356
1872	356
1872	355
1865	355
1865	356
1864	356
1864	357
1861	357
1861	358
1855	358
1855	359
1854	359
1854	360
1851	360
1851	361
1850	361
1850	362
1846	362
1846	363
1844	363
1844	364
1843	364
1843	365
1842	365
1842	369
1840	369
1840	372
1839	372
1839	374
1838	374
1838	379
1837	379
1837	388
1838	388
1838	390
1839	390
1839	392
1840	392
1840	397
1841	397
1841	398
1840	398
1840	399
1841	399
1841	400
1842	400
1842	402
1841	402
1841	403
1842	403
1842	408
1843	408
1843	409
1842	409
1842	411
1843	411
1843	413
1844	413
1844	415
1843	415
1843	416
1844	416
1844	423
1845	423
1845	425
1844	425
1844	433
1845	433
1845	440
1844	440
1844	448
1845	448
1845	454
1844	454
1844	460
1845	460
1845	462
1844	462
1844	463
1845	463
1845	472
1844	472
1844	473
1845	473
1845	477
1844	477
1844	486
1843	486
1843	487
1844	487
1844	489
1843	489
1843	496
1844	496
1844	498
1843	498
1843	501
1842	501
1842	506
1841	506
1841	507
1842	507
1842	508
1841	508
1841	509
1842	509
1842	510
1841	510
1841	511
1842	511
1842	512
1841	512
1841	513
1840	513
1840	514
1841	514
1841	515
1840	515
1840	531
1839	531
1839	538
1838	538
1838	541
1837	541
1837	543
1838	543
1838	545
1837	545
1837	548
1838	548
1838	549
1837	549
1837	558
1836	558
1836	568
1835	568
1835	572
1834	572
1834	576
1833	576
1833	583
1832	583
1832	585
1833	585
1833	587
1832	587
1832	594
1831	594
1831	600
1832	600
1832	601
1831	601
1831	603
1830	603
1830	606
1828	606
1828	607
1827	607
1827	609
1826	609
1826	611
1827	611
1827	620
1826	620
1826	621
1825	621
1825	622
1821	622
1821	621
1811	621
1811	620
1809	620
1809	619
1808	619
1808	618
1807	618
1807	617
1804	617
1804	615
1801	615
1801	614
1799	614
1799	613
1796	613
1796	612
1790	612
1790	611
1786	611
1786	610
1784	610
1784	609
1782	609
1782	608
1780	608
1780	607
1779	607
1779	606
1778	606
1778	605
1777	605
1777	604
1776	604
1776	603
1775	603
1775	602
1776	602
1776	600
1775	600
1775	596
1774	596
1774	593
1773	593
1773	590
1772	590
1772	588
1771	588
1771	587
1770	587
1770	586
1769	586
1769	585
1768	585
1768	583
1767	583
1767	582
1766	582
1766	581
1765	581
1765	580
1764	580
1764	579
1762	579
1762	578
1761	578
1761	577
1760	577
1760	576
1759	576
1759	575
1758	575
1758	574
1757	574
1757	573
1755	573
1755	572
1754	572
1754	568
1753	568
1753	567
1752	567
1752	566
1751	566
1751	563
1750	563
1750	560
1749	560
1749	558
1748	558
1748	557
1746	557
1746	555
1745	555
1745	554
1744	554
1744	553
1743	553
1743	552
1742	552
1742	551
1741	551
1741	549
1740	549
1740	546
1739	546
1739	545
1738	545
1738	544
1734	544
1734	543
1727	543
1727	542
1726	542
1726	541
1725	541
1725	540
1724	540
1724	541
1723	541
1723	539
1717	539
1717	538
1716	538
1716	537
1715	537
1715	536
1710	536
1710	535
1703	535
1703	532
1702	532
1702	531
1701	531
1701	529
1700	529
1700	527
1698	527
1698	523
1697	523
1697	522
1696	522
1696	521
1695	521
1695	520
1693	520
1693	517
1692	517
1692	516
1691	516
1691	515
1690	515
1690	514
1689	514
1689	513
1688	513
1688	512
1686	512
1686	510
1685	510
1685	509
1683	509
1683	507
1682	507
1682	506
1681	506
1681	505
1679	505
1679	502
1678	502
1678	498
1677	498
1677	496
1676	496
1676	494
1675	494
1675	491
1674	491
1674	488
1673	488
1673	487
1672	487
1672	485
1671	485
1671	484
1670	484
1670	483
1668	483
1668	482
1667	482
1667	481
1666	481
1666	480
1665	480
1665	479
1664	479
1664	478
1663	478
1663	477
1664	477
1664	476
1663	476
1663	474
1662	474
1662	473
1657	473
1657	474
1656	474
1656	473
1654	473
1654	472
1653	472
1653	471
1652	471
1652	470
1651	470
1651	471
1650	471
1650	470
1648	470
1648	469
1646	469
1646	468
1640	468
1640	467
1637	467
1637	466
1636	466
1636	465
1634	465
1634	464
1633	464
1633	465
1632	465
1632	464
1631	464
1631	463
1626	463
1626	462
1625	462
1625	463
1623	463
1623	462
1622	462
1622	461
1621	461
1621	460
1619	460
1619	459
1617	459
1617	458
1615	458
1615	457
1614	457
1614	456
1612	456
1612	455
1607	455
1607	454
1606	454
1606	455
1605	455
1605	454
1604	454
1604	453
1603	453
1603	452
1602	452
1602	451
1599	451
1599	449
1598	449
1598	450
1592	450
1592	451
1591	451
1591	452
1590	452
1590	455
1589	455
1589	458
1588	458
1588	460
1587	460
1587	461
1588	461
1588	462
1587	462
1587	466
1586	466
1586	467
1585	467
1585	468
1586	468
1586	476
1587	476
1587	488
1588	488
1588	490
1587	490
1587	498
1588	498
1588	499
1589	499
1589	507
1588	507
1588	509
1589	509
1589	513
1588	513
1588	525
1587	525
1587	529
1588	529
1588	539
1589	539
1589	540
1588	540
1588	542
1587	542
1587	547
1588	547
1588	552
1589	552
1589	553
1588	553
1588	556
1589	556
1589	561
1588	561
1588	562
1587	562
1587	565
1586	565
1586	567
1585	567
1585	568
1584	568
1584	570
1582	570
1582	572
1581	572
1581	573
1579	573
1579	575
1577	575
1577	576
1576	576
1576	577
1575	577
1575	579
1574	579
1574	581
1573	581
1573	583
1572	583
1572	584
1571	584
1571	587
1570	587
1570	592
1569	592
1569	593
1568	593
1568	597
1567	597
1567	600
1568	600
1568	602
1567	602
1567	603
1568	603
1568	606
1567	606
1567	610
1566	610
1566	612
1567	612
1567	613
1566	613
1566	624
1565	624
1565	627
1564	627
1564	630
1563	630
1563	633
1562	633
1562	634
1561	634
1561	635
1560	635
1560	637
1559	637
1559	638
1558	638
1558	639
1557	639
1557	641
1553	641
1553	640
1545	640
1545	639
1544	639
1544	638
1543	638
1543	632
1542	632
1542	630
1541	630
1541	626
1540	626
1540	624
1541	624
1541	622
1540	622
1540	618
1539	618
1539	611
1540	611
1540	606
1541	606
1541	603
1542	603
1542	599
1543	599
1543	598
1544	598
1544	596
1545	596
1545	593
1544	593
1544	592
1543	592
1543	591
1540	591
1540	590
1539	590
1539	585
1538	585
1538	582
1537	582
1537	581
1536	581
1536	580
1534	580
1534	578
1533	578
1533	575
1532	575
1532	574
1531	574
1531	570
1530	570
1530	568
1529	568
1529	567
1528	567
1528	565
1527	565
1527	564
1526	564
1526	562
1524	562
1524	561
1523	561
1523	560
1522	560
1522	559
1521	559
1521	558
1520	558
1520	557
1519	557
1519	556
1518	556
1518	554
1516	554
1516	553
1515	553
1515	549
1514	549
1514	544
1513	544
1513	543
1514	543
1514	542
1513	542
1513	540
1512	540
1512	539
1513	539
1513	537
1512	537
1512	535
1513	535
1513	534
1512	534
1512	533
1513	533
1513	526
1512	526
1512	521
1511	521
1511	517
1510	517
1510	515
1509	515
1509	514
1510	514
1510	513
1509	513
1509	512
1508	512
1508	509
1507	509
1507	506
1506	506
1506	504
1505	504
1505	502
1504	502
1504	501
1502	501
1502	499
1501	499
1501	498
1500	498
1500	497
1498	497
1498	495
1497	495
1497	494
1494	494
1494	493
1492	493
1492	491
1490	491
1490	489
1489	489
1489	486
1488	486
1488	484
1487	484
1487	483
1486	483
1486	481
1485	481
1485	480
1484	480
1484	478
1483	478
1483	477
1482	477
1482	476
1481	476
1481	475
1480	475
1480	474
1478	474
1478	473
1477	473
1477	472
1475	472
1475	471
1473	471
1473	470
1463	470
1463	469
1461	469
1461	470
1450	470
1450	471
1449	471
1449	472
1448	472
1448	473
1446	473
1446	475
1445	475
1445	476
1444	476
1444	477
1441	477
1441	478
1440	478
1440	479
1439	479
1439	482
1438	482
1438	486
1437	486
1437	493
1436	493
1436	499
1437	499
1437	504
1436	504
1436	512
1435	512
1435	516
1434	516
1434	519
1433	519
1433	524
1432	524
1432	525
1433	525
1433	526
1432	526
1432	530
1431	530
1431	553
1430	553
1430	554
1431	554
1431	561
1432	561
1432	566
1433	566
1433	567
1432	567
1432	569
1433	569
1433	570
1432	570
1432	576
1431	576
1431	578
1432	578
1432	582
1433	582
1433	583
1434	583
1434	584
1435	584
1435	586
1436	586
1436	589
1435	589
1435	590
1434	590
1434	591
1433	591
1433	593
1432	593
1432	594
1431	594
1431	596
1430	596
1430	597
1429	597
1429	599
1427	599
1427	600
1426	600
1426	601
1425	601
1425	602
1424	602
1424	603
1423	603
1423	604
1422	604
1422	605
1421	605
1421	606
1420	606
1420	608
1418	608
1418	610
1417	610
1417	613
1416	613
1416	614
1415	614
1415	617
1414	617
1414	621
1413	621
1413	623
1414	623
1414	625
1413	625
1413	629
1412	629
1412	632
1411	632
1411	635
1410	635
1410	637
1409	637
1409	638
1408	638
1408	639
1407	639
1407	642
1408	642
1408	643
1406	643
1406	645
1405	645
1405	646
1404	646
1404	649
1403	649
