639	440
640	440
640	444
641	444
641	448
649	448
649	447
650	447
650	446
651	446
651	444
653	444
653	443
660	443
660	445
661	445
661	444
663	444
663	445
664	445
664	444
665	444
665	445
666	445
666	446
667	446
667	449
668	449
668	450
670	450
670	451
671	451
671	465
672	465
672	466
673	466
673	468
674	468
674	469
673	469
673	470
674	470
674	481
675	481
675	483
676	483
676	488
677	488
677	492
676	492
676	493
677	493
677	495
676	495
676	498
677	498
677	499
676	499
676	500
677	500
677	501
676	501
676	508
675	508
675	513
674	513
674	524
675	524
675	525
674	525
674	531
673	531
673	544
672	544
672	545
673	545
673	546
672	546
672	551
675	551
675	553
681	553
681	552
685	552
685	553
686	553
686	554
688	554
688	555
690	555
690	557
691	557
691	558
692	558
692	559
693	559
693	561
696	561
696	562
697	562
697	563
698	563
698	564
699	564
699	566
700	566
700	567
701	567
701	568
702	568
702	569
704	569
704	570
706	570
706	571
707	571
707	572
708	572
708	573
709	573
709	574
714	574
714	575
731	575
731	574
732	574
732	573
733	573
733	572
734	572
734	571
735	571
735	570
736	570
736	568
737	568
737	567
740	567
740	566
745	566
745	565
746	565
746	564
748	564
748	560
747	560
747	558
748	558
748	559
749	559
749	557
748	557
748	556
758	556
758	555
760	555
760	554
761	554
761	553
762	553
762	552
769	552
769	553
771	553
771	554
774	554
774	556
776	556
776	557
781	557
781	558
783	558
783	557
786	557
786	556
787	556
787	555
799	555
799	554
800	554
800	553
804	553
804	552
805	552
805	551
806	551
806	550
807	550
807	549
808	549
808	544
809	544
809	535
810	535
810	534
811	534
811	519
812	519
812	508
813	508
813	505
815	505
815	504
817	504
817	503
818	503
818	502
820	502
820	501
821	501
821	499
822	499
822	498
824	498
824	497
825	497
825	496
826	496
826	495
827	495
827	494
829	494
829	493
830	493
830	491
841	491
841	492
842	492
842	493
843	493
843	494
844	494
844	495
846	495
846	496
847	496
847	497
848	497
848	498
849	498
849	499
853	499
853	500
855	500
855	501
863	501
863	502
867	502
867	503
869	503
869	504
871	504
871	505
875	505
875	506
878	506
878	507
881	507
881	508
893	508
893	509
895	509
895	510
903	510
903	511
904	511
904	512
905	512
905	511
906	511
906	512
911	512
911	513
913	513
913	514
915	514
915	515
916	515
916	516
918	516
918	517
921	517
921	518
926	518
926	517
927	517
927	516
939	516
939	515
995	515
995	514
996	514
996	513
1004	513
1004	512
1005	512
1005	511
1006	511
1006	510
1008	510
1008	509
1009	509
1009	508
1010	508
1010	506
1011	506
1011	505
1012	505
1012	504
1015	504
1015	507
1014	507
1014	515
1015	515
1015	520
1016	520
1016	524
1017	524
1017	528
1018	528
1018	537
1019	537
1019	539
1020	539
1020	540
1021	540
1021	542
1022	542
1022	543
1023	543
1023	545
1024	545
1024	546
1025	546
1025	547
1026	547
1026	549
1027	549
1027	551
1028	551
1028	553
1029	553
1029	554
1030	554
1030	555
1031	555
1031	556
1032	556
1032	557
1033	557
1033	559
1034	559
1034	560
1035	560
1035	564
1036	564
1036	565
1037	565
1037	566
1038	566
1038	567
1086	567
1086	568
1095	568
1095	567
1096	567
1096	566
1109	566
1109	565
1110	565
1110	564
1111	564
1111	563
1112	563
1112	562
1113	562
1113	561
1114	561
1114	560
1115	560
1115	558
1117	558
1117	557
1118	557
1118	556
1121	556
1121	555
1122	555
1122	554
1124	554
1124	553
1125	553
1125	552
1126	552
1126	551
1127	551
1127	550
1130	550
1130	549
1132	549
1132	548
1133	548
1133	547
1143	547
1143	550
1144	550
1144	552
1145	552
1145	562
1146	562
1146	563
1148	563
1148	564
1149	564
1149	565
1150	565
1150	568
1151	568
1151	569
1152	569
1152	571
1153	571
1153	572
1155	572
1155	573
1156	573
1156	574
1159	574
1159	575
1161	575
1161	574
1163	574
1163	575
1166	575
1166	574
1170	574
1170	573
1184	573
1184	572
1185	572
1185	567
1186	567
1186	566
1187	566
1187	561
1188	561
1188	560
1191	560
1191	559
1192	559
1192	558
1194	558
1194	557
1196	557
1196	556
1198	556
1198	555
1199	555
1199	554
1201	554
1201	553
1202	553
1202	552
1203	552
1203	551
1205	551
1205	550
1206	550
1206	549
1207	549
1207	548
1209	548
1209	547
1212	547
1212	546
1213	546
1213	545
1216	545
1216	544
1217	544
1217	543
1225	543
1225	542
1246	542
1246	541
1248	541
1248	540
1253	540
1253	539
1254	539
1254	538
1255	538
1255	510
1254	510
1254	509
1253	509
1253	503
1252	503
1252	492
1251	492
1251	491
1250	491
1250	459
1251	459
1251	457
1252	457
1252	455
1253	455
1253	450
1254	450
1254	449
1255	449
1255	448
1256	448
1256	447
1257	447
1257	445
1258	445
1258	443
1259	443
1259	442
1261	442
1261	443
1271	443
1271	444
1274	444
1274	445
1275	445
1275	447
1276	447
1276	448
1277	448
1277	449
1278	449
1278	451
1279	451
1279	452
1280	452
1280	455
1281	455
1281	456
1301	456
1301	457
1305	457
1305	458
1308	458
1308	459
1310	459
1310	460
1311	460
1311	461
1313	461
1313	462
1338	462
1338	463
1341	463
1341	464
1342	464
1342	465
1343	465
1343	466
1344	466
1344	467
1345	467
1345	468
1346	468
1346	469
1347	469
1347	470
1349	470
1349	475
1350	475
1350	476
1354	476
1354	478
1360	478
1360	479
1362	479
1362	478
1363	478
1363	479
1364	479
1364	478
1374	478
1374	479
1375	479
1375	480
1376	480
1376	481
1378	481
1378	483
1379	483
1379	485
1380	485
1380	486
1381	486
1381	513
1382	513
1382	514
1384	514
1384	513
1385	513
1385	512
1386	512
1386	518
1387	518
1387	519
1388	519
1388	520
1389	520
1389	521
1390	521
1390	522
1392	522
1392	523
1393	523
1393	524
1394	524
1394	525
1395	525
1395	526
1398	526
1398	527
1399	527
1399	528
1402	528
1402	529
1403	529
1403	530
1407	530
1407	531
1408	531
1408	532
1426	532
1426	531
1427	531
1427	530
1431	530
1431	529
1433	529
1433	528
1435	528
1435	527
1436	527
1436	526
1437	526
1437	522
1439	522
1439	520
1440	520
1440	519
1442	519
1442	518
1443	518
1443	517
1444	517
1444	516
1445	516
1445	497
1444	497
1444	494
1443	494
1443	493
1442	493
1442	492
1441	492
1441	491
1440	491
1440	489
1439	489
1439	488
1438	488
1438	460
1439	460
1439	459
1450	459
1450	458
1451	458
1451	457
1452	457
1452	452
1454	452
1454	451
1453	451
1453	447
1452	447
1452	435
1451	435
1451	414
1453	414
1453	413
1454	413
1454	412
1455	412
1455	410
1456	410
1456	409
1457	409
1457	408
1459	408
1459	407
1461	407
1461	406
1463	406
1463	405
1478	405
1478	404
1482	404
1482	403
1485	403
1485	402
1486	402
1486	401
1490	401
1490	400
1498	400
1498	399
1499	399
1499	398
1505	398
1505	397
1506	397
1506	396
1507	396
1507	395
1509	395
1509	393
1510	393
1510	392
1511	392
1511	388
1512	388
1512	385
1513	385
1513	384
1514	384
1514	372
1516	372
1516	371
1517	371
1517	370
1519	370
1519	369
1520	369
1520	368
1521	368
1521	366
1522	366
1522	367
1527	367
1527	368
1528	368
1528	367
1530	367
1530	368
1533	368
1533	367
1535	367
1535	366
1536	366
1536	367
1537	367
1537	365
1538	365
1538	367
1539	367
1539	366
1540	366
1540	367
1545	367
1545	368
1547	368
1547	367
1548	367
1548	368
1552	368
1552	369
1553	369
1553	368
1554	368
1554	369
1556	369
1556	368
1557	368
1557	367
1558	367
1558	369
1563	369
1563	370
1564	370
1564	369
1565	369
1565	370
1568	370
1568	369
1582	369
1582	370
1586	370
1586	372
1589	372
1589	373
1594	373
1594	374
1595	374
1595	373
1598	373
1598	375
1597	375
1597	376
1598	376
1598	377
1597	377
1597	386
1596	386
1596	390
1597	390
1597	392
1598	392
1598	395
1599	395
1599	397
1598	397
1598	398
1597	398
1597	400
1598	400
1598	401
1601	401
1601	402
1607	402
1607	403
1614	403
1614	404
1617	404
1617	405
1618	405
1618	404
1624	404
1624	405
1626	405
1626	402
1627	402
1627	393
1629	393
1629	391
1630	391
1630	388
1631	388
1631	387
1632	387
1632	386
1633	386
1633	384
1634	384
1634	382
1635	382
1635	381
1636	381
1636	380
1638	380
1638	378
1639	378
1639	379
1647	379
1647	380
1650	380
1650	381
1661	381
1661	382
1673	382
1673	383
1674	383
1674	382
1675	382
1675	383
1678	383
1678	382
1679	382
1679	383
1680	383
1680	382
1681	382
1681	383
1682	383
1682	382
1684	382
1684	381
1686	381
1686	380
1688	380
1688	378
1690	378
1690	377
1692	377
1692	376
1694	376
1694	374
1697	374
1697	373
1699	373
1699	372
1700	372
1700	371
1702	371
1702	370
1704	370
1704	369
1706	369
1706	368
1707	368
1707	365
1708	365
1708	366
1709	366
1709	365
1711	365
1711	363
1712	363
1712	362
1714	362
1714	359
1715	359
1715	356
1716	356
1716	354
1717	354
1717	355
1718	355
1718	354
1717	354
1717	353
1719	353
1719	351
1720	351
1720	350
1719	350
1719	348
1720	348
1720	346
1721	346
1721	345
1720	345
1720	344
1721	344
1721	343
1722	343
1722	340
1724	340
1724	338
1723	338
1723	337
1726	337
1726	336
1727	336
1727	335
1728	335
1728	334
1727	334
1727	333
1729	333
1729	331
1730	331
1730	330
1729	330
1729	331
1728	331
1728	329
1730	329
1730	325
1731	325
1731	324
1730	324
1730	323
1731	323
1731	321
1730	321
1730	320
1731	320
1731	313
1730	313
1730	312
1732	312
1732	310
1731	310
1731	309
1730	309
1730	307
1731	307
1731	308
1732	308
1732	301
1731	301
1731	300
1729	300
1729	299
1731	299
1731	298
1730	298
1730	295
1729	295
1729	294
1728	294
1728	292
1729	292
1729	293
1730	293
1730	292
1731	292
1731	290
1729	290
1729	289
1730	289
1730	283
1729	283
1729	282
1730	282
1730	281
1731	281
1731	279
1730	279
1730	278
1732	278
1732	274
1731	274
1731	273
1732	273
1732	269
1733	269
1733	265
1734	265
1734	262
1736	262
1736	261
1737	261
1737	260
1738	260
1738	258
1739	258
1739	257
1740	257
1740	253
1741	253
1741	251
1742	251
1742	250
1741	250
1741	248
1742	248
1742	249
1743	249
1743	248
1744	248
1744	246
1745	246
1745	244
1746	244
1746	242
1747	242
1747	241
1749	241
1749	240
1750	240
1750	238
1751	238
1751	237
1753	237
1753	236
1755	236
1755	235
1756	235
1756	234
1757	234
1757	233
1758	233
1758	231
1759	231
1759	230
1760	230
1760	228
1761	228
1761	227
1762	227
1762	226
1763	226
1763	225
1764	225
1764	224
1766	224
1766	223
1784	223
1784	222
1792	222
1792	223
1796	223
1796	224
1797	224
1797	225
1801	225
1801	226
1802	226
1802	225
1803	225
1803	226
1806	226
1806	227
1807	227
1807	228
1808	228
1808	227
1809	227
1809	228
1814	228
1814	227
1816	227
1816	229
1822	229
1822	228
1823	228
1823	229
1824	229
1824	227
1825	227
1825	226
1826	226
1826	224
1825	224
1825	221
1824	221
1824	219
1823	219
1823	217
1824	217
1824	216
1825	216
1825	204
1826	204
1826	203
1827	203
1827	204
1828	204
1828	202
1830	202
1830	201
1831	201
1831	199
1833	199
1833	200
1834	200
1834	198
1835	198
1835	199
1836	199
1836	197
1838	197
1838	198
1837	198
1837	200
1836	200
1836	201
1837	201
1837	200
1838	200
1838	201
1839	201
1839	200
1838	200
1838	198
1839	198
1839	199
1840	199
1840	198
1842	198
1842	197
1844	197
1844	198
1843	198
1843	200
1842	200
1842	201
1840	201
1840	202
1842	202
1842	203
1843	203
1843	202
1844	202
1844	203
1845	203
1845	201
1846	201
1846	203
1847	203
1847	202
1848	202
1848	203
1850	203
1850	204
1852	204
1852	205
1853	205
1853	206
1854	206
1854	207
1856	207
1856	208
1857	208
1857	209
1858	209
1858	210
1859	210
1859	212
1860	212
1860	214
1862	214
1862	215
1863	215
1863	220
1865	220
1865	226
1866	226
1866	227
1867	227
1867	228
1868	228
1868	229
1869	229
1869	230
1871	230
1871	229
1872	229
1872	230
1873	230
1873	229
1877	229
1877	230
1878	230
1878	229
1880	229
1880	228
1881	228
1881	230
1882	230
1882	228
1883	228
1883	229
1884	229
1884	228
1890	228
1890	229
1891	229
1891	228
1903	228
1903	227
1904	227
1904	226
1905	226
1905	225
1909	225
1909	224
1910	224
1910	223
1911	223
1911	222
1913	222
1913	221
1916	221
1916	220
1928	220
1928	219
1932	219
1932	218
1943	218
1943	217
1944	217
1944	216
1948	216
1948	215
1949	215
1949	214
1951	214
1951	213
1952	213
1952	211
1953	211
1953	210
1955	210
1955	209
1957	209
1957	208
1958	208
1958	207
1959	207
1959	206
1960	206
1960	205
1961	205
1961	204
1962	204
1962	203
1963	203
1963	201
1964	201
1964	200
1965	200
1965	197
1966	197
1966	192
1967	192
1967	187
1968	187
1968	186
1969	186
1969	148
1970	148
1970	147
1969	147
1969	146
1970	146
1970	144
1972	144
1972	139
1973	139
1973	137
1974	137
1974	133
1975	133
1975	132
1976	132
1976	129
1977	129
1977	128
1978	128
1978	125
1979	125
1979	124
1980	124
1980	122
1981	122
1981	120
1982	120
1982	118
1983	118
1983	115
1984	115
1984	114
1985	114
1985	112
1986	112
1986	111
1987	111
1987	110
1988	110
1988	109
1989	109
1989	107
1991	107
1991	106
1992	106
1992	103
1995	103
1995	102
1997	102
1997	101
1998	101
1998	100
1999	100
1999	99
2003	99
2003	98
2004	98
2004	97
2007	97
2007	96
2011	96
2011	95
2012	95
2012	94
2013	94
2013	93
2014	93
2014	91
2017	91
2017	90
2018	90
2018	86
2017	86
2017	85
2012	85
2012	84
2010	84
2010	79
2009	79
2009	84
2008	84
2008	85
2009	85
2009	86
2008	86
2008	88
2007	88
2007	89
2006	89
2006	90
2004	90
2004	91
2001	91
2001	92
2000	92
2000	93
1996	93
1996	94
1994	94
1994	95
1993	95
1993	96
1991	96
1991	97
1989	97
1989	98
1988	98
1988	99
1987	99
1987	100
1986	100
1986	102
1985	102
1985	103
1984	103
1984	104
1983	104
1983	105
1981	105
1981	106
1980	106
1980	107
1979	107
1979	108
1978	108
1978	109
1977	109
1977	110
1978	110
1978	112
1977	112
1977	114
1976	114
1976	115
1975	115
1975	116
1976	116
1976	117
1975	117
1975	118
1974	118
1974	119
1973	119
1973	121
1972	121
1972	125
1971	125
1971	126
1970	126
1970	128
1969	128
1969	129
1968	129
1968	134
1967	134
1967	136
1966	136
1966	139
1965	139
1965	140
1964	140
1964	142
1963	142
1963	183
1962	183
1962	184
1961	184
1961	189
1960	189
1960	194
1959	194
1959	197
1958	197
1958	198
1957	198
1957	199
1956	199
1956	200
1955	200
1955	201
1954	201
1954	202
1953	202
1953	203
1952	203
1952	204
1950	204
1950	205
1949	205
1949	206
1948	206
1948	207
1947	207
1947	208
1946	208
1946	209
1945	209
1945	210
1943	210
1943	209
1942	209
1942	210
1941	210
1941	211
1940	211
1940	212
1929	212
1929	213
1924	213
1924	214
1909	214
1909	215
1908	215
1908	217
1906	217
1906	218
1904	218
1904	219
1902	219
1902	220
1900	220
1900	221
1899	221
1899	222
1871	222
1871	214
1870	214
1870	210
1869	210
1869	209
1868	209
1868	207
1867	207
1867	206
1864	206
1864	205
1863	205
1863	204
1862	204
1862	203
1860	203
1860	202
1859	202
1859	201
1857	201
1857	199
1856	199
1856	198
1855	198
1855	197
1854	197
1854	196
1852	196
1852	195
1851	195
1851	194
1850	194
1850	193
1849	193
1849	192
1847	192
1847	191
1845	191
1845	190
1837	190
1837	191
1831	191
1831	192
1830	192
1830	193
1828	193
1828	194
1825	194
1825	195
1824	195
1824	196
1823	196
1823	197
1822	197
1822	198
1821	198
1821	199
1820	199
1820	201
1819	201
1819	211
1818	211
1818	214
1819	214
1819	216
1820	216
1820	217
1819	217
1819	219
1820	219
1820	222
1821	222
1821	224
1823	224
1823	225
1819	225
1819	226
1818	226
1818	224
1817	224
1817	226
1816	226
1816	223
1812	223
1812	224
1811	224
1811	223
1808	223
1808	222
1804	222
1804	221
1800	221
1800	220
1799	220
1799	221
1798	221
1798	220
1796	220
1796	219
1793	219
1793	218
1792	218
1792	219
1790	219
1790	218
1787	218
1787	219
1785	219
1785	218
1784	218
1784	219
1782	219
1782	218
1780	218
1780	220
1777	220
1777	219
1778	219
1778	218
1777	218
1777	219
1776	219
1776	218
1773	218
1773	219
1771	219
1771	218
1770	218
1770	219
1769	219
1769	218
1767	218
1767	219
1765	219
1765	220
1764	220
1764	221
1763	221
1763	222
1761	222
1761	224
1759	224
1759	226
1758	226
1758	228
1756	228
1756	229
1757	229
1757	230
1755	230
1755	231
1753	231
1753	234
1752	234
1752	233
1750	233
1750	234
1749	234
1749	235
1748	235
1748	236
1747	236
1747	238
1745	238
1745	241
1743	241
1743	244
1742	244
1742	245
1741	245
1741	246
1740	246
1740	248
1739	248
1739	250
1738	250
1738	252
1737	252
1737	256
1736	256
1736	257
1735	257
1735	258
1734	258
1734	259
1733	259
1733	260
1732	260
1732	262
1731	262
1731	265
1730	265
1730	269
1729	269
1729	276
1728	276
1728	280
1727	280
1727	283
1726	283
1726	284
1727	284
1727	285
1726	285
1726	293
1727	293
1727	294
1726	294
1726	295
1727	295
1727	302
1728	302
1728	307
1729	307
1729	308
1728	308
1728	324
1727	324
1727	328
1726	328
1726	332
1725	332
1725	333
1724	333
1724	335
1723	335
1723	336
1722	336
1722	337
1721	337
1721	339
1720	339
1720	341
1719	341
1719	343
1718	343
1718	345
1717	345
1717	347
1716	347
1716	350
1715	350
1715	353
1714	353
1714	354
1713	354
1713	356
1712	356
1712	357
1711	357
1711	360
1709	360
1709	361
1708	361
1708	362
1707	362
1707	364
1705	364
1705	365
1703	365
1703	366
1701	366
1701	367
1699	367
1699	368
1698	368
1698	369
1695	369
1695	371
1693	371
1693	372
1692	372
1692	373
1689	373
1689	374
1688	374
1688	375
1687	375
1687	376
1685	376
1685	377
1680	377
1680	378
1679	378
1679	379
1678	379
1678	377
1676	377
1676	378
1674	378
1674	379
1669	379
1669	378
1663	378
1663	377
1654	377
1654	376
1651	376
1651	377
1650	377
1650	376
1649	376
1649	375
1643	375
1643	376
1642	376
1642	374
1640	374
1640	375
1637	375
1637	376
1636	376
1636	377
1635	377
1635	378
1634	378
1634	379
1633	379
1633	380
1632	380
1632	382
1631	382
1631	383
1630	383
1630	385
1629	385
1629	386
1628	386
1628	388
1627	388
1627	390
1626	390
1626	392
1625	392
1625	395
1624	395
1624	400
1616	400
1616	399
1609	399
1609	398
1603	398
1603	397
1602	397
1602	394
1603	394
1603	392
1602	392
1602	393
1601	393
1601	390
1600	390
1600	385
1601	385
1601	375
1600	375
1600	374
1601	374
1601	373
1602	373
1602	372
1605	372
1605	369
1603	369
1603	367
1601	367
1601	365
1602	365
1602	364
1598	364
1598	363
1595	363
1595	364
1596	364
1596	365
1597	365
1597	366
1598	366
1598	371
1597	371
1597	370
1593	370
1593	371
1592	371
1592	370
1590	370
1590	369
1589	369
1589	368
1587	368
1587	367
1585	367
1585	368
1584	368
1584	366
1578	366
1578	367
1577	367
1577	366
1576	366
1576	367
1575	367
1575	365
1573	365
1573	366
1569	366
1569	367
1568	367
1568	366
1567	366
1567	367
1566	367
1566	366
1564	366
1564	367
1563	367
1563	366
1562	366
1562	365
1555	365
1555	364
1553	364
1553	363
1552	363
1552	365
1553	365
1553	366
1550	366
1550	367
1549	367
1549	365
1551	365
1551	364
1549	364
1549	365
1541	365
1541	363
1540	363
1540	364
1539	364
1539	363
1537	363
1537	364
1533	364
1533	366
1532	366
1532	365
1528	365
1528	364
1523	364
1523	361
1522	361
1522	360
1518	360
1518	361
1517	361
1517	362
1516	362
1516	363
1515	363
1515	364
1512	364
1512	366
1510	366
1510	367
1509	367
1509	368
1508	368
1508	369
1507	369
1507	371
1506	371
1506	372
1505	372
1505	378
1507	378
1507	379
1506	379
1506	381
1507	381
1507	382
1506	382
1506	385
1505	385
1505	389
1504	389
1504	390
1502	390
1502	391
1501	391
1501	392
1496	392
1496	393
1493	393
1493	394
1487	394
1487	395
1481	395
1481	394
1479	394
1479	395
1480	395
1480	396
1478	396
1478	397
1477	397
1477	395
1473	395
1473	394
1472	394
1472	395
1471	395
1471	396
1470	396
1470	397
1469	397
1469	396
1468	396
1468	395
1469	395
1469	394
1467	394
1467	396
1465	396
1465	397
1463	397
1463	399
1462	399
1462	398
1461	398
1461	399
1460	399
1460	400
1458	400
1458	401
1456	401
1456	402
1454	402
1454	403
1453	403
1453	404
1452	404
1452	405
1451	405
1451	406
1450	406
1450	407
1449	407
1449	408
1447	408
1447	409
1446	409
1446	411
1445	411
1445	439
1446	439
1446	453
1445	453
1445	452
1439	452
1439	453
1436	453
1436	454
1433	454
1433	455
1432	455
1432	460
1431	460
1431	461
1430	461
1430	467
1431	467
1431	468
1430	468
1430	471
1431	471
1431	472
1430	472
1430	473
1431	473
1431	474
1430	474
1430	475
1431	475
1431	476
1430	476
1430	478
1431	478
1431	482
1432	482
1432	483
1431	483
1431	485
1432	485
1432	491
1433	491
1433	494
1434	494
1434	499
1436	499
1436	504
1437	504
1437	505
1436	505
1436	506
1437	506
1437	512
1438	512
1438	513
1436	513
1436	514
1435	514
1435	515
1434	515
1434	516
1433	516
1433	517
1432	517
1432	518
1431	518
1431	521
1430	521
1430	522
1428	522
1428	524
1424	524
1424	523
1409	523
1409	522
1404	522
1404	521
1402	521
1402	520
1401	520
1401	519
1400	519
1400	520
1399	520
1399	518
1396	518
1396	517
1395	517
1395	516
1393	516
1393	515
1392	515
1392	509
1391	509
1391	507
1390	507
1390	505
1389	505
1389	504
1388	504
1388	503
1387	503
1387	482
1386	482
1386	481
1385	481
1385	479
1384	479
1384	477
1383	477
1383	476
1382	476
1382	475
1380	475
1380	473
1379	473
1379	472
1358	472
1358	471
1357	471
1357	470
1356	470
1356	468
1355	468
1355	466
1354	466
1354	465
1353	465
1353	464
1351	464
1351	463
1349	463
1349	461
1348	461
1348	460
1347	460
1347	459
1346	459
1346	458
1344	458
1344	457
1341	457
1341	456
1316	456
1316	455
1314	455
1314	454
1313	454
1313	453
1311	453
1311	452
1308	452
1308	451
1304	451
1304	450
1286	450
1286	448
1285	448
1285	447
1284	447
1284	446
1283	446
1283	445
1282	445
1282	444
1281	444
1281	441
1280	441
1280	440
1279	440
1279	439
1278	439
1278	438
1277	438
1277	437
1276	437
1276	436
1256	436
1256	437
1255	437
1255	438
1251	438
1251	439
1250	439
1250	442
1249	442
1249	443
1248	443
1248	447
1247	447
1247	451
1246	451
1246	454
1245	454
1245	455
1244	455
1244	462
1243	462
1243	463
1244	463
1244	494
1245	494
1245	495
1246	495
1246	506
1247	506
1247	512
1248	512
1248	520
1249	520
1249	530
1241	530
1241	531
1240	531
1240	530
1237	530
1237	531
1236	531
1236	532
1233	532
1233	533
1232	533
1232	534
1230	534
1230	535
1229	535
1229	534
1226	534
1226	535
1224	535
1224	534
1223	534
1223	535
1211	535
1211	536
1208	536
1208	537
1207	537
1207	538
1205	538
1205	540
1204	540
1204	541
1202	541
1202	543
1199	543
1199	544
1197	544
1197	545
1196	545
1196	546
1194	546
1194	549
1193	549
1193	548
1192	548
1192	549
1191	549
1191	551
1190	551
1190	552
1189	552
1189	553
1188	553
1188	554
1184	554
1184	555
1183	555
1183	556
1182	556
1182	557
1181	557
1181	562
1180	562
1180	563
1179	563
1179	565
1178	565
1178	566
1177	566
1177	567
1163	567
1163	566
1161	566
1161	565
1160	565
1160	564
1158	564
1158	563
1157	563
1157	562
1156	562
1156	561
1155	561
1155	560
1153	560
1153	559
1152	559
1152	558
1151	558
1151	543
1150	543
1150	542
1149	542
1149	541
1142	541
1142	540
1138	540
1138	541
1130	541
1130	542
1129	542
1129	543
1127	543
1127	544
1123	544
1123	545
1121	545
1121	546
1120	546
1120	547
1119	547
1119	548
1118	548
1118	549
1117	549
1117	550
1115	550
1115	551
1113	551
1113	552
1112	552
1112	553
1110	553
1110	555
1107	555
1107	556
1105	556
1105	557
1104	557
1104	559
1101	559
1101	560
1092	560
1092	561
1091	561
1091	562
1089	562
1089	561
1080	561
1080	560
1067	560
1067	561
1065	561
1065	560
1061	560
1061	561
1060	561
1060	560
1058	560
1058	559
1057	559
1057	561
1056	561
1056	559
1053	559
1053	560
1052	560
1052	559
1050	559
1050	558
1045	558
1045	557
1043	557
1043	556
1040	556
1040	555
1039	555
1039	554
1038	554
1038	553
1037	553
1037	551
1036	551
1036	550
1035	550
1035	549
1034	549
1034	548
1033	548
1033	543
1032	543
1032	542
1031	542
1031	541
1029	541
1029	540
1028	540
1028	539
1027	539
1027	537
1026	537
1026	535
1025	535
1025	534
1024	534
1024	499
1023	499
1023	498
1020	498
1020	497
1022	497
1022	496
1024	496
1024	497
1025	497
1025	496
1030	496
1030	495
1032	495
1032	496
1033	496
1033	495
1036	495
1036	496
1040	496
1040	492
1039	492
1039	491
1037	491
1037	490
1036	490
1036	488
1035	488
1035	487
1033	487
1033	488
1034	488
1034	489
1035	489
1035	490
1036	490
1036	491
1037	491
1037	493
1036	493
1036	492
1033	492
1033	493
1032	493
1032	492
1029	492
1029	493
1028	493
1028	492
1024	492
1024	493
1021	493
1021	494
1017	494
1017	495
1016	495
1016	496
1013	496
1013	497
1011	497
1011	498
1009	498
1009	499
1008	499
1008	500
1007	500
1007	499
1006	499
1006	500
1005	500
1005	501
1004	501
1004	502
1001	502
1001	503
999	503
999	504
997	504
997	505
994	505
994	506
993	506
993	507
992	507
992	506
991	506
991	507
990	507
990	506
989	506
989	507
985	507
985	508
983	508
983	509
982	509
982	508
980	508
980	509
977	509
977	508
976	508
976	509
935	509
935	510
924	510
924	511
921	511
921	510
919	510
919	509
918	509
918	508
916	508
916	507
914	507
914	506
909	506
909	505
908	505
908	504
907	504
907	503
900	503
900	502
885	502
885	501
881	501
881	500
879	500
879	499
875	499
875	498
874	498
874	497
871	497
871	496
866	496
866	495
859	495
859	494
856	494
856	493
853	493
853	492
852	492
852	491
851	491
851	490
849	490
849	489
848	489
848	488
846	488
846	487
845	487
845	486
844	486
844	485
827	485
827	486
824	486
824	487
821	487
821	488
822	488
822	490
821	490
821	489
820	489
820	488
819	488
819	490
818	490
818	491
816	491
816	493
814	493
814	496
812	496
812	499
809	499
809	500
808	500
808	501
807	501
807	505
806	505
806	510
805	510
805	512
804	512
804	526
805	526
805	530
804	530
804	531
803	531
803	541
802	541
802	539
801	539
801	538
797	538
797	539
796	539
796	543
795	543
795	544
794	544
794	549
778	549
778	548
777	548
777	547
776	547
776	546
758	546
758	547
756	547
756	546
755	546
755	545
752	545
752	546
751	546
751	547
750	547
750	548
749	548
749	549
748	549
748	550
744	550
744	551
743	551
743	552
742	552
742	553
741	553
741	560
737	560
737	561
731	561
731	562
729	562
729	563
730	563
730	565
729	565
729	564
728	564
728	567
727	567
727	569
718	569
718	568
713	568
713	567
711	567
711	566
710	566
710	565
709	565
709	564
708	564
708	563
706	563
706	562
705	562
705	561
704	561
704	560
703	560
703	559
702	559
702	558
701	558
701	557
700	557
700	556
699	556
699	555
698	555
698	554
697	554
697	553
696	553
696	552
695	552
695	551
694	551
694	550
693	550
693	549
692	549
692	548
691	548
691	547
690	547
690	546
681	546
681	544
680	544
680	543
679	543
679	534
680	534
680	531
681	531
681	526
682	526
682	525
683	525
683	521
684	521
684	520
685	520
685	484
684	484
684	483
683	483
683	480
682	480
682	477
681	477
681	465
680	465
680	464
679	464
679	463
678	463
678	461
677	461
677	448
676	448
676	446
675	446
675	445
673	445
673	443
672	443
672	442
673	442
673	441
672	441
672	442
671	442
671	439
670	439
670	438
669	438
669	437
648	437
648	438
647	438
647	439
646	439
646	437
645	437
645	428
646	428
646	418
647	418
647	416
648	416
648	415
649	415
649	414
650	414
650	404
649	404
649	403
643	403
643	401
636	401
636	396
635	396
635	395
634	395
634	394
633	394
633	393
632	393
632	392
631	392
631	385
630	385
630	366
629	366
629	359
628	359
628	358
627	358
627	357
626	357
626	356
612	356
612	355
610	355
610	356
600	356
600	357
597	357
597	358
595	358
595	359
594	359
594	360
593	360
593	361
592	361
592	362
591	362
591	363
590	363
590	364
583	364
583	365
582	365
582	367
581	367
581	368
580	368
580	369
579	369
579	370
578	370
578	372
577	372
577	373
576	373
576	382
575	382
575	387
574	387
574	393
575	393
575	395
552	395
552	396
551	396
551	397
550	397
550	398
549	398
549	399
548	399
548	400
547	400
547	401
546	401
546	402
543	402
543	403
542	403
542	404
530	404
530	405
527	405
527	406
524	406
524	407
523	407
523	408
521	408
521	409
520	409
520	410
519	410
519	411
518	411
518	412
517	412
517	413
516	413
516	415
515	415
515	416
514	416
514	415
513	415
513	418
512	418
512	416
511	416
511	417
508	417
508	418
506	418
506	419
505	419
505	420
504	420
504	421
503	421
503	422
502	422
502	423
501	423
501	424
499	424
499	425
498	425
498	426
497	426
497	427
495	427
495	428
494	428
494	429
493	429
493	432
492	432
492	434
490	434
490	435
489	435
489	436
482	436
482	437
480	437
480	438
479	438
479	437
478	437
478	436
470	436
470	435
467	435
467	434
464	434
464	433
460	433
460	432
457	432
457	433
456	433
456	432
455	432
455	431
452	431
452	432
453	432
453	433
454	433
454	434
456	434
456	435
457	435
457	433
458	433
458	435
460	435
460	436
455	436
455	435
453	435
453	434
452	434
452	433
451	433
451	431
447	431
447	430
442	430
442	429
440	429
440	426
439	426
439	425
440	425
440	395
439	395
439	391
438	391
438	388
437	388
437	382
436	382
436	380
435	380
435	379
434	379
434	275
433	275
433	272
432	272
432	256
431	256
431	255
430	255
430	253
429	253
429	252
431	252
431	250
430	250
430	248
429	248
429	246
428	246
428	245
426	245
426	244
425	244
425	245
419	245
419	246
417	246
417	247
416	247
416	249
415	249
415	250
413	250
413	252
412	252
412	253
410	253
410	254
409	254
409	255
408	255
408	258
407	258
407	259
406	259
406	260
395	260
395	261
387	261
387	262
386	262
386	263
382	263
382	264
381	264
381	265
380	265
380	266
377	266
377	267
376	267
376	268
375	268
375	269
372	269
372	270
370	270
370	271
369	271
369	272
366	272
366	273
365	273
365	274
364	274
364	275
363	275
363	276
362	276
362	277
361	277
361	278
360	278
360	279
359	279
359	280
358	280
358	281
357	281
357	284
356	284
356	285
355	285
355	286
354	286
354	289
353	289
353	290
352	290
352	291
350	291
350	292
348	292
348	293
344	293
344	294
343	294
343	295
337	295
337	296
336	296
336	297
335	297
335	298
333	298
333	299
332	299
332	300
331	300
331	301
328	301
328	302
327	302
327	303
326	303
326	304
325	304
325	305
324	305
324	306
323	306
323	308
322	308
322	309
321	309
321	310
320	310
320	311
319	311
319	312
318	312
318	315
315	315
315	316
313	316
313	317
310	317
310	319
309	319
309	320
308	320
308	323
307	323
307	322
306	322
306	323
304	323
304	324
300	324
300	325
295	325
295	326
293	326
293	327
289	327
289	328
285	328
285	329
280	329
280	328
279	328
279	326
278	326
278	324
277	324
277	323
276	323
276	322
273	322
273	319
272	319
272	310
271	310
271	308
270	308
270	306
269	306
269	304
267	304
267	303
268	303
268	302
267	302
267	300
265	300
265	302
263	302
263	303
261	303
261	304
258	304
258	305
257	305
257	306
254	306
254	295
255	295
255	256
256	256
256	255
255	255
255	254
256	254
256	249
255	249
255	242
256	242
256	240
257	240
257	222
258	222
258	221
257	221
257	220
258	220
258	219
257	219
257	216
256	216
256	215
255	215
255	213
254	213
254	212
253	212
253	211
244	211
244	206
243	206
243	204
242	204
242	203
239	203
239	202
238	202
238	203
234	203
234	202
233	202
233	203
222	203
222	204
219	204
219	205
218	205
218	206
217	206
217	213
215	213
215	214
214	214
214	215
209	215
209	216
208	216
208	218
207	218
207	225
203	225
203	224
192	224
192	220
191	220
191	218
190	218
190	215
189	215
189	214
188	214
188	213
187	213
187	157
186	157
186	153
185	153
185	134
184	134
184	129
185	129
185	125
187	125
187	124
188	124
188	117
189	117
189	116
188	116
188	113
187	113
187	112
182	112
182	113
181	113
181	117
182	117
182	119
181	119
181	120
180	120
180	122
179	122
179	123
178	123
178	137
179	137
179	157
180	157
180	161
181	161
181	217
182	217
182	218
183	218
183	219
184	219
184	221
185	221
185	223
186	223
186	228
187	228
187	229
188	229
188	230
200	230
200	231
212	231
212	230
213	230
213	221
219	221
219	220
221	220
221	219
222	219
222	218
223	218
223	215
224	215
224	214
225	214
225	213
226	213
226	212
228	212
228	211
227	211
227	210
229	210
229	209
237	209
237	210
238	210
238	215
239	215
239	216
240	216
240	217
249	217
249	219
250	219
250	220
251	220
251	237
250	237
250	239
249	239
249	245
248	245
248	255
249	255
249	292
248	292
248	314
249	314
249	315
251	315
251	316
252	316
252	319
253	319
253	320
254	320
254	322
255	322
255	323
256	323
256	324
257	324
257	322
259	322
259	321
260	321
260	317
259	317
259	315
258	315
258	312
260	312
260	311
262	311
262	310
263	310
263	314
264	314
264	316
265	316
265	319
266	319
266	324
267	324
267	325
268	325
268	326
269	326
269	327
270	327
270	328
272	328
272	329
273	329
273	332
274	332
274	334
275	334
275	335
288	335
288	334
292	334
292	333
296	333
296	332
298	332
298	331
303	331
303	330
307	330
307	329
312	329
312	328
313	328
313	327
314	327
314	326
315	326
315	325
317	325
317	324
318	324
318	323
319	323
319	322
320	322
320	321
321	321
321	320
322	320
322	319
323	319
323	318
324	318
324	317
325	317
325	316
326	316
326	315
327	315
327	314
328	314
328	311
329	311
329	310
330	310
330	309
331	309
331	308
332	308
332	307
334	307
334	306
335	306
335	305
336	305
336	304
338	304
338	303
339	303
339	302
341	302
341	301
346	301
346	300
347	300
347	299
352	299
352	298
355	298
355	297
356	297
356	296
357	296
357	295
358	295
358	293
359	293
359	292
360	292
360	289
361	289
361	288
362	288
362	287
363	287
363	284
365	284
365	283
366	283
366	282
367	282
367	281
368	281
368	280
369	280
369	279
370	279
370	278
373	278
373	277
374	277
374	276
375	276
375	275
379	275
379	274
380	274
380	272
384	272
384	271
385	271
385	270
389	270
389	269
391	269
391	268
394	268
394	267
398	267
398	266
412	266
412	265
413	265
413	264
414	264
414	263
415	263
415	262
416	262
416	260
417	260
417	259
418	259
418	257
419	257
419	255
420	255
420	254
421	254
421	253
423	253
423	256
424	256
424	257
425	257
425	258
426	258
426	275
427	275
427	284
428	284
428	356
427	356
427	357
428	357
428	361
427	361
427	369
428	369
428	382
429	382
429	383
430	383
430	385
431	385
431	391
432	391
432	394
433	394
433	398
434	398
434	421
429	421
429	422
428	422
428	425
427	425
427	427
429	427
429	431
430	431
430	432
434	432
434	433
435	433
435	435
436	435
436	436
438	436
438	437
439	437
439	438
448	438
448	439
449	439
449	440
450	440
450	441
452	441
452	442
475	442
475	443
476	443
476	444
493	444
493	443
494	443
494	441
495	441
495	440
496	440
496	439
497	439
497	437
498	437
498	435
499	435
499	433
501	433
501	432
502	432
502	431
503	431
503	430
504	430
504	429
505	429
505	428
506	428
506	427
509	427
509	426
510	426
510	424
516	424
516	423
517	423
517	422
518	422
518	421
519	421
519	420
521	420
521	419
522	419
522	417
523	417
523	416
524	416
524	415
525	415
525	414
526	414
526	413
528	413
528	412
530	412
530	411
534	411
534	410
546	410
546	409
547	409
547	408
550	408
550	407
551	407
551	406
552	406
552	405
553	405
553	404
555	404
555	403
556	403
556	401
579	401
579	400
581	400
581	399
582	399
582	376
583	376
583	375
584	375
584	374
585	374
585	373
586	373
586	372
587	372
587	371
588	371
588	370
593	370
593	369
594	369
594	368
596	368
596	367
597	367
597	366
598	366
598	364
601	364
601	363
604	363
604	362
619	362
619	363
620	363
620	364
621	364
621	365
622	365
622	366
623	366
623	370
624	370
624	392
625	392
625	395
626	395
626	397
627	397
627	398
628	398
628	401
629	401
629	404
630	404
630	408
631	408
631	409
632	409
632	410
639	410
639	409
642	409
642	412
641	412
641	415
640	415
640	425
639	425
