616	425
617	425
617	427
616	427
616	428
617	428
617	439
618	439
618	444
619	444
619	450
620	450
620	451
619	451
619	452
620	452
620	457
621	457
621	461
622	461
622	466
623	466
623	490
624	490
624	492
622	492
622	493
625	493
625	494
632	494
632	495
633	495
633	498
634	498
634	501
635	501
635	503
636	503
636	505
637	505
637	507
638	507
638	514
639	514
639	516
638	516
638	519
639	519
639	520
638	520
638	527
639	527
639	533
640	533
640	535
641	535
641	536
642	536
642	538
643	538
643	542
642	542
642	546
643	546
643	548
647	548
647	547
648	547
648	546
664	546
664	545
666	545
666	544
669	544
669	545
671	545
671	546
674	546
674	547
677	547
677	548
680	548
680	549
681	549
681	550
683	550
683	551
687	551
687	552
689	552
689	553
693	553
693	554
695	554
695	555
698	555
698	556
700	556
700	557
707	557
707	558
709	558
709	559
719	559
719	560
720	560
720	559
723	559
723	558
726	558
726	557
727	557
727	556
729	556
729	555
731	555
731	554
732	554
732	553
733	553
733	552
734	552
734	551
735	551
735	550
736	550
736	549
737	549
737	547
738	547
738	546
739	546
739	544
740	544
740	543
741	543
741	542
742	542
742	541
743	541
743	540
744	540
744	539
746	539
746	538
750	538
750	537
752	537
752	536
753	536
753	535
755	535
755	534
757	534
757	533
760	533
760	532
761	532
761	531
766	531
766	530
771	530
771	531
772	531
772	530
774	530
774	529
775	529
775	528
778	528
778	527
779	527
779	526
782	526
782	525
784	525
784	524
786	524
786	523
788	523
788	522
789	522
789	521
790	521
790	520
792	520
792	518
793	518
793	517
795	517
795	516
798	516
798	517
811	517
811	518
812	518
812	517
827	517
827	516
828	516
828	515
830	515
830	514
831	514
831	513
832	513
832	512
833	512
833	511
834	511
834	508
835	508
835	507
836	507
836	506
837	506
837	505
839	505
839	504
840	504
840	502
841	502
841	501
842	501
842	500
845	500
845	501
852	501
852	500
855	500
855	499
859	499
859	502
860	502
860	504
859	504
859	511
858	511
858	513
859	513
859	514
858	514
858	522
859	522
859	524
860	524
860	529
861	529
861	531
862	531
862	535
861	535
861	536
862	536
862	537
861	537
861	538
862	538
862	543
861	543
861	552
860	552
860	556
859	556
859	558
860	558
860	559
859	559
859	563
858	563
858	590
857	590
857	594
858	594
858	597
857	597
857	598
858	598
858	605
859	605
859	631
860	631
860	635
861	635
861	636
862	636
862	635
864	635
864	634
865	634
865	632
868	632
868	631
870	631
870	632
873	632
873	634
874	634
874	635
875	635
875	637
876	637
876	638
878	638
878	639
886	639
886	640
900	640
900	641
901	641
901	640
902	640
902	641
907	641
907	642
908	642
908	643
909	643
909	644
910	644
910	645
912	645
912	646
917	646
917	647
927	647
927	646
934	646
934	645
936	645
936	644
940	644
940	643
943	643
943	644
944	644
944	643
945	643
945	644
946	644
946	643
947	643
947	644
951	644
951	645
956	645
956	646
960	646
960	647
967	647
967	648
968	648
968	647
971	647
971	646
973	646
973	645
974	645
974	646
977	646
977	645
985	645
985	646
991	646
991	644
993	644
993	642
994	642
994	639
995	639
995	636
996	636
996	635
995	635
995	634
996	634
996	631
997	631
997	626
998	626
998	611
999	611
999	605
1000	605
1000	604
999	604
999	599
1000	599
1000	597
999	597
999	593
998	593
998	592
999	592
999	587
998	587
998	586
999	586
999	585
1000	585
1000	583
1001	583
1001	581
1002	581
1002	579
1003	579
1003	575
1004	575
1004	573
1005	573
1005	570
1006	570
1006	568
1008	568
1008	567
1010	567
1010	568
1012	568
1012	567
1013	567
1013	566
1015	566
1015	565
1023	565
1023	566
1025	566
1025	567
1027	567
1027	568
1028	568
1028	569
1031	569
1031	570
1032	570
1032	571
1033	571
1033	572
1034	572
1034	573
1036	573
1036	574
1041	574
1041	575
1044	575
1044	576
1045	576
1045	577
1046	577
1046	578
1047	578
1047	579
1048	579
1048	580
1049	580
1049	581
1050	581
1050	583
1052	583
1052	584
1054	584
1054	586
1055	586
1055	587
1057	587
1057	588
1058	588
1058	590
1059	590
1059	591
1060	591
1060	592
1061	592
1061	594
1062	594
1062	596
1063	596
1063	598
1064	598
1064	600
1065	600
1065	602
1066	602
1066	607
1065	607
1065	610
1064	610
1064	611
1065	611
1065	613
1066	613
1066	614
1067	614
1067	615
1070	615
1070	613
1071	613
1071	612
1075	612
1075	611
1080	611
1080	612
1081	612
1081	613
1083	613
1083	614
1085	614
1085	615
1086	615
1086	616
1087	616
1087	617
1089	617
1089	618
1090	618
1090	619
1091	619
1091	620
1092	620
1092	621
1093	621
1093	622
1094	622
1094	623
1093	623
1093	624
1094	624
1094	625
1095	625
1095	627
1096	627
1096	629
1097	629
1097	631
1098	631
1098	635
1099	635
1099	641
1100	641
1100	646
1101	646
1101	651
1102	651
1102	656
1103	656
1103	658
1104	658
1104	662
1105	662
1105	663
1106	663
1106	665
1107	665
1107	666
1108	666
1108	668
1109	668
1109	669
1110	669
1110	670
1119	670
1119	671
1122	671
1122	672
1124	672
1124	673
1126	673
1126	674
1128	674
1128	675
1136	675
1136	676
1140	676
1140	677
1145	677
1145	678
1147	678
1147	679
1149	679
1149	680
1158	680
1158	679
1159	679
1159	678
1162	678
1162	677
1165	677
1165	676
1173	676
1173	675
1176	675
1176	674
1182	674
1182	673
1188	673
1188	672
1190	672
1190	671
1191	671
1191	669
1193	669
1193	668
1195	668
1195	669
1196	669
1196	670
1197	670
1197	672
1198	672
1198	674
1199	674
1199	676
1200	676
1200	679
1201	679
1201	683
1202	683
1202	685
1203	685
1203	688
1204	688
1204	690
1205	690
1205	692
1206	692
1206	693
1207	693
1207	694
1208	694
1208	695
1209	695
1209	696
1210	696
1210	698
1211	698
1211	699
1212	699
1212	702
1213	702
1213	703
1214	703
1214	704
1215	704
1215	705
1216	705
1216	706
1217	706
1217	707
1218	707
1218	709
1219	709
1219	710
1220	710
1220	711
1221	711
1221	713
1222	713
1222	714
1231	714
1231	715
1237	715
1237	717
1238	717
1238	719
1240	719
1240	718
1245	718
1245	717
1248	717
1248	718
1249	718
1249	717
1250	717
1250	718
1254	718
1254	717
1256	717
1256	716
1257	716
1257	715
1259	715
1259	714
1260	714
1260	712
1261	712
1261	710
1262	710
1262	709
1263	709
1263	708
1264	708
1264	707
1265	707
1265	706
1266	706
1266	705
1267	705
1267	704
1268	704
1268	703
1269	703
1269	700
1270	700
1270	697
1271	697
1271	693
1272	693
1272	691
1273	691
1273	689
1274	689
1274	688
1275	688
1275	686
1276	686
1276	685
1277	685
1277	682
1278	682
1278	681
1277	681
1277	680
1278	680
1278	677
1279	677
1279	675
1280	675
1280	672
1281	672
1281	670
1282	670
1282	668
1283	668
1283	663
1284	663
1284	661
1285	661
1285	657
1286	657
1286	653
1285	653
1285	652
1286	652
1286	644
1287	644
1287	643
1286	643
1286	642
1287	642
1287	640
1286	640
1286	637
1287	637
1287	627
1286	627
1286	626
1287	626
1287	620
1288	620
1288	610
1289	610
1289	609
1288	609
1288	606
1287	606
1287	600
1288	600
1288	597
1287	597
1287	594
1288	594
1288	592
1289	592
1289	590
1290	590
1290	588
1292	588
1292	591
1293	591
1293	604
1294	604
1294	620
1295	620
1295	622
1294	622
1294	623
1295	623
1295	629
1296	629
1296	636
1297	636
1297	640
1298	640
1298	641
1297	641
1297	642
1298	642
1298	646
1299	646
1299	647
1300	647
1300	648
1301	648
1301	649
1303	649
1303	650
1308	650
1308	651
1314	651
1314	652
1315	652
1315	651
1316	651
1316	652
1318	652
1318	653
1319	653
1319	654
1323	654
1323	655
1324	655
1324	654
1325	654
1325	655
1329	655
1329	656
1335	656
1335	657
1337	657
1337	656
1339	656
1339	657
1340	657
1340	658
1346	658
1346	659
1350	659
1350	660
1352	660
1352	661
1355	661
1355	662
1356	662
1356	663
1361	663
1361	664
1363	664
1363	663
1364	663
1364	664
1367	664
1367	665
1370	665
1370	666
1372	666
1372	667
1374	667
1374	668
1376	668
1376	669
1378	669
1378	670
1379	670
1379	671
1380	671
1380	672
1381	672
1381	673
1382	673
1382	674
1384	674
1384	675
1385	675
1385	676
1388	676
1388	677
1390	677
1390	678
1392	678
1392	679
1395	679
1395	680
1398	680
1398	681
1399	681
1399	683
1400	683
1400	684
1401	684
1401	685
1402	685
1402	686
1403	686
1403	687
1405	687
1405	688
1407	688
1407	689
1410	689
1410	688
1411	688
1411	687
1413	687
1413	686
1416	686
1416	685
1418	685
1418	684
1419	684
1419	683
1420	683
1420	682
1421	682
1421	680
1422	680
1422	676
1423	676
1423	669
1422	669
1422	663
1423	663
1423	655
1424	655
1424	650
1425	650
1425	646
1427	646
1427	645
1429	645
1429	644
1430	644
1430	643
1431	643
1431	642
1432	642
1432	641
1433	641
1433	640
1435	640
1435	638
1436	638
1436	637
1438	637
1438	636
1439	636
1439	633
1440	633
1440	632
1441	632
1441	630
1442	630
1442	629
1443	629
1443	628
1452	628
1452	629
1455	629
1455	630
1463	630
1463	631
1467	631
1467	632
1469	632
1469	633
1472	633
1472	634
1474	634
1474	635
1476	635
1476	636
1479	636
1479	637
1482	637
1482	638
1484	638
1484	639
1485	639
1485	640
1498	640
1498	641
1501	641
1501	642
1502	642
1502	641
1503	641
1503	642
1511	642
1511	643
1514	643
1514	645
1517	645
1517	646
1523	646
1523	647
1524	647
1524	648
1526	648
1526	649
1527	649
1527	650
1531	650
1531	651
1533	651
1533	650
1537	650
1537	651
1538	651
1538	650
1539	650
1539	651
1540	651
1540	650
1541	650
1541	651
1547	651
1547	652
1560	652
1560	653
1567	653
1567	654
1572	654
1572	655
1575	655
1575	656
1576	656
1576	657
1578	657
1578	658
1579	658
1579	659
1581	659
1581	660
1582	660
1582	661
1583	661
1583	662
1584	662
1584	663
1585	663
1585	664
1586	664
1586	665
1587	665
1587	666
1588	666
1588	667
1589	667
1589	669
1590	669
1590	671
1594	671
1594	672
1598	672
1598	673
1601	673
1601	674
1604	674
1604	675
1606	675
1606	676
1608	676
1608	677
1610	677
1610	678
1611	678
1611	679
1613	679
1613	681
1615	681
1615	682
1616	682
1616	683
1617	683
1617	684
1618	684
1618	686
1619	686
1619	687
1626	687
1626	688
1631	688
1631	689
1634	689
1634	690
1636	690
1636	691
1639	691
1639	692
1640	692
1640	693
1641	693
1641	694
1643	694
1643	696
1644	696
1644	697
1645	697
1645	698
1653	698
1653	699
1655	699
1655	698
1659	698
1659	699
1661	699
1661	700
1662	700
1662	701
1667	701
1667	702
1670	702
1670	703
1673	703
1673	706
1674	706
1674	707
1678	707
1678	705
1682	705
1682	704
1685	704
1685	703
1686	703
1686	702
1688	702
1688	700
1690	700
1690	699
1691	699
1691	698
1692	698
1692	697
1693	697
1693	696
1694	696
1694	694
1695	694
1695	692
1696	692
1696	689
1697	689
1697	682
1698	682
1698	679
1699	679
1699	678
1698	678
1698	677
1699	677
1699	676
1698	676
1698	675
1699	675
1699	668
1700	668
1700	659
1701	659
1701	657
1700	657
1700	656
1701	656
1701	654
1700	654
1700	646
1701	646
1701	641
1702	641
1702	640
1701	640
1701	638
1702	638
1702	637
1703	637
1703	636
1704	636
1704	634
1705	634
1705	631
1706	631
1706	630
1707	630
1707	626
1708	626
1708	625
1709	625
1709	622
1710	622
1710	621
1711	621
1711	619
1712	619
1712	617
1713	617
1713	616
1715	616
1715	615
1716	615
1716	614
1717	614
1717	613
1719	613
1719	612
1720	612
1720	611
1721	611
1721	610
1730	610
1730	609
1732	609
1732	608
1733	608
1733	607
1734	607
1734	606
1737	606
1737	604
1739	604
1739	602
1742	602
1742	601
1744	601
1744	600
1746	600
1746	599
1748	599
1748	598
1750	598
1750	597
1755	597
1755	596
1758	596
1758	595
1761	595
1761	594
1763	594
1763	593
1766	593
1766	592
1768	592
1768	591
1770	591
1770	590
1772	590
1772	589
1773	589
1773	590
1774	590
1774	589
1777	589
1777	588
1781	588
1781	587
1783	587
1783	586
1785	586
1785	585
1789	585
1789	584
1793	584
1793	583
1798	583
1798	582
1799	582
1799	581
1801	581
1801	580
1804	580
1804	579
1809	579
1809	580
1813	580
1813	581
1815	581
1815	582
1816	582
1816	583
1818	583
1818	584
1820	584
1820	586
1822	586
1822	587
1824	587
1824	588
1825	588
1825	589
1826	589
1826	590
1828	590
1828	591
1830	591
1830	592
1832	592
1832	593
1834	593
1834	594
1835	594
1835	596
1836	596
1836	601
1837	601
1837	602
1840	602
1840	601
1842	601
1842	600
1843	600
1843	594
1842	594
1842	592
1841	592
1841	591
1839	591
1839	588
1838	588
1838	587
1832	587
1832	586
1830	586
1830	585
1828	585
1828	584
1827	584
1827	583
1826	583
1826	582
1824	582
1824	581
1822	581
1822	580
1821	580
1821	579
1820	579
1820	578
1819	578
1819	577
1818	577
1818	576
1817	576
1817	575
1815	575
1815	574
1808	574
1808	573
1807	573
1807	574
1804	574
1804	573
1803	573
1803	574
1800	574
1800	575
1798	575
1798	576
1797	576
1797	577
1795	577
1795	578
1791	578
1791	579
1787	579
1787	580
1782	580
1782	581
1780	581
1780	582
1775	582
1775	584
1773	584
1773	583
1772	583
1772	584
1767	584
1767	585
1766	585
1766	586
1765	586
1765	587
1764	587
1764	589
1757	589
1757	590
1755	590
1755	591
1751	591
1751	592
1747	592
1747	593
1744	593
1744	594
1743	594
1743	595
1740	595
1740	596
1738	596
1738	597
1737	597
1737	598
1736	598
1736	599
1734	599
1734	600
1732	600
1732	601
1731	601
1731	602
1730	602
1730	603
1729	603
1729	604
1727	604
1727	605
1725	605
1725	606
1723	606
1723	605
1721	605
1721	606
1717	606
1717	607
1715	607
1715	608
1714	608
1714	609
1712	609
1712	610
1711	610
1711	611
1710	611
1710	612
1709	612
1709	613
1708	613
1708	615
1707	615
1707	616
1706	616
1706	618
1705	618
1705	620
1704	620
1704	622
1703	622
1703	624
1702	624
1702	628
1701	628
1701	630
1700	630
1700	631
1699	631
1699	634
1698	634
1698	636
1697	636
1697	640
1696	640
1696	645
1695	645
1695	646
1696	646
1696	647
1695	647
1695	655
1694	655
1694	656
1695	656
1695	667
1694	667
1694	674
1693	674
1693	680
1692	680
1692	682
1693	682
1693	683
1692	683
1692	686
1691	686
1691	690
1690	690
1690	691
1689	691
1689	693
1688	693
1688	694
1687	694
1687	695
1686	695
1686	696
1685	696
1685	697
1683	697
1683	698
1678	698
1678	697
1677	697
1677	696
1669	696
1669	697
1667	697
1667	698
1662	698
1662	697
1660	697
1660	696
1659	696
1659	695
1654	695
1654	694
1651	694
1651	692
1645	692
1645	693
1643	693
1643	692
1641	692
1641	690
1640	690
1640	689
1637	689
1637	688
1636	688
1636	687
1633	687
1633	686
1632	686
1632	685
1631	685
1631	683
1630	683
1630	682
1627	682
1627	681
1622	681
1622	680
1618	680
1618	679
1617	679
1617	677
1616	677
1616	676
1614	676
1614	675
1612	675
1612	674
1610	674
1610	672
1609	672
1609	673
1608	673
1608	671
1607	671
1607	670
1603	670
1603	669
1602	669
1602	668
1600	668
1600	667
1596	667
1596	665
1593	665
1593	664
1592	664
1592	663
1591	663
1591	662
1590	662
1590	661
1587	661
1587	660
1586	660
1586	659
1584	659
1584	658
1582	658
1582	657
1580	657
1580	655
1578	655
1578	654
1576	654
1576	653
1574	653
1574	651
1573	651
1573	649
1571	649
1571	648
1569	648
1569	647
1564	647
1564	646
1560	646
1560	647
1559	647
1559	646
1557	646
1557	645
1556	645
1556	646
1554	646
1554	645
1547	645
1547	646
1546	646
1546	645
1543	645
1543	644
1537	644
1537	645
1532	645
1532	644
1530	644
1530	643
1525	643
1525	644
1524	644
1524	643
1523	643
1523	642
1522	642
1522	640
1520	640
1520	639
1515	639
1515	638
1514	638
1514	637
1512	637
1512	636
1502	636
1502	635
1498	635
1498	634
1495	634
1495	633
1486	633
1486	632
1483	632
1483	631
1478	631
1478	630
1477	630
1477	629
1474	629
1474	628
1472	628
1472	627
1470	627
1470	626
1468	626
1468	625
1466	625
1466	624
1458	624
1458	623
1454	623
1454	622
1450	622
1450	621
1442	621
1442	622
1441	622
1441	623
1440	623
1440	625
1439	625
1439	626
1438	626
1438	627
1437	627
1437	629
1436	629
1436	630
1435	630
1435	633
1433	633
1433	634
1432	634
1432	636
1430	636
1430	637
1429	637
1429	638
1428	638
1428	639
1427	639
1427	640
1425	640
1425	641
1423	641
1423	642
1421	642
1421	646
1420	646
1420	648
1419	648
1419	654
1418	654
1418	662
1417	662
1417	666
1418	666
1418	670
1417	670
1417	679
1416	679
1416	680
1411	680
1411	681
1410	681
1410	682
1408	682
1408	681
1407	681
1407	680
1405	680
1405	679
1404	679
1404	678
1403	678
1403	676
1400	676
1400	675
1398	675
1398	674
1396	674
1396	673
1394	673
1394	672
1393	672
1393	673
1392	673
1392	672
1391	672
1391	671
1390	671
1390	670
1385	670
1385	669
1384	669
1384	668
1382	668
1382	667
1381	667
1381	665
1380	665
1380	664
1379	664
1379	663
1378	663
1378	662
1373	662
1373	661
1371	661
1371	660
1370	660
1370	659
1366	659
1366	658
1358	658
1358	657
1357	657
1357	656
1355	656
1355	655
1353	655
1353	654
1350	654
1350	653
1345	653
1345	652
1339	652
1339	651
1338	651
1338	652
1336	652
1336	651
1332	651
1332	650
1327	650
1327	649
1324	649
1324	648
1322	648
1322	647
1320	647
1320	646
1310	646
1310	645
1307	645
1307	644
1304	644
1304	643
1302	643
1302	642
1301	642
1301	640
1300	640
1300	638
1301	638
1301	636
1300	636
1300	634
1299	634
1299	628
1300	628
1300	624
1299	624
1299	621
1298	621
1298	620
1297	620
1297	616
1298	616
1298	608
1297	608
1297	605
1296	605
1296	604
1297	604
1297	603
1296	603
1296	593
1295	593
1295	590
1296	590
1296	585
1297	585
1297	586
1303	586
1303	590
1304	590
1304	591
1303	591
1303	592
1304	592
1304	594
1305	594
1305	595
1306	595
1306	596
1307	596
1307	595
1308	595
1308	594
1309	594
1309	593
1310	593
1310	592
1309	592
1309	591
1310	591
1310	590
1309	590
1309	585
1308	585
1308	582
1306	582
1306	581
1304	581
1304	580
1302	580
1302	579
1301	579
1301	580
1298	580
1298	579
1295	579
1295	577
1296	577
1296	575
1297	575
1297	572
1301	572
1301	573
1303	573
1303	572
1304	572
1304	574
1306	574
1306	575
1309	575
1309	576
1310	576
1310	575
1311	575
1311	574
1310	574
1310	573
1308	573
1308	572
1306	572
1306	571
1305	571
1305	572
1304	572
1304	571
1301	571
1301	570
1296	570
1296	571
1294	571
1294	572
1293	572
1293	575
1292	575
1292	576
1293	576
1293	579
1291	579
1291	580
1289	580
1289	581
1288	581
1288	584
1287	584
1287	585
1286	585
1286	587
1285	587
1285	588
1284	588
1284	591
1283	591
1283	596
1282	596
1282	599
1283	599
1283	601
1282	601
1282	605
1283	605
1283	616
1282	616
1282	620
1283	620
1283	622
1282	622
1282	634
1283	634
1283	635
1282	635
1282	637
1281	637
1281	646
1280	646
1280	647
1281	647
1281	650
1280	650
1280	652
1281	652
1281	654
1280	654
1280	657
1279	657
1279	662
1278	662
1278	663
1279	663
1279	664
1278	664
1278	667
1277	667
1277	668
1276	668
1276	670
1275	670
1275	674
1274	674
1274	676
1273	676
1273	677
1274	677
1274	679
1273	679
1273	680
1272	680
1272	682
1271	682
1271	683
1270	683
1270	686
1268	686
1268	690
1267	690
1267	692
1266	692
1266	695
1265	695
1265	699
1264	699
1264	700
1263	700
1263	701
1262	701
1262	702
1261	702
1261	703
1260	703
1260	704
1259	704
1259	705
1258	705
1258	707
1257	707
1257	708
1256	708
1256	709
1255	709
1255	711
1250	711
1250	712
1249	712
1249	711
1243	711
1243	712
1242	712
1242	711
1239	711
1239	710
1236	710
1236	711
1234	711
1234	710
1233	710
1233	709
1230	709
1230	708
1223	708
1223	707
1222	707
1222	705
1221	705
1221	704
1220	704
1220	703
1219	703
1219	702
1218	702
1218	701
1217	701
1217	699
1216	699
1216	697
1215	697
1215	694
1214	694
1214	693
1212	693
1212	691
1211	691
1211	689
1210	689
1210	687
1209	687
1209	686
1208	686
1208	685
1207	685
1207	682
1206	682
1206	681
1205	681
1205	679
1204	679
1204	677
1205	677
1205	676
1204	676
1204	673
1203	673
1203	670
1202	670
1202	669
1201	669
1201	668
1200	668
1200	665
1199	665
1199	664
1198	664
1198	663
1197	663
1197	662
1196	662
1196	660
1195	660
1195	661
1194	661
1194	660
1193	660
1193	661
1191	661
1191	663
1190	663
1190	664
1189	664
1189	665
1188	665
1188	666
1187	666
1187	667
1183	667
1183	668
1182	668
1182	667
1180	667
1180	668
1178	668
1178	667
1177	667
1177	668
1174	668
1174	669
1171	669
1171	670
1169	670
1169	669
1165	669
1165	670
1164	670
1164	671
1161	671
1161	672
1158	672
1158	673
1155	673
1155	672
1152	672
1152	673
1148	673
1148	672
1143	672
1143	671
1135	671
1135	669
1131	669
1131	670
1128	670
1128	669
1126	669
1126	668
1125	668
1125	667
1124	667
1124	666
1121	666
1121	665
1115	665
1115	664
1113	664
1113	663
1111	663
1111	662
1110	662
1110	661
1109	661
1109	659
1108	659
1108	656
1107	656
1107	654
1106	654
1106	646
1105	646
1105	644
1104	644
1104	643
1105	643
1105	641
1104	641
1104	635
1103	635
1103	632
1102	632
1102	628
1101	628
1101	626
1100	626
1100	620
1099	620
1099	619
1098	619
1098	618
1097	618
1097	617
1096	617
1096	616
1094	616
1094	615
1091	615
1091	614
1090	614
1090	612
1088	612
1088	611
1086	611
1086	609
1085	609
1085	608
1084	608
1084	607
1081	607
1081	606
1078	606
1078	605
1077	605
1077	606
1075	606
1075	605
1073	605
1073	606
1072	606
1072	605
1070	605
1070	597
1069	597
1069	596
1068	596
1068	594
1067	594
1067	592
1066	592
1066	591
1065	591
1065	589
1064	589
1064	588
1063	588
1063	586
1061	586
1061	583
1060	583
1060	582
1059	582
1059	581
1058	581
1058	580
1055	580
1055	578
1054	578
1054	576
1053	576
1053	574
1051	574
1051	573
1048	573
1048	572
1046	572
1046	571
1045	571
1045	569
1043	569
1043	568
1039	568
1039	567
1037	567
1037	565
1033	565
1033	563
1031	563
1031	562
1028	562
1028	561
1025	561
1025	560
1022	560
1022	559
1016	559
1016	560
1014	560
1014	561
1011	561
1011	562
1005	562
1005	563
1004	563
1004	564
1003	564
1003	566
1002	566
1002	567
1001	567
1001	569
1000	569
1000	571
999	571
999	573
998	573
998	578
997	578
997	580
996	580
996	582
995	582
995	585
994	585
994	594
995	594
995	595
994	595
994	606
993	606
993	607
994	607
994	608
993	608
993	609
994	609
994	611
993	611
993	612
994	612
994	613
993	613
993	627
992	627
992	632
991	632
991	633
992	633
992	635
991	635
991	639
990	639
990	640
987	640
987	639
982	639
982	638
981	638
981	639
978	639
978	640
977	640
977	641
970	641
970	642
959	642
959	641
955	641
955	640
951	640
951	639
947	639
947	638
940	638
940	639
934	639
934	640
929	640
929	641
922	641
922	642
921	642
921	641
920	641
920	642
919	642
919	641
914	641
914	640
912	640
912	641
911	641
911	639
910	639
910	637
908	637
908	636
906	636
906	635
905	635
905	634
883	634
883	635
880	635
880	634
879	634
879	632
877	632
877	631
876	631
876	630
875	630
875	629
874	629
874	628
873	628
873	626
872	626
872	625
866	625
866	626
863	626
863	624
864	624
864	621
863	621
863	617
864	617
864	616
863	616
863	609
864	609
864	608
863	608
863	606
862	606
862	604
863	604
863	602
862	602
862	598
863	598
863	597
862	597
862	592
863	592
863	589
862	589
862	581
863	581
863	579
862	579
862	571
863	571
863	563
864	563
864	555
865	555
865	547
866	547
866	546
865	546
865	544
866	544
866	536
865	536
865	535
866	535
866	525
865	525
865	523
864	523
864	518
863	518
863	504
864	504
864	499
865	499
865	496
863	496
863	495
862	495
862	493
861	493
861	492
858	492
858	493
856	493
856	494
855	494
855	495
847	495
847	494
843	494
843	493
841	493
841	494
840	494
840	495
839	495
839	497
837	497
837	499
836	499
836	501
833	501
833	502
832	502
832	504
831	504
831	505
830	505
830	507
829	507
829	509
828	509
828	510
824	510
824	511
823	511
823	510
822	510
822	511
820	511
820	512
819	512
819	511
797	511
797	510
794	510
794	511
793	511
793	512
792	512
792	513
791	513
791	514
790	514
790	515
789	515
789	516
788	516
788	517
787	517
787	518
786	518
786	519
783	519
783	520
780	520
780	521
777	521
777	522
775	522
775	523
771	523
771	524
770	524
770	525
769	525
769	524
765	524
765	523
763	523
763	524
760	524
760	526
759	526
759	527
758	527
758	528
756	528
756	529
755	529
755	530
751	530
751	531
750	531
750	532
749	532
749	533
745	533
745	534
741	534
741	535
740	535
740	537
739	537
739	538
738	538
738	539
737	539
737	540
736	540
736	542
735	542
735	544
733	544
733	547
732	547
732	548
730	548
730	550
727	550
727	551
725	551
725	552
723	552
723	553
718	553
718	552
709	552
709	553
708	553
708	552
704	552
704	551
703	551
703	552
702	552
702	551
693	551
693	550
690	550
690	549
689	549
689	548
688	548
688	547
684	547
684	546
683	546
683	547
682	547
682	545
681	545
681	544
678	544
678	543
676	543
676	542
674	542
674	541
671	541
671	540
669	540
669	539
668	539
668	538
667	538
667	539
661	539
661	540
654	540
654	539
652	539
652	540
649	540
649	539
648	539
648	537
647	537
647	534
646	534
646	531
645	531
645	530
644	530
644	523
643	523
643	519
644	519
644	516
643	516
643	511
642	511
642	506
641	506
641	502
640	502
640	499
639	499
639	498
638	498
638	494
637	494
637	491
636	491
636	489
634	489
634	488
632	488
632	487
631	487
631	488
629	488
629	484
628	484
628	483
629	483
629	482
628	482
628	476
629	476
629	475
628	475
628	472
627	472
627	465
626	465
626	464
627	464
627	462
626	462
626	458
625	458
625	449
624	449
624	448
625	448
625	446
624	446
624	445
623	445
623	444
624	444
624	442
623	442
623	440
622	440
622	432
621	432
621	428
622	428
622	427
621	427
621	409
622	409
622	408
621	408
621	407
622	407
622	401
623	401
623	392
622	392
622	389
621	389
621	388
620	388
620	384
618	384
618	383
613	383
613	382
610	382
610	381
608	381
608	380
606	380
606	379
602	379
602	378
601	378
601	379
599	379
599	378
597	378
597	377
586	377
586	378
585	378
585	377
580	377
580	376
574	376
574	375
569	375
569	374
568	374
568	373
567	373
567	372
559	372
559	371
556	371
556	370
553	370
553	369
552	369
552	368
550	368
550	367
548	367
548	366
544	366
544	367
543	367
543	369
542	369
542	371
539	371
539	370
538	370
538	371
532	371
532	370
520	370
520	369
516	369
516	370
515	370
515	369
496	369
496	368
495	368
495	369
493	369
493	368
486	368
486	369
485	369
485	368
480	368
480	369
478	369
478	370
477	370
477	371
476	371
476	374
475	374
475	377
474	377
474	381
473	381
473	382
474	382
474	383
473	383
473	402
474	402
474	403
473	403
473	420
472	420
472	422
473	422
473	423
472	423
472	424
473	424
473	437
472	437
472	438
473	438
473	441
472	441
472	443
473	443
473	444
472	444
472	446
473	446
473	460
472	460
472	462
473	462
473	464
472	464
472	472
471	472
471	473
470	473
470	474
468	474
468	475
459	475
459	474
456	474
456	475
445	475
445	476
441	476
441	475
438	475
438	474
437	474
437	473
436	473
436	472
435	472
435	471
434	471
434	470
433	470
433	469
432	469
432	468
430	468
430	467
421	467
421	466
420	466
420	467
419	467
419	465
420	465
420	463
421	463
421	462
422	462
422	460
421	460
421	462
420	462
420	463
419	463
419	446
421	446
421	443
419	443
419	442
418	442
418	440
416	440
416	439
414	439
414	437
415	437
415	435
414	435
414	433
415	433
415	432
414	432
414	431
415	431
415	421
414	421
414	417
413	417
413	416
414	416
414	413
413	413
413	406
412	406
412	402
411	402
411	397
410	397
410	396
411	396
411	395
410	395
410	389
409	389
409	388
408	388
408	387
409	387
409	384
408	384
408	382
409	382
409	379
408	379
408	366
407	366
407	365
408	365
408	316
409	316
409	315
408	315
408	312
409	312
409	311
408	311
408	309
409	309
409	308
408	308
408	307
409	307
409	302
410	302
410	297
411	297
411	294
412	294
412	285
411	285
411	284
412	284
412	283
411	283
411	280
410	280
410	278
409	278
409	275
408	275
408	274
407	274
407	273
406	273
406	272
405	272
405	271
403	271
403	270
402	270
402	269
401	269
401	268
402	268
402	267
401	267
401	266
400	266
400	264
399	264
399	263
398	263
398	262
387	262
387	261
388	261
388	260
389	260
389	257
388	257
388	256
385	256
385	255
379	255
379	254
376	254
376	253
375	253
375	252
373	252
373	251
372	251
372	250
370	250
370	249
369	249
369	248
368	248
368	247
367	247
367	246
366	246
366	245
365	245
365	244
362	244
362	243
359	243
359	244
354	244
354	243
351	243
351	244
350	244
350	243
349	243
349	244
347	244
347	243
346	243
346	244
344	244
344	243
343	243
343	244
342	244
342	243
329	243
329	244
325	244
325	243
324	243
324	244
312	244
312	243
306	243
306	242
304	242
304	241
303	241
303	239
302	239
302	237
301	237
301	235
300	235
300	234
299	234
299	233
298	233
298	232
297	232
297	230
296	230
296	229
294	229
294	227
292	227
292	225
291	225
291	224
290	224
290	223
289	223
289	222
288	222
288	221
278	221
278	220
276	220
276	205
277	205
277	204
276	204
276	203
277	203
277	186
278	186
278	185
277	185
277	182
278	182
278	173
279	173
279	170
280	170
280	169
281	169
281	168
280	168
280	165
279	165
279	160
278	160
278	158
279	158
279	156
278	156
278	155
279	155
279	154
278	154
278	151
276	151
276	150
273	150
273	149
271	149
271	148
268	148
268	149
266	149
266	148
261	148
261	147
259	147
259	146
245	146
245	147
241	147
241	148
239	148
239	149
238	149
238	150
237	150
237	149
236	149
236	148
235	148
235	146
234	146
234	145
233	145
233	144
232	144
232	143
230	143
230	141
228	141
228	139
227	139
227	138
226	138
226	137
217	137
217	136
216	136
216	135
215	135
215	134
214	134
214	133
213	133
213	131
212	131
212	130
211	130
211	128
210	128
210	126
209	126
209	125
208	125
208	123
207	123
207	120
205	120
205	119
204	119
204	118
203	118
203	117
202	117
202	116
201	116
201	115
200	115
200	114
198	114
198	113
197	113
197	112
195	112
195	111
194	111
194	110
195	110
195	109
194	109
194	108
193	108
193	107
192	107
192	106
191	106
191	105
190	105
190	104
187	104
187	103
185	103
185	104
184	104
184	103
183	103
183	104
182	104
182	103
178	103
178	104
177	104
177	103
175	103
175	102
174	102
174	103
170	103
170	104
165	104
165	105
164	105
164	104
163	104
163	105
160	105
160	104
158	104
158	105
152	105
152	106
151	106
151	105
150	105
150	106
142	106
142	107
140	107
140	108
139	108
139	110
137	110
137	111
136	111
136	112
135	112
135	113
134	113
134	114
133	114
133	115
131	115
131	116
130	116
130	117
127	117
127	118
125	118
125	119
124	119
124	120
123	120
123	121
122	121
122	122
120	122
120	123
119	123
119	124
118	124
118	125
117	125
117	126
116	126
116	127
115	127
115	128
114	128
114	129
113	129
113	130
112	130
112	131
111	131
111	133
110	133
110	135
109	135
109	136
108	136
108	139
107	139
107	142
106	142
106	144
105	144
105	145
103	145
103	147
88	147
88	144
87	144
87	142
88	142
88	140
87	140
87	133
86	133
86	132
87	132
87	131
86	131
86	121
87	121
87	120
86	120
86	107
85	107
85	102
84	102
84	97
83	97
83	91
82	91
82	89
81	89
81	87
80	87
80	86
79	86
79	84
78	84
78	83
77	83
77	82
76	82
76	81
74	81
74	78
73	78
73	74
72	74
72	72
71	72
71	69
70	69
70	59
69	59
69	58
68	58
68	57
67	57
67	56
66	56
66	54
64	54
64	53
63	53
63	51
62	51
62	49
60	49
60	48
57	48
57	47
52	47
52	48
48	48
48	47
47	47
47	48
40	48
40	47
38	47
38	48
35	48
35	49
34	49
34	52
36	52
36	53
41	53
41	52
42	52
42	53
46	53
46	52
47	52
47	53
50	53
50	52
56	52
56	53
57	53
57	54
58	54
58	56
59	56
59	57
60	57
60	58
61	58
61	59
63	59
63	61
64	61
64	63
65	63
65	64
64	64
64	65
65	65
65	73
66	73
66	75
67	75
67	80
68	80
68	82
69	82
69	83
68	83
68	86
72	86
72	87
74	87
74	88
75	88
75	90
76	90
76	93
77	93
77	99
78	99
78	103
79	103
79	107
81	107
81	109
80	109
80	114
81	114
81	116
82	116
82	118
81	118
81	120
82	120
82	121
81	121
81	123
80	123
80	124
81	124
81	127
80	127
80	128
81	128
81	129
80	129
80	133
81	133
81	137
82	137
82	140
83	140
83	144
82	144
82	151
83	151
83	152
86	152
86	153
88	153
88	152
90	152
90	154
94	154
94	155
97	155
97	154
101	154
101	153
102	153
102	154
103	154
103	153
104	153
104	152
105	152
105	151
106	151
106	150
107	150
107	149
108	149
108	148
109	148
109	147
110	147
110	145
111	145
111	141
112	141
112	139
113	139
113	137
114	137
114	135
115	135
115	133
117	133
117	132
118	132
118	131
119	131
119	130
120	130
120	129
121	129
121	128
123	128
123	127
124	127
124	126
125	126
125	125
127	125
127	123
129	123
129	122
131	122
131	121
133	121
133	120
135	120
135	119
136	119
136	118
137	118
137	117
138	117
138	115
139	115
139	114
141	114
141	113
142	113
142	112
143	112
143	111
146	111
146	112
147	112
147	111
148	111
148	112
149	112
149	111
158	111
158	110
162	110
162	109
163	109
163	110
171	110
171	109
179	109
179	110
190	110
190	111
191	111
191	113
192	113
192	114
193	114
193	115
195	115
195	117
196	117
196	118
197	118
197	120
198	120
198	121
199	121
199	122
200	122
200	124
202	124
202	125
203	125
203	127
204	127
204	129
205	129
205	131
206	131
206	133
207	133
207	138
208	138
208	139
212	139
212	140
213	140
213	142
214	142
214	143
221	143
221	142
223	142
223	143
224	143
224	144
228	144
228	146
229	146
229	147
231	147
231	148
232	148
232	149
233	149
233	151
232	151
232	152
233	152
233	154
234	154
234	155
236	155
236	154
237	154
237	155
238	155
238	154
240	154
240	153
242	153
242	152
247	152
247	151
250	151
250	150
251	150
251	151
252	151
252	152
257	152
257	153
258	153
258	154
259	154
259	156
260	156
260	155
261	155
261	154
265	154
265	155
266	155
266	154
271	154
271	156
272	156
272	157
273	157
273	158
272	158
272	160
273	160
273	162
274	162
274	171
273	171
273	182
272	182
272	197
273	197
273	199
272	199
272	201
271	201
271	214
270	214
270	215
271	215
271	217
270	217
270	222
271	222
271	224
272	224
272	226
277	226
277	227
287	227
287	228
289	228
289	229
290	229
290	231
291	231
291	232
292	232
292	233
293	233
293	234
294	234
294	235
295	235
295	236
296	236
296	240
297	240
297	241
298	241
298	243
299	243
299	245
300	245
300	248
301	248
301	249
303	249
303	250
304	250
304	249
311	249
311	250
312	250
312	249
314	249
314	250
318	250
318	249
319	249
319	250
321	250
321	251
323	251
323	250
329	250
329	249
346	249
346	250
347	250
347	249
351	249
351	250
353	250
353	249
354	249
354	250
356	250
356	249
360	249
360	250
361	250
361	249
364	249
364	250
365	250
365	251
367	251
367	252
368	252
368	253
369	253
369	254
370	254
370	255
371	255
371	256
372	256
372	257
373	257
373	258
374	258
374	259
375	259
375	260
376	260
376	261
380	261
380	263
381	263
381	264
380	264
380	266
381	266
381	267
386	267
386	268
387	268
387	267
388	267
388	268
390	268
390	267
395	267
395	268
396	268
396	270
397	270
397	271
398	271
398	272
399	272
399	274
400	274
400	275
401	275
401	276
402	276
402	278
403	278
403	280
404	280
404	283
405	283
405	296
404	296
404	306
403	306
403	312
404	312
404	313
403	313
403	317
402	317
402	324
403	324
403	331
402	331
402	332
403	332
403	334
402	334
402	343
403	343
403	354
402	354
402	359
403	359
403	363
402	363
402	369
403	369
403	384
404	384
404	393
405	393
405	397
406	397
406	402
407	402
407	407
408	407
408	408
407	408
407	410
408	410
408	413
409	413
409	419
410	419
410	421
409	421
409	423
410	423
410	425
409	425
409	434
410	434
410	435
409	435
409	437
408	437
408	438
409	438
409	440
408	440
408	442
407	442
407	445
408	445
408	446
409	446
409	472
410	472
410	474
412	474
412	475
416	475
416	474
423	474
423	473
425	473
425	474
431	474
431	475
432	475
432	476
434	476
434	477
435	477
435	478
436	478
436	479
437	479
437	480
439	480
439	481
446	481
446	482
449	482
449	481
451	481
451	482
453	482
453	481
468	481
468	480
470	480
470	479
472	479
472	478
473	478
473	476
474	476
474	475
475	475
475	474
476	474
476	472
477	472
477	465
478	465
478	460
477	460
477	458
478	458
478	456
477	456
477	455
478	455
478	441
477	441
477	440
478	440
478	439
477	439
477	434
478	434
478	409
479	409
479	408
478	408
478	405
479	405
479	400
478	400
478	396
479	396
479	395
478	395
478	389
479	389
479	386
478	386
478	385
479	385
479	383
480	383
480	382
479	382
479	379
480	379
480	376
481	376
481	375
485	375
485	374
486	374
486	375
487	375
487	374
488	374
488	375
514	375
514	376
528	376
528	377
538	377
538	378
539	378
539	377
542	377
542	376
543	376
543	375
544	375
544	374
546	374
546	373
547	373
547	372
548	372
548	373
551	373
551	374
552	374
552	375
555	375
555	376
556	376
556	377
559	377
559	378
564	378
564	379
566	379
566	380
567	380
567	381
571	381
571	382
580	382
580	383
586	383
586	384
587	384
587	383
592	383
592	384
593	384
593	383
594	383
594	384
596	384
596	385
603	385
603	386
607	386
607	387
609	387
609	388
610	388
610	389
612	389
612	390
615	390
615	391
616	391
616	393
617	393
617	406
616	406
616	408
617	408
617	410
616	410
616	416
617	416
617	420
616	420
1956	583
1957	583
1957	585
1967	585
1967	584
1968	584
1968	583
1970	583
1970	582
1971	582
1971	581
1974	581
1974	580
1977	580
1977	579
1980	579
1980	580
1981	580
1981	579
1984	579
1984	580
1985	580
1985	579
1990	579
1990	580
1991	580
1991	581
1992	581
1992	582
1993	582
1993	583
1996	583
1996	584
1999	584
1999	585
2000	585
2000	586
2001	586
2001	587
2002	587
2002	588
2003	588
2003	590
2004	590
2004	591
2005	591
2005	593
2006	593
2006	594
2007	594
2007	596
2008	596
2008	598
2009	598
2009	601
2010	601
2010	604
2012	604
2012	605
2014	605
2014	604
2015	604
2015	605
2016	605
2016	604
2017	604
2017	605
2027	605
2027	604
2028	604
2028	605
2032	605
2032	606
2033	606
2033	605
2036	605
2036	606
2038	606
2038	605
2039	605
2039	606
2046	606
2046	605
2048	605
2048	606
2057	606
2057	605
2063	605
2063	606
2064	606
2064	605
2065	605
2065	606
2071	606
2071	607
2075	607
2075	608
2077	608
2077	609
2078	609
2078	608
2079	608
2079	609
2085	609
2085	610
2090	610
2090	611
2102	611
2102	610
2108	610
2108	609
2110	609
2110	608
2112	608
2112	607
2116	607
2116	606
2122	606
2122	605
2124	605
2124	606
2126	606
2126	605
2131	605
2131	604
2132	604
2132	605
2133	605
2133	604
2137	604
2137	603
2141	603
2141	602
2143	602
2143	601
2144	601
2144	600
2145	600
2145	599
2148	599
2148	598
2149	598
2149	597
2150	597
2150	596
2151	596
2151	595
2153	595
2153	594
2155	594
2155	593
2157	593
2157	592
2159	592
2159	591
2163	591
2163	590
2164	590
2164	589
2166	589
2166	587
2168	587
2168	586
2170	586
2170	584
2172	584
2172	583
2173	583
2173	582
2174	582
2174	581
2175	581
2175	580
2176	580
2176	579
2177	579
2177	577
2178	577
2178	576
2179	576
2179	574
2180	574
2180	572
2181	572
2181	571
2182	571
2182	568
2183	568
2183	567
2184	567
2184	565
2185	565
2185	563
2186	563
2186	562
2187	562
2187	561
2188	561
2188	559
2189	559
2189	557
2190	557
2190	555
2191	555
2191	553
2192	553
2192	550
2193	550
2193	547
2194	547
2194	544
2195	544
2195	536
2196	536
2196	529
2197	529
2197	524
2198	524
2198	519
2199	519
2199	517
2198	517
2198	516
2199	516
2199	515
2198	515
2198	513
2199	513
2199	509
2198	509
2198	508
2199	508
2199	505
2198	505
2198	497
2199	497
2199	496
2198	496
2198	474
2197	474
2197	472
2198	472
2198	462
2199	462
2199	460
2200	460
2200	459
2201	459
2201	457
2202	457
2202	456
2203	456
2203	455
2205	455
2205	454
2206	454
2206	453
2208	453
2208	452
2209	452
2209	451
2210	451
2210	450
2212	450
2212	449
2213	449
2213	448
2215	448
2215	447
2217	447
2217	446
2219	446
2219	445
2221	445
2221	444
2222	444
2222	442
2224	442
2224	441
2225	441
2225	440
2226	440
2226	439
2227	439
2227	438
2232	438
2232	437
2236	437
2236	436
2239	436
2239	435
2240	435
2240	434
2248	434
2248	433
2250	433
2250	432
2252	432
2252	431
2254	431
2254	430
2255	430
2255	429
2256	429
2256	428
2258	428
2258	427
2259	427
2259	426
2260	426
2260	425
2261	425
2261	424
2263	424
2263	422
2264	422
2264	420
2265	420
2265	418
2266	418
2266	417
2267	417
2267	415
2268	415
2268	413
2269	413
2269	408
2270	408
2270	399
2271	399
2271	397
2272	397
2272	395
2273	395
2273	394
2274	394
2274	390
2275	390
2275	388
2276	388
2276	387
2275	387
2275	386
2276	386
2276	383
2277	383
2277	382
2276	382
2276	381
2277	381
2277	373
2276	373
2276	369
2277	369
2277	363
2276	363
2276	361
2275	361
2275	359
2276	359
2276	347
2277	347
2277	345
2278	345
2278	341
2279	341
2279	340
2280	340
2280	339
2281	339
2281	338
2282	338
2282	336
2284	336
2284	335
2285	335
2285	334
2286	334
2286	333
2289	333
2289	332
2291	332
2291	331
2292	331
2292	330
2296	330
2296	329
2298	329
2298	328
2301	328
2301	327
2303	327
2303	326
2308	326
2308	327
2310	327
2310	330
2311	330
2311	332
2312	332
2312	334
2311	334
2311	335
2312	335
2312	340
2313	340
2313	346
2314	346
2314	347
2315	347
2315	349
2316	349
2316	350
2317	350
2317	353
2318	353
2318	356
2320	356
2320	358
2321	358
2321	359
2322	359
2322	361
2323	361
2323	364
2324	364
2324	366
2326	366
2326	369
2327	369
2327	371
2328	371
2328	372
2329	372
2329	374
2330	374
2330	376
2331	376
2331	377
2332	377
2332	379
2333	379
2333	381
2335	381
2335	382
2337	382
2337	383
2339	383
2339	382
2346	382
2346	383
2348	383
2348	382
2350	382
2350	381
2353	381
2353	380
2354	380
2354	379
2370	379
2370	378
2376	378
2376	377
2380	377
2380	376
2382	376
2382	375
2383	375
2383	376
2391	376
2391	377
2393	377
2393	376
2401	376
2401	375
2407	375
2407	374
2408	374
2408	373
2411	373
2411	372
2415	372
2415	371
2416	371
2416	372
2417	372
2417	371
2422	371
2422	370
2424	370
2424	369
2425	369
2425	368
2427	368
2427	366
2428	366
2428	365
2429	365
2429	363
2430	363
2430	362
2431	362
2431	360
2432	360
2432	359
2433	359
2433	358
2434	358
2434	356
2435	356
2435	353
2436	353
2436	350
2437	350
2437	349
2436	349
2436	345
2437	345
2437	344
2436	344
2436	343
2437	343
2437	336
2438	336
2438	335
2437	335
2437	334
2438	334
2438	329
2439	329
2439	327
2440	327
2440	325
2441	325
2441	324
2442	324
2442	323
2443	323
2443	322
2444	322
2444	321
2445	321
2445	320
2446	320
2446	318
2447	318
2447	317
2449	317
2449	316
2450	316
2450	315
2451	315
2451	314
2453	314
2453	313
2454	313
2454	312
2457	312
2457	311
2460	311
2460	310
2463	310
2463	309
2465	309
2465	308
2467	308
2467	307
2470	307
2470	306
2471	306
2471	305
2472	305
2472	303
2475	303
2475	302
2474	302
2474	301
2475	301
2475	299
2476	299
2476	295
2477	295
2477	293
2478	293
2478	290
2479	290
2479	289
2478	289
2478	284
2479	284
2479	281
2480	281
2480	276
2481	276
2481	273
2482	273
2482	267
2481	267
2481	266
2482	266
2482	260
2483	260
2483	257
2484	257
2484	247
2485	247
2485	240
2486	240
2486	237
2487	237
2487	232
2488	232
2488	225
2489	225
2489	221
2490	221
2490	214
2491	214
2491	212
2490	212
2490	211
2491	211
2491	207
2492	207
2492	203
2493	203
2493	201
2492	201
2492	200
2493	200
2493	196
2494	196
2494	187
2495	187
2495	183
2496	183
2496	172
2497	172
2497	169
2498	169
2498	168
2499	168
2499	167
2500	167
2500	165
2501	165
2501	162
2502	162
2502	159
2503	159
2503	156
2504	156
2504	147
2505	147
2505	142
2504	142
2504	138
2505	138
2505	134
2506	134
2506	131
2507	131
2507	130
2506	130
2506	129
2505	129
2505	128
2504	128
2504	130
2502	130
2502	131
2501	131
2501	132
2500	132
2500	134
2499	134
2499	137
2500	137
2500	147
2499	147
2499	148
2500	148
2500	149
2499	149
2499	156
2498	156
2498	159
2497	159
2497	161
2496	161
2496	164
2495	164
2495	166
2494	166
2494	167
2493	167
2493	170
2492	170
2492	178
2491	178
2491	182
2490	182
2490	184
2491	184
2491	185
2490	185
2490	188
2489	188
2489	192
2490	192
2490	193
2489	193
2489	197
2488	197
2488	206
2487	206
2487	208
2486	208
2486	216
2485	216
2485	222
2484	222
2484	227
2483	227
2483	229
2484	229
2484	230
2483	230
2483	233
2482	233
2482	237
2481	237
2481	242
2480	242
2480	248
2479	248
2479	257
2478	257
2478	260
2477	260
2477	264
2478	264
2478	267
2477	267
2477	274
2476	274
2476	279
2475	279
2475	280
2474	280
2474	289
2473	289
2473	290
2472	290
2472	291
2473	291
2473	292
2472	292
2472	296
2471	296
2471	298
2470	298
2470	300
2469	300
2469	302
2465	302
2465	303
2463	303
2463	304
2461	304
2461	305
2458	305
2458	306
2454	306
2454	307
2452	307
2452	308
2451	308
2451	309
2449	309
2449	310
2448	310
2448	311
2447	311
2447	312
2445	312
2445	314
2444	314
2444	315
2442	315
2442	316
2441	316
2441	317
2440	317
2440	319
2439	319
2439	321
2438	321
2438	322
2437	322
2437	323
2436	323
2436	324
2435	324
2435	326
2434	326
2434	329
2433	329
2433	333
2434	333
2434	334
2433	334
2433	340
2432	340
2432	341
2433	341
2433	342
2432	342
2432	352
2431	352
2431	355
2430	355
2430	359
2429	359
2429	361
2428	361
2428	362
2427	362
2427	363
2426	363
2426	364
2425	364
2425	365
2424	365
2424	366
2422	366
2422	367
2420	367
2420	368
2414	368
2414	369
2410	369
2410	370
2407	370
2407	371
2403	371
2403	372
2398	372
2398	373
2394	373
2394	372
2393	372
2393	373
2392	373
2392	372
2377	372
2377	373
2376	373
2376	372
2375	372
2375	373
2370	373
2370	374
2362	374
2362	375
2358	375
2358	374
2356	374
2356	375
2352	375
2352	376
2346	376
2346	377
2342	377
2342	376
2335	376
2335	375
2334	375
2334	373
2333	373
2333	372
2332	372
2332	369
2331	369
2331	368
2330	368
2330	367
2329	367
2329	364
2328	364
2328	363
2327	363
2327	361
2326	361
2326	360
2325	360
2325	358
2324	358
2324	356
2323	356
2323	354
2322	354
2322	353
2321	353
2321	352
2320	352
2320	349
2319	349
2319	347
2318	347
2318	345
2317	345
2317	340
2316	340
2316	337
2315	337
2315	335
2316	335
2316	334
2315	334
2315	329
2314	329
2314	324
2313	324
2313	323
2311	323
2311	321
2309	321
2309	320
2304	320
2304	321
2303	321
2303	322
2301	322
2301	323
2298	323
2298	324
2295	324
2295	325
2292	325
2292	326
2290	326
2290	327
2287	327
2287	328
2286	328
2286	329
2285	329
2285	330
2282	330
2282	331
2281	331
2281	332
2280	332
2280	333
2279	333
2279	334
2278	334
2278	335
2277	335
2277	337
2276	337
2276	338
2275	338
2275	339
2274	339
2274	340
2273	340
2273	343
2272	343
2272	344
2273	344
2273	345
2272	345
2272	349
2271	349
2271	353
2272	353
2272	354
2271	354
2271	358
2270	358
2270	359
2271	359
2271	367
2272	367
2272	379
2271	379
2271	380
2272	380
2272	382
2271	382
2271	388
2270	388
2270	391
2269	391
2269	393
2268	393
2268	395
2267	395
2267	397
2266	397
2266	400
2265	400
2265	411
2264	411
2264	413
2263	413
2263	414
2262	414
2262	416
2261	416
2261	419
2260	419
2260	420
2259	420
2259	421
2258	421
2258	422
2257	422
2257	423
2256	423
2256	424
2254	424
2254	425
2253	425
2253	426
2252	426
2252	427
2251	427
2251	428
2248	428
2248	429
2244	429
2244	428
2242	428
2242	429
2241	429
2241	430
2239	430
2239	428
2231	428
2231	429
2230	429
2230	432
2227	432
2227	433
2224	433
2224	434
2223	434
2223	436
2221	436
2221	437
2220	437
2220	438
2219	438
2219	439
2217	439
2217	440
2216	440
2216	441
2214	441
2214	442
2213	442
2213	443
2211	443
2211	444
2209	444
2209	445
2207	445
2207	446
2206	446
2206	447
2205	447
2205	448
2204	448
2204	449
2202	449
2202	450
2200	450
2200	452
2198	452
2198	454
2197	454
2197	455
2196	455
2196	457
2195	457
2195	458
2194	458
2194	459
2193	459
2193	466
2192	466
2192	478
2193	478
2193	483
2192	483
2192	484
2193	484
2193	505
2194	505
2194	506
2193	506
2193	509
2194	509
2194	516
2193	516
2193	523
2192	523
2192	530
2191	530
2191	536
2190	536
2190	541
2189	541
2189	546
2188	546
2188	548
2187	548
2187	551
2186	551
2186	553
2185	553
2185	555
2184	555
2184	557
2183	557
2183	559
2182	559
2182	561
2181	561
2181	562
2180	562
2180	563
2179	563
2179	565
2178	565
2178	567
2177	567
2177	568
2176	568
2176	571
2175	571
2175	572
2174	572
2174	574
2173	574
2173	575
2172	575
2172	576
2171	576
2171	578
2169	578
2169	579
2167	579
2167	581
2166	581
2166	582
2165	582
2165	583
2163	583
2163	584
2162	584
2162	585
2159	585
2159	586
2156	586
2156	587
2153	587
2153	588
2152	588
2152	589
2150	589
2150	590
2149	590
2149	591
2148	591
2148	592
2146	592
2146	593
2144	593
2144	594
2143	594
2143	595
2142	595
2142	596
2139	596
2139	597
2137	597
2137	598
2132	598
2132	599
2129	599
2129	600
2126	600
2126	599
2124	599
2124	600
2123	600
2123	599
2119	599
2119	600
2111	600
2111	602
2108	602
2108	603
2106	603
2106	604
2099	604
2099	605
2089	605
2089	604
2085	604
2085	603
2078	603
2078	604
2075	604
2075	602
2072	602
2072	601
2065	601
2065	600
2061	600
2061	601
2059	601
2059	600
2040	600
2040	599
2038	599
2038	600
2036	600
2036	599
2032	599
2032	600
2030	600
2030	599
2027	599
2027	600
2026	600
2026	599
2020	599
2020	598
2018	598
2018	597
2017	597
2017	596
2013	596
2013	597
2012	597
2012	595
2011	595
2011	593
2010	593
2010	592
2009	592
2009	591
2008	591
2008	588
2007	588
2007	586
2006	586
2006	584
2005	584
2005	582
2003	582
2003	581
2000	581
2000	580
1997	580
1997	579
1998	579
1998	577
1996	577
1996	576
1992	576
1992	575
1979	575
1979	574
1977	574
1977	575
1974	575
1974	576
1970	576
1970	577
1969	577
1969	578
1967	578
1967	579
1960	579
1960	578
1959	578
1959	577
1958	577
1958	576
1957	576
1957	573
1956	573
1956	572
1955	572
1955	571
1954	571
1954	569
1953	569
1953	568
1951	568
1951	566
1950	566
1950	565
1949	565
1949	564
1948	564
1948	563
1947	563
1947	562
1946	562
1946	561
1945	561
1945	560
1944	560
1944	559
1943	559
1943	558
1939	558
1939	556
1938	556
1938	555
1937	555
1937	554
1935	554
1935	552
1934	552
1934	551
1933	551
1933	550
1932	550
1932	549
1931	549
1931	546
1930	546
1930	545
1924	545
1924	544
1923	544
1923	543
1920	543
1920	542
1919	542
1919	541
1918	541
1918	540
1916	540
1916	539
1915	539
1915	538
1911	538
1911	537
1910	537
1910	536
1902	536
1902	535
1900	535
1900	534
1897	534
1897	535
1896	535
1896	534
1895	534
1895	535
1892	535
1892	536
1889	536
1889	537
1887	537
1887	538
1885	538
1885	539
1884	539
1884	542
1883	542
1883	545
1882	545
1882	546
1881	546
1881	548
1880	548
1880	550
1879	550
1879	569
1880	569
1880	596
1881	596
1881	598
1880	598
1880	599
1881	599
1881	611
1880	611
1880	615
1881	615
1881	622
1880	622
1880	626
1881	626
1881	627
1880	627
1880	634
1879	634
1879	636
1878	636
1878	647
1877	647
1877	648
1878	648
1878	649
1877	649
1877	655
1876	655
1876	657
1875	657
1875	658
1873	658
1873	659
1871	659
1871	658
1867	658
1867	657
1863	657
1863	654
1862	654
1862	649
1861	649
1861	646
1860	646
1860	644
1859	644
1859	641
1858	641
1858	640
1857	640
1857	632
1858	632
1858	622
1857	622
1857	619
1856	619
1856	617
1855	617
1855	615
1854	615
1854	614
1853	614
1853	613
1852	613
1852	611
1851	611
1851	610
1850	610
1850	609
1849	609
1849	607
1848	607
1848	606
1847	606
1847	604
1846	604
1846	603
1845	603
1845	602
1844	602
1844	601
1843	601
1843	603
1844	603
1844	605
1845	605
1845	606
1846	606
1846	608
1847	608
1847	609
1848	609
1848	611
1849	611
1849	612
1850	612
1850	614
1851	614
1851	616
1852	616
1852	618
1853	618
1853	620
1854	620
1854	622
1855	622
1855	629
1854	629
1854	632
1853	632
1853	635
1852	635
1852	641
1854	641
1854	642
1855	642
1855	643
1856	643
1856	644
1857	644
1857	646
1858	646
1858	653
1859	653
1859	657
1858	657
1858	659
1859	659
1859	660
1860	660
1860	661
1861	661
1861	662
1863	662
1863	663
1866	663
1866	664
1868	664
1868	665
1874	665
1874	664
1876	664
1876	663
1878	663
1878	661
1879	661
1879	660
1880	660
1880	656
1881	656
1881	654
1882	654
1882	646
1883	646
1883	638
1884	638
1884	632
1885	632
1885	620
1886	620
1886	619
1885	619
1885	610
1886	610
1886	609
1885	609
1885	606
1886	606
1886	603
1885	603
1885	602
1886	602
1886	600
1885	600
1885	599
1886	599
1886	598
1885	598
1885	594
1886	594
1886	593
1885	593
1885	569
1884	569
1884	565
1883	565
1883	563
1884	563
1884	558
1883	558
1883	557
1884	557
1884	553
1885	553
1885	549
1887	549
1887	548
1886	548
1886	547
1887	547
1887	545
1888	545
1888	542
1889	542
1889	541
1890	541
1890	540
1893	540
1893	539
1897	539
1897	540
1900	540
1900	541
1902	541
1902	542
1908	542
1908	541
1909	541
1909	542
1911	542
1911	543
1913	543
1913	544
1915	544
1915	545
1918	545
1918	546
1919	546
1919	547
1922	547
1922	548
1925	548
1925	550
1926	550
1926	551
1927	551
1927	552
1929	552
1929	554
1932	554
1932	556
1933	556
1933	558
1934	558
1934	559
1935	559
1935	560
1936	560
1936	561
1938	561
1938	562
1939	562
1939	563
1941	563
1941	564
1943	564
1943	566
1945	566
1945	567
1946	567
1946	568
1947	568
1947	569
1948	569
1948	570
1949	570
1949	572
1950	572
1950	574
1952	574
1952	575
1953	575
1953	578
1954	578
1954	579
1956	579
