242	607
243	607
243	609
244	609
244	610
245	610
245	612
246	612
246	614
247	614
247	617
248	617
248	620
249	620
249	621
251	621
251	622
252	622
252	624
253	624
253	625
254	625
254	626
255	626
255	627
256	627
256	628
263	628
263	629
267	629
267	630
270	630
270	631
273	631
273	632
274	632
274	633
278	633
278	634
285	634
285	633
289	633
289	632
290	632
290	631
291	631
291	630
292	630
292	629
293	629
293	627
295	627
295	624
296	624
296	623
295	623
295	621
296	621
296	620
297	620
297	619
298	619
298	617
299	617
299	615
298	615
298	614
299	614
299	613
301	613
301	610
303	610
303	609
305	609
305	608
306	608
306	607
307	607
307	606
308	606
308	605
310	605
310	604
311	604
311	603
313	603
313	602
317	602
317	601
319	601
319	600
320	600
320	599
322	599
322	598
326	598
326	597
330	597
330	596
337	596
337	595
354	595
354	596
359	596
359	597
361	597
361	598
362	598
362	599
365	599
365	600
369	600
369	601
371	601
371	602
375	602
375	603
378	603
378	604
381	604
381	605
386	605
386	606
394	606
394	605
398	605
398	604
403	604
403	603
406	603
406	602
408	602
408	601
410	601
410	600
413	600
413	599
417	599
417	598
424	598
424	597
430	597
430	598
436	598
436	599
439	599
439	600
441	600
441	601
443	601
443	602
444	602
444	603
445	603
445	604
448	604
448	606
450	606
450	607
451	607
451	608
452	608
452	610
453	610
453	612
454	612
454	613
455	613
455	616
456	616
456	639
457	639
457	640
456	640
456	641
457	641
457	642
458	642
458	645
459	645
459	648
460	648
460	650
461	650
461	652
462	652
462	654
464	654
464	657
465	657
465	658
466	658
466	659
469	659
469	660
474	660
474	661
485	661
485	660
487	660
487	661
489	661
489	662
492	662
492	663
495	663
495	664
497	664
497	665
501	665
501	666
503	666
503	667
506	667
506	668
508	668
508	669
510	669
510	671
511	671
511	672
512	672
512	673
513	673
513	674
514	674
514	675
515	675
515	676
516	676
516	677
517	677
517	679
520	679
520	680
521	680
521	681
525	681
525	682
532	682
532	683
534	683
534	684
536	684
536	685
539	685
539	686
549	686
549	687
554	687
554	688
555	688
555	689
561	689
561	690
564	690
564	691
566	691
566	692
567	692
567	693
568	693
568	695
569	695
569	696
570	696
570	697
571	697
571	698
573	698
573	699
578	699
578	700
583	700
583	701
586	701
586	700
589	700
589	701
591	701
591	702
594	702
594	701
612	701
612	702
621	702
621	701
623	701
623	702
625	702
625	701
628	701
628	702
629	702
629	701
630	701
630	702
638	702
638	701
640	701
640	702
644	702
644	703
654	703
654	704
656	704
656	705
660	705
660	704
665	704
665	703
668	703
668	704
672	704
672	705
675	705
675	704
676	704
676	703
678	703
678	702
681	702
681	701
683	701
683	700
685	700
685	699
686	699
686	698
687	698
687	696
688	696
688	695
689	695
689	694
690	694
690	693
691	693
691	690
692	690
692	688
693	688
693	683
692	683
692	678
691	678
691	668
690	668
690	656
691	656
691	647
690	647
690	645
691	645
691	637
690	637
690	636
691	636
691	621
692	621
692	614
693	614
693	612
694	612
694	611
695	611
695	609
696	609
696	607
697	607
697	606
698	606
698	605
701	605
701	606
702	606
702	605
705	605
705	606
706	606
706	605
708	605
708	606
718	606
718	607
738	607
738	608
739	608
739	607
742	607
742	608
749	608
749	609
761	609
761	610
762	610
762	611
769	611
769	612
771	612
771	613
773	613
773	614
776	614
776	615
781	615
781	616
782	616
782	615
785	615
785	616
786	616
786	615
787	615
787	616
791	616
791	617
792	617
792	616
802	616
802	617
803	617
803	616
811	616
811	617
813	617
813	618
815	618
815	619
817	619
817	618
818	618
818	616
819	616
819	614
820	614
820	613
819	613
819	612
818	612
818	609
817	609
817	608
816	608
816	606
814	606
814	607
813	607
813	608
812	608
812	609
813	609
813	611
808	611
808	610
797	610
797	611
790	611
790	610
789	610
789	611
787	611
787	610
782	610
782	609
781	609
781	610
779	610
779	609
774	609
774	608
772	608
772	607
770	607
770	606
768	606
768	605
765	605
765	604
759	604
759	603
750	603
750	602
734	602
734	601
721	601
721	600
718	600
718	601
717	601
717	600
694	600
694	601
693	601
693	602
692	602
692	603
691	603
691	606
690	606
690	607
689	607
689	608
688	608
688	609
687	609
687	619
686	619
686	628
685	628
685	629
686	629
686	631
685	631
685	633
686	633
686	649
685	649
685	661
686	661
686	663
685	663
685	671
686	671
686	673
685	673
685	675
686	675
686	680
687	680
687	688
686	688
686	690
685	690
685	691
684	691
684	692
683	692
683	694
682	694
682	695
681	695
681	696
678	696
678	697
676	697
676	698
663	698
663	697
658	697
658	698
654	698
654	699
653	699
653	698
650	698
650	697
645	697
645	696
636	696
636	695
630	695
630	696
626	696
626	695
624	695
624	696
616	696
616	695
614	695
614	696
612	696
612	695
601	695
601	694
598	694
598	695
584	695
584	694
577	694
577	693
574	693
574	692
571	692
571	691
570	691
570	690
569	690
569	688
566	688
566	687
564	687
564	686
563	686
563	685
561	685
561	684
560	684
560	683
554	683
554	682
550	682
550	681
543	681
543	680
541	680
541	681
540	681
540	680
538	680
538	679
536	679
536	678
534	678
534	677
530	677
530	676
527	676
527	675
521	675
521	674
520	674
520	673
518	673
518	672
517	672
517	671
516	671
516	669
514	669
514	667
513	667
513	666
511	666
511	665
510	665
510	664
508	664
508	663
507	663
507	662
505	662
505	661
503	661
503	660
500	660
500	659
495	659
495	658
494	658
494	657
492	657
492	656
489	656
489	655
483	655
483	654
482	654
482	655
481	655
481	654
472	654
472	653
470	653
470	652
468	652
468	651
467	651
467	649
466	649
466	648
465	648
465	646
464	646
464	643
463	643
463	641
462	641
462	638
461	638
461	614
460	614
460	612
459	612
459	610
458	610
458	608
457	608
457	605
456	605
456	604
455	604
455	603
454	603
454	602
453	602
453	601
452	601
452	599
450	599
450	598
447	598
447	597
446	597
446	596
444	596
444	595
443	595
443	594
442	594
442	593
440	593
440	592
431	592
431	591
428	591
428	590
426	590
426	591
421	591
421	592
414	592
414	593
411	593
411	594
407	594
407	595
406	595
406	596
405	596
405	597
402	597
402	598
397	598
397	599
383	599
383	598
380	598
380	597
375	597
375	596
372	596
372	595
369	595
369	594
365	594
365	593
363	593
363	592
361	592
361	591
358	591
358	590
352	590
352	589
347	589
347	590
346	590
346	589
339	589
339	590
338	590
338	589
337	589
337	590
328	590
328	591
325	591
325	592
321	592
321	593
319	593
319	594
318	594
318	595
315	595
315	596
311	596
311	597
310	597
310	598
308	598
308	599
307	599
307	600
306	600
306	601
304	601
304	602
303	602
303	603
301	603
301	604
300	604
300	607
299	607
299	608
298	608
298	609
296	609
296	611
295	611
295	613
294	613
294	615
293	615
293	616
292	616
292	621
291	621
291	624
290	624
290	626
287	626
287	627
285	627
285	628
277	628
277	627
275	627
275	626
273	626
273	625
271	625
271	624
267	624
267	623
263	623
263	622
262	622
262	623
261	623
261	622
258	622
258	621
257	621
257	620
256	620
256	619
255	619
255	617
254	617
254	616
253	616
253	614
252	614
252	611
251	611
251	609
250	609
250	607
249	607
249	606
248	606
248	603
247	603
247	600
246	600
246	591
245	591
245	586
246	586
246	585
245	585
245	580
244	580
244	577
243	577
243	573
242	573
242	571
241	571
241	569
240	569
240	568
241	568
241	567
240	567
240	565
239	565
239	559
238	559
238	557
237	557
237	549
236	549
236	548
235	548
235	536
234	536
234	532
235	532
235	527
234	527
234	525
235	525
235	524
234	524
234	518
235	518
235	517
234	517
234	516
235	516
235	515
234	515
234	514
235	514
235	510
236	510
236	502
237	502
237	499
238	499
238	497
239	497
239	492
240	492
240	487
241	487
241	482
242	482
242	477
243	477
243	476
242	476
242	458
241	458
241	452
242	452
242	448
241	448
241	447
240	447
240	446
239	446
239	445
238	445
238	444
237	444
237	442
235	442
235	441
234	441
234	440
232	440
232	439
231	439
231	438
228	438
228	437
225	437
225	436
222	436
222	435
220	435
220	436
219	436
219	435
211	435
211	434
209	434
209	433
205	433
205	432
203	432
203	431
202	431
202	430
198	430
198	429
194	429
194	428
193	428
193	427
190	427
190	426
188	426
188	425
186	425
186	424
184	424
184	423
183	423
183	422
181	422
181	421
180	421
180	420
176	420
176	419
173	419
173	418
171	418
171	417
170	417
170	415
169	415
169	412
168	412
168	409
167	409
167	408
168	408
168	407
167	407
167	404
166	404
166	398
165	398
165	392
164	392
164	390
163	390
163	385
164	385
164	383
163	383
163	379
162	379
162	374
161	374
161	370
160	370
160	368
159	368
159	363
158	363
158	360
157	360
157	357
156	357
156	355
155	355
155	353
154	353
154	352
153	352
153	350
151	350
151	348
150	348
150	347
147	347
147	346
145	346
145	347
144	347
144	348
142	348
142	349
140	349
140	350
139	350
139	351
138	351
138	353
136	353
136	354
135	354
135	355
134	355
134	356
133	356
133	357
132	357
132	358
131	358
131	359
130	359
130	360
129	360
129	362
128	362
128	364
127	364
127	372
126	372
126	376
125	376
125	380
123	380
123	382
122	382
122	384
121	384
121	385
119	385
119	384
117	384
117	383
116	383
116	381
115	381
115	380
114	380
114	378
112	378
112	377
111	377
111	375
110	375
110	374
109	374
109	373
108	373
108	371
106	371
106	370
103	370
103	369
102	369
102	367
101	367
101	366
100	366
100	365
99	365
99	363
98	363
98	362
97	362
97	361
96	361
96	359
95	359
95	357
94	357
94	356
93	356
93	354
92	354
92	353
91	353
91	352
89	352
89	351
72	351
72	350
71	350
71	349
70	349
70	348
69	348
69	347
68	347
68	346
67	346
67	345
68	345
68	344
67	344
67	341
66	341
66	338
65	338
65	334
64	334
64	330
63	330
63	326
64	326
64	323
65	323
65	320
64	320
64	321
63	321
63	322
61	322
61	323
59	323
59	324
58	324
58	329
59	329
59	332
60	332
60	339
61	339
61	343
62	343
62	347
63	347
63	352
65	352
65	353
68	353
68	354
69	354
69	356
74	356
74	357
88	357
88	358
90	358
90	359
91	359
91	361
92	361
92	362
93	362
93	364
94	364
94	365
95	365
95	366
96	366
96	367
97	367
97	369
98	369
98	370
99	370
99	371
100	371
100	372
101	372
101	374
102	374
102	376
104	376
104	378
105	378
105	379
106	379
106	381
108	381
108	382
109	382
109	383
110	383
110	384
111	384
111	385
112	385
112	386
113	386
113	387
114	387
114	389
116	389
116	390
118	390
118	391
119	391
119	390
122	390
122	389
124	389
124	388
125	388
125	387
126	387
126	386
127	386
127	384
128	384
128	383
129	383
129	381
130	381
130	379
131	379
131	373
132	373
132	369
133	369
133	366
134	366
134	363
135	363
135	361
136	361
136	360
138	360
138	359
139	359
139	357
141	357
141	356
142	356
142	355
143	355
143	354
144	354
144	353
146	353
146	354
147	354
147	355
148	355
148	356
150	356
150	357
151	357
151	361
152	361
152	364
153	364
153	369
154	369
154	371
155	371
155	375
156	375
156	379
157	379
157	382
158	382
158	390
159	390
159	398
160	398
160	403
161	403
161	407
162	407
162	410
163	410
163	414
164	414
164	418
165	418
165	422
166	422
166	423
169	423
169	424
170	424
170	425
175	425
175	426
178	426
178	427
180	427
180	428
181	428
181	429
183	429
183	430
184	430
184	431
186	431
186	432
188	432
188	433
191	433
191	434
192	434
192	435
199	435
199	436
200	436
200	437
201	437
201	438
202	438
202	439
204	439
204	438
205	438
205	439
207	439
207	440
209	440
209	441
220	441
220	442
224	442
224	443
226	443
226	444
228	444
228	445
230	445
230	446
231	446
231	447
232	447
232	448
233	448
233	449
234	449
234	450
235	450
235	452
236	452
236	453
235	453
235	454
236	454
236	456
237	456
237	481
236	481
236	482
237	482
237	485
236	485
236	489
235	489
235	494
234	494
234	499
233	499
233	501
232	501
232	505
231	505
231	511
230	511
230	520
229	520
229	522
230	522
230	523
229	523
229	525
230	525
230	529
229	529
229	537
230	537
230	543
231	543
231	547
232	547
232	550
231	550
231	551
232	551
232	555
233	555
233	561
234	561
234	565
235	565
235	570
236	570
236	572
237	572
237	576
238	576
238	577
237	577
237	578
238	578
238	580
239	580
239	586
240	586
240	588
239	588
239	589
240	589
240	597
241	597
241	602
242	602
956	576
955	576
955	578
954	578
954	579
949	579
949	580
946	580
946	579
943	579
943	580
941	580
941	579
940	579
940	578
937	578
937	579
936	579
936	581
935	581
935	582
934	582
934	583
933	583
933	584
932	584
932	585
931	585
931	586
930	586
930	587
929	587
929	589
927	589
927	590
926	590
926	591
925	591
925	592
924	592
924	593
922	593
922	594
920	594
920	595
919	595
919	596
916	596
916	597
914	597
914	598
910	598
910	599
907	599
907	600
904	600
904	601
903	601
903	602
900	602
900	603
897	603
897	604
894	604
894	605
892	605
892	606
891	606
891	607
889	607
889	608
885	608
885	609
882	609
882	610
880	610
880	611
879	611
879	612
877	612
877	614
875	614
875	615
873	615
873	616
872	616
872	617
871	617
871	618
870	618
870	620
867	620
867	621
865	621
865	622
863	622
863	623
862	623
862	624
861	624
861	625
860	625
860	626
859	626
859	627
856	627
856	629
853	629
853	630
852	630
852	625
851	625
851	620
852	620
852	615
851	615
851	611
852	611
852	610
851	610
851	608
850	608
850	607
848	607
848	606
846	606
846	604
844	604
844	603
843	603
843	602
841	602
841	601
839	601
839	600
837	600
837	599
835	599
835	598
827	598
827	597
826	597
826	598
824	598
824	597
823	597
823	598
809	598
809	599
808	599
808	598
796	598
796	597
791	597
791	598
788	598
788	599
790	599
790	600
794	600
794	602
797	602
797	603
800	603
800	604
823	604
823	603
827	603
827	604
830	604
830	605
831	605
831	604
833	604
833	605
836	605
836	606
837	606
837	607
839	607
839	608
841	608
841	609
842	609
842	610
843	610
843	611
845	611
845	612
846	612
846	627
847	627
847	631
846	631
846	632
847	632
847	635
848	635
848	636
854	636
854	635
855	635
855	634
857	634
857	633
858	633
858	632
859	632
859	631
860	631
860	630
862	630
862	629
864	629
864	628
866	628
866	627
867	627
867	626
869	626
869	625
870	625
870	624
872	624
872	622
874	622
874	621
875	621
875	620
876	620
876	619
877	619
877	618
878	618
878	617
879	617
879	616
881	616
881	615
884	615
884	614
887	614
887	613
890	613
890	612
893	612
893	610
895	610
895	609
896	609
896	608
900	608
900	607
902	607
902	606
904	606
904	605
905	605
905	604
909	604
909	603
913	603
913	602
914	602
914	601
917	601
917	600
919	600
919	599
921	599
921	598
924	598
924	597
925	597
925	596
926	596
926	595
928	595
928	594
929	594
929	593
930	593
930	592
931	592
931	591
932	591
932	589
934	589
934	587
935	587
935	586
936	586
936	585
937	585
937	583
939	583
939	582
940	582
940	583
942	583
942	584
943	584
943	585
945	585
945	586
948	586
948	585
952	585
952	586
953	586
953	585
956	585
956	584
957	584
957	583
958	583
958	582
959	582
959	581
960	581
960	578
961	578
961	571
960	571
960	569
961	569
961	567
962	567
962	566
961	566
961	564
962	564
962	558
963	558
963	552
964	552
964	547
965	547
965	542
966	542
966	537
967	537
967	536
968	536
968	532
969	532
969	528
970	528
970	525
971	525
971	522
972	522
972	521
971	521
971	519
972	519
972	517
973	517
973	516
974	516
974	512
975	512
975	508
976	508
976	505
977	505
977	500
978	500
978	497
979	497
979	495
980	495
980	494
981	494
981	493
982	493
982	491
983	491
983	490
984	490
984	489
986	489
986	488
987	488
987	487
989	487
989	486
990	486
990	485
991	485
991	484
992	484
992	483
994	483
994	481
999	481
999	480
1004	480
1004	479
1019	479
1019	480
1020	480
1020	479
1022	479
1022	478
1025	478
1025	477
1029	477
1029	476
1030	476
1030	475
1032	475
1032	474
1033	474
1033	473
1034	473
1034	472
1035	472
1035	471
1037	471
1037	469
1038	469
1038	468
1039	468
1039	467
1040	467
1040	465
1041	465
1041	464
1042	464
1042	463
1043	463
1043	462
1044	462
1044	461
1047	461
1047	459
1048	459
1048	458
1049	458
1049	457
1050	457
1050	455
1051	455
1051	454
1052	454
1052	453
1053	453
1053	452
1054	452
1054	450
1055	450
1055	448
1056	448
1056	447
1057	447
1057	444
1058	444
1058	442
1059	442
1059	430
1060	430
1060	427
1059	427
1059	424
1060	424
1060	416
1061	416
1061	413
1062	413
1062	406
1063	406
1063	404
1062	404
1062	400
1063	400
1063	398
1062	398
1062	383
1063	383
1063	381
1062	381
1062	380
1063	380
1063	374
1064	374
1064	370
1065	370
1065	362
1066	362
1066	355
1067	355
1067	339
1068	339
1068	329
1069	329
1069	320
1070	320
1070	315
1071	315
1071	312
1073	312
1073	311
1074	311
1074	310
1075	310
1075	309
1077	309
1077	307
1078	307
1078	306
1079	306
1079	304
1080	304
1080	303
1082	303
1082	302
1083	302
1083	301
1085	301
1085	300
1087	300
1087	299
1089	299
1089	298
1091	298
1091	297
1092	297
1092	296
1094	296
1094	295
1098	295
1098	293
1100	293
1100	291
1101	291
1101	289
1102	289
1102	284
1103	284
1103	280
1104	280
1104	276
1105	276
1105	268
1106	268
1106	264
1107	264
1107	260
1108	260
1108	259
1109	259
1109	257
1110	257
1110	252
1111	252
1111	250
1112	250
1112	244
1113	244
1113	241
1114	241
1114	236
1115	236
1115	231
1116	231
1116	228
1117	228
1117	221
1118	221
1118	218
1119	218
1119	216
1120	216
1120	215
1121	215
1121	214
1122	214
1122	213
1124	213
1124	212
1125	212
1125	210
1126	210
1126	209
1127	209
1127	208
1128	208
1128	207
1129	207
1129	206
1130	206
1130	204
1131	204
1131	203
1132	203
1132	202
1133	202
1133	200
1134	200
1134	194
1135	194
1135	191
1134	191
1134	189
1135	189
1135	184
1134	184
1134	165
1135	165
1135	157
1134	157
1134	156
1135	156
1135	151
1136	151
1136	146
1135	146
1135	143
1136	143
1136	138
1135	138
1135	125
1134	125
1134	123
1133	123
1133	118
1134	118
1134	115
1133	115
1133	110
1134	110
1134	105
1133	105
1133	104
1134	104
1134	100
1133	100
1133	88
1132	88
1132	84
1133	84
1133	81
1132	81
1132	80
1133	80
1133	79
1132	79
1132	78
1133	78
1133	76
1134	76
1134	74
1135	74
1135	72
1137	72
1137	71
1138	71
1138	70
1140	70
1140	69
1141	69
1141	67
1144	67
1144	66
1149	66
1149	65
1151	65
1151	66
1152	66
1152	65
1154	65
1154	64
1158	64
1158	63
1159	63
1159	61
1160	61
1160	59
1161	59
1161	58
1160	58
1160	57
1158	57
1158	56
1156	56
1156	55
1155	55
1155	56
1154	56
1154	58
1153	58
1153	59
1151	59
1151	60
1143	60
1143	61
1139	61
1139	62
1138	62
1138	63
1137	63
1137	64
1136	64
1136	65
1135	65
1135	66
1134	66
1134	67
1133	67
1133	68
1131	68
1131	70
1130	70
1130	71
1129	71
1129	72
1128	72
1128	82
1127	82
1127	92
1128	92
1128	99
1129	99
1129	109
1128	109
1128	123
1129	123
1129	126
1130	126
1130	130
1129	130
1129	131
1130	131
1130	141
1131	141
1131	142
1130	142
1130	148
1131	148
1131	153
1130	153
1130	167
1129	167
1129	173
1130	173
1130	175
1129	175
1129	182
1130	182
1130	185
1131	185
1131	187
1130	187
1130	193
1129	193
1129	197
1128	197
1128	199
1127	199
1127	200
1126	200
1126	202
1125	202
1125	203
1124	203
1124	204
1122	204
1122	206
1121	206
1121	207
1120	207
1120	208
1119	208
1119	209
1118	209
1118	210
1117	210
1117	211
1115	211
1115	214
1114	214
1114	215
1113	215
1113	223
1112	223
1112	225
1111	225
1111	230
1110	230
1110	235
1109	235
1109	242
1108	242
1108	247
1107	247
1107	250
1106	250
1106	251
1105	251
1105	253
1104	253
1104	258
1103	258
1103	259
1102	259
1102	263
1101	263
1101	270
1100	270
1100	273
1099	273
1099	274
1100	274
1100	275
1099	275
1099	279
1098	279
1098	282
1097	282
1097	286
1096	286
1096	288
1095	288
1095	289
1094	289
1094	290
1090	290
1090	291
1089	291
1089	292
1087	292
1087	293
1086	293
1086	294
1084	294
1084	295
1083	295
1083	296
1081	296
1081	297
1080	297
1080	298
1078	298
1078	300
1076	300
1076	301
1075	301
1075	302
1074	302
1074	303
1073	303
1073	305
1072	305
1072	306
1070	306
1070	307
1069	307
1069	308
1068	308
1068	309
1067	309
1067	311
1066	311
1066	313
1065	313
1065	317
1064	317
1064	324
1063	324
1063	336
1062	336
1062	351
1061	351
1061	354
1062	354
1062	355
1061	355
1061	363
1060	363
1060	367
1059	367
1059	372
1058	372
1058	377
1057	377
1057	379
1058	379
1058	381
1057	381
1057	403
1058	403
1058	404
1057	404
1057	411
1056	411
1056	415
1055	415
1055	424
1054	424
1054	439
1053	439
1053	442
1052	442
1052	444
1051	444
1051	445
1050	445
1050	448
1049	448
1049	450
1047	450
1047	451
1046	451
1046	452
1045	452
1045	454
1044	454
1044	455
1043	455
1043	456
1042	456
1042	457
1040	457
1040	458
1039	458
1039	459
1038	459
1038	460
1037	460
1037	461
1036	461
1036	462
1035	462
1035	464
1034	464
1034	465
1033	465
1033	466
1032	466
1032	467
1031	467
1031	468
1030	468
1030	469
1029	469
1029	470
1026	470
1026	471
1023	471
1023	472
1021	472
1021	471
1020	471
1020	472
1019	472
1019	473
1005	473
1005	474
1001	474
1001	475
1000	475
1000	476
999	476
999	475
995	475
995	476
994	476
994	477
991	477
991	478
989	478
989	479
988	479
988	480
987	480
987	481
985	481
985	482
984	482
984	483
982	483
982	484
981	484
981	485
979	485
979	487
978	487
978	488
977	488
977	489
976	489
976	491
975	491
975	492
974	492
974	493
973	493
973	498
972	498
972	502
971	502
971	506
970	506
970	511
969	511
969	512
968	512
968	515
967	515
967	518
966	518
966	522
965	522
965	528
964	528
964	529
963	529
963	533
961	533
961	538
960	538
960	545
959	545
959	554
958	554
958	555
957	555
957	556
958	556
958	557
957	557
957	563
956	563
956	565
957	565
957	566
956	566
