420	382
421	382
421	384
422	384
422	386
423	386
423	388
424	388
424	391
425	391
425	394
426	394
426	395
427	395
427	398
428	398
428	403
429	403
429	411
428	411
428	412
429	412
429	413
428	413
428	420
427	420
427	430
428	430
428	431
427	431
427	438
428	438
428	439
427	439
427	442
428	442
428	450
429	450
429	454
430	454
430	456
431	456
431	459
432	459
432	462
433	462
433	463
434	463
434	466
435	466
435	468
436	468
436	470
437	470
437	471
438	471
438	472
439	472
439	473
441	473
441	474
444	474
444	475
445	475
445	476
446	476
446	477
447	477
447	480
448	480
448	485
449	485
449	486
448	486
448	494
447	494
447	496
448	496
448	497
447	497
447	503
446	503
446	507
445	507
445	513
444	513
444	522
445	522
445	527
446	527
446	531
447	531
447	532
455	532
455	533
465	533
465	534
466	534
466	533
470	533
470	532
472	532
472	531
474	531
474	530
477	530
477	529
482	529
482	528
486	528
486	527
489	527
489	528
490	528
490	527
491	527
491	528
492	528
492	527
503	527
503	526
505	526
505	527
511	527
511	528
513	528
513	529
517	529
517	530
520	530
520	531
522	531
522	532
527	532
527	531
529	531
529	532
536	532
536	533
538	533
538	534
540	534
540	535
543	535
543	536
545	536
545	537
546	537
546	539
547	539
547	540
549	540
549	541
550	541
550	542
553	542
553	543
554	543
554	544
555	544
555	545
556	545
556	546
557	546
557	547
558	547
558	549
561	549
561	550
562	550
562	552
563	552
563	553
564	553
564	554
565	554
565	556
566	556
566	557
567	557
567	559
568	559
568	560
569	560
569	561
570	561
570	562
571	562
571	563
572	563
572	565
573	565
573	567
574	567
574	568
575	568
575	570
576	570
576	572
577	572
577	574
578	574
578	575
579	575
579	577
580	577
580	578
581	578
581	581
582	581
582	582
583	582
583	584
584	584
584	586
585	586
585	590
586	590
586	592
587	592
587	593
594	593
594	592
596	592
596	591
597	591
597	590
598	590
598	589
602	589
602	588
605	588
605	587
606	587
606	585
608	585
608	582
609	582
609	570
611	570
611	568
612	568
612	567
613	567
613	564
614	564
614	563
615	563
615	562
624	562
624	563
628	563
628	564
629	564
629	565
630	565
630	564
631	564
631	565
638	565
638	564
646	564
646	565
647	565
647	564
651	564
651	563
654	563
654	561
655	561
655	559
656	559
656	557
655	557
655	556
656	556
656	554
655	554
655	552
656	552
656	550
657	550
657	549
658	549
658	546
659	546
659	544
660	544
660	543
661	543
661	542
663	542
663	541
667	541
667	540
669	540
669	539
671	539
671	538
672	538
672	537
674	537
674	536
675	536
675	534
676	534
676	532
677	532
677	530
679	530
679	529
684	529
684	530
686	530
686	532
687	532
687	530
688	530
688	531
690	531
690	530
691	530
691	529
692	529
692	525
693	525
693	521
694	521
694	518
695	518
695	515
696	515
696	513
698	513
698	510
699	510
699	509
701	509
701	508
702	508
702	507
704	507
704	506
705	506
705	505
706	505
706	504
707	504
707	503
708	503
708	502
711	502
711	501
713	501
713	502
716	502
716	503
717	503
717	502
718	502
718	503
719	503
719	504
721	504
721	503
722	503
722	504
723	504
723	505
726	505
726	506
727	506
727	507
729	507
729	508
733	508
733	509
734	509
734	510
736	510
736	511
739	511
739	512
746	512
746	511
747	511
747	510
748	510
748	509
750	509
750	508
754	508
754	509
755	509
755	508
761	508
761	509
764	509
764	510
770	510
770	511
773	511
773	510
783	510
783	509
788	509
788	510
789	510
789	511
792	511
792	512
794	512
794	515
795	515
795	517
794	517
794	518
795	518
795	522
796	522
796	523
797	523
797	525
798	525
798	528
799	528
799	534
798	534
798	535
799	535
799	542
800	542
800	544
799	544
799	561
798	561
798	568
799	568
799	573
798	573
798	578
799	578
799	579
800	579
800	580
801	580
801	579
807	579
807	578
816	578
816	577
818	577
818	578
819	578
819	579
820	579
820	581
822	581
822	582
823	582
823	584
824	584
824	588
825	588
825	592
826	592
826	593
825	593
825	594
826	594
826	601
828	601
828	602
831	602
831	603
832	603
832	604
833	604
833	605
834	605
834	606
835	606
835	607
836	607
836	608
837	608
837	609
838	609
838	611
839	611
839	613
840	613
840	614
841	614
841	615
842	615
842	616
845	616
845	617
846	617
846	618
847	618
847	619
848	619
848	620
849	620
849	621
852	621
852	622
854	622
854	623
856	623
856	624
857	624
857	625
858	625
858	626
859	626
859	627
860	627
860	628
861	628
861	629
862	629
862	630
863	630
863	632
864	632
864	633
865	633
865	634
868	634
868	636
869	636
869	637
871	637
871	638
872	638
872	639
881	639
881	638
882	638
882	637
883	637
883	636
885	636
885	635
886	635
886	634
888	634
888	633
889	633
889	632
892	632
892	631
895	631
895	630
896	630
896	631
897	631
897	630
902	630
902	631
904	631
904	632
906	632
906	633
909	633
909	634
910	634
910	635
911	635
911	637
912	637
912	640
913	640
913	641
914	641
914	642
928	642
928	643
930	643
930	644
933	644
933	645
935	645
935	646
936	646
936	647
937	647
937	648
945	648
945	649
948	649
948	650
951	650
951	651
953	651
953	652
951	652
951	653
950	653
950	654
949	654
949	655
948	655
948	656
946	656
946	655
945	655
945	657
944	657
944	658
943	658
943	659
942	659
942	660
941	660
941	661
940	661
940	662
941	662
941	665
942	665
942	666
943	666
943	667
942	667
942	668
940	668
940	669
939	669
939	679
940	679
940	681
939	681
939	682
940	682
940	684
939	684
939	687
940	687
940	688
941	688
941	689
942	689
942	690
947	690
947	689
948	689
948	688
951	688
951	687
957	687
957	686
959	686
959	687
960	687
960	688
961	688
961	694
960	694
960	697
959	697
959	698
958	698
958	700
957	700
957	702
956	702
956	703
955	703
955	705
954	705
954	706
952	706
952	708
951	708
951	709
950	709
950	710
945	710
945	709
943	709
943	707
939	707
939	708
938	708
938	709
937	709
937	711
938	711
938	714
940	714
940	715
942	715
942	716
945	716
945	717
948	717
948	718
949	718
949	717
951	717
951	716
952	716
952	715
953	715
953	714
954	714
954	713
955	713
955	711
957	711
957	709
958	709
958	708
959	708
959	707
960	707
960	706
961	706
961	704
962	704
962	702
963	702
963	701
964	701
964	698
965	698
965	697
966	697
966	694
967	694
967	691
968	691
968	689
966	689
966	686
965	686
965	685
964	685
964	684
963	684
963	682
962	682
962	681
959	681
959	680
952	680
952	681
948	681
948	682
946	682
946	673
947	673
947	672
952	672
952	673
953	673
953	675
954	675
954	677
957	677
957	678
958	678
958	677
959	677
959	676
960	676
960	673
959	673
959	672
958	672
958	670
957	670
957	669
956	669
956	668
955	668
955	667
953	667
953	666
948	666
948	664
949	664
949	663
950	663
950	662
952	662
952	661
957	661
957	662
959	662
959	663
961	663
961	664
967	664
967	663
968	663
968	662
969	662
969	660
970	660
970	658
967	658
967	657
966	657
966	656
960	656
960	655
958	655
958	654
957	654
957	653
956	653
956	652
959	652
959	651
971	651
971	650
975	650
975	651
978	651
978	650
979	650
979	649
981	649
981	648
985	648
985	647
986	647
986	646
988	646
988	643
989	643
989	631
990	631
990	628
989	628
989	626
990	626
990	624
989	624
989	621
990	621
990	617
989	617
989	616
990	616
990	615
989	615
989	614
990	614
990	612
989	612
989	608
990	608
990	607
989	607
989	599
990	599
990	585
991	585
991	583
990	583
990	578
991	578
991	576
990	576
990	574
991	574
991	569
990	569
990	567
991	567
991	562
992	562
992	561
991	561
991	552
992	552
992	550
991	550
991	544
990	544
990	543
989	543
989	541
988	541
988	535
989	535
989	533
990	533
990	531
991	531
991	530
992	530
992	529
993	529
993	528
995	528
995	527
996	527
996	526
999	526
999	525
1001	525
1001	526
1002	526
1002	527
1003	527
1003	529
1004	529
1004	530
1005	530
1005	532
1007	532
1007	533
1008	533
1008	534
1010	534
1010	535
1013	535
1013	536
1015	536
1015	537
1017	537
1017	538
1019	538
1019	539
1020	539
1020	540
1022	540
1022	541
1023	541
1023	540
1024	540
1024	542
1025	542
1025	543
1027	543
1027	545
1029	545
1029	546
1030	546
1030	547
1031	547
1031	549
1032	549
1032	550
1034	550
1034	551
1036	551
1036	552
1037	552
1037	551
1039	551
1039	552
1040	552
1040	553
1041	553
1041	554
1044	554
1044	555
1045	555
1045	556
1048	556
1048	558
1050	558
1050	559
1051	559
1051	560
1052	560
1052	561
1053	561
1053	565
1054	565
1054	567
1055	567
1055	570
1056	570
1056	572
1057	572
1057	574
1058	574
1058	583
1059	583
1059	584
1060	584
1060	585
1063	585
1063	586
1068	586
1068	587
1070	587
1070	588
1071	588
1071	587
1072	587
1072	588
1073	588
1073	590
1075	590
1075	591
1076	591
1076	592
1081	592
1081	593
1083	593
1083	592
1084	592
1084	593
1092	593
1092	592
1094	592
1094	593
1098	593
1098	592
1100	592
1100	591
1102	591
1102	590
1103	590
1103	589
1104	589
1104	588
1105	588
1105	587
1106	587
1106	585
1107	585
1107	583
1108	583
1108	581
1109	581
1109	578
1111	578
1111	577
1112	577
1112	576
1114	576
1114	575
1116	575
1116	574
1118	574
1118	573
1119	573
1119	572
1120	572
1120	571
1121	571
1121	570
1123	570
1123	569
1124	569
1124	568
1126	568
1126	567
1128	567
1128	566
1132	566
1132	565
1135	565
1135	564
1139	564
1139	563
1145	563
1145	562
1147	562
1147	563
1155	563
1155	564
1157	564
1157	565
1159	565
1159	566
1160	566
1160	567
1161	567
1161	566
1162	566
1162	568
1164	568
1164	569
1166	569
1166	570
1168	570
1168	571
1169	571
1169	572
1172	572
1172	573
1174	573
1174	574
1176	574
1176	575
1180	575
1180	574
1181	574
1181	572
1183	572
1183	570
1184	570
1184	567
1185	567
1185	565
1186	565
1186	562
1187	562
1187	559
1188	559
1188	556
1189	556
1189	555
1190	555
1190	554
1191	554
1191	552
1193	552
1193	551
1194	551
1194	550
1197	550
1197	549
1199	549
1199	548
1202	548
1202	547
1204	547
1204	546
1206	546
1206	545
1207	545
1207	544
1209	544
1209	543
1210	543
1210	542
1211	542
1211	541
1213	541
1213	539
1215	539
1215	538
1217	538
1217	537
1219	537
1219	536
1220	536
1220	535
1222	535
1222	534
1225	534
1225	533
1229	533
1229	532
1233	532
1233	531
1236	531
1236	530
1239	530
1239	529
1246	529
1246	528
1247	528
1247	527
1248	527
1248	526
1247	526
1247	524
1248	524
1248	521
1249	521
1249	513
1250	513
1250	509
1251	509
1251	507
1253	507
1253	506
1254	506
1254	505
1255	505
1255	503
1257	503
1257	502
1258	502
1258	501
1259	501
1259	500
1265	500
1265	499
1268	499
1268	497
1269	497
1269	496
1270	496
1270	494
1271	494
1271	493
1272	493
1272	491
1274	491
1274	490
1282	490
1282	491
1283	491
1283	490
1287	490
1287	492
1288	492
1288	493
1289	493
1289	495
1290	495
1290	496
1291	496
1291	497
1292	497
1292	500
1293	500
1293	503
1294	503
1294	505
1295	505
1295	507
1296	507
1296	508
1297	508
1297	509
1298	509
1298	512
1299	512
1299	514
1300	514
1300	518
1301	518
1301	522
1302	522
1302	536
1301	536
1301	542
1300	542
1300	547
1299	547
1299	549
1300	549
1300	551
1301	551
1301	552
1302	552
1302	553
1308	553
1308	554
1311	554
1311	555
1313	555
1313	554
1314	554
1314	555
1317	555
1317	556
1320	556
1320	557
1322	557
1322	558
1323	558
1323	559
1324	559
1324	560
1336	560
1336	561
1337	561
1337	560
1344	560
1344	559
1349	559
1349	558
1353	558
1353	557
1355	557
1355	556
1364	556
1364	557
1369	557
1369	556
1370	556
1370	557
1373	557
1373	556
1379	556
1379	555
1383	555
1383	554
1385	554
1385	553
1387	553
1387	552
1388	552
1388	551
1390	551
1390	550
1391	550
1391	549
1394	549
1394	548
1399	548
1399	547
1402	547
1402	546
1410	546
1410	545
1412	545
1412	544
1416	544
1416	543
1420	543
1420	542
1421	542
1421	541
1422	541
1422	534
1421	534
1421	525
1422	525
1422	523
1423	523
1423	522
1422	522
1422	521
1423	521
1423	519
1424	519
1424	517
1425	517
1425	516
1426	516
1426	514
1427	514
1427	513
1428	513
1428	512
1429	512
1429	511
1430	511
1430	510
1431	510
1431	509
1432	509
1432	508
1433	508
1433	506
1434	506
1434	505
1435	505
1435	504
1437	504
1437	503
1438	503
1438	502
1439	502
1439	501
1440	501
1440	500
1441	500
1441	499
1442	499
1442	498
1443	498
1443	497
1444	497
1444	496
1445	496
1445	495
1446	495
1446	494
1447	494
1447	492
1448	492
1448	491
1449	491
1449	490
1450	490
1450	489
1451	489
1451	488
1452	488
1452	487
1453	487
1453	485
1454	485
1454	475
1453	475
1453	474
1454	474
1454	469
1455	469
1455	468
1456	468
1456	466
1457	466
1457	464
1458	464
1458	463
1459	463
1459	462
1460	462
1460	460
1462	460
1462	458
1463	458
1463	457
1465	457
1465	456
1467	456
1467	454
1470	454
1470	453
1473	453
1473	452
1476	452
1476	451
1477	451
1477	450
1480	450
1480	451
1481	451
1481	454
1482	454
1482	456
1481	456
1481	457
1482	457
1482	459
1483	459
1483	462
1484	462
1484	464
1485	464
1485	467
1486	467
1486	469
1489	469
1489	470
1496	470
1496	469
1506	469
1506	468
1507	468
1507	467
1508	467
1508	468
1511	468
1511	467
1515	467
1515	466
1517	466
1517	465
1519	465
1519	464
1522	464
1522	462
1524	462
1524	459
1525	459
1525	457
1524	457
1524	454
1523	454
1523	453
1524	453
1524	450
1523	450
1523	437
1522	437
1522	431
1523	431
1523	430
1524	430
1524	429
1523	429
1523	427
1524	427
1524	426
1525	426
1525	425
1524	425
1524	420
1525	420
1525	419
1526	419
1526	416
1527	416
1527	415
1528	415
1528	414
1530	414
1530	413
1542	413
1542	414
1549	414
1549	413
1552	413
1552	412
1555	412
1555	411
1558	411
1558	410
1559	410
1559	409
1561	409
1561	408
1563	408
1563	407
1565	407
1565	406
1567	406
1567	405
1568	405
1568	404
1571	404
1571	403
1572	403
1572	402
1573	402
1573	401
1574	401
1574	400
1577	400
1577	399
1580	399
1580	398
1584	398
1584	397
1585	397
1585	398
1586	398
1586	397
1590	397
1590	396
1594	396
1594	395
1596	395
1596	394
1599	394
1599	393
1603	393
1603	392
1604	392
1604	393
1605	393
1605	392
1607	392
1607	391
1612	391
1612	390
1616	390
1616	389
1619	389
1619	388
1624	388
1624	387
1625	387
1625	386
1629	386
1629	384
1630	384
1630	383
1631	383
1631	382
1632	382
1632	381
1634	381
1634	380
1635	380
1635	378
1637	378
1637	377
1638	377
1638	376
1640	376
1640	375
1641	375
1641	374
1643	374
1643	373
1649	373
1649	372
1653	372
1653	371
1656	371
1656	370
1659	370
1659	369
1660	369
1660	370
1661	370
1661	369
1662	369
1662	368
1664	368
1664	367
1666	367
1666	366
1669	366
1669	365
1670	365
1670	364
1673	364
1673	363
1675	363
1675	362
1676	362
1676	363
1677	363
1677	361
1681	361
1681	359
1683	359
1683	358
1686	358
1686	357
1693	357
1693	356
1695	356
1695	355
1696	355
1696	353
1697	353
1697	352
1699	352
1699	351
1700	351
1700	349
1701	349
1701	348
1702	348
1702	346
1703	346
1703	344
1704	344
1704	342
1705	342
1705	340
1706	340
1706	339
1705	339
1705	338
1706	338
1706	332
1707	332
1707	328
1708	328
1708	324
1709	324
1709	320
1710	320
1710	316
1711	316
1711	314
1712	314
1712	313
1713	313
1713	312
1715	312
1715	310
1716	310
1716	309
1719	309
1719	307
1720	307
1720	306
1722	306
1722	305
1724	305
1724	304
1725	304
1725	303
1729	303
1729	302
1733	302
1733	301
1734	301
1734	300
1737	300
1737	299
1739	299
1739	298
1740	298
1740	297
1742	297
1742	296
1745	296
1745	295
1746	295
1746	294
1747	294
1747	293
1749	293
1749	292
1750	292
1750	291
1752	291
1752	289
1753	289
1753	288
1754	288
1754	287
1755	287
1755	286
1756	286
1756	285
1757	285
1757	284
1758	284
1758	283
1759	283
1759	280
1760	280
1760	279
1761	279
1761	278
1762	278
1762	276
1763	276
1763	275
1764	275
1764	274
1765	274
1765	273
1767	273
1767	272
1769	272
1769	271
1770	271
1770	272
1771	272
1771	271
1773	271
1773	270
1776	270
1776	269
1779	269
1779	268
1785	268
1785	267
1786	267
1786	268
1787	268
1787	267
1794	267
1794	266
1795	266
1795	267
1807	267
1807	268
1808	268
1808	269
1811	269
1811	270
1812	270
1812	271
1814	271
1814	273
1816	273
1816	274
1817	274
1817	275
1818	275
1818	276
1820	276
1820	277
1821	277
1821	278
1823	278
1823	279
1826	279
1826	281
1828	281
1828	282
1830	282
1830	283
1834	283
1834	284
1837	284
1837	285
1842	285
1842	286
1845	286
1845	287
1850	287
1850	288
1855	288
1855	289
1862	289
1862	290
1880	290
1880	289
1883	289
1883	290
1892	290
1892	289
1898	289
1898	288
1901	288
1901	287
1903	287
1903	286
1904	286
1904	285
1905	285
1905	284
1907	284
1907	283
1908	283
1908	282
1909	282
1909	281
1910	281
1910	280
1912	280
1912	279
1914	279
1914	278
1916	278
1916	277
1918	277
1918	276
1919	276
1919	275
1921	275
1921	273
1923	273
1923	272
1924	272
1924	271
1926	271
1926	270
1925	270
1925	269
1926	269
1926	267
1928	267
1928	266
1929	266
1929	265
1930	265
1930	263
1932	263
1932	260
1933	260
1933	259
1935	259
1935	258
1936	258
1936	257
1937	257
1937	256
1938	256
1938	255
1939	255
1939	254
1940	254
1940	252
1941	252
1941	250
1943	250
1943	249
1945	249
1945	248
1946	248
1946	246
1947	246
1947	245
1948	245
1948	243
1949	243
1949	241
1950	241
1950	237
1951	237
1951	226
1950	226
1950	224
1951	224
1951	215
1952	215
1952	213
1951	213
1951	211
1952	211
1952	204
1953	204
1953	203
1952	203
1952	201
1953	201
1953	199
1952	199
1952	193
1951	193
1951	187
1950	187
1950	179
1949	179
1949	169
1948	169
1948	163
1947	163
1947	154
1948	154
1948	148
1949	148
1949	143
1950	143
1950	142
1951	142
1951	137
1952	137
1952	132
1953	132
1953	128
1954	128
1954	125
1953	125
1953	124
1954	124
1954	120
1955	120
1955	118
1956	118
1956	115
1958	115
1958	113
1959	113
1959	112
1960	112
1960	111
1961	111
1961	109
1960	109
1960	108
1961	108
1961	107
1960	107
1960	105
1956	105
1956	104
1955	104
1955	105
1954	105
1954	104
1952	104
1952	105
1951	105
1951	106
1950	106
1950	107
1951	107
1951	111
1950	111
1950	113
1949	113
1949	116
1948	116
1948	118
1947	118
1947	122
1946	122
1946	131
1945	131
1945	136
1944	136
1944	141
1943	141
1943	144
1942	144
1942	148
1941	148
1941	152
1940	152
1940	160
1941	160
1941	166
1942	166
1942	167
1941	167
1941	168
1942	168
1942	169
1941	169
1941	171
1942	171
1942	180
1943	180
1943	185
1944	185
1944	192
1945	192
1945	195
1946	195
1946	197
1945	197
1945	198
1946	198
1946	201
1945	201
1945	202
1946	202
1946	203
1945	203
1945	207
1946	207
1946	209
1945	209
1945	216
1944	216
1944	227
1945	227
1945	231
1944	231
1944	233
1945	233
1945	235
1944	235
1944	239
1943	239
1943	241
1942	241
1942	242
1941	242
1941	243
1940	243
1940	245
1939	245
1939	246
1937	246
1937	247
1936	247
1936	249
1934	249
1934	250
1933	250
1933	252
1931	252
1931	254
1930	254
1930	255
1929	255
1929	256
1928	256
1928	257
1927	257
1927	259
1925	259
1925	261
1924	261
1924	262
1923	262
1923	263
1922	263
1922	264
1921	264
1921	267
1919	267
1919	269
1917	269
1917	270
1914	270
1914	271
1913	271
1913	272
1912	272
1912	273
1909	273
1909	274
1907	274
1907	275
1906	275
1906	276
1905	276
1905	277
1903	277
1903	278
1902	278
1902	279
1901	279
1901	280
1899	280
1899	281
1897	281
1897	282
1894	282
1894	283
1892	283
1892	282
1891	282
1891	283
1881	283
1881	284
1878	284
1878	283
1877	283
1877	284
1874	284
1874	283
1873	283
1873	284
1861	284
1861	283
1856	283
1856	282
1852	282
1852	281
1847	281
1847	280
1844	280
1844	279
1843	279
1843	278
1837	278
1837	277
1833	277
1833	276
1830	276
1830	275
1828	275
1828	274
1827	274
1827	273
1824	273
1824	271
1823	271
1823	270
1822	270
1822	269
1820	269
1820	268
1819	268
1819	267
1818	267
1818	266
1817	266
1817	265
1816	265
1816	264
1814	264
1814	263
1812	263
1812	262
1810	262
1810	261
1806	261
1806	260
1804	260
1804	259
1803	259
1803	260
1787	260
1787	261
1785	261
1785	260
1784	260
1784	261
1779	261
1779	262
1778	262
1778	261
1777	261
1777	262
1773	262
1773	263
1769	263
1769	264
1766	264
1766	265
1764	265
1764	266
1762	266
1762	267
1761	267
1761	268
1760	268
1760	270
1759	270
1759	271
1757	271
1757	273
1756	273
1756	274
1755	274
1755	277
1754	277
1754	278
1753	278
1753	279
1752	279
1752	280
1750	280
1750	282
1749	282
1749	283
1748	283
1748	284
1747	284
1747	286
1746	286
1746	287
1744	287
1744	288
1743	288
1743	289
1742	289
1742	290
1740	290
1740	291
1737	291
1737	292
1735	292
1735	293
1732	293
1732	294
1730	294
1730	295
1727	295
1727	296
1724	296
1724	297
1721	297
1721	298
1719	298
1719	299
1717	299
1717	300
1716	300
1716	301
1714	301
1714	302
1713	302
1713	303
1711	303
1711	304
1710	304
1710	305
1709	305
1709	306
1708	306
1708	307
1707	307
1707	309
1706	309
1706	311
1705	311
1705	312
1704	312
1704	318
1703	318
1703	321
1702	321
1702	325
1701	325
1701	328
1700	328
1700	332
1699	332
1699	339
1698	339
1698	341
1697	341
1697	343
1696	343
1696	345
1694	345
1694	346
1693	346
1693	348
1691	348
1691	349
1690	349
1690	350
1688	350
1688	351
1684	351
1684	352
1681	352
1681	353
1678	353
1678	354
1676	354
1676	355
1674	355
1674	356
1673	356
1673	357
1670	357
1670	358
1668	358
1668	359
1666	359
1666	360
1664	360
1664	361
1662	361
1662	362
1660	362
1660	363
1657	363
1657	364
1654	364
1654	365
1650	365
1650	366
1648	366
1648	367
1645	367
1645	366
1644	366
1644	367
1643	367
1643	368
1639	368
1639	369
1637	369
1637	370
1636	370
1636	371
1634	371
1634	372
1633	372
1633	373
1631	373
1631	374
1630	374
1630	375
1628	375
1628	376
1627	376
1627	377
1626	377
1626	378
1625	378
1625	379
1623	379
1623	381
1619	381
1619	382
1617	382
1617	383
1611	383
1611	384
1608	384
1608	385
1605	385
1605	386
1604	386
1604	385
1603	385
1603	386
1601	386
1601	387
1596	387
1596	388
1592	388
1592	389
1589	389
1589	390
1584	390
1584	391
1582	391
1582	390
1581	390
1581	391
1579	391
1579	392
1575	392
1575	393
1573	393
1573	394
1571	394
1571	395
1569	395
1569	396
1568	396
1568	397
1566	397
1566	398
1563	398
1563	400
1560	400
1560	401
1558	401
1558	402
1557	402
1557	403
1555	403
1555	404
1553	404
1553	405
1549	405
1549	406
1547	406
1547	407
1541	407
1541	406
1538	406
1538	405
1531	405
1531	406
1529	406
1529	407
1526	407
1526	409
1525	409
1525	408
1523	408
1523	410
1522	410
1522	411
1521	411
1521	413
1520	413
1520	415
1519	415
1519	418
1518	418
1518	422
1517	422
1517	424
1516	424
1516	425
1517	425
1517	426
1516	426
1516	430
1515	430
1515	433
1516	433
1516	442
1517	442
1517	443
1516	443
1516	446
1517	446
1517	452
1518	452
1518	457
1517	457
1517	458
1515	458
1515	460
1512	460
1512	461
1506	461
1506	462
1502	462
1502	463
1501	463
1501	462
1490	462
1490	461
1489	461
1489	459
1488	459
1488	457
1487	457
1487	448
1486	448
1486	446
1485	446
1485	445
1484	445
1484	444
1482	444
1482	443
1479	443
1479	442
1476	442
1476	444
1475	444
1475	445
1471	445
1471	446
1468	446
1468	447
1466	447
1466	448
1465	448
1465	449
1462	449
1462	450
1461	450
1461	451
1460	451
1460	452
1459	452
1459	453
1458	453
1458	454
1457	454
1457	455
1456	455
1456	456
1455	456
1455	457
1454	457
1454	458
1453	458
1453	459
1452	459
1452	460
1451	460
1451	462
1450	462
1450	464
1449	464
1449	467
1448	467
1448	469
1447	469
1447	473
1448	473
1448	474
1447	474
1447	476
1448	476
1448	482
1447	482
1447	483
1446	483
1446	485
1444	485
1444	486
1443	486
1443	487
1442	487
1442	488
1441	488
1441	490
1439	490
1439	491
1438	491
1438	493
1437	493
1437	494
1436	494
1436	495
1435	495
1435	496
1433	496
1433	497
1432	497
1432	498
1431	498
1431	500
1430	500
1430	501
1428	501
1428	503
1427	503
1427	504
1426	504
1426	505
1425	505
1425	506
1424	506
1424	507
1423	507
1423	509
1421	509
1421	510
1420	510
1420	512
1419	512
1419	513
1418	513
1418	514
1417	514
1417	519
1416	519
1416	521
1415	521
1415	528
1414	528
1414	531
1415	531
1415	537
1413	537
1413	538
1410	538
1410	539
1407	539
1407	540
1402	540
1402	541
1394	541
1394	542
1392	542
1392	543
1389	543
1389	544
1387	544
1387	545
1386	545
1386	546
1384	546
1384	547
1383	547
1383	548
1381	548
1381	549
1378	549
1378	550
1375	550
1375	551
1369	551
1369	550
1364	550
1364	551
1360	551
1360	550
1358	550
1358	551
1354	551
1354	550
1353	550
1353	551
1349	551
1349	552
1348	552
1348	553
1347	553
1347	552
1346	552
1346	553
1329	553
1329	552
1327	552
1327	551
1325	551
1325	552
1323	552
1323	551
1321	551
1321	550
1320	550
1320	549
1318	549
1318	548
1317	548
1317	549
1316	549
1316	548
1314	548
1314	547
1312	547
1312	546
1306	546
1306	544
1305	544
1305	543
1306	543
1306	540
1307	540
1307	539
1306	539
1306	537
1307	537
1307	536
1306	536
1306	535
1307	535
1307	522
1308	522
1308	521
1307	521
1307	519
1306	519
1306	516
1305	516
1305	512
1304	512
1304	508
1303	508
1303	506
1302	506
1302	504
1300	504
1300	502
1299	502
1299	500
1298	500
1298	497
1297	497
1297	496
1296	496
1296	492
1295	492
1295	490
1293	490
1293	488
1292	488
1292	487
1291	487
1291	484
1290	484
1290	483
1288	483
1288	482
1287	482
1287	483
1286	483
1286	482
1285	482
1285	483
1275	483
1275	482
1272	482
1272	483
1271	483
1271	484
1270	484
1270	485
1268	485
1268	487
1267	487
1267	488
1266	488
1266	489
1265	489
1265	491
1263	491
1263	492
1260	492
1260	493
1259	493
1259	494
1256	494
1256	495
1254	495
1254	496
1253	496
1253	497
1252	497
1252	498
1250	498
1250	499
1249	499
1249	500
1248	500
1248	502
1247	502
1247	503
1245	503
1245	508
1244	508
1244	510
1243	510
1243	516
1242	516
1242	518
1243	518
1243	520
1242	520
1242	521
1241	521
1241	522
1240	522
1240	523
1238	523
1238	524
1234	524
1234	525
1230	525
1230	526
1226	526
1226	527
1224	527
1224	528
1221	528
1221	529
1218	529
1218	530
1216	530
1216	531
1214	531
1214	532
1212	532
1212	533
1211	533
1211	534
1210	534
1210	535
1209	535
1209	536
1208	536
1208	537
1207	537
1207	538
1205	538
1205	539
1203	539
1203	540
1201	540
1201	541
1200	541
1200	543
1198	543
1198	542
1197	542
1197	543
1195	543
1195	544
1193	544
1193	545
1190	545
1190	546
1188	546
1188	547
1187	547
1187	548
1186	548
1186	549
1185	549
1185	550
1184	550
1184	552
1183	552
1183	554
1182	554
1182	556
1181	556
1181	558
1180	558
1180	559
1181	559
1181	561
1180	561
1180	562
1179	562
1179	566
1178	566
1178	567
1173	567
1173	566
1171	566
1171	565
1170	565
1170	564
1167	564
1167	563
1165	563
1165	561
1164	561
1164	560
1161	560
1161	559
1160	559
1160	558
1158	558
1158	557
1154	557
1154	556
1153	556
1153	557
1152	557
1152	556
1139	556
1139	557
1135	557
1135	558
1132	558
1132	559
1130	559
1130	560
1127	560
1127	561
1125	561
1125	562
1122	562
1122	563
1120	563
1120	564
1117	564
1117	566
1116	566
1116	567
1114	567
1114	569
1110	569
1110	571
1107	571
1107	572
1106	572
1106	573
1105	573
1105	574
1104	574
1104	577
1103	577
1103	579
1102	579
1102	582
1100	582
1100	583
1099	583
1099	584
1098	584
1098	585
1097	585
1097	586
1090	586
1090	585
1076	585
1076	584
1074	584
1074	582
1073	582
1073	581
1072	581
1072	582
1071	582
1071	580
1068	580
1068	579
1066	579
1066	578
1063	578
1063	575
1062	575
1062	570
1061	570
1061	568
1060	568
1060	567
1059	567
1059	565
1058	565
1058	559
1057	559
1057	556
1055	556
1055	555
1053	555
1053	553
1052	553
1052	552
1051	552
1051	551
1049	551
1049	550
1046	550
1046	549
1045	549
1045	547
1043	547
1043	546
1041	546
1041	545
1039	545
1039	544
1035	544
1035	543
1034	543
1034	542
1032	542
1032	541
1031	541
1031	539
1030	539
1030	538
1028	538
1028	536
1026	536
1026	535
1025	535
1025	534
1022	534
1022	533
1020	533
1020	532
1017	532
1017	531
1015	531
1015	530
1013	530
1013	529
1012	529
1012	528
1011	528
1011	527
1010	527
1010	526
1009	526
1009	525
1007	525
1007	524
1006	524
1006	521
1005	521
1005	517
1003	517
1003	516
999	516
999	517
997	517
997	519
996	519
996	520
995	520
995	519
994	519
994	521
991	521
991	522
989	522
989	523
988	523
988	524
987	524
987	525
986	525
986	526
985	526
985	528
984	528
984	530
983	530
983	533
982	533
982	534
983	534
983	535
982	535
982	541
983	541
983	548
984	548
984	549
985	549
985	551
986	551
986	552
985	552
985	555
984	555
984	556
983	556
983	558
984	558
984	562
985	562
985	564
984	564
984	587
983	587
983	588
984	588
984	590
983	590
983	591
984	591
984	597
983	597
983	603
984	603
984	605
983	605
983	615
982	615
982	618
983	618
983	620
984	620
984	621
983	621
983	624
982	624
982	626
983	626
983	633
982	633
982	639
983	639
983	640
982	640
982	641
981	641
981	642
978	642
978	643
969	643
969	644
961	644
961	645
951	645
951	644
949	644
949	643
946	643
946	642
944	642
944	641
941	641
941	640
939	640
939	639
936	639
936	638
935	638
935	637
933	637
933	636
931	636
931	635
930	635
930	636
928	636
928	635
922	635
922	634
921	634
921	635
920	635
920	634
917	634
917	633
916	633
916	632
915	632
915	630
914	630
914	629
913	629
913	628
911	628
911	627
909	627
909	626
907	626
907	625
906	625
906	624
903	624
903	623
893	623
893	624
891	624
891	625
889	625
889	626
886	626
886	627
885	627
885	628
883	628
883	629
882	629
882	630
880	630
880	631
878	631
878	632
874	632
874	631
872	631
872	630
871	630
871	629
870	629
870	628
869	628
869	627
867	627
867	625
866	625
866	624
865	624
865	623
864	623
864	622
863	622
863	620
862	620
862	619
861	619
861	618
858	618
858	616
856	616
856	615
853	615
853	614
852	614
852	613
851	613
851	612
849	612
849	611
847	611
847	610
845	610
845	608
843	608
843	606
842	606
842	604
841	604
841	603
840	603
840	602
839	602
839	601
837	601
837	599
836	599
836	598
835	598
835	597
834	597
834	596
832	596
832	595
831	595
831	590
830	590
830	589
831	589
831	588
830	588
830	583
829	583
829	580
828	580
828	578
827	578
827	577
826	577
826	576
825	576
825	575
824	575
824	574
823	574
823	573
822	573
822	572
821	572
821	571
812	571
812	570
809	570
809	571
805	571
805	570
804	570
804	562
803	562
803	560
804	560
804	533
805	533
805	530
804	530
804	526
803	526
803	522
802	522
802	520
801	520
801	515
802	515
802	513
803	513
803	512
802	512
802	510
801	510
801	508
800	508
800	507
798	507
798	506
795	506
795	505
793	505
793	504
792	504
792	503
789	503
789	502
788	502
788	501
784	501
784	502
782	502
782	503
771	503
771	504
770	504
770	503
766	503
766	502
762	502
762	501
760	501
760	500
759	500
759	501
756	501
756	502
754	502
754	501
750	501
750	502
748	502
748	503
745	503
745	504
743	504
743	505
739	505
739	504
737	504
737	503
736	503
736	502
732	502
732	501
731	501
731	500
730	500
730	499
728	499
728	498
727	498
727	497
725	497
725	496
723	496
723	497
722	497
722	496
716	496
716	495
715	495
715	496
712	496
712	495
705	495
705	496
704	496
704	497
703	497
703	499
700	499
700	500
699	500
699	501
698	501
698	502
697	502
697	503
695	503
695	505
694	505
694	507
693	507
693	510
691	510
691	512
690	512
690	515
689	515
689	517
688	517
688	522
686	522
686	521
677	521
677	522
676	522
676	523
675	523
675	524
674	524
674	526
673	526
673	527
672	527
672	529
671	529
671	531
669	531
669	532
668	532
668	533
666	533
666	534
664	534
664	535
662	535
662	536
660	536
660	537
658	537
658	538
657	538
657	539
656	539
656	540
655	540
655	541
654	541
654	543
653	543
653	544
652	544
652	546
651	546
651	552
650	552
650	555
649	555
649	557
634	557
634	558
631	558
631	557
627	557
627	556
624	556
624	555
622	555
622	554
621	554
621	555
612	555
612	556
611	556
611	557
610	557
610	559
609	559
609	561
608	561
608	563
607	563
607	564
605	564
605	566
604	566
604	567
603	567
603	581
602	581
602	582
598	582
598	583
596	583
596	584
594	584
594	585
593	585
593	586
591	586
591	585
590	585
590	584
589	584
589	582
588	582
588	578
587	578
587	577
586	577
586	576
585	576
585	574
584	574
584	572
583	572
583	571
582	571
582	570
581	570
581	568
580	568
580	565
579	565
579	563
578	563
578	561
577	561
577	559
576	559
576	558
575	558
575	557
574	557
574	556
573	556
573	555
572	555
572	553
571	553
571	552
570	552
570	550
569	550
569	549
568	549
568	548
567	548
567	546
566	546
566	545
565	545
565	544
564	544
564	543
562	543
562	542
561	542
561	540
559	540
559	539
558	539
558	538
556	538
556	537
555	537
555	536
553	536
553	535
552	535
552	533
550	533
550	532
549	532
549	531
547	531
547	530
546	530
546	529
543	529
543	528
542	528
542	527
539	527
539	526
537	526
537	525
534	525
534	524
530	524
530	525
529	525
529	524
528	524
528	525
525	525
525	524
524	524
524	525
522	525
522	524
519	524
519	523
517	523
517	522
512	522
512	521
510	521
510	520
508	520
508	519
507	519
507	520
504	520
504	519
499	519
499	520
496	520
496	519
495	519
495	520
494	520
494	519
493	519
493	520
492	520
492	519
489	519
489	520
484	520
484	521
483	521
483	522
475	522
475	523
473	523
473	524
471	524
471	525
470	525
470	526
463	526
463	527
462	527
462	526
456	526
456	525
451	525
451	523
450	523
450	519
449	519
449	515
450	515
450	514
449	514
449	512
450	512
450	509
452	509
452	508
451	508
451	505
452	505
452	499
453	499
453	495
454	495
454	476
453	476
453	474
452	474
452	472
451	472
451	471
450	471
450	470
449	470
449	469
447	469
447	468
446	468
446	467
442	467
442	465
441	465
441	463
440	463
440	461
438	461
438	460
437	460
437	459
438	459
438	457
437	457
437	455
436	455
436	453
435	453
435	450
434	450
434	449
435	449
435	447
434	447
434	442
433	442
433	440
434	440
434	439
433	439
433	417
434	417
434	408
435	408
435	402
434	402
434	396
433	396
433	394
432	394
432	392
431	392
431	390
430	390
430	384
429	384
429	383
428	383
428	380
427	380
427	378
426	378
426	377
425	377
425	374
424	374
424	371
423	371
423	370
422	370
422	369
421	369
421	368
419	368
419	367
415	367
415	368
400	368
400	367
399	367
399	368
394	368
394	369
391	369
391	370
389	370
389	369
388	369
388	370
387	370
387	371
381	371
381	370
378	370
378	369
377	369
377	367
376	367
376	364
375	364
375	360
374	360
374	357
373	357
373	352
372	352
372	350
371	350
371	346
370	346
370	345
368	345
368	343
366	343
366	341
365	341
365	340
364	340
364	339
363	339
363	338
362	338
362	337
360	337
360	336
359	336
359	335
357	335
357	334
347	334
347	333
345	333
345	332
344	332
344	331
342	331
342	330
341	330
341	329
336	329
336	328
328	328
328	327
324	327
324	326
322	326
322	325
321	325
321	324
320	324
320	322
319	322
319	321
317	321
317	319
315	319
315	318
314	318
314	317
313	317
313	316
312	316
312	314
311	314
311	313
310	313
310	311
308	311
308	309
307	309
307	307
306	307
306	303
305	303
305	301
306	301
306	300
305	300
305	297
304	297
304	294
303	294
303	286
302	286
302	279
301	279
301	269
302	269
302	268
301	268
301	267
302	267
302	264
303	264
303	262
304	262
304	261
303	261
303	260
304	260
304	256
303	256
303	255
302	255
302	253
301	253
301	252
300	252
300	251
298	251
298	250
297	250
297	249
296	249
296	248
295	248
295	247
293	247
293	246
289	246
289	245
285	245
285	246
284	246
284	245
282	245
282	246
280	246
280	247
276	247
276	246
275	246
275	247
264	247
264	248
263	248
263	249
261	249
261	250
258	250
258	251
257	251
257	252
256	252
256	253
255	253
255	254
253	254
253	255
251	255
251	256
250	256
250	255
249	255
249	256
245	256
245	257
240	257
240	255
239	255
239	256
238	256
238	255
237	255
237	256
233	256
233	257
232	257
232	256
230	256
230	255
229	255
229	251
228	251
228	249
227	249
227	252
226	252
226	253
225	253
225	254
224	254
224	255
223	255
223	256
224	256
224	257
223	257
223	258
221	258
221	259
222	259
222	260
221	260
221	261
220	261
220	263
219	263
219	265
217	265
217	266
215	266
215	265
214	265
214	266
207	266
207	267
206	267
206	266
205	266
205	267
199	267
199	268
197	268
197	269
196	269
196	270
194	270
194	271
193	271
193	272
192	272
192	273
191	273
191	275
180	275
180	276
176	276
176	277
174	277
174	278
171	278
171	279
168	279
168	280
166	280
166	281
162	281
162	282
158	282
158	283
156	283
156	282
154	282
154	283
153	283
153	282
150	282
150	281
148	281
148	282
143	282
143	281
139	281
139	282
137	282
137	281
133	281
133	282
130	282
130	281
125	281
125	272
124	272
124	269
125	269
125	268
124	268
124	265
125	265
125	263
124	263
124	262
123	262
123	260
124	260
124	259
123	259
123	256
122	256
122	253
121	253
121	252
122	252
122	248
121	248
121	237
120	237
120	233
119	233
119	231
120	231
120	229
119	229
119	223
118	223
118	218
117	218
117	215
116	215
116	212
115	212
115	209
114	209
114	210
112	210
112	209
111	209
111	210
106	210
106	211
99	211
99	212
98	212
98	211
96	211
96	209
95	209
95	205
94	205
94	200
93	200
93	194
92	194
92	193
91	193
91	188
90	188
90	181
89	181
89	180
90	180
90	179
89	179
89	172
88	172
88	169
87	169
87	157
86	157
86	156
87	156
87	147
86	147
86	148
84	148
84	155
83	155
83	164
84	164
84	170
85	170
85	173
86	173
86	183
87	183
87	190
88	190
88	193
87	193
87	196
88	196
88	207
89	207
89	210
90	210
90	214
89	214
89	215
90	215
90	217
104	217
104	216
106	216
106	217
108	217
108	216
110	216
110	218
111	218
111	225
112	225
112	229
113	229
113	230
112	230
112	231
113	231
113	233
114	233
114	241
115	241
115	245
116	245
116	249
115	249
115	251
116	251
116	255
117	255
117	256
116	256
116	258
117	258
117	261
118	261
118	268
117	268
117	269
118	269
118	271
119	271
119	285
120	285
120	286
121	286
121	287
122	287
122	288
133	288
133	287
134	287
134	288
135	288
135	287
136	287
136	288
145	288
145	289
146	289
146	288
151	288
151	289
156	289
156	288
157	288
157	289
160	289
160	288
163	288
163	287
168	287
168	286
170	286
170	285
171	285
171	284
175	284
175	283
177	283
177	282
181	282
181	281
188	281
188	280
189	280
189	281
192	281
192	280
194	280
194	278
196	278
196	277
199	277
199	275
200	275
200	274
201	274
201	273
203	273
203	274
204	274
204	273
211	273
211	272
212	272
212	273
213	273
213	272
217	272
217	271
219	271
219	270
221	270
221	269
222	269
222	267
223	267
223	266
224	266
224	265
226	265
226	264
228	264
228	263
229	263
229	264
246	264
246	263
252	263
252	262
254	262
254	261
257	261
257	260
258	260
258	259
259	259
259	258
260	258
260	257
261	257
261	256
263	256
263	255
265	255
265	254
280	254
280	253
282	253
282	252
285	252
285	253
286	253
286	254
289	254
289	253
291	253
291	254
293	254
293	255
294	255
294	256
295	256
295	259
296	259
296	261
295	261
295	262
296	262
296	264
295	264
295	269
294	269
294	274
295	274
295	281
296	281
296	282
295	282
295	283
296	283
296	289
297	289
297	293
296	293
296	295
298	295
298	300
299	300
299	306
300	306
300	309
301	309
301	312
302	312
302	313
303	313
303	314
304	314
304	317
305	317
305	318
306	318
306	320
308	320
308	321
309	321
309	323
310	323
310	324
311	324
311	325
312	325
312	326
314	326
314	327
315	327
315	328
316	328
316	329
317	329
317	330
318	330
318	331
320	331
320	333
322	333
322	334
327	334
327	335
332	335
332	336
337	336
337	335
338	335
338	336
340	336
340	338
342	338
342	339
344	339
344	340
346	340
346	341
348	341
348	342
349	342
349	341
353	341
353	342
356	342
356	343
357	343
357	344
359	344
359	345
360	345
360	346
361	346
361	347
362	347
362	348
363	348
363	350
364	350
364	352
365	352
365	353
366	353
366	357
367	357
367	359
368	359
368	363
369	363
369	367
370	367
370	370
371	370
371	372
372	372
372	375
373	375
373	376
374	376
374	377
387	377
387	376
393	376
393	375
402	375
402	374
404	374
404	375
405	375
405	374
406	374
406	375
412	375
412	374
417	374
417	375
418	375
418	377
419	377
419	379
420	379
