559	487
561	487
561	488
562	488
562	489
563	489
563	495
562	495
562	496
563	496
563	500
562	500
562	527
565	527
565	526
566	526
566	527
568	527
568	529
569	529
569	531
570	531
570	532
571	532
571	533
573	533
573	535
576	535
576	537
577	537
577	535
579	535
579	534
580	534
580	533
583	533
583	532
584	532
584	533
585	533
585	532
586	532
586	533
588	533
588	531
589	531
589	530
591	530
591	529
592	529
592	528
594	528
594	527
596	527
596	526
597	526
597	525
598	525
598	523
599	523
599	520
600	520
600	519
602	519
602	517
603	517
603	516
604	516
604	515
608	515
608	514
613	514
613	513
617	513
617	510
620	510
620	508
622	508
622	509
624	509
624	510
625	510
625	513
626	513
626	515
627	515
627	520
628	520
628	522
629	522
629	526
630	526
630	546
631	546
631	547
640	547
640	548
642	548
642	550
643	550
643	554
648	554
648	555
649	555
649	556
650	556
650	555
652	555
652	556
659	556
659	557
661	557
661	558
663	558
663	561
664	561
664	562
665	562
665	565
666	565
666	567
667	567
667	568
668	568
668	569
667	569
667	575
668	575
668	578
667	578
667	580
668	580
668	581
667	581
667	582
668	582
668	586
667	586
667	591
666	591
666	598
667	598
667	599
668	599
668	595
670	595
670	594
673	594
673	596
674	596
674	597
675	597
675	598
677	598
677	599
676	599
676	600
677	600
677	601
676	601
676	603
677	603
677	605
678	605
678	606
679	606
679	608
680	608
680	609
681	609
681	617
682	617
682	618
681	618
681	620
680	620
680	622
679	622
679	623
678	623
678	626
677	626
677	627
676	627
676	633
675	633
675	634
676	634
676	639
677	639
677	638
685	638
685	637
687	637
687	638
688	638
688	637
689	637
689	638
692	638
692	637
696	637
696	638
697	638
697	637
698	637
698	640
700	640
700	641
701	641
701	643
702	643
702	644
705	644
705	645
709	645
709	646
712	646
712	647
716	647
716	646
718	646
718	647
719	647
719	646
720	646
720	647
723	647
723	648
724	648
724	649
727	649
727	650
731	650
731	651
734	651
734	652
735	652
735	651
736	651
736	652
737	652
737	654
738	654
738	655
739	655
739	656
742	656
742	657
743	657
743	656
746	656
746	657
747	657
747	658
749	658
749	660
751	660
751	661
756	661
756	662
758	662
758	664
759	664
759	668
758	668
758	672
759	672
759	673
761	673
761	674
763	674
763	677
765	677
765	676
768	676
768	674
769	674
769	672
770	672
770	670
772	670
772	667
773	667
773	666
774	666
774	664
777	664
777	663
778	663
778	662
779	662
779	661
780	661
780	660
781	660
781	657
783	657
783	656
786	656
786	655
788	655
788	654
791	654
791	653
796	653
796	655
801	655
801	654
808	654
808	655
809	655
809	656
810	656
810	657
811	657
811	658
812	658
812	659
813	659
813	660
814	660
814	662
815	662
815	663
816	663
816	664
817	664
817	665
823	665
823	666
824	666
824	671
823	671
823	673
825	673
825	671
826	671
826	667
825	667
825	663
826	663
826	662
825	662
825	661
826	661
826	658
827	658
827	656
828	656
828	654
829	654
829	651
830	651
830	644
831	644
831	642
832	642
832	639
833	639
833	638
834	638
834	637
835	637
835	636
838	636
838	634
839	634
839	629
840	629
840	625
841	625
841	623
842	623
842	622
843	622
843	620
844	620
844	619
845	619
845	618
847	618
847	617
858	617
858	616
861	616
861	615
867	615
867	614
868	614
868	613
869	613
869	612
870	612
870	611
871	611
871	610
873	610
873	609
874	609
874	608
876	608
876	609
877	609
877	608
878	608
878	609
879	609
879	608
881	608
881	609
886	609
886	610
888	610
888	609
889	609
889	610
892	610
892	611
893	611
893	612
894	612
894	613
895	613
895	614
894	614
894	625
893	625
893	626
894	626
894	627
893	627
893	629
894	629
894	630
895	630
895	633
896	633
896	636
897	636
897	642
896	642
896	645
897	645
897	646
896	646
896	650
894	650
894	652
895	652
895	654
894	654
894	658
895	658
895	659
894	659
894	660
895	660
895	662
898	662
898	661
899	661
899	662
906	662
906	663
907	663
907	664
909	664
909	665
910	665
910	666
911	666
911	667
912	667
912	668
913	668
913	670
914	670
914	672
915	672
915	673
917	673
917	674
919	674
919	676
921	676
921	677
926	677
926	678
927	678
927	682
928	682
928	684
929	684
929	685
928	685
928	686
929	686
929	687
930	687
930	689
931	689
931	691
933	691
933	692
934	692
934	693
936	693
936	695
937	695
937	696
938	696
938	697
939	697
939	698
940	698
940	700
942	700
942	701
943	701
943	702
944	702
944	703
945	703
945	704
946	704
946	705
948	705
948	704
949	704
949	705
951	705
951	706
953	706
953	707
954	707
954	708
955	708
955	710
956	710
956	712
958	712
958	714
959	714
959	709
960	709
960	708
961	708
961	703
962	703
962	702
963	702
963	700
964	700
964	698
966	698
966	697
967	697
967	696
969	696
969	695
971	695
971	694
973	694
973	693
974	693
974	692
976	692
976	691
977	691
977	690
978	690
978	689
980	689
980	688
981	688
981	687
982	687
982	686
985	686
985	685
986	685
986	684
988	684
988	683
990	683
990	682
992	682
992	681
993	681
993	677
994	677
994	676
993	676
993	675
994	675
994	670
995	670
995	668
994	668
994	666
993	666
993	663
992	663
992	660
990	660
990	658
989	658
989	654
990	654
990	652
992	652
992	651
995	651
995	650
996	650
996	648
998	648
998	647
1002	647
1002	648
1005	648
1005	646
1009	646
1009	647
1012	647
1012	648
1013	648
1013	647
1016	647
1016	646
1017	646
1017	645
1023	645
1023	644
1024	644
1024	645
1029	645
1029	644
1038	644
1038	643
1045	643
1045	642
1047	642
1047	643
1049	643
1049	644
1051	644
1051	645
1053	645
1053	647
1054	647
1054	648
1060	648
1060	647
1061	647
1061	648
1069	648
1069	646
1068	646
1068	645
1069	645
1069	643
1070	643
1070	642
1071	642
1071	641
1077	641
1077	646
1078	646
1078	647
1077	647
1077	648
1078	648
1078	650
1079	650
1079	653
1080	653
1080	655
1081	655
1081	657
1082	657
1082	659
1083	659
1083	662
1084	662
1084	663
1083	663
1083	666
1082	666
1082	667
1083	667
1083	668
1084	668
1084	671
1085	671
1085	673
1084	673
1084	675
1085	675
1085	676
1086	676
1086	677
1089	677
1089	678
1090	678
1090	679
1088	679
1088	678
1084	678
1084	679
1085	679
1085	680
1084	680
1084	689
1083	689
1083	690
1084	690
1084	696
1083	696
1083	699
1084	699
1084	700
1083	700
1083	702
1085	702
1085	700
1087	700
1087	701
1086	701
1086	702
1087	702
1087	704
1088	704
1088	703
1092	703
1092	702
1093	702
1093	701
1095	701
1095	702
1093	702
1093	703
1094	703
1094	704
1093	704
1093	705
1092	705
1092	706
1090	706
1090	705
1089	705
1089	704
1088	704
1088	706
1086	706
1086	709
1085	709
1085	721
1083	721
1083	722
1084	722
1084	724
1095	724
1095	723
1097	723
1097	724
1099	724
1099	723
1101	723
1101	722
1102	722
1102	723
1104	723
1104	724
1106	724
1106	725
1107	725
1107	726
1109	726
1109	727
1115	727
1115	728
1116	728
1116	729
1118	729
1118	730
1119	730
1119	731
1121	731
1121	732
1122	732
1122	733
1123	733
1123	734
1124	734
1124	735
1125	735
1125	736
1126	736
1126	737
1127	737
1127	738
1128	738
1128	739
1130	739
1130	741
1131	741
1131	742
1138	742
1138	743
1144	743
1144	744
1153	744
1153	745
1159	745
1159	746
1162	746
1162	747
1163	747
1163	749
1164	749
1164	751
1165	751
1165	754
1167	754
1167	755
1169	755
1169	757
1171	757
1171	758
1172	758
1172	759
1173	759
1173	760
1174	760
1174	764
1175	764
1175	766
1176	766
1176	767
1180	767
1180	768
1181	768
1181	767
1182	767
1182	768
1184	768
1184	767
1185	767
1185	769
1189	769
1189	768
1192	768
1192	767
1196	767
1196	766
1197	766
1197	767
1198	767
1198	766
1199	766
1199	765
1201	765
1201	764
1203	764
1203	763
1204	763
1204	762
1207	762
1207	761
1208	761
1208	760
1209	760
1209	759
1210	759
1210	758
1212	758
1212	757
1213	757
1213	756
1215	756
1215	754
1216	754
1216	753
1217	753
1217	751
1219	751
1219	749
1221	749
1221	748
1224	748
1224	749
1228	749
1228	748
1229	748
1229	747
1230	747
1230	748
1231	748
1231	747
1232	747
1232	746
1233	746
1233	744
1234	744
1234	742
1235	742
1235	740
1236	740
1236	738
1237	738
1237	737
1238	737
1238	735
1239	735
1239	734
1240	734
1240	733
1241	733
1241	732
1242	732
1242	731
1244	731
1244	730
1246	730
1246	728
1247	728
1247	726
1248	726
1248	724
1249	724
1249	723
1250	723
1250	722
1249	722
1249	721
1251	721
1251	720
1252	720
1252	719
1253	719
1253	718
1254	718
1254	717
1259	717
1259	716
1261	716
1261	715
1265	715
1265	714
1267	714
1267	713
1271	713
1271	714
1272	714
1272	713
1274	713
1274	712
1276	712
1276	711
1280	711
1280	710
1282	710
1282	709
1283	709
1283	708
1285	708
1285	707
1286	707
1286	706
1287	706
1287	705
1288	705
1288	704
1289	704
1289	703
1290	703
1290	702
1291	702
1291	700
1292	700
1292	699
1293	699
1293	698
1294	698
1294	697
1295	697
1295	696
1297	696
1297	695
1301	695
1301	694
1303	694
1303	693
1305	693
1305	692
1306	692
1306	691
1310	691
1310	689
1311	689
1311	687
1312	687
1312	684
1313	684
1313	683
1315	683
1315	681
1316	681
1316	672
1317	672
1317	669
1318	669
1318	668
1319	668
1319	667
1320	667
1320	666
1321	666
1321	665
1322	665
1322	664
1323	664
1323	663
1324	663
1324	662
1325	662
1325	661
1326	661
1326	660
1327	660
1327	659
1328	659
1328	656
1329	656
1329	654
1330	654
1330	652
1331	652
1331	645
1330	645
1330	644
1331	644
1331	641
1332	641
1332	639
1333	639
1333	640
1336	640
1336	639
1340	639
1340	640
1343	640
1343	641
1345	641
1345	642
1351	642
1351	643
1355	643
1355	644
1356	644
1356	646
1358	646
1358	648
1359	648
1359	651
1360	651
1360	653
1361	653
1361	655
1362	655
1362	657
1363	657
1363	661
1364	661
1364	667
1365	667
1365	673
1366	673
1366	678
1367	678
1367	684
1368	684
1368	685
1370	685
1370	686
1371	686
1371	687
1373	687
1373	688
1376	688
1376	689
1377	689
1377	690
1378	690
1378	691
1379	691
1379	690
1382	690
1382	691
1384	691
1384	692
1385	692
1385	693
1387	693
1387	692
1388	692
1388	693
1390	693
1390	694
1392	694
1392	696
1395	696
1395	697
1396	697
1396	699
1397	699
1397	700
1398	700
1398	702
1399	702
1399	703
1400	703
1400	705
1401	705
1401	707
1402	707
1402	708
1401	708
1401	709
1402	709
1402	711
1403	711
1403	713
1404	713
1404	715
1405	715
1405	716
1407	716
1407	717
1408	717
1408	722
1409	722
1409	723
1416	723
1416	722
1418	722
1418	721
1419	721
1419	722
1420	722
1420	721
1422	721
1422	720
1423	720
1423	719
1425	719
1425	718
1426	718
1426	717
1428	717
1428	716
1430	716
1430	715
1433	715
1433	714
1438	714
1438	715
1439	715
1439	716
1441	716
1441	717
1442	717
1442	716
1443	716
1443	715
1444	715
1444	714
1446	714
1446	713
1447	713
1447	712
1448	712
1448	711
1450	711
1450	710
1453	710
1453	709
1456	709
1456	706
1464	706
1464	707
1469	707
1469	708
1470	708
1470	709
1471	709
1471	710
1472	710
1472	711
1473	711
1473	712
1474	712
1474	714
1475	714
1475	716
1476	716
1476	719
1477	719
1477	724
1478	724
1478	725
1477	725
1477	727
1478	727
1478	728
1479	728
1479	729
1480	729
1480	732
1482	732
1482	733
1486	733
1486	722
1487	722
1487	717
1488	717
1488	714
1489	714
1489	713
1491	713
1491	712
1493	712
1493	710
1494	710
1494	707
1496	707
1496	706
1497	706
1497	705
1498	705
1498	702
1499	702
1499	699
1500	699
1500	698
1501	698
1501	695
1503	695
1503	692
1504	692
1504	689
1506	689
1506	688
1507	688
1507	687
1509	687
1509	686
1512	686
1512	685
1514	685
1514	684
1516	684
1516	683
1517	683
1517	682
1518	682
1518	681
1520	681
1520	680
1522	680
1522	679
1523	679
1523	678
1526	678
1526	677
1527	677
1527	676
1530	676
1530	675
1533	675
1533	674
1534	674
1534	675
1536	675
1536	674
1541	674
1541	675
1544	675
1544	676
1545	676
1545	677
1547	677
1547	678
1548	678
1548	679
1550	679
1550	680
1551	680
1551	681
1552	681
1552	686
1553	686
1553	689
1554	689
1554	690
1553	690
1553	691
1554	691
1554	694
1555	694
1555	695
1556	695
1556	696
1557	696
1557	697
1556	697
1556	698
1557	698
1557	700
1556	700
1556	704
1557	704
1557	705
1556	705
1556	706
1555	706
1555	710
1554	710
1554	734
1555	734
1555	737
1556	737
1556	738
1557	738
1557	739
1559	739
1559	740
1560	740
1560	738
1561	738
1561	732
1562	732
1562	728
1563	728
1563	718
1562	718
1562	715
1563	715
1563	714
1562	714
1562	712
1561	712
1561	711
1560	711
1560	710
1561	710
1561	707
1560	707
1560	699
1559	699
1559	684
1560	684
1560	682
1561	682
1561	672
1562	672
1562	670
1563	670
1563	669
1564	669
1564	668
1565	668
1565	667
1564	667
1564	665
1567	665
1567	664
1568	664
1568	663
1569	663
1569	664
1570	664
1570	663
1572	663
1572	661
1573	661
1573	662
1574	662
1574	661
1576	661
1576	662
1579	662
1579	663
1583	663
1583	664
1586	664
1586	666
1585	666
1585	670
1584	670
1584	672
1583	672
1583	675
1582	675
1582	676
1581	676
1581	688
1582	688
1582	691
1584	691
1584	696
1583	696
1583	705
1584	705
1584	709
1585	709
1585	710
1584	710
1584	717
1585	717
1585	722
1586	722
1586	724
1587	724
1587	727
1594	727
1594	726
1597	726
1597	725
1599	725
1599	726
1600	726
1600	725
1602	725
1602	724
1616	724
1616	723
1617	723
1617	722
1621	722
1621	720
1622	720
1622	719
1623	719
1623	717
1624	717
1624	716
1625	716
1625	714
1626	714
1626	713
1628	713
1628	711
1629	711
1629	709
1630	709
1630	708
1631	708
1631	706
1632	706
1632	704
1631	704
1631	703
1630	703
1630	695
1629	695
1629	694
1630	694
1630	685
1631	685
1631	684
1630	684
1630	683
1631	683
1631	682
1632	682
1632	680
1631	680
1631	679
1632	679
1632	678
1633	678
1633	675
1634	675
1634	674
1635	674
1635	673
1636	673
1636	671
1637	671
1637	670
1638	670
1638	669
1639	669
1639	667
1640	667
1640	665
1641	665
1641	664
1642	664
1642	661
1643	661
1643	660
1644	660
1644	656
1645	656
1645	655
1648	655
1648	654
1650	654
1650	652
1652	652
1652	651
1653	651
1653	650
1655	650
1655	649
1657	649
1657	648
1659	648
1659	649
1660	649
1660	648
1661	648
1661	647
1663	647
1663	646
1665	646
1665	645
1668	645
1668	643
1669	643
1669	642
1670	642
1670	641
1671	641
1671	640
1672	640
1672	638
1674	638
1674	635
1675	635
1675	634
1677	634
1677	630
1678	630
1678	629
1677	629
1677	628
1678	628
1678	624
1677	624
1677	622
1676	622
1676	620
1675	620
1675	616
1674	616
1674	615
1675	615
1675	613
1676	613
1676	612
1677	612
1677	611
1674	611
1674	610
1672	610
1672	608
1671	608
1671	604
1672	604
1672	600
1671	600
1671	596
1672	596
1672	594
1674	594
1674	593
1678	593
1678	594
1679	594
1679	593
1680	593
1680	592
1681	592
1681	593
1683	593
1683	591
1685	591
1685	590
1686	590
1686	589
1689	589
1689	588
1692	588
1692	587
1694	587
1694	588
1696	588
1696	589
1697	589
1697	590
1698	590
1698	591
1699	591
1699	593
1700	593
1700	595
1701	595
1701	596
1702	596
1702	597
1703	597
1703	599
1704	599
1704	600
1705	600
1705	601
1706	601
1706	603
1707	603
1707	606
1708	606
1708	607
1709	607
1709	608
1710	608
1710	609
1709	609
1709	614
1710	614
1710	616
1709	616
1709	618
1710	618
1710	619
1709	619
1709	621
1710	621
1710	622
1714	622
1714	623
1719	623
1719	624
1721	624
1721	625
1724	625
1724	626
1725	626
1725	625
1726	625
1726	626
1729	626
1729	625
1730	625
1730	626
1732	626
1732	627
1740	627
1740	628
1742	628
1742	629
1743	629
1743	630
1745	630
1745	631
1746	631
1746	632
1747	632
1747	633
1748	633
1748	634
1749	634
1749	635
1750	635
1750	636
1752	636
1752	638
1753	638
1753	641
1754	641
1754	642
1755	642
1755	643
1756	643
1756	645
1757	645
1757	646
1758	646
1758	648
1759	648
1759	649
1760	649
1760	650
1761	650
1761	651
1762	651
1762	653
1763	653
1763	655
1764	655
1764	656
1765	656
1765	657
1766	657
1766	658
1769	658
1769	657
1770	657
1770	656
1771	656
1771	654
1772	654
1772	653
1773	653
1773	652
1774	652
1774	649
1775	649
1775	648
1776	648
1776	646
1777	646
1777	645
1778	645
1778	644
1779	644
1779	643
1780	643
1780	641
1782	641
1782	639
1783	639
1783	638
1785	638
1785	637
1786	637
1786	636
1787	636
1787	635
1788	635
1788	634
1789	634
1789	633
1790	633
1790	632
1791	632
1791	631
1792	631
1792	630
1796	630
1796	629
1798	629
1798	630
1799	630
1799	629
1800	629
1800	630
1803	630
1803	631
1805	631
1805	632
1807	632
1807	633
1808	633
1808	634
1810	634
1810	635
1814	635
1814	636
1822	636
1822	638
1825	638
1825	637
1828	637
1828	638
1831	638
1831	639
1838	639
1838	640
1840	640
1840	641
1842	641
1842	640
1843	640
1843	641
1844	641
1844	640
1845	640
1845	639
1846	639
1846	638
1853	638
1853	637
1854	637
1854	630
1855	630
1855	628
1856	628
1856	625
1857	625
1857	623
1858	623
1858	622
1859	622
1859	621
1860	621
1860	620
1861	620
1861	619
1862	619
1862	617
1864	617
1864	616
1866	616
1866	610
1867	610
1867	609
1866	609
1866	608
1868	608
1868	607
1869	607
1869	604
1870	604
1870	602
1872	602
1872	599
1873	599
1873	593
1874	593
1874	591
1875	591
1875	588
1874	588
1874	586
1873	586
1873	585
1872	585
1872	584
1871	584
1871	583
1870	583
1870	578
1869	578
1869	577
1870	577
1870	574
1871	574
1871	572
1873	572
1873	571
1875	571
1875	570
1876	570
1876	569
1878	569
1878	568
1884	568
1884	569
1885	569
1885	570
1886	570
1886	571
1887	571
1887	574
1888	574
1888	577
1889	577
1889	581
1890	581
1890	586
1891	586
1891	588
1892	588
1892	592
1893	592
1893	593
1896	593
1896	594
1902	594
1902	593
1906	593
1906	592
1908	592
1908	593
1909	593
1909	592
1915	592
1915	591
1917	591
1917	590
1918	590
1918	589
1919	589
1919	588
1920	588
1920	586
1921	586
1921	585
1922	585
1922	583
1925	583
1925	582
1926	582
1926	581
1927	581
1927	579
1928	579
1928	578
1929	578
1929	577
1930	577
1930	576
1933	576
1933	575
1934	575
1934	574
1936	574
1936	573
1937	573
1937	572
1938	572
1938	571
1940	571
1940	570
1939	570
1939	569
1940	569
1940	568
1941	568
1941	567
1942	567
1942	566
1943	566
1943	563
1944	563
1944	557
1945	557
1945	556
1944	556
1944	554
1945	554
1945	552
1946	552
1946	551
1945	551
1945	550
1946	550
1946	545
1945	545
1945	544
1946	544
1946	542
1948	542
1948	540
1947	540
1947	534
1948	534
1948	533
1947	533
1947	529
1948	529
1948	528
1947	528
1947	526
1946	526
1946	521
1945	521
1945	515
1944	515
1944	512
1943	512
1943	510
1942	510
1942	508
1940	508
1940	505
1938	505
1938	504
1939	504
1939	503
1938	503
1938	495
1939	495
1939	494
1940	494
1940	493
1941	493
1941	491
1942	491
1942	489
1943	489
1943	488
1944	488
1944	486
1945	486
1945	484
1947	484
1947	483
1948	483
1948	482
1949	482
1949	483
1950	483
1950	482
1952	482
1952	483
1953	483
1953	482
1964	482
1964	481
1966	481
1966	482
1975	482
1975	483
1979	483
1979	484
1981	484
1981	485
1982	485
1982	486
1984	486
1984	487
1986	487
1986	488
1987	488
1987	489
1988	489
1988	490
1990	490
1990	491
1991	491
1991	492
1996	492
1996	491
2002	491
2002	492
2006	492
2006	493
2008	493
2008	494
2010	494
2010	495
2016	495
2016	496
2018	496
2018	497
2020	497
2020	498
2025	498
2025	500
2028	500
2028	503
2029	503
2029	504
2030	504
2030	507
2031	507
2031	510
2032	510
2032	513
2033	513
2033	515
2034	515
2034	517
2035	517
2035	519
2036	519
2036	520
2037	520
2037	521
2038	521
2038	520
2041	520
2041	519
2043	519
2043	520
2046	520
2046	521
2049	521
2049	522
2051	522
2051	521
2052	521
2052	523
2053	523
2053	524
2055	524
2055	525
2057	525
2057	526
2059	526
2059	527
2060	527
2060	525
2061	525
2061	526
2062	526
2062	525
2063	525
2063	524
2065	524
2065	522
2066	522
2066	521
2067	521
2067	520
2069	520
2069	519
2070	519
2070	518
2071	518
2071	517
2072	517
2072	515
2073	515
2073	512
2074	512
2074	506
2075	506
2075	504
2076	504
2076	503
2077	503
2077	501
2078	501
2078	500
2079	500
2079	499
2080	499
2080	497
2082	497
2082	496
2084	496
2084	495
2085	495
2085	494
2086	494
2086	493
2087	493
2087	492
2088	492
2088	490
2089	490
2089	488
2091	488
2091	487
2092	487
2092	486
2095	486
2095	485
2096	485
2096	484
2098	484
2098	483
2101	483
2101	482
2102	482
2102	481
2105	481
2105	480
2106	480
2106	478
2107	478
2107	477
2109	477
2109	474
2112	474
2112	473
2116	473
2116	472
2119	472
2119	471
2122	471
2122	470
2123	470
2123	469
2124	469
2124	468
2126	468
2126	467
2128	467
2128	466
2130	466
2130	467
2131	467
2131	466
2135	466
2135	465
2137	465
2137	464
2139	464
2139	461
2140	461
2140	459
2141	459
2141	453
2142	453
2142	451
2143	451
2143	445
2144	445
2144	442
2143	442
2143	441
2144	441
2144	432
2145	432
2145	426
2144	426
2144	423
2145	423
2145	420
2144	420
2144	419
2143	419
2143	418
2142	418
2142	417
2143	417
2143	416
2142	416
2142	411
2143	411
2143	410
2142	410
2142	408
2143	408
2143	400
2144	400
2144	398
2145	398
2145	397
2146	397
2146	396
2147	396
2147	394
2148	394
2148	393
2149	393
2149	392
2150	392
2150	391
2151	391
2151	390
2152	390
2152	389
2154	389
2154	388
2156	388
2156	387
2158	387
2158	385
2159	385
2159	384
2160	384
2160	383
2161	383
2161	382
2162	382
2162	381
2165	381
2165	380
2170	380
2170	378
2173	378
2173	377
2180	377
2180	376
2181	376
2181	377
2182	377
2182	376
2184	376
2184	377
2192	377
2192	376
2193	376
2193	374
2194	374
2194	363
2195	363
2195	359
2196	359
2196	356
2197	356
2197	355
2198	355
2198	353
2199	353
2199	350
2200	350
2200	347
2201	347
2201	346
2202	346
2202	345
2203	345
2203	344
2205	344
2205	343
2207	343
2207	344
2208	344
2208	343
2209	343
2209	344
2211	344
2211	345
2215	345
2215	346
2218	346
2218	347
2219	347
2219	346
2224	346
2224	347
2226	347
2226	346
2227	346
2227	347
2229	347
2229	346
2230	346
2230	345
2232	345
2232	344
2233	344
2233	343
2234	343
2234	340
2237	340
2237	339
2239	339
2239	337
2240	337
2240	336
2241	336
2241	335
2243	335
2243	334
2248	334
2248	333
2249	333
2249	332
2252	332
2252	331
2253	331
2253	330
2256	330
2256	329
2263	329
2263	330
2264	330
2264	332
2265	332
2265	334
2266	334
2266	335
2267	335
2267	338
2268	338
2268	340
2269	340
2269	343
2270	343
2270	346
2271	346
2271	348
2272	348
2272	350
2273	350
2273	352
2274	352
2274	354
2275	354
2275	355
2276	355
2276	356
2277	356
2277	357
2282	357
2282	355
2283	355
2283	353
2288	353
2288	352
2289	352
2289	351
2291	351
2291	350
2293	350
2293	348
2294	348
2294	344
2295	344
2295	340
2296	340
2296	338
2297	338
2297	335
2298	335
2298	334
2299	334
2299	333
2300	333
2300	331
2299	331
2299	328
2300	328
2300	322
2301	322
2301	315
2302	315
2302	313
2303	313
2303	311
2304	311
2304	309
2306	309
2306	308
2307	308
2307	306
2308	306
2308	305
2310	305
2310	304
2311	304
2311	303
2312	303
2312	299
2313	299
2313	296
2314	296
2314	295
2315	295
2315	293
2316	293
2316	291
2317	291
2317	290
2318	290
2318	287
2319	287
2319	286
2320	286
2320	285
2321	285
2321	284
2322	284
2322	283
2323	283
2323	282
2325	282
2325	281
2326	281
2326	280
2327	280
2327	279
2329	279
2329	278
2331	278
2331	277
2332	277
2332	276
2333	276
2333	275
2336	275
2336	274
2337	274
2337	273
2338	273
2338	272
2342	272
2342	271
2343	271
2343	269
2345	269
2345	268
2346	268
2346	266
2347	266
2347	264
2346	264
2346	260
2347	260
2347	259
2346	259
2346	258
2347	258
2347	251
2348	251
2348	250
2347	250
2347	247
2348	247
2348	245
2349	245
2349	243
2348	243
2348	242
2349	242
2349	240
2350	240
2350	239
2349	239
2349	236
2350	236
2350	230
2351	230
2351	228
2352	228
2352	225
2353	225
2353	224
2354	224
2354	221
2355	221
2355	219
2356	219
2356	218
2357	218
2357	217
2358	217
2358	216
2359	216
2359	214
2360	214
2360	212
2361	212
2361	211
2362	211
2362	205
2363	205
2363	203
2362	203
2362	201
2363	201
2363	198
2364	198
2364	196
2365	196
2365	192
2364	192
2364	190
2365	190
2365	186
2366	186
2366	181
2367	181
2367	177
2369	177
2369	176
2370	176
2370	175
2373	175
2373	174
2374	174
2374	175
2376	175
2376	174
2377	174
2377	173
2379	173
2379	172
2380	172
2380	171
2381	171
2381	170
2384	170
2384	169
2385	169
2385	168
2387	168
2387	167
2388	167
2388	166
2389	166
2389	165
2398	165
2398	166
2400	166
2400	168
2401	168
2401	169
2405	169
2405	167
2406	167
2406	164
2407	164
2407	163
2406	163
2406	158
2407	158
2407	150
2406	150
2406	146
2407	146
2407	141
2408	141
2408	136
2407	136
2407	135
2408	135
2408	134
2407	134
2407	132
2408	132
2408	124
2409	124
2409	123
2408	123
2408	115
2409	115
2409	114
2408	114
2408	90
2409	90
2409	77
2408	77
2408	76
2409	76
2409	74
2410	74
2410	71
2411	71
2411	69
2412	69
2412	67
2413	67
2413	65
2414	65
2414	64
2415	64
2415	63
2417	63
2417	62
2418	62
2418	61
2419	61
2419	60
2422	60
2422	59
2427	59
2427	60
2428	60
2428	61
2430	61
2430	60
2431	60
2431	61
2436	61
2436	62
2437	62
2437	61
2438	61
2438	60
2440	60
2440	61
2442	61
2442	60
2444	60
2444	61
2445	61
2445	60
2447	60
2447	59
2448	59
2448	58
2449	58
2449	57
2450	57
2450	56
2454	56
2454	55
2456	55
2456	54
2458	54
2458	53
2460	53
2460	52
2462	52
2462	50
2463	50
2463	49
2458	49
2458	50
2457	50
2457	49
2456	49
2456	48
2459	48
2459	47
2463	47
2463	46
2465	46
2465	45
2468	45
2468	44
2475	44
2475	45
2478	45
2478	44
2480	44
2480	43
2482	43
2482	42
2483	42
2483	43
2484	43
2484	42
2486	42
2486	41
2492	41
2492	39
2494	39
2494	38
2495	38
2495	37
2496	37
2496	36
2498	36
2498	35
2500	35
2500	33
2504	33
2504	34
2505	34
2505	35
2504	35
2504	37
2505	37
2505	38
2504	38
2504	42
2503	42
2503	44
2502	44
2502	43
2500	43
2500	40
2499	40
2499	42
2497	42
2497	43
2496	43
2496	44
2495	44
2495	45
2493	45
2493	46
2490	46
2490	47
2486	47
2486	48
2485	48
2485	47
2484	47
2484	48
2482	48
2482	49
2479	49
2479	52
2478	52
2478	51
2477	51
2477	50
2472	50
2472	51
2471	51
2471	52
2469	52
2469	53
2468	53
2468	54
2469	54
2469	56
2470	56
2470	57
2467	57
2467	58
2466	58
2466	59
2464	59
2464	60
2457	60
2457	61
2455	61
2455	62
2453	62
2453	63
2451	63
2451	64
2450	64
2450	65
2448	65
2448	66
2445	66
2445	67
2444	67
2444	66
2443	66
2443	67
2440	67
2440	68
2439	68
2439	67
2437	67
2437	68
2432	68
2432	67
2429	67
2429	68
2427	68
2427	67
2426	67
2426	68
2424	68
2424	67
2422	67
2422	68
2421	68
2421	67
2420	67
2420	69
2419	69
2419	71
2418	71
2418	72
2417	72
2417	78
2416	78
2416	79
2417	79
2417	80
2416	80
2416	86
2417	86
2417	87
2416	87
2416	96
2415	96
2415	115
2414	115
2414	116
2415	116
2415	117
2414	117
2414	120
2413	120
2413	121
2414	121
2414	130
2415	130
2415	131
2414	131
2414	132
2415	132
2415	133
2414	133
2414	156
2413	156
2413	158
2414	158
2414	159
2413	159
2413	169
2412	169
2412	174
2410	174
2410	176
2409	176
2409	177
2402	177
2402	176
2400	176
2400	177
2396	177
2396	176
2395	176
2395	175
2393	175
2393	174
2392	174
2392	173
2391	173
2391	174
2390	174
2390	175
2387	175
2387	176
2385	176
2385	177
2383	177
2383	178
2381	178
2381	180
2380	180
2380	181
2378	181
2378	182
2377	182
2377	183
2376	183
2376	182
2373	182
2373	183
2372	183
2372	185
2371	185
2371	190
2372	190
2372	195
2371	195
2371	198
2370	198
2370	206
2369	206
2369	209
2368	209
2368	210
2367	210
2367	211
2368	211
2368	212
2367	212
2367	215
2366	215
2366	216
2365	216
2365	217
2364	217
2364	219
2363	219
2363	220
2362	220
2362	222
2361	222
2361	225
2360	225
2360	226
2359	226
2359	227
2358	227
2358	230
2357	230
2357	236
2356	236
2356	243
2355	243
2355	247
2356	247
2356	248
2355	248
2355	252
2354	252
2354	258
2355	258
2355	259
2354	259
2354	264
2353	264
2353	265
2354	265
2354	269
2352	269
2352	271
2351	271
2351	274
2349	274
2349	275
2347	275
2347	276
2346	276
2346	277
2345	277
2345	278
2343	278
2343	279
2341	279
2341	280
2339	280
2339	281
2337	281
2337	283
2336	283
2336	282
2335	282
2335	283
2334	283
2334	284
2331	284
2331	286
2330	286
2330	287
2329	287
2329	288
2328	288
2328	290
2327	290
2327	291
2325	291
2325	292
2323	292
2323	294
2322	294
2322	297
2321	297
2321	298
2320	298
2320	301
2319	301
2319	303
2318	303
2318	304
2317	304
2317	307
2316	307
2316	308
2315	308
2315	309
2314	309
2314	310
2313	310
2313	311
2312	311
2312	312
2310	312
2310	314
2309	314
2309	317
2308	317
2308	321
2307	321
2307	327
2306	327
2306	328
2307	328
2307	331
2306	331
2306	333
2305	333
2305	335
2304	335
2304	338
2303	338
2303	342
2302	342
2302	346
2301	346
2301	348
2300	348
2300	352
2299	352
2299	355
2296	355
2296	356
2294	356
2294	357
2293	357
2293	358
2290	358
2290	359
2287	359
2287	360
2286	360
2286	361
2285	361
2285	363
2282	363
2282	364
2281	364
2281	365
2274	365
2274	364
2273	364
2273	362
2272	362
2272	360
2270	360
2270	358
2269	358
2269	357
2268	357
2268	356
2267	356
2267	354
2266	354
2266	352
2265	352
2265	350
2264	350
2264	347
2263	347
2263	344
2262	344
2262	343
2261	343
2261	339
2260	339
2260	338
2259	338
2259	337
2255	337
2255	338
2253	338
2253	339
2250	339
2250	340
2247	340
2247	341
2245	341
2245	342
2244	342
2244	343
2243	343
2243	344
2241	344
2241	345
2240	345
2240	346
2239	346
2239	347
2238	347
2238	349
2237	349
2237	350
2236	350
2236	351
2235	351
2235	352
2233	352
2233	353
2232	353
2232	354
2230	354
2230	355
2228	355
2228	354
2227	354
2227	355
2226	355
2226	354
2221	354
2221	353
2211	353
2211	352
2207	352
2207	354
2205	354
2205	357
2203	357
2203	359
2202	359
2202	360
2203	360
2203	361
2202	361
2202	362
2201	362
2201	364
2202	364
2202	365
2201	365
2201	367
2202	367
2202	368
2201	368
2201	373
2200	373
2200	379
2199	379
2199	380
2198	380
2198	382
2196	382
2196	383
2195	383
2195	384
2192	384
2192	385
2183	385
2183	384
2179	384
2179	385
2173	385
2173	386
2171	386
2171	387
2169	387
2169	388
2165	388
2165	389
2164	389
2164	390
2162	390
2162	391
2161	391
2161	392
2160	392
2160	393
2159	393
2159	394
2157	394
2157	395
2155	395
2155	398
2154	398
2154	399
2153	399
2153	400
2152	400
2152	402
2151	402
2151	403
2150	403
2150	408
2149	408
2149	414
2150	414
2150	415
2151	415
2151	416
2152	416
2152	420
2153	420
2153	421
2152	421
2152	423
2153	423
2153	426
2152	426
2152	431
2153	431
2153	432
2152	432
2152	434
2153	434
2153	435
2152	435
2152	437
2151	437
2151	439
2150	439
2150	449
2149	449
2149	451
2148	451
2148	455
2147	455
2147	459
2146	459
2146	463
2145	463
2145	467
2144	467
2144	468
2143	468
2143	469
2142	469
2142	471
2140	471
2140	472
2135	472
2135	473
2132	473
2132	474
2128	474
2128	475
2126	475
2126	476
2125	476
2125	477
2123	477
2123	478
2118	478
2118	479
2116	479
2116	480
2115	480
2115	481
2113	481
2113	482
2112	482
2112	483
2111	483
2111	484
2112	484
2112	485
2109	485
2109	486
2107	486
2107	487
2105	487
2105	489
2103	489
2103	490
2101	490
2101	491
2099	491
2099	492
2097	492
2097	493
2096	493
2096	494
2094	494
2094	495
2092	495
2092	496
2093	496
2093	497
2091	497
2091	500
2090	500
2090	501
2088	501
2088	502
2087	502
2087	503
2085	503
2085	504
2084	504
2084	506
2083	506
2083	507
2082	507
2082	509
2081	509
2081	511
2080	511
2080	513
2079	513
2079	517
2078	517
2078	518
2077	518
2077	521
2076	521
2076	522
2075	522
2075	523
2074	523
2074	524
2073	524
2073	526
2071	526
2071	528
2070	528
2070	529
2068	529
2068	532
2066	532
2066	533
2059	533
2059	532
2057	532
2057	531
2054	531
2054	530
2052	530
2052	529
2049	529
2049	530
2048	530
2048	528
2046	528
2046	529
2041	529
2041	530
2040	530
2040	529
2035	529
2035	528
2033	528
2033	526
2032	526
2032	524
2030	524
2030	523
2029	523
2029	520
2028	520
2028	517
2027	517
2027	516
2026	516
2026	513
2025	513
2025	512
2024	512
2024	509
2023	509
2023	508
2024	508
2024	506
2023	506
2023	505
2019	505
2019	504
2017	504
2017	503
2011	503
2011	502
2009	502
2009	501
2008	501
2008	500
2007	500
2007	501
2006	501
2006	500
2004	500
2004	499
1998	499
1998	500
1988	500
1988	499
1987	499
1987	498
1986	498
1986	497
1985	497
1985	495
1984	495
1984	494
1982	494
1982	493
1979	493
1979	492
1978	492
1978	491
1974	491
1974	490
1969	490
1969	489
1968	489
1968	490
1961	490
1961	489
1959	489
1959	490
1955	490
1955	491
1954	491
1954	490
1952	490
1952	491
1949	491
1949	493
1948	493
1948	496
1946	496
1946	497
1945	497
1945	501
1946	501
1946	503
1947	503
1947	504
1948	504
1948	506
1949	506
1949	507
1950	507
1950	511
1952	511
1952	515
1951	515
1951	516
1952	516
1952	521
1953	521
1953	523
1954	523
1954	524
1955	524
1955	525
1954	525
1954	534
1953	534
1953	537
1954	537
1954	538
1953	538
1953	539
1954	539
1954	540
1953	540
1953	541
1954	541
1954	543
1953	543
1953	553
1952	553
1952	556
1951	556
1951	563
1950	563
1950	565
1951	565
1951	567
1950	567
1950	568
1949	568
1949	570
1948	570
1948	572
1947	572
1947	575
1946	575
1946	576
1945	576
1945	577
1943	577
1943	578
1942	578
1942	579
1941	579
1941	580
1937	580
1937	581
1936	581
1936	582
1934	582
1934	585
1933	585
1933	586
1932	586
1932	587
1930	587
1930	588
1929	588
1929	589
1927	589
1927	590
1926	590
1926	591
1925	591
1925	593
1924	593
1924	594
1923	594
1923	596
1922	596
1922	597
1920	597
1920	598
1915	598
1915	599
1908	599
1908	600
1907	600
1907	601
1905	601
1905	602
1898	602
1898	601
1897	601
1897	602
1896	602
1896	601
1892	601
1892	600
1891	600
1891	601
1890	601
1890	600
1888	600
1888	599
1887	599
1887	596
1886	596
1886	591
1885	591
1885	586
1884	586
1884	581
1883	581
1883	579
1882	579
1882	577
1881	577
1881	576
1879	576
1879	577
1878	577
1878	578
1877	578
1877	579
1878	579
1878	580
1879	580
1879	583
1881	583
1881	584
1882	584
1882	597
1881	597
1881	599
1880	599
1880	600
1879	600
1879	602
1878	602
1878	604
1877	604
1877	605
1876	605
1876	607
1875	607
1875	608
1874	608
1874	612
1873	612
1873	616
1872	616
1872	617
1871	617
1871	619
1870	619
1870	620
1869	620
1869	621
1866	621
1866	624
1864	624
1864	625
1863	625
1863	626
1862	626
1862	627
1863	627
1863	629
1862	629
1862	633
1861	633
1861	638
1860	638
1860	640
1859	640
1859	642
1857	642
1857	643
1855	643
1855	644
1852	644
1852	645
1851	645
1851	646
1850	646
1850	647
1849	647
1849	648
1845	648
1845	647
1843	647
1843	646
1841	646
1841	647
1840	647
1840	646
1838	646
1838	645
1836	645
1836	644
1835	644
1835	645
1829	645
1829	646
1825	646
1825	645
1823	645
1823	644
1822	644
1822	645
1818	645
1818	644
1816	644
1816	643
1813	643
1813	642
1811	642
1811	641
1807	641
1807	640
1805	640
1805	639
1803	639
1803	638
1801	638
1801	637
1796	637
1796	638
1794	638
1794	639
1793	639
1793	640
1792	640
1792	641
1791	641
1791	642
1789	642
1789	643
1788	643
1788	644
1787	644
1787	646
1786	646
1786	647
1785	647
1785	648
1784	648
1784	649
1783	649
1783	651
1781	651
1781	653
1780	653
1780	654
1779	654
1779	655
1778	655
1778	659
1777	659
1777	660
1776	660
1776	661
1775	661
1775	662
1774	662
1774	663
1773	663
1773	664
1772	664
1772	665
1771	665
1771	666
1770	666
1770	667
1764	667
1764	666
1763	666
1763	664
1762	664
1762	663
1761	663
1761	662
1760	662
1760	660
1759	660
1759	659
1758	659
1758	656
1756	656
1756	655
1755	655
1755	653
1754	653
1754	652
1753	652
1753	650
1752	650
1752	648
1750	648
1750	647
1749	647
1749	645
1748	645
1748	643
1747	643
1747	642
1746	642
1746	641
1745	641
1745	640
1744	640
1744	638
1743	638
1743	637
1742	637
1742	636
1740	636
1740	635
1739	635
1739	634
1730	634
1730	633
1726	633
1726	632
1720	632
1720	630
1716	630
1716	629
1711	629
1711	630
1707	630
1707	629
1705	629
1705	627
1704	627
1704	620
1703	620
1703	619
1704	619
1704	618
1703	618
1703	617
1704	617
1704	614
1703	614
1703	611
1702	611
1702	606
1700	606
1700	605
1699	605
1699	603
1698	603
1698	602
1697	602
1697	601
1696	601
1696	600
1695	600
1695	599
1694	599
1694	597
1693	597
1693	595
1688	595
1688	596
1687	596
1687	597
1685	597
1685	598
1684	598
1684	599
1682	599
1682	604
1681	604
1681	607
1682	607
1682	609
1683	609
1683	610
1682	610
1682	613
1683	613
1683	614
1685	614
1685	616
1684	616
1684	617
1683	617
1683	619
1684	619
1684	628
1685	628
1685	629
1684	629
1684	635
1683	635
1683	638
1682	638
1682	639
1680	639
1680	640
1679	640
1679	641
1678	641
1678	643
1677	643
1677	645
1676	645
1676	647
1675	647
1675	648
1674	648
1674	649
1672	649
1672	650
1671	650
1671	651
1670	651
1670	652
1667	652
1667	653
1664	653
1664	654
1661	654
1661	655
1658	655
1658	656
1657	656
1657	657
1656	657
1656	658
1655	658
1655	659
1654	659
1654	661
1653	661
1653	662
1650	662
1650	663
1649	663
1649	664
1648	664
1648	666
1647	666
1647	667
1646	667
1646	669
1645	669
1645	671
1644	671
1644	673
1643	673
1643	674
1642	674
1642	675
1641	675
1641	676
1640	676
1640	678
1638	678
1638	680
1637	680
1637	683
1636	683
1636	687
1635	687
1635	690
1636	690
1636	696
1637	696
1637	697
1640	697
1640	700
1641	700
1641	705
1640	705
1640	707
1638	707
1638	710
1637	710
1637	711
1636	711
1636	713
1635	713
1635	715
1634	715
1634	717
1633	717
1633	718
1632	718
1632	719
1630	719
1630	721
1629	721
1629	722
1628	722
1628	723
1627	723
1627	732
1626	732
1626	733
1625	733
1625	734
1623	734
1623	735
1621	735
1621	734
1620	734
1620	735
1617	735
1617	734
1615	734
1615	733
1612	733
1612	732
1611	732
1611	731
1609	731
1609	730
1607	730
1607	731
1603	731
1603	732
1602	732
1602	733
1597	733
1597	734
1588	734
1588	735
1587	735
1587	734
1580	734
1580	733
1579	733
1579	731
1580	731
1580	728
1578	728
1578	727
1580	727
1580	726
1581	726
1581	725
1580	725
1580	724
1581	724
1581	720
1580	720
1580	712
1579	712
1579	710
1576	710
1576	709
1574	709
1574	707
1573	707
1573	706
1574	706
1574	705
1573	705
1573	702
1572	702
1572	701
1573	701
1573	700
1574	700
1574	690
1575	690
1575	688
1574	688
1574	684
1575	684
1575	682
1574	682
1574	677
1575	677
1575	675
1576	675
1576	673
1577	673
1577	672
1576	672
1576	671
1573	671
1573	670
1571	670
1571	671
1570	671
1570	673
1569	673
1569	677
1568	677
1568	679
1569	679
1569	680
1568	680
1568	684
1567	684
1567	688
1566	688
1566	690
1567	690
1567	700
1568	700
1568	702
1569	702
1569	703
1568	703
1568	709
1569	709
1569	714
1570	714
1570	718
1569	718
1569	722
1570	722
1570	724
1569	724
1569	733
1568	733
1568	735
1567	735
1567	736
1568	736
1568	737
1567	737
1567	740
1569	740
1569	745
1568	745
1568	746
1566	746
1566	747
1564	747
1564	748
1557	748
1557	747
1555	747
1555	746
1554	746
1554	745
1551	745
1551	743
1550	743
1550	742
1548	742
1548	739
1547	739
1547	735
1546	735
1546	733
1545	733
1545	732
1546	732
1546	726
1545	726
1545	720
1546	720
1546	719
1545	719
1545	717
1546	717
1546	708
1547	708
1547	707
1548	707
1548	701
1547	701
1547	700
1549	700
1549	697
1548	697
1548	696
1549	696
1549	694
1548	694
1548	690
1547	690
1547	689
1546	689
1546	686
1545	686
1545	685
1544	685
1544	684
1543	684
1543	683
1542	683
1542	682
1540	682
1540	681
1531	681
1531	682
1530	682
1530	683
1529	683
1529	684
1527	684
1527	685
1526	685
1526	687
1524	687
1524	688
1523	688
1523	689
1520	689
1520	691
1519	691
1519	690
1518	690
1518	691
1517	691
1517	692
1514	692
1514	693
1510	693
1510	694
1509	694
1509	697
1508	697
1508	699
1507	699
1507	701
1506	701
1506	702
1505	702
1505	706
1504	706
1504	710
1503	710
1503	711
1502	711
1502	712
1501	712
1501	713
1500	713
1500	714
1499	714
1499	715
1498	715
1498	718
1495	718
1495	719
1494	719
1494	721
1493	721
1493	724
1494	724
1494	727
1493	727
1493	737
1492	737
1492	739
1491	739
1491	740
1490	740
1490	741
1489	741
1489	742
1487	742
1487	741
1486	741
1486	742
1485	742
1485	741
1478	741
1478	739
1477	739
1477	735
1476	735
1476	734
1475	734
1475	733
1474	733
1474	731
1473	731
1473	730
1472	730
1472	726
1473	726
1473	725
1472	725
1472	723
1471	723
1471	719
1470	719
1470	718
1469	718
1469	717
1468	717
1468	715
1467	715
1467	714
1464	714
1464	713
1462	713
1462	712
1460	712
1460	713
1459	713
1459	714
1457	714
1457	715
1454	715
1454	717
1453	717
1453	718
1451	718
1451	719
1449	719
1449	720
1447	720
1447	721
1446	721
1446	722
1445	722
1445	723
1443	723
1443	725
1442	725
1442	726
1441	726
1441	727
1440	727
1440	728
1439	728
1439	729
1438	729
1438	730
1437	730
1437	731
1436	731
1436	732
1435	732
1435	733
1433	733
1433	734
1430	734
1430	733
1429	733
1429	731
1427	731
1427	730
1428	730
1428	727
1430	727
1430	724
1428	724
1428	725
1426	725
1426	726
1425	726
1425	727
1423	727
1423	728
1422	728
1422	730
1421	730
1421	729
1419	729
1419	730
1413	730
1413	731
1411	731
1411	732
1405	732
1405	731
1404	731
1404	730
1403	730
1403	729
1402	729
1402	728
1401	728
1401	726
1400	726
1400	724
1399	724
1399	720
1400	720
1400	719
1399	719
1399	718
1398	718
1398	716
1397	716
1397	713
1396	713
1396	709
1395	709
1395	708
1394	708
1394	706
1393	706
1393	703
1392	703
1392	702
1391	702
1391	701
1387	701
1387	700
1385	700
1385	699
1384	699
1384	700
1383	700
1383	699
1381	699
1381	698
1380	698
1380	697
1378	697
1378	696
1373	696
1373	695
1371	695
1371	694
1369	694
1369	693
1368	693
1368	692
1366	692
1366	691
1364	691
1364	690
1361	690
1361	689
1360	689
1360	688
1359	688
1359	685
1360	685
1360	676
1359	676
1359	670
1358	670
1358	669
1359	669
1359	668
1358	668
1358	665
1356	665
1356	664
1355	664
1355	663
1354	663
1354	662
1353	662
1353	661
1351	661
1351	660
1349	660
1349	659
1347	659
1347	663
1346	663
1346	668
1345	668
1345	676
1346	676
1346	677
1345	677
1345	678
1344	678
1344	679
1343	679
1343	680
1344	680
1344	681
1342	681
1342	680
1339	680
1339	678
1338	678
1338	676
1337	676
1337	670
1338	670
1338	667
1339	667
1339	664
1336	664
1336	666
1335	666
1335	668
1331	668
1331	667
1330	667
1330	666
1329	666
1329	667
1328	667
1328	669
1326	669
1326	670
1323	670
1323	686
1322	686
1322	687
1321	687
1321	688
1320	688
1320	689
1319	689
1319	690
1318	690
1318	692
1317	692
1317	694
1316	694
1316	696
1314	696
1314	697
1311	697
1311	698
1309	698
1309	699
1308	699
1308	700
1307	700
1307	701
1300	701
1300	702
1298	702
1298	705
1296	705
1296	707
1295	707
1295	708
1294	708
1294	709
1293	709
1293	710
1292	710
1292	711
1291	711
1291	712
1288	712
1288	713
1287	713
1287	715
1284	715
1284	716
1283	716
1283	717
1281	717
1281	718
1278	718
1278	719
1277	719
1277	720
1274	720
1274	721
1273	721
1273	720
1272	720
1272	721
1270	721
1270	722
1262	722
1262	723
1261	723
1261	722
1260	722
1260	723
1258	723
1258	724
1257	724
1257	725
1256	725
1256	726
1255	726
1255	727
1254	727
1254	729
1253	729
1253	730
1252	730
1252	732
1251	732
1251	734
1249	734
1249	735
1248	735
1248	736
1247	736
1247	737
1245	737
1245	738
1243	738
1243	739
1244	739
1244	740
1243	740
1243	742
1242	742
1242	744
1241	744
1241	746
1240	746
1240	748
1239	748
1239	749
1238	749
1238	750
1236	750
1236	751
1235	751
1235	752
1234	752
1234	753
1232	753
1232	754
1231	754
1231	755
1230	755
1230	756
1226	756
1226	757
1222	757
1222	759
1220	759
1220	761
1219	761
1219	760
1218	760
1218	761
1217	761
1217	762
1216	762
1216	763
1215	763
1215	764
1213	764
1213	766
1211	766
1211	767
1209	767
1209	768
1207	768
1207	769
1206	769
1206	770
1202	770
1202	771
1201	771
1201	772
1199	772
1199	773
1197	773
1197	774
1194	774
1194	775
1192	775
1192	776
1187	776
1187	775
1186	775
1186	776
1185	776
1185	775
1179	775
1179	776
1176	776
1176	777
1175	777
1175	778
1172	778
1172	777
1171	777
1171	776
1170	776
1170	770
1169	770
1169	769
1170	769
1170	767
1169	767
1169	766
1168	766
1168	761
1167	761
1167	760
1166	760
1166	759
1165	759
1165	758
1164	758
1164	757
1163	757
1163	756
1158	756
1158	753
1152	753
1152	752
1147	752
1147	751
1146	751
1146	752
1141	752
1141	751
1140	751
1140	750
1138	750
1138	749
1131	749
1131	750
1129	750
1129	749
1128	749
1128	748
1127	748
1127	747
1126	747
1126	745
1124	745
1124	744
1122	744
1122	743
1121	743
1121	742
1120	742
1120	740
1119	740
1119	739
1118	739
1118	738
1117	738
1117	736
1116	736
1116	735
1113	735
1113	734
1112	734
1112	735
1111	735
1111	734
1108	734
1108	733
1106	733
1106	732
1105	732
1105	730
1094	730
1094	731
1093	731
1093	730
1092	730
1092	731
1090	731
1090	730
1089	730
1089	731
1088	731
1088	732
1087	732
1087	733
1086	733
1086	734
1084	734
1084	735
1082	735
1082	734
1080	734
1080	733
1079	733
1079	732
1078	732
1078	730
1079	730
1079	715
1080	715
1080	713
1077	713
1077	711
1076	711
1076	709
1075	709
1075	708
1076	708
1076	707
1077	707
1077	704
1076	704
1076	703
1077	703
1077	697
1078	697
1078	691
1077	691
1077	690
1078	690
1078	674
1079	674
1079	673
1078	673
1078	672
1079	672
1079	671
1078	671
1078	669
1077	669
1077	662
1076	662
1076	659
1075	659
1075	657
1074	657
1074	656
1073	656
1073	655
1069	655
1069	656
1068	656
1068	657
1065	657
1065	656
1063	656
1063	655
1062	655
1062	656
1061	656
1061	657
1060	657
1060	655
1055	655
1055	654
1054	654
1054	653
1053	653
1053	652
1051	652
1051	651
1048	651
1048	650
1041	650
1041	651
1036	651
1036	650
1035	650
1035	651
1031	651
1031	652
1030	652
1030	651
1028	651
1028	652
1026	652
1026	651
1025	651
1025	652
1024	652
1024	651
1023	651
1023	652
1021	652
1021	653
1019	653
1019	654
1018	654
1018	655
1013	655
1013	654
1007	654
1007	656
1003	656
1003	657
999	657
999	658
998	658
998	659
1000	659
1000	660
1001	660
1001	671
1002	671
1002	674
1003	674
1003	676
1004	676
1004	678
1005	678
1005	679
1006	679
1006	681
1005	681
1005	682
1006	682
1006	684
1004	684
1004	682
1003	682
1003	681
1002	681
1002	679
1001	679
1001	683
1000	683
1000	685
999	685
999	687
996	687
996	688
994	688
994	689
992	689
992	690
991	690
991	692
990	692
990	693
989	693
989	694
987	694
987	695
982	695
982	696
980	696
980	698
977	698
977	699
975	699
975	700
974	700
974	701
973	701
973	702
970	702
970	703
969	703
969	706
968	706
968	708
969	708
969	711
971	711
971	712
974	712
974	717
975	717
975	719
973	719
973	721
971	721
971	722
969	722
969	723
968	723
968	724
965	724
965	725
963	725
963	726
960	726
960	727
958	727
958	726
956	726
956	725
955	725
955	722
954	722
954	718
955	718
955	717
956	717
956	716
954	716
954	715
952	715
952	714
951	714
951	712
949	712
949	713
946	713
946	712
944	712
944	711
943	711
943	709
942	709
942	708
941	708
941	706
940	706
940	705
939	705
939	704
938	704
938	703
937	703
937	702
936	702
936	700
932	700
932	699
928	699
928	697
927	697
927	694
928	694
928	693
927	693
927	692
926	692
926	691
925	691
925	689
924	689
924	688
923	688
923	687
922	687
922	686
921	686
921	684
920	684
920	683
915	683
915	682
914	682
914	680
913	680
913	678
912	678
912	677
910	677
910	676
909	676
909	674
908	674
908	673
907	673
907	672
906	672
906	671
905	671
905	670
898	670
898	671
892	671
892	672
891	672
891	671
889	671
889	668
888	668
888	663
889	663
889	648
890	648
890	647
891	647
891	646
886	646
886	645
884	645
884	642
883	642
883	641
884	641
884	638
885	638
885	636
886	636
886	635
885	635
885	634
886	634
886	623
887	623
887	616
883	616
883	615
879	615
879	614
878	614
878	615
875	615
875	616
874	616
874	617
873	617
873	619
872	619
872	620
870	620
870	621
869	621
869	623
866	623
866	622
862	622
862	623
859	623
859	624
857	624
857	623
856	623
856	624
854	624
854	623
853	623
853	624
850	624
850	625
849	625
849	627
848	627
848	628
847	628
847	629
846	629
846	630
847	630
847	637
846	637
846	640
845	640
845	641
844	641
844	642
843	642
843	643
840	643
840	642
839	642
839	644
838	644
838	645
837	645
837	650
836	650
836	656
835	656
835	658
834	658
834	659
833	659
833	660
832	660
832	661
833	661
833	669
832	669
832	674
833	674
833	676
832	676
832	678
831	678
831	679
830	679
830	680
829	680
829	681
820	681
820	680
816	680
816	679
814	679
814	677
813	677
813	675
814	675
814	674
815	674
815	671
813	671
813	669
811	669
811	667
810	667
810	664
809	664
809	663
808	663
808	662
797	662
797	661
796	661
796	660
793	660
793	661
791	661
791	662
789	662
789	663
788	663
788	664
786	664
786	665
785	665
785	667
784	667
784	668
783	668
783	669
779	669
779	670
778	670
778	671
777	671
777	672
776	672
776	675
774	675
774	676
775	676
775	678
774	678
774	680
773	680
773	681
772	681
772	682
771	682
771	683
768	683
768	684
767	684
767	685
766	685
766	684
765	684
765	685
760	685
760	684
759	684
759	685
758	685
758	683
757	683
757	678
756	678
756	679
752	679
752	678
750	678
750	676
749	676
749	672
750	672
750	671
748	671
748	670
746	670
746	668
745	668
745	664
744	664
744	663
741	663
741	664
739	664
739	663
737	663
737	661
736	661
736	659
735	659
735	658
732	658
732	657
723	657
723	656
722	656
722	654
713	654
713	655
709	655
709	654
708	654
708	653
706	653
706	654
704	654
704	653
701	653
701	652
700	652
700	651
699	651
699	649
698	649
698	647
696	647
696	646
694	646
694	645
689	645
689	646
688	646
688	645
687	645
687	646
684	646
684	645
678	645
678	646
676	646
676	647
675	647
675	648
670	648
670	647
669	647
669	645
668	645
668	643
669	643
669	640
670	640
670	639
669	639
669	630
670	630
670	626
671	626
671	624
672	624
672	623
673	623
673	619
674	619
674	618
675	618
675	616
674	616
674	611
673	611
673	610
672	610
672	608
671	608
671	607
669	607
669	606
668	606
668	607
660	607
660	606
659	606
659	605
658	605
658	601
659	601
659	596
658	596
658	594
659	594
659	593
660	593
660	587
661	587
661	575
660	575
660	569
659	569
659	566
658	566
658	564
656	564
656	563
650	563
650	562
648	562
648	561
644	561
644	560
643	560
643	561
642	561
642	560
638	560
638	561
634	561
634	560
632	560
632	561
628	561
628	560
624	560
624	559
623	559
623	558
622	558
622	552
623	552
623	551
622	551
622	549
623	549
623	546
622	546
622	544
623	544
623	538
622	538
622	534
623	534
623	523
620	523
620	524
619	524
619	523
616	523
616	521
610	521
610	522
608	522
608	523
607	523
607	524
605	524
605	525
604	525
604	526
605	526
605	528
604	528
604	530
603	530
603	531
602	531
602	532
598	532
598	533
596	533
596	534
595	534
595	535
594	535
594	537
593	537
593	538
591	538
591	539
583	539
583	541
582	541
582	542
581	542
581	543
580	543
580	545
579	545
579	546
576	546
576	545
575	545
575	544
574	544
574	541
573	541
573	540
572	540
572	541
571	541
571	539
570	539
570	538
567	538
567	537
566	537
566	538
565	538
565	539
564	539
564	538
563	538
563	539
562	539
562	537
561	537
561	536
559	536
559	535
557	535
557	536
553	536
553	535
552	535
552	532
551	532
551	528
550	528
550	522
549	522
549	516
548	516
548	511
549	511
549	506
550	506
550	505
549	505
549	496
550	496
550	492
551	492
551	481
549	481
549	478
548	478
548	477
546	477
546	476
544	476
544	475
543	475
543	474
541	474
541	473
542	473
542	471
541	471
541	469
540	469
540	467
541	467
541	460
542	460
542	459
540	459
540	460
539	460
539	459
536	459
536	460
532	460
532	459
530	459
530	458
529	458
529	456
528	456
528	455
527	455
527	454
526	454
526	453
515	453
515	452
513	452
513	451
506	451
506	450
505	450
505	449
502	449
502	452
501	452
501	455
481	455
481	458
480	458
480	460
479	460
479	461
478	461
478	462
477	462
477	463
475	463
475	462
473	462
473	461
470	461
470	459
466	459
466	458
464	458
464	457
460	457
460	456
453	456
453	457
447	457
447	456
443	456
443	457
442	457
442	458
441	458
441	457
439	457
439	458
435	458
435	459
432	459
432	462
431	462
431	463
429	463
429	464
427	464
427	465
426	465
426	464
425	464
425	465
424	465
424	464
419	464
419	463
411	463
411	462
403	462
403	461
402	461
402	455
403	455
403	454
412	454
412	452
411	452
411	451
407	451
407	449
406	449
406	448
402	448
402	447
401	447
401	448
400	448
400	447
398	447
398	448
396	448
396	447
394	447
394	446
393	446
393	442
394	442
394	441
393	441
393	440
392	440
392	436
391	436
391	434
390	434
390	433
388	433
388	431
386	431
386	430
384	430
384	429
382	429
382	428
380	428
380	426
377	426
377	425
372	425
372	424
367	424
367	418
368	418
368	417
369	417
369	416
367	416
367	415
365	415
365	414
361	414
361	415
359	415
359	414
357	414
357	415
355	415
355	414
354	414
354	413
353	413
353	408
354	408
354	404
353	404
353	402
354	402
354	395
353	395
353	394
354	394
354	392
353	392
353	391
354	391
354	390
353	390
353	389
354	389
354	382
355	382
355	380
354	380
354	378
355	378
355	377
354	377
354	376
352	376
352	375
342	375
342	374
341	374
341	369
342	369
342	367
341	367
341	366
342	366
342	354
341	354
341	353
342	353
342	349
341	349
341	348
342	348
342	347
341	347
341	338
342	338
342	337
341	337
341	336
342	336
342	335
341	335
341	334
342	334
342	323
343	323
343	322
342	322
342	311
341	311
341	310
342	310
342	304
343	304
343	303
340	303
340	302
338	302
338	300
337	300
337	299
336	299
336	298
334	298
334	296
333	296
333	297
332	297
332	296
330	296
330	295
329	295
329	293
328	293
328	291
327	291
327	290
325	290
325	289
324	289
324	287
323	287
323	285
322	285
322	283
321	283
321	282
320	282
320	280
319	280
319	277
317	277
317	276
316	276
316	277
314	277
314	276
313	276
313	277
303	277
303	276
302	276
302	271
301	271
301	270
300	270
300	268
299	268
299	267
298	267
298	266
297	266
297	262
296	262
296	260
294	260
294	259
291	259
291	260
290	260
290	259
287	259
287	258
286	258
286	253
285	253
285	251
284	251
284	250
283	250
283	249
281	249
281	248
272	248
272	247
270	247
270	245
260	245
260	244
259	244
259	243
258	243
258	242
259	242
259	234
258	234
258	231
259	231
259	230
260	230
260	229
261	229
261	228
262	228
262	227
263	227
263	226
262	226
262	223
261	223
261	222
259	222
259	221
258	221
258	220
257	220
257	219
253	219
253	218
250	218
250	219
249	219
249	218
244	218
244	215
242	215
242	214
240	214
240	215
239	215
239	214
238	214
238	213
237	213
237	211
238	211
238	208
237	208
237	207
238	207
238	206
237	206
237	205
238	205
238	204
237	204
237	201
227	201
227	200
225	200
225	198
215	198
215	197
214	197
214	195
213	195
213	194
214	194
214	185
215	185
215	182
216	182
216	175
215	175
215	173
214	173
214	172
212	172
212	173
209	173
209	172
208	172
208	171
206	171
206	170
204	170
204	169
203	169
203	168
202	168
202	169
201	169
201	168
199	168
199	169
191	169
191	170
189	170
189	171
188	171
188	170
177	170
177	169
176	169
176	168
168	168
168	167
166	167
166	168
162	168
162	167
160	167
160	166
159	166
159	165
158	165
158	164
159	164
159	163
158	163
158	160
157	160
157	159
147	159
147	160
143	160
143	161
140	161
140	162
136	162
136	163
134	163
134	162
133	162
133	163
130	163
130	162
128	162
128	161
127	161
127	160
124	160
124	159
123	159
123	158
122	158
122	157
120	157
120	156
119	156
119	155
118	155
118	156
117	156
117	155
114	155
114	156
113	156
113	155
109	155
109	154
108	154
108	151
109	151
109	149
110	149
110	138
109	138
109	137
108	137
108	135
107	135
107	134
102	134
102	133
97	133
97	132
93	132
93	131
85	131
85	130
83	130
83	129
77	129
77	128
76	128
76	129
74	129
74	127
73	127
73	125
74	125
74	114
73	114
73	110
72	110
72	107
71	107
71	106
66	106
66	105
64	105
64	103
63	103
63	102
62	102
62	101
60	101
60	100
58	100
58	99
57	99
57	98
54	98
54	99
53	99
53	98
48	98
48	97
44	97
44	98
41	98
41	97
40	97
40	98
37	98
37	97
35	97
35	96
34	96
34	93
35	93
35	92
36	92
36	91
37	91
37	90
41	90
41	91
42	91
42	90
44	90
44	91
45	91
45	90
47	90
47	91
48	91
48	90
51	90
51	91
54	91
54	90
55	90
55	91
58	91
58	92
60	92
60	93
62	93
62	94
63	94
63	95
66	95
66	96
68	96
68	97
70	97
70	98
72	98
72	99
73	99
73	100
75	100
75	101
76	101
76	103
77	103
77	105
78	105
78	106
79	106
79	107
80	107
80	114
81	114
81	117
80	117
80	119
81	119
81	120
80	120
80	121
84	121
84	123
86	123
86	124
96	124
96	125
99	125
99	126
107	126
107	127
109	127
109	128
110	128
110	129
111	129
111	131
113	131
113	132
115	132
115	133
117	133
117	137
118	137
118	138
117	138
117	143
116	143
116	149
122	149
122	150
123	150
123	151
124	151
124	152
125	152
125	153
127	153
127	154
128	154
128	155
134	155
134	156
135	156
135	155
139	155
139	154
142	154
142	153
146	153
146	152
150	152
150	151
153	151
153	152
160	152
160	153
162	153
162	154
163	154
163	155
164	155
164	157
165	157
165	158
166	158
166	160
169	160
169	161
172	161
172	160
173	160
173	161
177	161
177	162
179	162
179	163
192	163
192	162
194	162
194	163
195	163
195	162
197	162
197	161
198	161
198	162
199	162
199	161
204	161
204	162
206	162
206	163
208	163
208	164
210	164
210	165
212	165
212	166
218	166
218	167
219	167
219	168
220	168
220	169
221	169
221	177
222	177
222	182
221	182
221	191
222	191
222	192
223	192
223	191
226	191
226	192
229	192
229	193
230	193
230	194
231	194
231	193
234	193
234	194
240	194
240	195
241	195
241	196
243	196
243	197
244	197
244	199
245	199
245	202
244	202
244	203
245	203
245	208
246	208
246	209
247	209
247	210
248	210
248	211
251	211
251	212
254	212
254	211
256	211
256	212
257	212
257	211
258	211
258	210
261	210
261	211
262	211
262	212
263	212
263	215
264	215
264	216
265	216
265	222
266	222
266	224
267	224
267	225
268	225
268	231
269	231
269	234
270	234
270	238
271	238
271	239
272	239
272	240
274	240
274	241
280	241
280	242
281	242
281	241
282	241
282	242
284	242
284	243
285	243
285	244
286	244
286	245
287	245
287	248
288	248
288	249
289	249
289	250
290	250
290	251
291	251
291	252
294	252
294	253
296	253
296	254
297	254
297	255
298	255
298	257
300	257
300	259
301	259
301	260
302	260
302	262
303	262
303	263
304	263
304	264
306	264
306	265
307	265
307	266
308	266
308	267
307	267
307	270
318	270
318	271
320	271
320	272
322	272
322	275
324	275
324	276
325	276
325	278
326	278
326	279
327	279
327	282
328	282
328	283
329	283
329	284
331	284
331	285
332	285
332	287
333	287
333	288
334	288
334	289
337	289
337	288
338	288
338	289
340	289
340	290
343	290
343	293
346	293
346	294
348	294
348	296
349	296
349	300
348	300
348	302
346	302
346	303
348	303
348	338
347	338
347	340
348	340
348	363
347	363
347	365
348	365
348	368
349	368
349	369
354	369
354	370
356	370
356	371
361	371
361	372
362	372
362	373
363	373
363	378
362	378
362	379
361	379
361	380
360	380
360	407
365	407
365	408
366	408
366	409
368	409
368	410
370	410
370	412
371	412
371	413
372	413
372	414
375	414
375	415
376	415
376	416
377	416
377	417
378	417
378	418
379	418
379	419
380	419
380	420
381	420
381	421
382	421
382	422
383	422
383	423
384	423
384	424
386	424
386	426
387	426
387	427
389	427
389	428
391	428
391	431
395	431
395	432
396	432
396	435
397	435
397	439
400	439
400	440
403	440
403	441
405	441
405	442
407	442
407	444
410	444
410	445
409	445
409	447
411	447
411	448
415	448
415	449
416	449
416	450
418	450
418	449
427	449
427	451
428	451
428	453
427	453
427	455
428	455
428	454
431	454
431	453
433	453
433	452
435	452
435	453
436	453
436	452
439	452
439	451
441	451
441	450
447	450
447	449
449	449
449	450
451	450
451	449
452	449
452	450
453	450
453	449
460	449
460	450
462	450
462	451
466	451
466	452
468	452
468	453
470	453
470	454
473	454
473	453
474	453
474	452
475	452
475	451
476	451
476	450
477	450
477	448
483	448
483	447
495	447
495	446
496	446
496	444
497	444
497	443
500	443
500	442
507	442
507	443
511	443
511	444
512	444
512	445
519	445
519	446
520	446
520	445
523	445
523	444
522	444
522	442
524	442
524	444
526	444
526	445
527	445
527	446
529	446
529	447
530	447
530	448
531	448
531	450
532	450
532	451
533	451
533	452
536	452
536	451
537	451
537	448
539	448
539	446
540	446
540	447
544	447
544	450
545	450
545	451
546	451
546	452
547	452
547	454
548	454
548	457
549	457
549	459
551	459
551	460
552	460
552	461
553	461
553	463
554	463
554	464
549	464
549	466
550	466
550	468
553	468
553	469
554	469
554	472
555	472
555	475
556	475
556	476
557	476
557	479
558	479
558	482
559	482
