712	315
713	315
713	317
714	317
714	318
715	318
715	319
714	319
714	320
715	320
715	321
716	321
716	323
717	323
717	324
716	324
716	326
717	326
717	327
716	327
716	328
715	328
715	329
716	329
716	330
717	330
717	332
716	332
716	333
717	333
717	337
716	337
716	340
717	340
717	342
716	342
716	351
715	351
715	352
716	352
716	357
718	357
718	358
720	358
720	359
721	359
721	362
723	362
723	364
724	364
724	366
725	366
725	368
726	368
726	369
727	369
727	370
726	370
726	372
725	372
725	384
724	384
724	386
723	386
723	387
722	387
722	391
721	391
721	393
720	393
720	395
719	395
719	397
718	397
718	398
717	398
717	399
718	399
718	402
717	402
717	412
718	412
718	416
719	416
719	417
718	417
718	418
719	418
719	419
718	419
718	423
719	423
719	426
720	426
720	427
719	427
719	428
720	428
720	429
741	429
741	428
742	428
742	427
743	427
743	426
744	426
744	425
745	425
745	422
746	422
746	418
748	418
748	417
747	417
747	412
748	412
748	410
749	410
749	412
751	412
751	413
752	413
752	414
753	414
753	416
754	416
754	417
749	417
749	419
750	419
750	420
752	420
752	421
753	421
753	424
754	424
754	426
756	426
756	427
760	427
760	426
762	426
762	424
764	424
764	425
779	425
779	426
782	426
782	425
788	425
788	424
793	424
793	423
798	423
798	421
800	421
800	420
802	420
802	418
803	418
803	417
804	417
804	414
805	414
805	411
806	411
806	409
807	409
807	408
808	408
808	407
809	407
809	406
810	406
810	405
812	405
812	404
814	404
814	403
822	403
822	402
825	402
825	403
830	403
830	404
832	404
832	405
833	405
833	406
835	406
835	407
836	407
836	406
837	406
837	407
839	407
839	408
841	408
841	409
842	409
842	410
844	410
844	411
846	411
846	412
848	412
848	413
850	413
850	414
851	414
851	415
852	415
852	416
855	416
855	417
854	417
854	418
855	418
855	417
856	417
856	418
857	418
857	419
860	419
860	420
861	420
861	421
865	421
865	422
867	422
867	423
874	423
874	424
880	424
880	425
882	425
882	426
884	426
884	427
885	427
885	428
887	428
887	429
889	429
889	430
890	430
890	431
893	431
893	432
895	432
895	431
903	431
903	430
904	430
904	428
905	428
905	426
906	426
906	425
907	425
907	424
908	424
908	422
910	422
910	420
911	420
911	421
912	421
912	420
913	420
913	419
914	419
914	420
920	420
920	421
923	421
923	422
934	422
934	421
936	421
936	420
938	420
938	418
940	418
940	417
941	417
941	416
940	416
940	414
941	414
941	413
940	413
940	412
941	412
941	411
940	411
940	410
941	410
941	408
942	408
942	407
941	407
941	403
942	403
942	402
941	402
941	401
940	401
940	395
941	395
941	390
942	390
942	386
941	386
941	383
942	383
942	381
943	381
943	380
942	380
942	378
943	378
943	377
946	377
946	376
947	376
947	375
949	375
949	374
954	374
954	373
958	373
958	372
962	372
962	371
967	371
967	370
970	370
970	369
971	369
971	370
972	370
972	369
975	369
975	368
979	368
979	367
980	367
980	366
983	366
983	365
984	365
984	364
986	364
986	363
987	363
987	362
988	362
988	360
989	360
989	359
990	359
990	358
991	358
991	355
992	355
992	353
993	353
993	351
992	351
992	346
993	346
993	336
992	336
992	332
991	332
991	328
990	328
990	330
989	330
989	329
988	329
988	328
989	328
989	325
988	325
988	324
987	324
987	322
988	322
988	320
989	320
989	319
990	319
990	318
991	318
991	317
993	317
993	318
994	318
994	317
998	317
998	316
1000	316
1000	320
1001	320
1001	317
1008	317
1008	318
1009	318
1009	317
1010	317
1010	318
1014	318
1014	319
1020	319
1020	320
1022	320
1022	321
1023	321
1023	322
1024	322
1024	323
1023	323
1023	324
1026	324
1026	325
1027	325
1027	326
1031	326
1031	329
1033	329
1033	330
1034	330
1034	334
1035	334
1035	336
1036	336
1036	338
1037	338
1037	340
1038	340
1038	342
1039	342
1039	343
1038	343
1038	344
1039	344
1039	347
1038	347
1038	350
1039	350
1039	351
1040	351
1040	352
1047	352
1047	353
1049	353
1049	354
1051	354
1051	355
1052	355
1052	356
1054	356
1054	357
1058	357
1058	358
1060	358
1060	359
1061	359
1061	360
1063	360
1063	362
1062	362
1062	364
1063	364
1063	365
1064	365
1064	364
1065	364
1065	367
1066	367
1066	368
1067	368
1067	369
1068	369
1068	370
1073	370
1073	371
1072	371
1072	372
1071	372
1071	373
1069	373
1069	374
1068	374
1068	377
1067	377
1067	383
1068	383
1068	385
1067	385
1067	387
1069	387
1069	393
1070	393
1070	395
1071	395
1071	401
1072	401
1072	404
1073	404
1073	406
1072	406
1072	408
1073	408
1073	409
1074	409
1074	411
1077	411
1077	412
1081	412
1081	413
1083	413
1083	414
1088	414
1088	415
1090	415
1090	416
1091	416
1091	417
1092	417
1092	418
1094	418
1094	419
1096	419
1096	421
1098	421
1098	422
1100	422
1100	423
1101	423
1101	424
1102	424
1102	425
1103	425
1103	426
1104	426
1104	427
1105	427
1105	428
1106	428
1106	429
1107	429
1107	430
1110	430
1110	431
1112	431
1112	430
1119	430
1119	431
1120	431
1120	432
1121	432
1121	431
1125	431
1125	432
1131	432
1131	433
1133	433
1133	434
1136	434
1136	435
1139	435
1139	436
1142	436
1142	437
1143	437
1143	436
1144	436
1144	437
1147	437
1147	438
1150	438
1150	440
1152	440
1152	441
1153	441
1153	442
1155	442
1155	443
1157	443
1157	444
1160	444
1160	445
1162	445
1162	446
1165	446
1165	448
1166	448
1166	447
1167	447
1167	448
1168	448
1168	449
1171	449
1171	450
1173	450
1173	451
1178	451
1178	452
1184	452
1184	453
1187	453
1187	452
1193	452
1193	451
1194	451
1194	452
1196	452
1196	451
1198	451
1198	450
1202	450
1202	449
1208	449
1208	448
1216	448
1216	447
1219	447
1219	446
1220	446
1220	445
1224	445
1224	444
1239	444
1239	445
1240	445
1240	446
1242	446
1242	445
1243	445
1243	446
1244	446
1244	445
1245	445
1245	446
1247	446
1247	447
1249	447
1249	448
1252	448
1252	449
1253	449
1253	450
1252	450
1252	451
1253	451
1253	450
1255	450
1255	451
1257	451
1257	454
1258	454
1258	456
1259	456
1259	458
1260	458
1260	461
1261	461
1261	462
1262	462
1262	463
1264	463
1264	466
1265	466
1265	467
1266	467
1266	468
1267	468
1267	469
1268	469
1268	470
1269	470
1269	471
1270	471
1270	472
1271	472
1271	473
1272	473
1272	474
1273	474
1273	476
1274	476
1274	479
1276	479
1276	480
1279	480
1279	481
1283	481
1283	480
1287	480
1287	481
1288	481
1288	480
1290	480
1290	479
1292	479
1292	478
1293	478
1293	477
1295	477
1295	476
1296	476
1296	475
1297	475
1297	474
1299	474
1299	473
1300	473
1300	472
1301	472
1301	471
1302	471
1302	465
1303	465
1303	462
1304	462
1304	459
1303	459
1303	457
1304	457
1304	453
1305	453
1305	449
1306	449
1306	448
1307	448
1307	447
1311	447
1311	446
1310	446
1310	445
1311	445
1311	444
1312	444
1312	445
1315	445
1315	446
1317	446
1317	447
1320	447
1320	446
1321	446
1321	445
1322	445
1322	444
1323	444
1323	443
1324	443
1324	441
1325	441
1325	439
1326	439
1326	437
1327	437
1327	436
1328	436
1328	434
1329	434
1329	432
1330	432
1330	429
1331	429
1331	425
1332	425
1332	420
1333	420
1333	416
1334	416
1334	414
1335	414
1335	411
1336	411
1336	406
1337	406
1337	403
1338	403
1338	400
1339	400
1339	398
1341	398
1341	396
1342	396
1342	395
1341	395
1341	393
1342	393
1342	391
1344	391
1344	390
1346	390
1346	389
1349	389
1349	387
1353	387
1353	388
1355	388
1355	389
1362	389
1362	388
1363	388
1363	387
1364	387
1364	385
1365	385
1365	386
1366	386
1366	385
1365	385
1365	379
1366	379
1366	377
1367	377
1367	375
1368	375
1368	374
1370	374
1370	375
1373	375
1373	376
1390	376
1390	377
1391	377
1391	378
1393	378
1393	379
1396	379
1396	380
1398	380
1398	381
1399	381
1399	382
1400	382
1400	384
1401	384
1401	385
1402	385
1402	386
1403	386
1403	387
1404	387
1404	389
1406	389
1406	390
1409	390
1409	391
1415	391
1415	392
1417	392
1417	393
1418	393
1418	394
1420	394
1420	396
1421	396
1421	397
1422	397
1422	398
1424	398
1424	399
1425	399
1425	401
1426	401
1426	402
1428	402
1428	403
1430	403
1430	405
1431	405
1431	406
1432	406
1432	408
1433	408
1433	409
1434	409
1434	411
1435	411
1435	413
1434	413
1434	414
1435	414
1435	413
1436	413
1436	415
1437	415
1437	416
1438	416
1438	417
1439	417
1439	419
1441	419
1441	420
1442	420
1442	421
1443	421
1443	422
1444	422
1444	423
1445	423
1445	424
1446	424
1446	425
1448	425
1448	427
1450	427
1450	428
1451	428
1451	430
1452	430
1452	429
1453	429
1453	430
1458	430
1458	431
1460	431
1460	432
1462	432
1462	433
1464	433
1464	434
1465	434
1465	433
1467	433
1467	434
1483	434
1483	435
1487	435
1487	434
1493	434
1493	435
1506	435
1506	436
1507	436
1507	435
1514	435
1514	434
1518	434
1518	433
1520	433
1520	431
1521	431
1521	430
1522	430
1522	426
1523	426
1523	425
1524	425
1524	424
1525	424
1525	423
1526	423
1526	419
1527	419
1527	418
1526	418
1526	417
1525	417
1525	416
1524	416
1524	408
1526	408
1526	406
1527	406
1527	405
1528	405
1528	404
1529	404
1529	402
1530	402
1530	401
1532	401
1532	399
1534	399
1534	398
1535	398
1535	397
1536	397
1536	396
1537	396
1537	395
1540	395
1540	394
1544	394
1544	393
1545	393
1545	392
1547	392
1547	391
1550	391
1550	390
1558	390
1558	389
1564	389
1564	388
1567	388
1567	389
1568	389
1568	388
1569	388
1569	389
1572	389
1572	388
1574	388
1574	389
1576	389
1576	390
1578	390
1578	391
1579	391
1579	392
1582	392
1582	393
1583	393
1583	396
1584	396
1584	397
1583	397
1583	398
1584	398
1584	399
1583	399
1583	402
1582	402
1582	406
1583	406
1583	407
1582	407
1582	421
1583	421
1583	424
1584	424
1584	428
1585	428
1585	430
1586	430
1586	431
1587	431
1587	432
1586	432
1586	433
1587	433
1587	432
1591	432
1591	433
1592	433
1592	432
1593	432
1593	433
1599	433
1599	434
1600	434
1600	433
1601	433
1601	434
1602	434
1602	433
1603	433
1603	434
1605	434
1605	433
1606	433
1606	434
1616	434
1616	435
1618	435
1618	434
1619	434
1619	436
1621	436
1621	437
1623	437
1623	439
1624	439
1624	441
1625	441
1625	442
1624	442
1624	446
1623	446
1623	447
1624	447
1624	450
1625	450
1625	451
1624	451
1624	452
1625	452
1625	454
1626	454
1626	458
1627	458
1627	463
1629	463
1629	464
1637	464
1637	465
1638	465
1638	464
1640	464
1640	463
1642	463
1642	464
1648	464
1648	465
1649	465
1649	464
1657	464
1657	465
1661	465
1661	466
1664	466
1664	467
1666	467
1666	468
1684	468
1684	467
1686	467
1686	466
1687	466
1687	465
1688	465
1688	464
1689	464
1689	463
1690	463
1690	461
1691	461
1691	460
1692	460
1692	458
1695	458
1695	457
1697	457
1697	456
1701	456
1701	455
1702	455
1702	454
1704	454
1704	452
1706	452
1706	450
1708	450
1708	449
1709	449
1709	447
1710	447
1710	446
1711	446
1711	445
1712	445
1712	442
1713	442
1713	441
1715	441
1715	440
1717	440
1717	439
1718	439
1718	438
1723	438
1723	437
1725	437
1725	436
1726	436
1726	435
1728	435
1728	433
1729	433
1729	432
1730	432
1730	431
1732	431
1732	430
1733	430
1733	429
1735	429
1735	428
1738	428
1738	427
1739	427
1739	426
1742	426
1742	425
1744	425
1744	424
1752	424
1752	425
1753	425
1753	426
1754	426
1754	427
1756	427
1756	428
1758	428
1758	430
1760	430
1760	431
1761	431
1761	433
1762	433
1762	435
1763	435
1763	436
1764	436
1764	437
1765	437
1765	438
1766	438
1766	440
1767	440
1767	441
1768	441
1768	443
1769	443
1769	444
1772	444
1772	445
1773	445
1773	446
1774	446
1774	445
1783	445
1783	446
1787	446
1787	447
1789	447
1789	448
1791	448
1791	447
1797	447
1797	448
1803	448
1803	449
1804	449
1804	450
1805	450
1805	451
1806	451
1806	453
1807	453
1807	452
1810	452
1810	451
1811	451
1811	450
1812	450
1812	448
1813	448
1813	446
1814	446
1814	444
1815	444
1815	442
1816	442
1816	437
1815	437
1815	436
1816	436
1816	433
1815	433
1815	432
1816	432
1816	430
1817	430
1817	429
1816	429
1816	428
1818	428
1818	427
1822	427
1822	426
1826	426
1826	425
1853	425
1853	424
1857	424
1857	423
1859	423
1859	422
1860	422
1860	423
1861	423
1861	422
1866	422
1866	421
1868	421
1868	420
1870	420
1870	419
1876	419
1876	418
1878	418
1878	417
1879	417
1879	416
1880	416
1880	413
1881	413
1881	412
1880	412
1880	411
1881	411
1881	409
1882	409
1882	407
1883	407
1883	404
1884	404
1884	401
1885	401
1885	396
1886	396
1886	391
1887	391
1887	389
1886	389
1886	387
1887	387
1887	381
1888	381
1888	379
1887	379
1887	378
1888	378
1888	374
1887	374
1887	373
1888	373
1888	371
1887	371
1887	359
1886	359
1886	351
1887	351
1887	342
1888	342
1888	340
1890	340
1890	338
1891	338
1891	337
1892	337
1892	336
1893	336
1893	335
1894	335
1894	334
1895	334
1895	333
1896	333
1896	332
1902	332
1902	331
1909	331
1909	330
1912	330
1912	331
1919	331
1919	330
1921	330
1921	331
1922	331
1922	330
1926	330
1926	328
1927	328
1927	326
1928	326
1928	324
1929	324
1929	323
1928	323
1928	322
1927	322
1927	321
1926	321
1926	320
1925	320
1925	318
1924	318
1924	315
1925	315
1925	312
1926	312
1926	311
1929	311
1929	310
1930	310
1930	309
1938	309
1938	310
1942	310
1942	309
1949	309
1949	310
1951	310
1951	309
1955	309
1955	310
1959	310
1959	311
1961	311
1961	312
1963	312
1963	313
1965	313
1965	314
1966	314
1966	315
1967	315
1967	316
1969	316
1969	317
1971	317
1971	318
1973	318
1973	320
1975	320
1975	321
1976	321
1976	322
1977	322
1977	324
1978	324
1978	325
1979	325
1979	327
1981	327
1981	331
1982	331
1982	332
1983	332
1983	334
1984	334
1984	335
1985	335
1985	336
1987	336
1987	337
1988	337
1988	338
1989	338
1989	339
1991	339
1991	341
1992	341
1992	342
1993	342
1993	343
1995	343
1995	344
1996	344
1996	345
1997	345
1997	347
1998	347
1998	348
2000	348
2000	349
2010	349
2010	350
2012	350
2012	351
2013	351
2013	352
2015	352
2015	353
2016	353
2016	354
2017	354
2017	356
2018	356
2018	357
2020	357
2020	358
2021	358
2021	359
2027	359
2027	360
2030	360
2030	359
2037	359
2037	358
2038	358
2038	356
2039	356
2039	355
2040	355
2040	354
2042	354
2042	352
2043	352
2043	351
2044	351
2044	350
2045	350
2045	352
2046	352
2046	350
2045	350
2045	349
2046	349
2046	347
2047	347
2047	344
2048	344
2048	343
2053	343
2053	342
2055	342
2055	341
2057	341
2057	340
2059	340
2059	339
2061	339
2061	337
2062	337
2062	335
2065	335
2065	334
2066	334
2066	333
2071	333
2071	332
2072	332
2072	333
2086	333
2086	334
2088	334
2088	333
2091	333
2091	334
2094	334
2094	335
2095	335
2095	336
2097	336
2097	337
2098	337
2098	338
2100	338
2100	339
2102	339
2102	340
2104	340
2104	341
2105	341
2105	342
2106	342
2106	343
2108	343
2108	344
2111	344
2111	345
2113	345
2113	346
2115	346
2115	347
2116	347
2116	348
2117	348
2117	349
2119	349
2119	350
2120	350
2120	351
2122	351
2122	352
2123	352
2123	353
2124	353
2124	354
2125	354
2125	355
2126	355
2126	356
2130	356
2130	355
2132	355
2132	356
2138	356
2138	355
2146	355
2146	356
2148	356
2148	355
2156	355
2156	357
2157	357
2157	358
2160	358
2160	359
2165	359
2165	358
2170	358
2170	359
2171	359
2171	358
2172	358
2172	359
2178	359
2178	363
2179	363
2179	365
2178	365
2178	366
2179	366
2179	365
2180	365
2180	367
2181	367
2181	369
2182	369
2182	370
2183	370
2183	371
2185	371
2185	375
2186	375
2186	376
2187	376
2187	378
2188	378
2188	380
2189	380
2189	381
2190	381
2190	382
2191	382
2191	383
2192	383
2192	385
2193	385
2193	388
2194	388
2194	389
2201	389
2201	390
2209	390
2209	389
2215	389
2215	388
2216	388
2216	387
2217	387
2217	385
2218	385
2218	382
2219	382
2219	380
2220	380
2220	377
2221	377
2221	376
2220	376
2220	373
2221	373
2221	370
2222	370
2222	368
2223	368
2223	366
2224	366
2224	365
2225	365
2225	364
2227	364
2227	363
2228	363
2228	361
2230	361
2230	360
2231	360
2231	359
2232	359
2232	358
2233	358
2233	357
2232	357
2232	356
2233	356
2233	355
2234	355
2234	354
2235	354
2235	343
2236	343
2236	340
2237	340
2237	338
2238	338
2238	337
2237	337
2237	334
2238	334
2238	331
2240	331
2240	329
2241	329
2241	327
2242	327
2242	326
2249	326
2249	325
2250	325
2250	324
2251	324
2251	323
2253	323
2253	322
2251	322
2251	321
2252	321
2252	319
2253	319
2253	318
2254	318
2254	315
2255	315
2255	314
2256	314
2256	312
2257	312
2257	309
2258	309
2258	305
2259	305
2259	304
2260	304
2260	302
2261	302
2261	301
2262	301
2262	298
2263	298
2263	296
2264	296
2264	293
2265	293
2265	291
2266	291
2266	289
2267	289
2267	287
2268	287
2268	282
2267	282
2267	280
2265	280
2265	277
2264	277
2264	276
2265	276
2265	270
2264	270
2264	268
2265	268
2265	266
2264	266
2264	265
2265	265
2265	262
2264	262
2264	258
2265	258
2265	252
2266	252
2266	248
2267	248
2267	246
2268	246
2268	244
2269	244
2269	243
2270	243
2270	238
2271	238
2271	235
2272	235
2272	233
2273	233
2273	232
2274	232
2274	230
2275	230
2275	228
2276	228
2276	226
2278	226
2278	223
2279	223
2279	221
2280	221
2280	220
2281	220
2281	217
2282	217
2282	213
2280	213
2280	210
2279	210
2279	206
2277	206
2277	205
2276	205
2276	202
2275	202
2275	197
2278	197
2278	198
2279	198
2279	197
2280	197
2280	198
2284	198
2284	199
2285	199
2285	198
2294	198
2294	199
2293	199
2293	200
2301	200
2301	201
2305	201
2305	202
2307	202
2307	204
2308	204
2308	205
2309	205
2309	206
2313	206
2313	207
2315	207
2315	208
2317	208
2317	209
2321	209
2321	210
2322	210
2322	211
2324	211
2324	212
2330	212
2330	213
2331	213
2331	214
2333	214
2333	215
2334	215
2334	216
2335	216
2335	217
2336	217
2336	219
2337	219
2337	220
2338	220
2338	221
2339	221
2339	222
2342	222
2342	223
2343	223
2343	225
2344	225
2344	226
2346	226
2346	228
2347	228
2347	229
2349	229
2349	231
2351	231
2351	233
2353	233
2353	236
2354	236
2354	238
2355	238
2355	239
2356	239
2356	241
2357	241
2357	244
2358	244
2358	246
2359	246
2359	248
2361	248
2361	249
2363	249
2363	250
2364	250
2364	251
2389	251
2389	250
2410	250
2410	249
2415	249
2415	248
2417	248
2417	247
2419	247
2419	246
2420	246
2420	245
2421	245
2421	244
2424	244
2424	243
2427	243
2427	242
2428	242
2428	241
2430	241
2430	240
2433	240
2433	239
2435	239
2435	238
2437	238
2437	237
2438	237
2438	236
2440	236
2440	235
2441	235
2441	234
2443	234
2443	233
2448	233
2448	232
2449	232
2449	231
2452	231
2452	230
2455	230
2455	229
2456	229
2456	228
2457	228
2457	227
2460	227
2460	226
2461	226
2461	225
2463	225
2463	224
2464	224
2464	223
2465	223
2465	222
2466	222
2466	221
2467	221
2467	219
2469	219
2469	218
2471	218
2471	216
2473	216
2473	214
2475	214
2475	213
2476	213
2476	211
2477	211
2477	210
2478	210
2478	209
2479	209
2479	208
2480	208
2480	207
2481	207
2481	206
2482	206
2482	205
2481	205
2481	204
2482	204
2482	201
2483	201
2483	198
2484	198
2484	194
2485	194
2485	192
2486	192
2486	187
2487	187
2487	184
2486	184
2486	182
2487	182
2487	183
2488	183
2488	182
2487	182
2487	181
2486	181
2486	166
2485	166
2485	164
2486	164
2486	159
2485	159
2485	153
2484	153
2484	134
2483	134
2483	129
2484	129
2484	127
2483	127
2483	120
2482	120
2482	112
2481	112
2481	107
2480	107
2480	106
2474	106
2474	107
2472	107
2472	109
2471	109
2471	110
2472	110
2472	111
2473	111
2473	112
2474	112
2474	114
2476	114
2476	115
2475	115
2475	116
2477	116
2477	118
2476	118
2476	119
2477	119
2477	127
2478	127
2478	128
2477	128
2477	129
2478	129
2478	130
2477	130
2477	131
2478	131
2478	132
2477	132
2477	133
2476	133
2476	134
2478	134
2478	135
2477	135
2477	137
2478	137
2478	138
2477	138
2477	141
2478	141
2478	142
2477	142
2477	144
2478	144
2478	152
2479	152
2479	157
2480	157
2480	159
2481	159
2481	160
2480	160
2480	172
2481	172
2481	175
2480	175
2480	177
2481	177
2481	183
2482	183
2482	184
2481	184
2481	190
2480	190
2480	191
2481	191
2481	192
2480	192
2480	196
2479	196
2479	198
2478	198
2478	200
2477	200
2477	201
2476	201
2476	205
2474	205
2474	206
2473	206
2473	208
2472	208
2472	209
2471	209
2471	210
2470	210
2470	211
2469	211
2469	212
2468	212
2468	213
2467	213
2467	214
2466	214
2466	215
2464	215
2464	217
2463	217
2463	218
2462	218
2462	219
2461	219
2461	220
2460	220
2460	221
2458	221
2458	222
2457	222
2457	223
2455	223
2455	224
2453	224
2453	225
2451	225
2451	226
2450	226
2450	227
2448	227
2448	228
2445	228
2445	229
2441	229
2441	230
2439	230
2439	231
2438	231
2438	232
2437	232
2437	233
2436	233
2436	234
2433	234
2433	235
2431	235
2431	236
2429	236
2429	237
2426	237
2426	238
2425	238
2425	239
2424	239
2424	240
2420	240
2420	241
2419	241
2419	242
2417	242
2417	243
2416	243
2416	244
2413	244
2413	245
2409	245
2409	246
2388	246
2388	247
2386	247
2386	246
2385	246
2385	247
2384	247
2384	246
2383	246
2383	247
2381	247
2381	246
2379	246
2379	247
2377	247
2377	246
2365	246
2365	244
2363	244
2363	242
2362	242
2362	240
2361	240
2361	238
2360	238
2360	237
2359	237
2359	234
2358	234
2358	232
2357	232
2357	230
2356	230
2356	229
2354	229
2354	228
2353	228
2353	227
2352	227
2352	226
2351	226
2351	225
2350	225
2350	224
2349	224
2349	223
2348	223
2348	222
2346	222
2346	219
2344	219
2344	218
2342	218
2342	216
2341	216
2341	215
2340	215
2340	213
2339	213
2339	212
2336	212
2336	211
2334	211
2334	209
2333	209
2333	208
2332	208
2332	207
2330	207
2330	206
2327	206
2327	207
2326	207
2326	206
2325	206
2325	205
2323	205
2323	204
2321	204
2321	203
2319	203
2319	202
2317	202
2317	201
2315	201
2315	200
2313	200
2313	199
2312	199
2312	198
2310	198
2310	197
2307	197
2307	196
2305	196
2305	195
2300	195
2300	194
2297	194
2297	193
2295	193
2295	192
2283	192
2283	191
2282	191
2282	192
2281	192
2281	191
2279	191
2279	190
2277	190
2277	191
2276	191
2276	190
2275	190
2275	191
2274	191
2274	190
2272	190
2272	191
2271	191
2271	192
2270	192
2270	193
2269	193
2269	194
2267	194
2267	196
2266	196
2266	198
2267	198
2267	201
2268	201
2268	204
2269	204
2269	206
2270	206
2270	209
2271	209
2271	210
2272	210
2272	212
2273	212
2273	215
2274	215
2274	216
2273	216
2273	217
2274	217
2274	220
2273	220
2273	221
2272	221
2272	223
2271	223
2271	225
2270	225
2270	226
2269	226
2269	228
2268	228
2268	230
2267	230
2267	232
2266	232
2266	233
2265	233
2265	236
2264	236
2264	240
2263	240
2263	245
2262	245
2262	246
2261	246
2261	249
2260	249
2260	250
2261	250
2261	251
2260	251
2260	252
2259	252
2259	261
2258	261
2258	263
2259	263
2259	264
2258	264
2258	265
2259	265
2259	271
2258	271
2258	273
2259	273
2259	278
2260	278
2260	279
2259	279
2259	281
2260	281
2260	282
2261	282
2261	283
2262	283
2262	286
2261	286
2261	289
2260	289
2260	291
2259	291
2259	292
2260	292
2260	293
2258	293
2258	296
2257	296
2257	297
2256	297
2256	299
2255	299
2255	301
2254	301
2254	303
2253	303
2253	305
2252	305
2252	306
2251	306
2251	308
2250	308
2250	311
2249	311
2249	312
2248	312
2248	313
2247	313
2247	315
2246	315
2246	317
2245	317
2245	319
2242	319
2242	320
2241	320
2241	321
2239	321
2239	322
2237	322
2237	323
2236	323
2236	324
2235	324
2235	325
2234	325
2234	328
2233	328
2233	329
2231	329
2231	330
2233	330
2233	331
2232	331
2232	332
2231	332
2231	336
2230	336
2230	339
2229	339
2229	341
2230	341
2230	342
2229	342
2229	345
2228	345
2228	347
2229	347
2229	348
2228	348
2228	351
2227	351
2227	353
2226	353
2226	355
2225	355
2225	356
2223	356
2223	357
2222	357
2222	358
2221	358
2221	359
2220	359
2220	360
2219	360
2219	361
2218	361
2218	362
2217	362
2217	365
2216	365
2216	366
2215	366
2215	368
2214	368
2214	372
2213	372
2213	373
2214	373
2214	378
2212	378
2212	379
2213	379
2213	380
2212	380
2212	382
2210	382
2210	383
2206	383
2206	384
2202	384
2202	383
2200	383
2200	384
2199	384
2199	383
2197	383
2197	380
2195	380
2195	379
2194	379
2194	377
2193	377
2193	376
2192	376
2192	374
2191	374
2191	370
2190	370
2190	369
2189	369
2189	368
2188	368
2188	366
2187	366
2187	364
2186	364
2186	363
2187	363
2187	362
2186	362
2186	361
2185	361
2185	357
2184	357
2184	355
2182	355
2182	354
2179	354
2179	353
2175	353
2175	352
2164	352
2164	351
2161	351
2161	350
2159	350
2159	348
2157	348
2157	347
2155	347
2155	346
2153	346
2153	345
2147	345
2147	347
2145	347
2145	348
2139	348
2139	349
2137	349
2137	348
2134	348
2134	349
2130	349
2130	350
2129	350
2129	349
2127	349
2127	348
2126	348
2126	347
2123	347
2123	345
2121	345
2121	344
2120	344
2120	343
2119	343
2119	342
2117	342
2117	341
2118	341
2118	340
2117	340
2117	341
2116	341
2116	340
2115	340
2115	339
2112	339
2112	338
2111	338
2111	339
2110	339
2110	338
2109	338
2109	337
2107	337
2107	336
2106	336
2106	335
2105	335
2105	334
2103	334
2103	333
2102	333
2102	332
2101	332
2101	331
2097	331
2097	330
2094	330
2094	328
2092	328
2092	327
2089	327
2089	326
2088	326
2088	327
2084	327
2084	328
2083	328
2083	327
2082	327
2082	328
2075	328
2075	327
2071	327
2071	328
2070	328
2070	327
2069	327
2069	328
2064	328
2064	329
2061	329
2061	330
2060	330
2060	331
2057	331
2057	333
2056	333
2056	332
2054	332
2054	333
2055	333
2055	334
2054	334
2054	335
2053	335
2053	336
2052	336
2052	337
2050	337
2050	338
2045	338
2045	339
2044	339
2044	340
2043	340
2043	341
2042	341
2042	342
2041	342
2041	343
2040	343
2040	344
2041	344
2041	345
2040	345
2040	347
2039	347
2039	348
2038	348
2038	349
2037	349
2037	350
2036	350
2036	351
2035	351
2035	350
2034	350
2034	352
2033	352
2033	353
2031	353
2031	354
2027	354
2027	355
2026	355
2026	354
2024	354
2024	353
2023	353
2023	352
2021	352
2021	351
2020	351
2020	350
2018	350
2018	349
2017	349
2017	348
2015	348
2015	347
2013	347
2013	345
2012	345
2012	344
2011	344
2011	343
2005	343
2005	342
2004	342
2004	343
2000	343
2000	340
1999	340
1999	339
1997	339
1997	338
1996	338
1996	337
1995	337
1995	335
1994	335
1994	334
1993	334
1993	333
1991	333
1991	332
1989	332
1989	331
1988	331
1988	329
1987	329
1987	328
1986	328
1986	327
1985	327
1985	324
1983	324
1983	322
1982	322
1982	320
1981	320
1981	319
1980	319
1980	318
1979	318
1979	317
1978	317
1978	316
1977	316
1977	315
1976	315
1976	313
1975	313
1975	312
1972	312
1972	311
1970	311
1970	310
1969	310
1969	309
1967	309
1967	307
1965	307
1965	306
1963	306
1963	305
1960	305
1960	304
1958	304
1958	302
1957	302
1957	303
1955	303
1955	302
1949	302
1949	303
1946	303
1946	302
1943	302
1943	303
1941	303
1941	302
1938	302
1938	303
1937	303
1937	304
1936	304
1936	303
1935	303
1935	302
1933	302
1933	301
1932	301
1932	302
1929	302
1929	303
1925	303
1925	304
1923	304
1923	305
1921	305
1921	308
1920	308
1920	309
1919	309
1919	311
1918	311
1918	317
1917	317
1917	318
1918	318
1918	324
1906	324
1906	325
1897	325
1897	326
1896	326
1896	325
1893	325
1893	327
1891	327
1891	328
1889	328
1889	329
1888	329
1888	331
1886	331
1886	332
1885	332
1885	333
1884	333
1884	334
1883	334
1883	336
1882	336
1882	340
1881	340
1881	344
1880	344
1880	348
1878	348
1878	349
1880	349
1880	350
1879	350
1879	352
1878	352
1878	353
1879	353
1879	362
1880	362
1880	369
1879	369
1879	370
1881	370
1881	371
1880	371
1880	374
1881	374
1881	375
1880	375
1880	376
1881	376
1881	383
1880	383
1880	389
1879	389
1879	396
1878	396
1878	401
1877	401
1877	403
1876	403
1876	405
1875	405
1875	408
1874	408
1874	409
1873	409
1873	410
1874	410
1874	412
1872	412
1872	413
1871	413
1871	414
1868	414
1868	415
1866	415
1866	416
1865	416
1865	417
1861	417
1861	416
1860	416
1860	417
1858	417
1858	418
1855	418
1855	419
1853	419
1853	418
1850	418
1850	417
1848	417
1848	418
1845	418
1845	419
1844	419
1844	418
1828	418
1828	419
1825	419
1825	418
1824	418
1824	419
1821	419
1821	420
1820	420
1820	419
1819	419
1819	420
1817	420
1817	418
1816	418
1816	419
1815	419
1815	420
1812	420
1812	423
1811	423
1811	427
1810	427
1810	425
1809	425
1809	431
1808	431
1808	432
1809	432
1809	435
1810	435
1810	436
1808	436
1808	437
1809	437
1809	438
1807	438
1807	436
1806	436
1806	438
1807	438
1807	439
1809	439
1809	440
1808	440
1808	444
1807	444
1807	443
1804	443
1804	442
1803	442
1803	441
1801	441
1801	442
1800	442
1800	441
1798	441
1798	442
1794	442
1794	443
1793	443
1793	442
1792	442
1792	441
1791	441
1791	440
1790	440
1790	439
1780	439
1780	438
1779	438
1779	439
1778	439
1778	438
1772	438
1772	437
1771	437
1771	436
1770	436
1770	435
1769	435
1769	433
1767	433
1767	431
1765	431
1765	430
1766	430
1766	428
1765	428
1765	427
1764	427
1764	426
1763	426
1763	424
1761	424
1761	423
1760	423
1760	422
1759	422
1759	421
1755	421
1755	419
1753	419
1753	418
1741	418
1741	419
1739	419
1739	420
1734	420
1734	421
1732	421
1732	422
1730	422
1730	423
1729	423
1729	424
1727	424
1727	425
1726	425
1726	426
1725	426
1725	427
1724	427
1724	428
1723	428
1723	429
1721	429
1721	430
1719	430
1719	431
1716	431
1716	432
1714	432
1714	433
1712	433
1712	434
1710	434
1710	435
1708	435
1708	437
1706	437
1706	441
1705	441
1705	443
1704	443
1704	444
1703	444
1703	446
1701	446
1701	447
1700	447
1700	448
1699	448
1699	449
1697	449
1697	450
1696	450
1696	451
1695	451
1695	450
1694	450
1694	451
1692	451
1692	452
1690	452
1690	453
1689	453
1689	454
1688	454
1688	455
1685	455
1685	457
1684	457
1684	458
1683	458
1683	459
1682	459
1682	460
1679	460
1679	461
1674	461
1674	462
1667	462
1667	461
1666	461
1666	462
1664	462
1664	461
1661	461
1661	460
1660	460
1660	459
1659	459
1659	458
1657	458
1657	457
1652	457
1652	458
1646	458
1646	457
1632	457
1632	455
1631	455
1631	453
1630	453
1630	448
1629	448
1629	442
1630	442
1630	438
1631	438
1631	437
1630	437
1630	436
1629	436
1629	435
1628	435
1628	434
1627	434
1627	433
1625	433
1625	431
1623	431
1623	430
1621	430
1621	429
1617	429
1617	428
1611	428
1611	427
1607	427
1607	426
1606	426
1606	427
1599	427
1599	428
1597	428
1597	426
1590	426
1590	424
1589	424
1589	421
1588	421
1588	418
1587	418
1587	415
1588	415
1588	414
1587	414
1587	410
1588	410
1588	409
1587	409
1587	406
1588	406
1588	402
1589	402
1589	399
1590	399
1590	392
1589	392
1589	389
1588	389
1588	387
1587	387
1587	386
1586	386
1586	385
1582	385
1582	384
1579	384
1579	383
1577	383
1577	382
1572	382
1572	381
1562	381
1562	382
1557	382
1557	383
1547	383
1547	384
1544	384
1544	385
1543	385
1543	386
1541	386
1541	387
1537	387
1537	388
1534	388
1534	389
1532	389
1532	390
1530	390
1530	392
1529	392
1529	393
1527	393
1527	392
1526	392
1526	393
1527	393
1527	394
1525	394
1525	395
1526	395
1526	397
1524	397
1524	398
1523	398
1523	400
1521	400
1521	401
1520	401
1520	403
1518	403
1518	405
1517	405
1517	410
1516	410
1516	412
1517	412
1517	413
1516	413
1516	417
1517	417
1517	423
1516	423
1516	426
1515	426
1515	428
1509	428
1509	429
1508	429
1508	428
1503	428
1503	429
1501	429
1501	428
1500	428
1500	429
1492	429
1492	430
1491	430
1491	429
1489	429
1489	428
1484	428
1484	427
1483	427
1483	428
1482	428
1482	427
1481	427
1481	428
1477	428
1477	427
1476	427
1476	428
1475	428
1475	427
1470	427
1470	426
1467	426
1467	427
1462	427
1462	426
1461	426
1461	425
1460	425
1460	424
1453	424
1453	423
1452	423
1452	421
1450	421
1450	420
1449	420
1449	419
1448	419
1448	418
1447	418
1447	416
1446	416
1446	417
1445	417
1445	415
1444	415
1444	414
1443	414
1443	413
1442	413
1442	412
1441	412
1441	410
1440	410
1440	407
1439	407
1439	406
1438	406
1438	404
1437	404
1437	402
1435	402
1435	400
1434	400
1434	399
1432	399
1432	398
1431	398
1431	397
1429	397
1429	396
1427	396
1427	395
1428	395
1428	394
1426	394
1426	393
1425	393
1425	391
1424	391
1424	390
1422	390
1422	389
1420	389
1420	388
1419	388
1419	387
1417	387
1417	386
1416	386
1416	385
1415	385
1415	384
1412	384
1412	383
1408	383
1408	382
1407	382
1407	380
1406	380
1406	379
1405	379
1405	378
1404	378
1404	377
1403	377
1403	375
1402	375
1402	374
1400	374
1400	373
1395	373
1395	372
1391	372
1391	371
1388	371
1388	369
1386	369
1386	368
1379	368
1379	369
1373	369
1373	368
1370	368
1370	367
1366	367
1366	368
1364	368
1364	369
1363	369
1363	370
1362	370
1362	371
1361	371
1361	374
1360	374
1360	378
1359	378
1359	381
1358	381
1358	382
1357	382
1357	381
1354	381
1354	380
1347	380
1347	381
1346	381
1346	382
1345	382
1345	383
1340	383
1340	384
1338	384
1338	385
1337	385
1337	386
1336	386
1336	389
1335	389
1335	390
1336	390
1336	391
1334	391
1334	394
1333	394
1333	395
1332	395
1332	396
1331	396
1331	399
1330	399
1330	404
1329	404
1329	405
1330	405
1330	406
1329	406
1329	408
1330	408
1330	409
1329	409
1329	411
1328	411
1328	413
1327	413
1327	414
1326	414
1326	418
1325	418
1325	424
1324	424
1324	427
1323	427
1323	430
1322	430
1322	432
1321	432
1321	434
1320	434
1320	435
1319	435
1319	437
1318	437
1318	439
1316	439
1316	437
1315	437
1315	438
1314	438
1314	437
1312	437
1312	438
1308	438
1308	439
1305	439
1305	440
1304	440
1304	442
1302	442
1302	443
1301	443
1301	444
1300	444
1300	447
1298	447
1298	452
1297	452
1297	454
1296	454
1296	456
1297	456
1297	460
1296	460
1296	461
1297	461
1297	462
1296	462
1296	465
1295	465
1295	467
1294	467
1294	468
1293	468
1293	469
1292	469
1292	470
1290	470
1290	471
1289	471
1289	472
1287	472
1287	473
1279	473
1279	472
1278	472
1278	470
1277	470
1277	469
1275	469
1275	466
1274	466
1274	465
1272	465
1272	464
1271	464
1271	463
1270	463
1270	461
1269	461
1269	460
1268	460
1268	459
1267	459
1267	456
1266	456
1266	454
1264	454
1264	450
1262	450
1262	447
1261	447
1261	446
1260	446
1260	445
1259	445
1259	444
1258	444
1258	443
1256	443
1256	441
1254	441
1254	440
1248	440
1248	439
1244	439
1244	438
1242	438
1242	437
1239	437
1239	436
1226	436
1226	437
1222	437
1222	438
1217	438
1217	439
1216	439
1216	440
1214	440
1214	441
1209	441
1209	442
1202	442
1202	443
1196	443
1196	444
1192	444
1192	445
1189	445
1189	446
1188	446
1188	445
1185	445
1185	446
1184	446
1184	445
1180	445
1180	444
1179	444
1179	445
1177	445
1177	444
1175	444
1175	443
1173	443
1173	442
1171	442
1171	441
1168	441
1168	440
1165	440
1165	439
1164	439
1164	438
1162	438
1162	437
1157	437
1157	434
1155	434
1155	433
1154	433
1154	432
1152	432
1152	431
1151	431
1151	430
1148	430
1148	431
1147	431
1147	430
1144	430
1144	429
1142	429
1142	428
1137	428
1137	427
1134	427
1134	426
1133	426
1133	425
1132	425
1132	426
1131	426
1131	425
1129	425
1129	424
1122	424
1122	425
1121	425
1121	424
1119	424
1119	423
1116	423
1116	422
1114	422
1114	423
1111	423
1111	422
1110	422
1110	423
1109	423
1109	422
1108	422
1108	419
1107	419
1107	418
1106	418
1106	417
1104	417
1104	416
1101	416
1101	415
1098	415
1098	414
1097	414
1097	413
1095	413
1095	412
1094	412
1094	411
1092	411
1092	410
1091	410
1091	409
1089	409
1089	408
1088	408
1088	407
1089	407
1089	406
1088	406
1088	407
1085	407
1085	406
1084	406
1084	407
1083	407
1083	406
1082	406
1082	405
1081	405
1081	404
1080	404
1080	402
1079	402
1079	403
1078	403
1078	402
1077	402
1077	400
1078	400
1078	399
1077	399
1077	397
1076	397
1076	396
1075	396
1075	395
1076	395
1076	394
1075	394
1075	389
1074	389
1074	385
1073	385
1073	384
1075	384
1075	383
1074	383
1074	382
1073	382
1073	381
1075	381
1075	378
1076	378
1076	376
1077	376
1077	372
1080	372
1080	373
1082	373
1082	374
1083	374
1083	375
1084	375
1084	376
1086	376
1086	375
1087	375
1087	374
1086	374
1086	373
1084	373
1084	371
1083	371
1083	370
1082	370
1082	369
1079	369
1079	368
1075	368
1075	367
1074	367
1074	366
1076	366
1076	365
1077	365
1077	364
1076	364
1076	363
1075	363
1075	362
1073	362
1073	361
1072	361
1072	358
1071	358
1071	357
1070	357
1070	356
1069	356
1069	357
1067	357
1067	356
1066	356
1066	354
1065	354
1065	353
1064	353
1064	352
1062	352
1062	351
1061	351
1061	350
1058	350
1058	349
1056	349
1056	350
1055	350
1055	349
1052	349
1052	348
1050	348
1050	347
1049	347
1049	346
1047	346
1047	345
1044	345
1044	342
1043	342
1043	341
1042	341
1042	337
1041	337
1041	331
1040	331
1040	328
1039	328
1039	326
1038	326
1038	317
1036	317
1036	316
1037	316
1037	315
1038	315
1038	313
1037	313
1037	312
1034	312
1034	311
1033	311
1033	310
1032	310
1032	311
1031	311
1031	312
1029	312
1029	316
1027	316
1027	315
1025	315
1025	314
1024	314
1024	313
1020	313
1020	312
1018	312
1018	313
1016	313
1016	312
1012	312
1012	311
1009	311
1009	310
1008	310
1008	309
1007	309
1007	310
1006	310
1006	309
1001	309
1001	310
994	310
994	311
987	311
987	312
985	312
985	313
984	313
984	315
983	315
983	316
982	316
982	317
981	317
981	319
980	319
980	322
981	322
981	330
982	330
982	332
983	332
983	333
984	333
984	334
985	334
985	337
986	337
986	338
985	338
985	340
986	340
986	342
985	342
985	343
986	343
986	350
985	350
985	353
984	353
984	355
983	355
983	356
982	356
982	357
981	357
981	358
980	358
980	359
978	359
978	360
977	360
977	361
976	361
976	362
971	362
971	363
967	363
967	364
964	364
964	365
959	365
959	364
958	364
958	365
957	365
957	366
951	366
951	367
950	367
950	368
946	368
946	369
944	369
944	370
940	370
940	371
939	371
939	372
938	372
938	373
937	373
937	374
936	374
936	377
935	377
935	382
934	382
934	391
935	391
935	392
934	392
934	394
933	394
933	395
934	395
934	396
933	396
933	397
934	397
934	398
933	398
933	400
932	400
932	402
933	402
933	401
934	401
934	403
933	403
933	406
934	406
934	410
932	410
932	411
933	411
933	412
931	412
931	413
934	413
934	414
929	414
929	415
926	415
926	414
924	414
924	413
916	413
916	412
908	412
908	413
905	413
905	416
904	416
904	417
903	417
903	418
902	418
902	419
900	419
900	421
899	421
899	422
898	422
898	424
892	424
892	423
889	423
889	422
888	422
888	421
886	421
886	420
885	420
885	419
883	419
883	418
881	418
881	417
879	417
879	416
873	416
873	415
872	415
872	416
870	416
870	415
869	415
869	416
867	416
867	415
866	415
866	414
867	414
867	413
866	413
866	414
864	414
864	413
862	413
862	412
860	412
860	411
859	411
859	410
857	410
857	409
855	409
855	408
853	408
853	407
852	407
852	406
851	406
851	405
849	405
849	404
847	404
847	403
845	403
845	402
842	402
842	401
840	401
840	400
839	400
839	399
836	399
836	398
833	398
833	397
832	397
832	396
824	396
824	395
820	395
820	393
819	393
819	395
820	395
820	396
813	396
813	397
812	397
812	398
810	398
810	399
809	399
809	398
807	398
807	399
805	399
805	401
804	401
804	403
802	403
802	404
801	404
801	405
800	405
800	406
799	406
799	409
798	409
798	411
796	411
796	412
798	412
798	413
797	413
797	414
796	414
796	415
794	415
794	416
791	416
791	417
788	417
788	418
786	418
786	419
782	419
782	420
780	420
780	421
764	421
764	420
762	420
762	416
763	416
763	410
762	410
762	408
760	408
760	407
758	407
758	405
754	405
754	406
753	406
753	405
751	405
751	404
750	404
750	403
749	403
749	404
747	404
747	403
744	403
744	404
743	404
743	406
742	406
742	408
741	408
741	409
740	409
740	415
739	415
739	416
738	416
738	417
739	417
739	419
738	419
738	421
736	421
736	422
729	422
729	421
728	421
728	422
725	422
725	419
724	419
724	416
723	416
723	415
724	415
724	414
723	414
723	409
722	409
722	408
723	408
723	403
724	403
724	402
723	402
723	401
724	401
724	398
725	398
725	397
726	397
726	394
727	394
727	392
728	392
728	389
729	389
729	388
730	388
730	384
731	384
731	375
732	375
732	373
733	373
733	372
734	372
734	370
733	370
733	369
732	369
732	367
731	367
731	366
730	366
730	364
729	364
729	363
728	363
728	359
727	359
727	356
726	356
726	352
725	352
725	351
723	351
723	350
722	350
722	349
721	349
721	346
722	346
722	345
721	345
721	341
722	341
722	340
721	340
721	338
722	338
722	326
721	326
721	325
722	325
722	322
721	322
721	321
722	321
722	320
721	320
721	317
720	317
720	315
719	315
719	314
718	314
718	312
717	312
717	309
716	309
716	308
714	308
714	307
713	307
713	306
712	306
712	305
711	305
711	304
709	304
709	302
705	302
705	301
702	301
702	299
701	299
701	300
700	300
700	301
696	301
696	300
695	300
695	298
693	298
693	297
690	297
690	296
691	296
691	295
690	295
690	296
687	296
687	295
685	295
685	296
684	296
684	295
682	295
682	294
681	294
681	293
679	293
679	294
676	294
676	293
674	293
674	294
673	294
673	293
671	293
671	294
669	294
669	295
667	295
667	294
666	294
666	295
661	295
661	296
660	296
660	297
658	297
658	298
657	298
657	297
656	297
656	298
654	298
654	299
651	299
651	300
650	300
650	301
646	301
646	302
643	302
643	303
641	303
641	304
638	304
638	305
637	305
637	306
636	306
636	307
634	307
634	308
633	308
633	309
632	309
632	310
631	310
631	311
630	311
630	314
629	314
629	315
628	315
628	317
627	317
627	319
626	319
626	320
625	320
625	321
621	321
621	322
620	322
620	323
618	323
618	324
617	324
617	325
614	325
614	326
613	326
613	327
611	327
611	328
610	328
610	329
606	329
606	328
602	328
602	329
600	329
600	330
599	330
599	329
597	329
597	330
593	330
593	331
586	331
586	332
584	332
584	331
576	331
576	332
563	332
563	333
560	333
560	332
556	332
556	333
542	333
542	332
541	332
541	331
538	331
538	330
537	330
537	328
534	328
534	327
531	327
531	325
530	325
530	324
529	324
529	322
527	322
527	321
525	321
525	320
524	320
524	319
522	319
522	317
521	317
521	316
520	316
520	314
518	314
518	313
517	313
517	311
516	311
516	310
515	310
515	309
514	309
514	308
512	308
512	307
511	307
511	306
509	306
509	305
508	305
508	304
507	304
507	302
505	302
505	301
504	301
504	299
503	299
503	297
504	297
504	296
503	296
503	297
501	297
501	294
500	294
500	293
499	293
499	292
497	292
497	291
495	291
495	290
494	290
494	287
493	287
493	286
492	286
492	285
491	285
491	284
489	284
489	283
488	283
488	282
487	282
487	281
485	281
485	280
483	280
483	278
482	278
482	277
480	277
480	275
478	275
478	274
477	274
477	273
475	273
475	272
474	272
474	271
473	271
473	270
469	270
469	269
468	269
468	268
467	268
467	267
464	267
464	266
459	266
459	265
455	265
455	264
453	264
453	263
452	263
452	262
450	262
450	261
449	261
449	260
447	260
447	258
444	258
444	257
442	257
442	256
441	256
441	254
438	254
438	253
436	253
436	252
435	252
435	251
430	251
430	250
429	250
429	249
427	249
427	248
425	248
425	247
423	247
423	246
422	246
422	244
421	244
421	243
420	243
420	242
419	242
419	240
417	240
417	238
416	238
416	237
415	237
415	234
414	234
414	232
412	232
412	229
411	229
411	228
407	228
407	229
406	229
406	230
405	230
405	231
403	231
403	230
399	230
399	231
395	231
395	232
394	232
394	231
387	231
387	232
385	232
385	230
384	230
384	228
383	228
383	227
382	227
382	225
381	225
381	224
380	224
380	221
379	221
379	218
378	218
378	217
379	217
379	216
378	216
378	213
377	213
377	211
376	211
376	209
375	209
375	208
374	208
374	206
373	206
373	204
372	204
372	195
373	195
373	194
374	194
374	192
375	192
375	190
376	190
376	189
377	189
377	188
376	188
376	186
372	186
372	184
373	184
373	182
375	182
375	179
374	179
374	178
373	178
373	174
372	174
372	172
370	172
370	170
371	170
371	167
370	167
370	166
371	166
371	164
372	164
372	163
373	163
373	161
376	161
376	160
377	160
377	159
378	159
378	158
379	158
379	157
380	157
380	154
379	154
379	152
375	152
375	153
374	153
374	154
373	154
373	155
369	155
369	154
367	154
367	155
363	155
363	154
362	154
362	153
361	153
361	152
360	152
360	151
359	151
359	149
358	149
358	148
357	148
357	147
347	147
347	148
343	148
343	149
342	149
342	150
341	150
341	152
340	152
340	155
339	155
339	158
338	158
338	163
337	163
337	173
336	173
336	174
335	174
335	177
334	177
334	179
331	179
331	178
329	178
329	177
324	177
324	176
322	176
322	175
319	175
319	174
318	174
318	173
313	173
313	172
312	172
312	173
302	173
302	174
288	174
288	173
285	173
285	172
278	172
278	173
276	173
276	174
275	174
275	175
274	175
274	176
273	176
273	177
272	177
272	179
271	179
271	180
272	180
272	188
271	188
271	192
270	192
270	194
269	194
269	195
267	195
267	196
264	196
264	197
262	197
262	199
261	199
261	200
260	200
260	201
259	201
259	202
258	202
258	203
256	203
256	204
255	204
255	205
253	205
253	206
219	206
219	207
216	207
216	208
215	208
215	209
213	209
213	210
212	210
212	212
211	212
211	214
210	214
210	217
209	217
209	220
208	220
208	223
207	223
207	225
206	225
206	226
205	226
205	228
204	228
204	229
203	229
203	230
201	230
201	231
197	231
197	232
179	232
179	231
178	231
178	230
176	230
176	229
175	229
175	228
173	228
173	227
172	227
172	226
171	226
171	225
170	225
170	224
168	224
168	223
165	223
165	222
162	222
162	221
159	221
159	220
157	220
157	219
156	219
156	218
154	218
154	217
153	217
153	216
152	216
152	214
151	214
151	212
150	212
150	210
149	210
149	208
148	208
148	206
147	206
147	202
146	202
146	198
144	198
144	197
140	197
140	196
139	196
139	195
136	195
136	194
134	194
134	195
127	195
127	194
126	194
126	192
127	192
127	189
126	189
126	188
125	188
125	185
124	185
124	183
123	183
123	180
122	180
122	178
121	178
121	174
122	174
122	170
123	170
123	168
122	168
122	167
123	167
123	163
122	163
122	162
121	162
121	161
115	161
115	160
114	160
114	161
113	161
113	160
109	160
109	161
108	161
108	163
106	163
106	164
105	164
105	165
104	165
104	167
102	167
102	168
94	168
94	167
93	167
93	166
92	166
92	167
91	167
91	166
80	166
80	165
79	165
79	163
78	163
78	162
76	162
76	163
75	163
75	166
74	166
74	167
75	167
75	168
76	168
76	169
79	169
79	170
82	170
82	169
83	169
83	170
86	170
86	169
92	169
92	170
93	170
93	171
94	171
94	172
98	172
98	171
102	171
102	170
103	170
103	169
105	169
105	168
106	168
106	167
107	167
107	165
109	165
109	164
110	164
110	163
111	163
111	162
114	162
114	163
115	163
115	164
120	164
120	169
119	169
119	171
118	171
118	177
119	177
119	184
121	184
121	187
122	187
122	189
123	189
123	192
122	192
122	193
123	193
123	195
122	195
122	197
123	197
123	199
126	199
126	198
131	198
131	199
132	199
132	198
133	198
133	199
134	199
134	198
135	198
135	199
136	199
136	198
139	198
139	199
141	199
141	201
142	201
142	203
143	203
143	206
144	206
144	209
145	209
145	210
146	210
146	211
147	211
147	214
148	214
148	216
149	216
149	217
150	217
150	219
151	219
151	220
152	220
152	221
154	221
154	222
156	222
156	223
157	223
157	224
159	224
159	225
161	225
161	226
167	226
167	227
168	227
168	228
170	228
170	229
171	229
171	230
172	230
172	231
173	231
173	232
174	232
174	233
175	233
175	234
177	234
177	235
187	235
187	234
188	234
188	235
189	235
189	234
190	234
190	235
191	235
191	236
195	236
195	235
196	235
196	236
197	236
197	235
199	235
199	234
200	234
200	233
203	233
203	232
205	232
205	231
206	231
206	230
207	230
207	228
208	228
208	226
209	226
209	224
210	224
210	222
211	222
211	221
212	221
212	218
213	218
213	217
214	217
214	213
215	213
215	212
216	212
216	211
217	211
217	210
225	210
225	209
232	209
232	210
233	210
233	209
234	209
234	210
237	210
237	209
246	209
246	210
251	210
251	209
255	209
255	208
256	208
256	207
257	207
257	206
260	206
260	205
262	205
262	204
263	204
263	202
264	202
264	200
265	200
265	199
266	199
266	198
270	198
270	197
271	197
271	196
272	196
272	195
273	195
273	192
274	192
274	187
275	187
275	186
274	186
274	185
275	185
275	184
274	184
274	180
275	180
275	179
276	179
276	177
277	177
277	176
279	176
279	175
287	175
287	176
289	176
289	177
315	177
315	178
317	178
317	179
320	179
320	180
322	180
322	181
325	181
325	182
328	182
328	183
330	183
330	184
332	184
332	185
334	185
334	186
337	186
337	184
339	184
339	182
340	182
340	179
341	179
341	178
342	178
342	176
343	176
343	171
344	171
344	170
343	170
343	166
344	166
344	159
345	159
345	156
346	156
346	155
348	155
348	154
354	154
354	156
356	156
356	157
358	157
358	158
359	158
359	160
361	160
361	161
363	161
363	162
364	162
364	161
366	161
366	166
365	166
365	172
364	172
364	173
363	173
363	175
362	175
362	177
361	177
361	184
362	184
362	186
364	186
364	187
366	187
366	188
365	188
365	192
366	192
366	194
368	194
368	196
369	196
369	197
368	197
368	199
369	199
369	201
368	201
368	202
369	202
369	204
370	204
370	208
371	208
371	210
372	210
372	212
373	212
373	214
374	214
374	216
375	216
375	219
376	219
376	222
377	222
377	225
378	225
378	228
379	228
379	230
378	230
378	231
379	231
379	234
380	234
380	236
381	236
381	238
383	238
383	239
385	239
385	238
386	238
386	239
391	239
391	240
392	240
392	239
391	239
391	238
395	238
395	239
396	239
396	238
405	238
405	237
406	237
406	236
407	236
407	237
408	237
408	238
409	238
409	240
410	240
410	242
411	242
411	243
412	243
412	244
414	244
414	247
416	247
416	249
417	249
417	251
418	251
418	252
420	252
420	253
422	253
422	254
423	254
423	255
425	255
425	256
429	256
429	257
431	257
431	258
432	258
432	259
434	259
434	260
435	260
435	262
437	262
437	263
441	263
441	264
442	264
442	265
443	265
443	266
447	266
447	267
448	267
448	268
450	268
450	269
451	269
451	270
454	270
454	271
455	271
455	272
456	272
456	273
459	273
459	272
461	272
461	273
464	273
464	274
465	274
465	275
466	275
466	276
468	276
468	277
469	277
469	278
471	278
471	279
473	279
473	280
474	280
474	281
476	281
476	282
477	282
477	283
478	283
478	284
479	284
479	285
481	285
481	286
482	286
482	287
483	287
483	288
485	288
485	290
486	290
486	291
487	291
487	292
488	292
488	293
489	293
489	294
491	294
491	296
494	296
494	298
496	298
496	299
497	299
497	301
498	301
498	302
499	302
499	303
500	303
500	305
501	305
501	306
502	306
502	308
503	308
503	309
504	309
504	310
505	310
505	311
506	311
506	312
507	312
507	313
509	313
509	314
510	314
510	315
512	315
512	316
514	316
514	317
515	317
515	318
516	318
516	320
517	320
517	321
518	321
518	322
519	322
519	323
520	323
520	324
521	324
521	325
522	325
522	326
523	326
523	329
524	329
524	327
525	327
525	328
527	328
527	329
528	329
528	331
529	331
529	332
531	332
531	333
533	333
533	334
534	334
534	335
536	335
536	336
538	336
538	337
539	337
539	338
541	338
541	339
548	339
548	340
549	340
549	339
555	339
555	340
556	340
556	339
560	339
560	338
563	338
563	339
567	339
567	338
569	338
569	339
570	339
570	338
578	338
578	337
581	337
581	336
584	336
584	337
591	337
591	336
592	336
592	337
593	337
593	336
594	336
594	337
600	337
600	336
602	336
602	335
606	335
606	334
608	334
608	333
611	333
611	334
615	334
615	333
616	333
616	332
619	332
619	331
621	331
621	330
623	330
623	329
625	329
625	328
627	328
627	327
629	327
629	326
631	326
631	325
632	325
632	323
633	323
633	321
634	321
634	319
635	319
635	317
637	317
637	315
639	315
639	314
640	314
640	313
641	313
641	312
643	312
643	310
645	310
645	309
647	309
647	308
652	308
652	307
654	307
654	306
655	306
655	308
656	308
656	306
657	306
657	305
658	305
658	304
659	304
659	303
661	303
661	302
668	302
668	301
674	301
674	300
679	300
679	301
684	301
684	302
688	302
688	303
691	303
691	305
693	305
693	306
694	306
694	307
695	307
695	308
701	308
701	307
703	307
703	308
704	308
704	307
705	307
705	308
707	308
707	309
710	309
710	312
711	312
711	314
712	314
