415	457
418	457
418	458
420	458
420	459
428	459
428	460
431	460
431	459
433	459
433	460
439	460
439	461
441	461
441	462
442	462
442	463
444	463
444	464
445	464
445	466
446	466
446	469
447	469
447	470
452	470
452	471
453	471
453	472
455	472
455	474
456	474
456	475
457	475
457	479
456	479
456	481
455	481
455	483
454	483
454	485
453	485
453	488
452	488
452	497
453	497
453	498
452	498
452	502
451	502
451	504
452	504
452	505
451	505
451	508
452	508
452	509
451	509
451	537
452	537
452	539
451	539
451	541
452	541
452	546
450	546
450	547
451	547
451	550
450	550
450	552
452	552
452	555
453	555
453	556
455	556
455	558
456	558
456	559
458	559
458	560
461	560
461	559
463	559
463	558
464	558
464	557
465	557
465	550
462	550
462	549
466	549
466	548
472	548
472	547
473	547
473	548
474	548
474	547
475	547
475	548
476	548
476	547
482	547
482	548
484	548
484	549
485	549
485	550
486	550
486	551
489	551
489	552
492	552
492	553
495	553
495	556
496	556
496	560
497	560
497	562
498	562
498	566
499	566
499	568
500	568
500	573
501	573
501	576
500	576
500	578
501	578
501	579
502	579
502	580
503	580
503	581
504	581
504	580
506	580
506	581
509	581
509	582
510	582
510	583
512	583
512	584
516	584
516	583
519	583
519	582
526	582
526	583
528	583
528	582
529	582
529	583
531	583
531	584
532	584
532	583
535	583
535	582
536	582
536	583
538	583
538	582
539	582
539	581
540	581
540	582
543	582
543	581
547	581
547	580
548	580
548	579
549	579
549	578
551	578
551	577
552	577
552	575
553	575
553	574
559	574
559	575
562	575
562	576
573	576
573	577
580	577
580	578
581	578
581	586
580	586
580	587
581	587
581	588
580	588
580	590
579	590
579	594
581	594
581	595
589	595
589	596
590	596
590	595
592	595
592	596
593	596
593	595
600	595
600	596
601	596
601	597
603	597
603	598
604	598
604	599
605	599
605	600
607	600
607	601
608	601
608	603
609	603
609	605
610	605
610	604
611	604
611	605
612	605
612	606
613	606
613	607
614	607
614	608
616	608
616	609
617	609
617	610
620	610
620	611
621	611
621	612
623	612
623	613
624	613
624	614
625	614
625	615
626	615
626	616
627	616
627	618
628	618
628	621
629	621
629	623
630	623
630	624
640	624
640	623
643	623
643	624
645	624
645	629
646	629
646	630
647	630
647	631
648	631
648	632
649	632
649	633
650	633
650	635
651	635
651	637
650	637
650	638
651	638
651	639
652	639
652	641
658	641
658	639
659	639
659	638
660	638
660	635
661	635
661	634
660	634
660	633
661	633
661	626
660	626
660	624
661	624
661	622
660	622
660	621
661	621
661	619
662	619
662	616
663	616
663	615
665	615
665	614
666	614
666	613
672	613
672	614
675	614
675	613
678	613
678	614
679	614
679	613
680	613
680	615
682	615
682	616
683	616
683	617
684	617
684	619
685	619
685	623
686	623
686	627
687	627
687	630
690	630
690	632
691	632
691	634
692	634
692	635
691	635
691	637
690	637
690	638
691	638
691	640
692	640
692	642
693	642
693	643
694	643
694	644
698	644
698	645
699	645
699	644
700	644
700	642
702	642
702	641
703	641
703	639
704	639
704	637
703	637
703	635
702	635
702	633
700	633
700	632
703	632
703	633
705	633
705	634
707	634
707	635
708	635
708	636
709	636
709	638
710	638
710	640
711	640
711	641
712	641
712	642
713	642
713	643
714	643
714	645
715	645
715	646
716	646
716	648
717	648
717	649
718	649
718	650
719	650
719	652
720	652
720	655
721	655
721	658
724	658
724	659
726	659
726	658
728	658
728	659
732	659
732	661
733	661
733	662
734	662
734	663
735	663
735	664
736	664
736	665
737	665
737	667
738	667
738	668
739	668
739	669
740	669
740	670
741	670
741	671
742	671
742	672
743	672
743	673
744	673
744	674
745	674
745	676
747	676
747	678
748	678
748	679
747	679
747	680
748	680
748	681
749	681
749	682
750	682
750	683
752	683
752	684
756	684
756	687
757	687
757	692
760	692
760	693
765	693
765	692
764	692
764	690
765	690
765	686
766	686
766	684
767	684
767	683
768	683
768	682
769	682
769	681
770	681
770	680
771	680
771	679
773	679
773	677
782	677
782	678
783	678
783	679
792	679
792	678
794	678
794	677
796	677
796	676
800	676
800	675
802	675
802	676
806	676
806	675
807	675
807	676
810	676
810	677
818	677
818	678
834	678
834	677
837	677
837	676
839	676
839	675
841	675
841	674
843	674
843	673
844	673
844	672
848	672
848	671
849	671
849	668
850	668
850	665
851	665
851	663
852	663
852	664
856	664
856	663
858	663
858	661
859	661
859	660
860	660
860	659
859	659
859	650
860	650
860	648
861	648
861	647
862	647
862	646
863	646
863	645
865	645
865	644
866	644
866	645
870	645
870	644
878	644
878	645
891	645
891	646
896	646
896	647
898	647
898	648
899	648
899	649
901	649
901	650
904	650
904	649
906	649
906	650
912	650
912	651
919	651
919	652
922	652
922	653
924	653
924	654
925	654
925	658
927	658
927	659
928	659
928	660
929	660
929	659
930	659
930	660
932	660
932	662
933	662
933	661
935	661
935	662
936	662
936	663
937	663
937	665
938	665
938	666
939	666
939	668
940	668
940	669
941	669
941	674
942	674
942	675
943	675
943	676
944	676
944	677
945	677
945	676
946	676
946	677
948	677
948	679
949	679
949	680
950	680
950	681
955	681
955	680
960	680
960	681
962	681
962	682
963	682
963	683
964	683
964	684
965	684
965	686
967	686
967	688
968	688
968	690
970	690
970	691
971	691
971	692
972	692
972	693
973	693
973	694
974	694
974	696
975	696
975	697
976	697
976	699
978	699
978	700
980	700
980	703
986	703
986	702
988	702
988	701
989	701
989	700
990	700
990	699
991	699
991	696
993	696
993	695
996	695
996	693
997	693
997	692
999	692
999	691
1002	691
1002	690
1003	690
1003	689
1004	689
1004	688
1006	688
1006	687
1008	687
1008	686
1009	686
1009	685
1011	685
1011	684
1012	684
1012	683
1017	683
1017	682
1025	682
1025	681
1026	681
1026	680
1028	680
1028	679
1033	679
1033	678
1037	678
1037	677
1039	677
1039	676
1040	676
1040	675
1042	675
1042	674
1044	674
1044	673
1046	673
1046	672
1052	672
1052	671
1056	671
1056	670
1064	670
1064	669
1068	669
1068	668
1078	668
1078	667
1092	667
1092	668
1096	668
1096	669
1104	669
1104	668
1105	668
1105	669
1110	669
1110	670
1112	670
1112	671
1115	671
1115	672
1119	672
1119	673
1120	673
1120	672
1121	672
1121	673
1124	673
1124	674
1130	674
1130	675
1134	675
1134	676
1136	676
1136	677
1137	677
1137	676
1140	676
1140	677
1144	677
1144	678
1165	678
1165	677
1166	677
1166	678
1168	678
1168	677
1169	677
1169	678
1178	678
1178	679
1197	679
1197	678
1202	678
1202	679
1212	679
1212	678
1217	678
1217	677
1219	677
1219	676
1221	676
1221	673
1222	673
1222	672
1223	672
1223	671
1225	671
1225	670
1226	670
1226	669
1227	669
1227	668
1232	668
1232	667
1233	667
1233	666
1234	666
1234	665
1235	665
1235	663
1236	663
1236	661
1237	661
1237	658
1238	658
1238	656
1239	656
1239	653
1240	653
1240	652
1241	652
1241	651
1246	651
1246	650
1248	650
1248	649
1250	649
1250	648
1251	648
1251	647
1252	647
1252	645
1255	645
1255	644
1259	644
1259	642
1263	642
1263	641
1266	641
1266	640
1267	640
1267	639
1271	639
1271	638
1273	638
1273	637
1275	637
1275	636
1278	636
1278	635
1291	635
1291	636
1292	636
1292	635
1294	635
1294	636
1301	636
1301	637
1305	637
1305	636
1306	636
1306	637
1307	637
1307	636
1310	636
1310	637
1311	637
1311	636
1313	636
1313	635
1314	635
1314	636
1317	636
1317	635
1318	635
1318	636
1323	636
1323	637
1327	637
1327	638
1328	638
1328	637
1329	637
1329	638
1331	638
1331	637
1333	637
1333	638
1334	638
1334	637
1338	637
1338	636
1340	636
1340	637
1346	637
1346	636
1347	636
1347	635
1348	635
1348	633
1349	633
1349	631
1350	631
1350	629
1351	629
1351	628
1352	628
1352	627
1353	627
1353	626
1354	626
1354	625
1355	625
1355	624
1356	624
1356	623
1357	623
1357	622
1358	622
1358	620
1359	620
1359	619
1360	619
1360	618
1361	618
1361	617
1362	617
1362	616
1363	616
1363	615
1366	615
1366	614
1376	614
1376	613
1378	613
1378	612
1381	612
1381	611
1383	611
1383	610
1385	610
1385	609
1389	609
1389	608
1391	608
1391	609
1394	609
1394	608
1405	608
1405	607
1412	607
1412	606
1416	606
1416	607
1418	607
1418	608
1433	608
1433	609
1436	609
1436	608
1439	608
1439	607
1440	607
1440	606
1441	606
1441	604
1443	604
1443	603
1444	603
1444	602
1446	602
1446	601
1447	601
1447	600
1448	600
1448	599
1449	599
1449	598
1451	598
1451	597
1452	597
1452	596
1453	596
1453	595
1456	595
1456	594
1458	594
1458	593
1459	593
1459	592
1461	592
1461	591
1462	591
1462	590
1463	590
1463	589
1465	589
1465	588
1466	588
1466	587
1468	587
1468	586
1469	586
1469	585
1471	585
1471	584
1473	584
1473	583
1474	583
1474	582
1478	582
1478	581
1481	581
1481	580
1484	580
1484	579
1485	579
1485	578
1489	578
1489	577
1491	577
1491	576
1493	576
1493	575
1494	575
1494	574
1496	574
1496	573
1497	573
1497	572
1501	572
1501	571
1502	571
1502	570
1503	570
1503	569
1504	569
1504	566
1505	566
1505	565
1506	565
1506	562
1507	562
1507	561
1508	561
1508	560
1509	560
1509	558
1510	558
1510	557
1513	557
1513	556
1514	556
1514	555
1516	555
1516	554
1517	554
1517	553
1519	553
1519	552
1520	552
1520	551
1522	551
1522	550
1524	550
1524	549
1526	549
1526	548
1528	548
1528	547
1529	547
1529	546
1530	546
1530	545
1532	545
1532	543
1535	543
1535	542
1536	542
1536	541
1537	541
1537	540
1538	540
1538	539
1541	539
1541	537
1545	537
1545	535
1546	535
1546	533
1549	533
1549	532
1550	532
1550	531
1551	531
1551	530
1554	530
1554	529
1555	529
1555	528
1557	528
1557	527
1558	527
1558	526
1560	526
1560	525
1561	525
1561	524
1563	524
1563	523
1565	523
1565	522
1567	522
1567	521
1570	521
1570	520
1572	520
1572	519
1575	519
1575	518
1576	518
1576	519
1577	519
1577	518
1578	518
1578	517
1583	517
1583	516
1586	516
1586	515
1587	515
1587	514
1588	514
1588	515
1589	515
1589	514
1596	514
1596	513
1598	513
1598	512
1601	512
1601	511
1608	511
1608	510
1615	510
1615	509
1621	509
1621	508
1625	508
1625	507
1627	507
1627	506
1629	506
1629	505
1631	505
1631	504
1632	504
1632	503
1633	503
1633	502
1634	502
1634	501
1638	501
1638	500
1639	500
1639	499
1644	499
1644	498
1645	498
1645	497
1646	497
1646	496
1649	496
1649	495
1653	495
1653	494
1656	494
1656	493
1660	493
1660	492
1662	492
1662	491
1664	491
1664	490
1665	490
1665	489
1666	489
1666	488
1667	488
1667	487
1668	487
1668	479
1669	479
1669	476
1670	476
1670	473
1671	473
1671	470
1672	470
1672	469
1673	469
1673	468
1674	468
1674	467
1675	467
1675	465
1677	465
1677	463
1678	463
1678	462
1680	462
1680	460
1681	460
1681	458
1682	458
1682	454
1681	454
1681	450
1680	450
1680	444
1679	444
1679	433
1680	433
1680	430
1681	430
1681	429
1682	429
1682	427
1683	427
1683	426
1684	426
1684	425
1687	425
1687	424
1689	424
1689	423
1690	423
1690	422
1691	422
1691	421
1692	421
1692	420
1693	420
1693	418
1694	418
1694	416
1695	416
1695	413
1696	413
1696	412
1697	412
1697	409
1698	409
1698	408
1699	408
1699	407
1700	407
1700	406
1702	406
1702	405
1703	405
1703	404
1705	404
1705	403
1706	403
1706	402
1710	402
1710	400
1711	400
1711	399
1712	399
1712	398
1714	398
1714	397
1717	397
1717	396
1721	396
1721	395
1722	395
1722	396
1723	396
1723	395
1727	395
1727	394
1730	394
1730	393
1732	393
1732	392
1742	392
1742	391
1744	391
1744	390
1745	390
1745	389
1747	389
1747	388
1748	388
1748	387
1749	387
1749	386
1751	386
1751	385
1753	385
1753	384
1755	384
1755	383
1756	383
1756	382
1757	382
1757	381
1758	381
1758	380
1759	380
1759	379
1760	379
1760	377
1761	377
1761	376
1762	376
1762	374
1763	374
1763	373
1764	373
1764	372
1765	372
1765	370
1766	370
1766	369
1767	369
1767	368
1768	368
1768	366
1769	366
1769	365
1771	365
1771	363
1772	363
1772	361
1773	361
1773	360
1774	360
1774	358
1775	358
1775	356
1776	356
1776	354
1777	354
1777	352
1778	352
1778	350
1779	350
1779	348
1780	348
1780	339
1781	339
1781	323
1782	323
1782	318
1781	318
1781	314
1782	314
1782	313
1781	313
1781	308
1782	308
1782	307
1783	307
1783	306
1784	306
1784	305
1786	305
1786	303
1787	303
1787	302
1788	302
1788	300
1789	300
1789	299
1790	299
1790	298
1791	298
1791	297
1792	297
1792	295
1793	295
1793	293
1794	293
1794	291
1795	291
1795	290
1796	290
1796	289
1798	289
1798	290
1799	290
1799	289
1803	289
1803	288
1808	288
1808	286
1809	286
1809	285
1811	285
1811	284
1812	284
1812	283
1813	283
1813	282
1814	282
1814	281
1816	281
1816	280
1817	280
1817	279
1819	279
1819	278
1820	278
1820	277
1824	277
1824	276
1825	276
1825	275
1827	275
1827	274
1829	274
1829	273
1831	273
1831	272
1833	272
1833	271
1836	271
1836	270
1837	270
1837	269
1841	269
1841	267
1842	267
1842	266
1846	266
1846	265
1847	265
1847	264
1848	264
1848	263
1850	263
1850	262
1853	262
1853	261
1855	261
1855	260
1856	260
1856	259
1859	259
1859	258
1862	258
1862	257
1863	257
1863	256
1865	256
1865	255
1866	255
1866	254
1867	254
1867	253
1869	253
1869	252
1870	252
1870	251
1871	251
1871	250
1872	250
1872	249
1871	249
1871	245
1870	245
1870	242
1869	242
1869	239
1870	239
1870	235
1869	235
1869	234
1870	234
1870	224
1871	224
1871	218
1872	218
1872	214
1873	214
1873	212
1872	212
1872	209
1873	209
1873	204
1874	204
1874	203
1873	203
1873	198
1874	198
1874	197
1873	197
1873	196
1874	196
1874	188
1875	188
1875	184
1876	184
1876	181
1877	181
1877	179
1878	179
1878	178
1879	178
1879	176
1880	176
1880	175
1882	175
1882	174
1883	174
1883	173
1885	173
1885	172
1886	172
1886	171
1887	171
1887	170
1888	170
1888	169
1889	169
1889	168
1890	168
1890	167
1891	167
1891	166
1892	166
1892	165
1893	165
1893	164
1894	164
1894	163
1896	163
1896	162
1898	162
1898	161
1900	161
1900	160
1902	160
1902	159
1904	159
1904	158
1905	158
1905	157
1906	157
1906	156
1907	156
1907	155
1908	155
1908	154
1909	154
1909	153
1910	153
1910	151
1911	151
1911	149
1912	149
1912	148
1913	148
1913	146
1914	146
1914	143
1915	143
1915	137
1916	137
1916	135
1915	135
1915	134
1916	134
1916	132
1915	132
1915	124
1914	124
1914	119
1915	119
1915	111
1916	111
1916	106
1917	106
1917	102
1918	102
1918	100
1917	100
1917	96
1918	96
1918	94
1917	94
1917	87
1918	87
1918	81
1919	81
1919	79
1920	79
1920	78
1921	78
1921	75
1924	75
1924	74
1928	74
1928	73
1929	73
1929	71
1930	71
1930	70
1929	70
1929	66
1925	66
1925	65
1921	65
1921	64
1920	64
1920	65
1917	65
1917	70
1916	70
1916	71
1915	71
1915	74
1914	74
1914	75
1913	75
1913	76
1912	76
1912	77
1911	77
1911	82
1910	82
1910	85
1909	85
1909	92
1910	92
1910	98
1911	98
1911	99
1910	99
1910	106
1909	106
1909	110
1908	110
1908	113
1907	113
1907	117
1906	117
1906	124
1907	124
1907	128
1908	128
1908	129
1907	129
1907	130
1908	130
1908	142
1907	142
1907	144
1906	144
1906	145
1905	145
1905	147
1904	147
1904	148
1903	148
1903	149
1902	149
1902	151
1900	151
1900	152
1898	152
1898	153
1896	153
1896	154
1895	154
1895	155
1894	155
1894	156
1893	156
1893	157
1892	157
1892	158
1890	158
1890	159
1888	159
1888	160
1886	160
1886	161
1885	161
1885	163
1884	163
1884	164
1883	164
1883	165
1882	165
1882	166
1881	166
1881	167
1880	167
1880	168
1878	168
1878	169
1877	169
1877	170
1876	170
1876	171
1874	171
1874	172
1873	172
1873	174
1872	174
1872	175
1871	175
1871	177
1870	177
1870	179
1869	179
1869	181
1868	181
1868	189
1867	189
1867	194
1866	194
1866	197
1867	197
1867	198
1866	198
1866	201
1867	201
1867	202
1866	202
1866	211
1865	211
1865	212
1866	212
1866	213
1865	213
1865	215
1866	215
1866	217
1865	217
1865	219
1864	219
1864	220
1865	220
1865	225
1864	225
1864	227
1863	227
1863	233
1862	233
1862	235
1863	235
1863	240
1862	240
1862	245
1863	245
1863	249
1861	249
1861	250
1859	250
1859	251
1858	251
1858	252
1856	252
1856	253
1853	253
1853	255
1850	255
1850	256
1848	256
1848	257
1846	257
1846	258
1845	258
1845	259
1843	259
1843	260
1840	260
1840	261
1839	261
1839	262
1838	262
1838	263
1835	263
1835	264
1833	264
1833	265
1831	265
1831	266
1828	266
1828	267
1827	267
1827	268
1826	268
1826	269
1822	269
1822	270
1820	270
1820	271
1817	271
1817	272
1815	272
1815	273
1814	273
1814	274
1811	274
1811	275
1809	275
1809	276
1808	276
1808	277
1807	277
1807	278
1806	278
1806	279
1805	279
1805	280
1803	280
1803	281
1800	281
1800	282
1798	282
1798	281
1794	281
1794	282
1793	282
1793	283
1791	283
1791	284
1790	284
1790	285
1789	285
1789	287
1788	287
1788	290
1787	290
1787	291
1786	291
1786	293
1785	293
1785	295
1783	295
1783	296
1782	296
1782	298
1780	298
1780	299
1779	299
1779	300
1778	300
1778	301
1777	301
1777	303
1776	303
1776	304
1775	304
1775	308
1774	308
1774	325
1773	325
1773	335
1774	335
1774	338
1773	338
1773	345
1772	345
1772	347
1771	347
1771	348
1770	348
1770	351
1769	351
1769	354
1768	354
1768	357
1767	357
1767	358
1766	358
1766	359
1765	359
1765	360
1764	360
1764	361
1763	361
1763	362
1762	362
1762	363
1761	363
1761	365
1760	365
1760	366
1759	366
1759	368
1758	368
1758	369
1757	369
1757	370
1756	370
1756	372
1754	372
1754	373
1753	373
1753	375
1752	375
1752	377
1750	377
1750	378
1748	378
1748	380
1743	380
1743	381
1742	381
1742	382
1741	382
1741	383
1740	383
1740	385
1731	385
1731	386
1726	386
1726	387
1723	387
1723	388
1720	388
1720	389
1717	389
1717	390
1714	390
1714	391
1711	391
1711	392
1709	392
1709	393
1707	393
1707	394
1705	394
1705	395
1703	395
1703	396
1702	396
1702	397
1701	397
1701	398
1699	398
1699	399
1698	399
1698	400
1697	400
1697	401
1695	401
1695	402
1694	402
1694	403
1693	403
1693	404
1692	404
1692	406
1691	406
1691	407
1690	407
1690	410
1689	410
1689	411
1688	411
1688	413
1687	413
1687	415
1686	415
1686	417
1684	417
1684	418
1683	418
1683	419
1681	419
1681	420
1679	420
1679	421
1678	421
1678	422
1677	422
1677	424
1675	424
1675	426
1674	426
1674	427
1673	427
1673	430
1672	430
1672	442
1673	442
1673	443
1672	443
1672	445
1673	445
1673	450
1674	450
1674	452
1673	452
1673	454
1674	454
1674	458
1673	458
1673	459
1672	459
1672	460
1671	460
1671	461
1670	461
1670	462
1669	462
1669	463
1667	463
1667	465
1666	465
1666	466
1665	466
1665	469
1664	469
1664	471
1663	471
1663	473
1662	473
1662	477
1661	477
1661	482
1660	482
1660	485
1656	485
1656	486
1653	486
1653	487
1650	487
1650	488
1647	488
1647	489
1645	489
1645	490
1643	490
1643	491
1641	491
1641	492
1638	492
1638	493
1636	493
1636	494
1632	494
1632	495
1630	495
1630	496
1629	496
1629	497
1627	497
1627	498
1626	498
1626	499
1625	499
1625	500
1622	500
1622	501
1619	501
1619	502
1615	502
1615	503
1614	503
1614	502
1611	502
1611	503
1610	503
1610	502
1608	502
1608	503
1605	503
1605	504
1604	504
1604	505
1603	505
1603	506
1602	506
1602	507
1597	507
1597	508
1593	508
1593	509
1590	509
1590	510
1586	510
1586	511
1583	511
1583	512
1579	512
1579	513
1575	513
1575	514
1573	514
1573	515
1572	515
1572	514
1570	514
1570	515
1569	515
1569	516
1566	516
1566	517
1565	517
1565	518
1562	518
1562	519
1560	519
1560	520
1558	520
1558	521
1557	521
1557	522
1554	522
1554	523
1552	523
1552	524
1551	524
1551	525
1549	525
1549	527
1547	527
1547	528
1546	528
1546	529
1543	529
1543	530
1542	530
1542	531
1541	531
1541	532
1540	532
1540	533
1538	533
1538	534
1537	534
1537	533
1536	533
1536	535
1534	535
1534	536
1533	536
1533	537
1532	537
1532	538
1529	538
1529	539
1528	539
1528	540
1527	540
1527	541
1526	541
1526	542
1523	542
1523	544
1521	544
1521	545
1520	545
1520	546
1517	546
1517	547
1515	547
1515	549
1513	549
1513	550
1511	550
1511	551
1509	551
1509	552
1507	552
1507	553
1506	553
1506	554
1505	554
1505	555
1503	555
1503	556
1502	556
1502	557
1501	557
1501	559
1500	559
1500	560
1499	560
1499	563
1498	563
1498	564
1497	564
1497	565
1496	565
1496	567
1494	567
1494	568
1492	568
1492	569
1491	569
1491	570
1489	570
1489	571
1487	571
1487	572
1484	572
1484	573
1482	573
1482	574
1480	574
1480	575
1477	575
1477	576
1475	576
1475	577
1473	577
1473	578
1470	578
1470	579
1467	579
1467	580
1465	580
1465	581
1463	581
1463	582
1462	582
1462	583
1461	583
1461	584
1460	584
1460	583
1459	583
1459	584
1458	584
1458	585
1457	585
1457	586
1456	586
1456	587
1454	587
1454	588
1452	588
1452	589
1451	589
1451	590
1449	590
1449	591
1447	591
1447	592
1446	592
1446	593
1444	593
1444	594
1443	594
1443	595
1441	595
1441	596
1440	596
1440	597
1439	597
1439	598
1437	598
1437	599
1436	599
1436	601
1424	601
1424	600
1421	600
1421	599
1406	599
1406	600
1400	600
1400	601
1395	601
1395	602
1389	602
1389	603
1382	603
1382	604
1380	604
1380	605
1377	605
1377	606
1371	606
1371	607
1364	607
1364	608
1360	608
1360	609
1359	609
1359	610
1357	610
1357	611
1356	611
1356	612
1355	612
1355	614
1354	614
1354	615
1353	615
1353	616
1352	616
1352	618
1351	618
1351	619
1350	619
1350	620
1349	620
1349	621
1348	621
1348	622
1347	622
1347	624
1346	624
1346	625
1345	625
1345	626
1344	626
1344	627
1343	627
1343	629
1342	629
1342	630
1332	630
1332	631
1329	631
1329	632
1327	632
1327	631
1325	631
1325	630
1321	630
1321	629
1319	629
1319	630
1318	630
1318	629
1311	629
1311	628
1310	628
1310	629
1289	629
1289	628
1280	628
1280	629
1279	629
1279	628
1277	628
1277	629
1272	629
1272	630
1269	630
1269	631
1268	631
1268	632
1265	632
1265	633
1263	633
1263	634
1261	634
1261	635
1259	635
1259	636
1258	636
1258	637
1256	637
1256	638
1252	638
1252	639
1250	639
1250	640
1247	640
1247	641
1246	641
1246	642
1242	642
1242	643
1240	643
1240	644
1238	644
1238	645
1236	645
1236	646
1235	646
1235	648
1234	648
1234	650
1233	650
1233	652
1232	652
1232	654
1231	654
1231	656
1230	656
1230	658
1229	658
1229	659
1224	659
1224	660
1223	660
1223	661
1222	661
1222	663
1221	663
1221	664
1220	664
1220	665
1218	665
1218	667
1217	667
1217	668
1215	668
1215	669
1214	669
1214	670
1212	670
1212	671
1199	671
1199	670
1197	670
1197	671
1192	671
1192	672
1191	672
1191	671
1172	671
1172	670
1168	670
1168	671
1165	671
1165	670
1161	670
1161	671
1154	671
1154	670
1138	670
1138	669
1132	669
1132	668
1130	668
1130	667
1127	667
1127	666
1122	666
1122	665
1119	665
1119	664
1116	664
1116	663
1115	663
1115	662
1108	662
1108	661
1106	661
1106	662
1102	662
1102	661
1099	661
1099	662
1098	662
1098	661
1097	661
1097	660
1083	660
1083	661
1081	661
1081	660
1078	660
1078	661
1069	661
1069	662
1066	662
1066	661
1065	661
1065	662
1062	662
1062	663
1057	663
1057	664
1056	664
1056	663
1052	663
1052	664
1045	664
1045	665
1043	665
1043	666
1040	666
1040	667
1039	667
1039	668
1038	668
1038	669
1037	669
1037	670
1033	670
1033	671
1031	671
1031	672
1030	672
1030	671
1029	671
1029	672
1023	672
1023	673
1021	673
1021	674
1018	674
1018	675
1014	675
1014	676
1010	676
1010	677
1008	677
1008	678
1006	678
1006	679
1005	679
1005	680
1004	680
1004	681
1002	681
1002	682
1000	682
1000	683
998	683
998	685
995	685
995	686
993	686
993	687
991	687
991	688
989	688
989	689
986	689
986	691
982	691
982	690
981	690
981	689
980	689
980	688
979	688
979	687
978	687
978	686
977	686
977	685
976	685
976	684
975	684
975	683
973	683
973	682
972	682
972	681
971	681
971	680
970	680
970	678
969	678
969	677
967	677
967	676
966	676
966	675
965	675
965	674
963	674
963	673
960	673
960	672
958	672
958	671
955	671
955	670
951	670
951	671
950	671
950	668
946	668
946	666
945	666
945	665
944	665
944	663
943	663
943	662
942	662
942	661
941	661
941	660
940	660
940	659
939	659
939	657
938	657
938	655
937	655
937	654
936	654
936	653
935	653
935	652
932	652
932	651
930	651
930	649
929	649
929	648
928	648
928	647
926	647
926	645
923	645
923	644
917	644
917	642
916	642
916	643
915	643
915	642
906	642
906	641
901	641
901	640
897	640
897	639
896	639
896	640
895	640
895	639
892	639
892	638
882	638
882	637
880	637
880	636
879	636
879	637
876	637
876	636
875	636
875	637
863	637
863	638
862	638
862	639
859	639
859	640
858	640
858	641
856	641
856	642
855	642
855	643
854	643
854	645
853	645
853	647
852	647
852	652
851	652
851	655
849	655
849	656
847	656
847	657
846	657
846	659
845	659
845	662
844	662
844	663
842	663
842	664
844	664
844	665
843	665
843	666
842	666
842	667
839	667
839	668
836	668
836	669
835	669
835	670
809	670
809	669
806	669
806	668
804	668
804	669
803	669
803	668
798	668
798	669
797	669
797	668
796	668
796	669
794	669
794	670
789	670
789	671
785	671
785	670
781	670
781	669
779	669
779	670
777	670
777	669
772	669
772	670
771	670
771	671
769	671
769	672
767	672
767	673
766	673
766	674
765	674
765	675
763	675
763	677
761	677
761	678
760	678
760	677
756	677
756	676
755	676
755	675
754	675
754	674
752	674
752	673
751	673
751	672
750	672
750	671
747	671
747	670
746	670
746	669
745	669
745	666
744	666
744	665
742	665
742	663
741	663
741	661
740	661
740	660
739	660
739	659
740	659
740	658
739	658
739	659
738	659
738	656
736	656
736	654
734	654
734	653
733	653
733	651
726	651
726	650
724	650
724	648
723	648
723	647
722	647
722	646
721	646
721	644
719	644
719	642
718	642
718	641
717	641
717	640
716	640
716	639
715	639
715	638
714	638
714	637
713	637
713	635
712	635
712	632
711	632
711	631
710	631
710	630
709	630
709	628
707	628
707	627
705	627
705	626
704	626
704	628
701	628
701	629
699	629
699	628
697	628
697	625
696	625
696	622
695	622
695	621
694	621
694	620
693	620
693	618
692	618
692	616
691	616
691	614
690	614
690	612
689	612
689	610
688	610
688	609
686	609
686	608
684	608
684	607
682	607
682	606
681	606
681	605
676	605
676	604
674	604
674	605
671	605
671	604
669	604
669	603
667	603
667	604
665	604
665	605
663	605
663	606
661	606
661	608
660	608
660	609
658	609
658	610
657	610
657	612
656	612
656	614
655	614
655	617
654	617
654	620
653	620
653	621
652	621
652	619
650	619
650	618
648	618
648	617
647	617
647	616
643	616
643	615
633	615
633	614
632	614
632	613
631	613
631	612
630	612
630	611
627	611
627	609
626	609
626	608
625	608
625	606
623	606
623	604
621	604
621	603
620	603
620	604
617	604
617	603
615	603
615	602
614	602
614	601
613	601
613	600
612	600
612	599
611	599
611	598
610	598
610	596
609	596
609	595
608	595
608	594
607	594
607	593
606	593
606	591
605	591
605	590
604	590
604	589
603	589
603	588
599	588
599	587
587	587
587	586
586	586
586	584
587	584
587	582
588	582
588	573
586	573
586	572
584	572
584	571
582	571
582	570
581	570
581	569
578	569
578	568
577	568
577	567
574	567
574	566
573	566
573	567
569	567
569	568
567	568
567	567
563	567
563	566
560	566
560	565
559	565
559	566
557	566
557	565
555	565
555	564
554	564
554	565
553	565
553	564
552	564
552	565
551	565
551	566
549	566
549	567
548	567
548	569
547	569
547	571
546	571
546	572
544	572
544	573
539	573
539	574
537	574
537	573
536	573
536	574
533	574
533	575
527	575
527	574
526	574
526	575
525	575
525	574
524	574
524	575
523	575
523	574
518	574
518	575
517	575
517	574
516	574
516	575
511	575
511	574
510	574
510	573
508	573
508	571
506	571
506	569
505	569
505	568
506	568
506	566
505	566
505	564
504	564
504	557
505	557
505	556
507	556
507	555
508	555
508	553
509	553
509	549
508	549
508	548
509	548
509	545
508	545
508	544
506	544
506	543
504	543
504	544
502	544
502	543
501	543
501	541
499	541
499	540
498	540
498	542
497	542
497	544
493	544
493	543
489	543
489	542
488	542
488	541
487	541
487	540
478	540
478	539
477	539
477	540
474	540
474	541
472	541
472	540
463	540
463	539
462	539
462	538
461	538
461	539
457	539
457	534
456	534
456	532
457	532
457	510
456	510
456	509
457	509
457	500
458	500
458	494
457	494
457	492
458	492
458	489
457	489
457	488
458	488
458	486
459	486
459	484
460	484
460	483
461	483
461	481
462	481
462	479
463	479
463	476
465	476
465	475
464	475
464	472
463	472
463	471
462	471
462	470
461	470
461	469
460	469
460	467
458	467
458	466
456	466
456	464
455	464
455	463
454	463
454	462
453	462
453	461
452	461
452	460
451	460
451	458
447	458
447	457
446	457
446	456
445	456
445	455
444	455
444	454
443	454
443	453
441	453
441	452
433	452
433	453
432	453
432	452
426	452
426	451
425	451
425	452
423	452
423	451
420	451
420	450
419	450
419	449
413	449
413	448
412	448
412	449
408	449
408	448
405	448
405	447
404	447
404	446
402	446
402	445
401	445
401	442
399	442
399	441
400	441
400	440
397	440
397	438
396	438
396	437
395	437
395	435
394	435
394	433
393	433
393	432
392	432
392	431
391	431
391	430
390	430
390	428
388	428
388	424
387	424
387	423
386	423
386	421
384	421
384	419
383	419
383	418
382	418
382	415
381	415
381	414
380	414
380	413
379	413
379	412
378	412
378	410
377	410
377	409
378	409
378	407
376	407
376	406
375	406
375	405
374	405
374	404
373	404
373	403
372	403
372	402
371	402
371	401
370	401
370	402
369	402
369	401
366	401
366	398
365	398
365	395
364	395
364	393
363	393
363	392
362	392
362	390
361	390
361	388
354	388
354	387
352	387
352	385
349	385
349	384
346	384
346	383
343	383
343	382
341	382
341	383
339	383
339	382
334	382
334	383
331	383
331	384
329	384
329	385
326	385
326	384
325	384
325	382
324	382
324	381
323	381
323	380
322	380
322	379
321	379
321	377
319	377
319	376
318	376
318	375
317	375
317	374
316	374
316	373
315	373
315	372
313	372
313	371
312	371
312	370
311	370
311	369
310	369
310	368
308	368
308	367
307	367
307	366
303	366
303	365
301	365
301	364
300	364
300	365
298	365
298	364
297	364
297	363
292	363
292	362
287	362
287	363
281	363
281	362
279	362
279	363
277	363
277	364
267	364
267	365
265	365
265	366
263	366
263	367
262	367
262	368
261	368
261	369
256	369
256	368
254	368
254	366
253	366
253	365
251	365
251	363
250	363
250	362
249	362
249	361
248	361
248	359
246	359
246	358
243	358
243	357
242	357
242	358
236	358
236	357
235	357
235	356
234	356
234	355
233	355
233	354
229	354
229	350
230	350
230	347
231	347
231	343
232	343
232	341
233	341
233	333
234	333
234	327
235	327
235	325
234	325
234	323
233	323
233	322
232	322
232	323
231	323
231	322
230	322
230	323
229	323
229	325
228	325
228	326
227	326
227	327
226	327
226	328
224	328
224	329
215	329
215	330
211	330
211	329
209	329
209	325
208	325
208	324
209	324
209	320
210	320
210	316
211	316
211	313
212	313
212	307
213	307
213	306
214	306
214	302
215	302
215	299
216	299
216	295
217	295
217	294
218	294
218	292
219	292
219	284
220	284
220	282
221	282
221	279
222	279
222	277
223	277
223	276
224	276
224	274
225	274
225	271
224	271
224	270
223	270
223	269
220	269
220	268
218	268
218	267
217	267
217	266
216	266
216	265
214	265
214	264
213	264
213	263
212	263
212	264
210	264
210	263
206	263
206	264
197	264
197	265
195	265
195	266
193	266
193	267
187	267
187	266
185	266
185	265
182	265
182	264
179	264
179	265
178	265
178	264
175	264
175	263
174	263
174	262
173	262
173	261
170	261
170	258
171	258
171	257
170	257
170	256
171	256
171	253
170	253
170	252
171	252
171	250
172	250
172	245
173	245
173	241
174	241
174	238
175	238
175	236
174	236
174	235
175	235
175	234
176	234
176	229
177	229
177	227
178	227
178	223
179	223
179	222
178	222
178	221
179	221
179	218
178	218
178	217
179	217
179	213
178	213
178	212
179	212
179	211
178	211
178	209
176	209
176	208
175	208
175	207
174	207
174	206
171	206
171	204
170	204
170	203
166	203
166	202
162	202
162	200
158	200
158	199
156	199
156	198
151	198
151	197
146	197
146	198
145	198
145	197
140	197
140	196
139	196
139	195
138	195
138	194
135	194
135	193
134	193
134	192
133	192
133	191
132	191
132	189
131	189
131	188
130	188
130	187
129	187
129	186
128	186
128	185
126	185
126	184
124	184
124	183
121	183
121	182
119	182
119	181
118	181
118	179
116	179
116	178
115	178
115	177
112	177
112	176
107	176
107	175
103	175
103	174
104	174
104	173
103	173
103	169
104	169
104	167
103	167
103	163
102	163
102	162
103	162
103	154
104	154
104	146
105	146
105	144
106	144
106	143
105	143
105	142
106	142
106	141
104	141
104	139
99	139
99	141
97	141
97	142
96	142
96	147
97	147
97	178
96	178
96	182
99	182
99	183
101	183
101	184
103	184
103	183
105	183
105	184
106	184
106	183
107	183
107	184
108	184
108	183
109	183
109	184
113	184
113	185
115	185
115	186
116	186
116	188
117	188
117	190
120	190
120	192
121	192
121	191
125	191
125	192
126	192
126	193
127	193
127	195
129	195
129	197
130	197
130	198
131	198
131	199
133	199
133	200
134	200
134	201
136	201
136	202
137	202
137	203
139	203
139	204
142	204
142	205
155	205
155	206
158	206
158	208
160	208
160	209
165	209
165	210
167	210
167	211
168	211
168	212
169	212
169	213
171	213
171	217
172	217
172	222
171	222
171	227
170	227
170	231
169	231
169	234
168	234
168	236
167	236
167	237
168	237
168	238
167	238
167	242
166	242
166	249
165	249
165	252
166	252
166	253
165	253
165	258
164	258
164	263
163	263
163	267
164	267
164	268
166	268
166	269
167	269
167	268
169	268
169	269
172	269
172	270
174	270
174	271
175	271
175	272
182	272
182	273
183	273
183	274
190	274
190	275
194	275
194	274
195	274
195	273
196	273
196	272
198	272
198	271
204	271
204	272
205	272
205	271
207	271
207	272
210	272
210	271
212	271
212	272
214	272
214	273
216	273
216	277
215	277
215	280
214	280
214	283
213	283
213	288
212	288
212	293
211	293
211	298
210	298
210	301
209	301
209	304
208	304
208	307
207	307
207	310
206	310
206	311
205	311
205	312
206	312
206	313
205	313
205	317
204	317
204	320
203	320
203	326
202	326
202	331
201	331
201	336
202	336
202	337
203	337
203	338
205	338
205	337
211	337
211	336
213	336
213	337
220	337
220	336
223	336
223	335
225	335
225	334
227	334
227	339
226	339
226	346
225	346
225	349
224	349
224	352
223	352
223	354
222	354
222	360
223	360
223	361
224	361
224	362
225	362
225	361
226	361
226	362
227	362
227	361
228	361
228	362
229	362
229	361
230	361
230	362
233	362
233	363
234	363
234	364
236	364
236	365
240	365
240	366
242	366
242	365
243	365
243	366
245	366
245	367
246	367
246	368
248	368
248	369
249	369
249	370
250	370
250	371
251	371
251	372
252	372
252	373
253	373
253	374
254	374
254	375
255	375
255	376
263	376
263	375
264	375
264	374
265	374
265	373
267	373
267	372
280	372
280	371
286	371
286	370
289	370
289	369
291	369
291	370
295	370
295	371
297	371
297	372
300	372
300	373
302	373
302	374
304	374
304	375
305	375
305	376
307	376
307	377
308	377
308	378
311	378
311	379
312	379
312	380
313	380
313	381
314	381
314	382
315	382
315	383
316	383
316	384
317	384
317	386
318	386
318	387
319	387
319	388
320	388
320	389
321	389
321	390
322	390
322	392
325	392
325	393
329	393
329	392
331	392
331	391
335	391
335	390
338	390
338	391
347	391
347	392
348	392
348	393
349	393
349	394
352	394
352	395
353	395
353	396
357	396
357	398
358	398
358	401
359	401
359	407
360	407
360	408
361	408
361	409
364	409
364	410
365	410
365	409
368	409
368	410
370	410
370	411
371	411
371	412
369	412
369	414
372	414
372	413
373	413
373	414
374	414
374	415
375	415
375	417
376	417
376	419
377	419
377	420
378	420
378	421
379	421
379	423
380	423
380	424
381	424
381	426
382	426
382	427
383	427
383	428
381	428
381	429
382	429
382	430
385	430
385	432
386	432
386	433
387	433
387	436
388	436
388	439
389	439
389	445
392	445
392	446
395	446
395	447
396	447
396	448
397	448
397	449
398	449
398	451
399	451
399	452
400	452
400	453
401	453
401	454
402	454
402	453
404	453
404	454
406	454
406	455
408	455
408	456
415	456
