265	328
266	328
266	331
267	331
267	333
268	333
268	335
269	335
269	336
270	336
270	337
271	337
271	338
274	338
274	340
276	340
276	341
280	341
280	342
285	342
285	343
288	343
288	344
289	344
289	345
290	345
290	346
291	346
291	347
292	347
292	348
293	348
293	351
294	351
294	352
295	352
295	355
296	355
296	358
297	358
297	361
296	361
296	362
297	362
297	369
298	369
298	373
300	373
300	374
299	374
299	375
300	375
300	381
301	381
301	383
302	383
302	386
303	386
303	388
306	388
306	389
308	389
308	390
313	390
313	391
314	391
314	392
316	392
316	393
317	393
317	395
319	395
319	396
318	396
318	397
320	397
320	399
321	399
321	400
322	400
322	401
323	401
323	402
324	402
324	403
325	403
325	404
326	404
326	405
327	405
327	407
328	407
328	408
329	408
329	409
333	409
333	410
335	410
335	411
336	411
336	412
338	412
338	413
339	413
339	415
340	415
340	416
344	416
344	418
345	418
345	417
347	417
347	418
349	418
349	420
352	420
352	421
355	421
355	423
356	423
356	425
355	425
355	436
356	436
356	437
355	437
355	444
356	444
356	447
355	447
355	449
356	449
356	450
359	450
359	451
365	451
365	452
366	452
366	451
370	451
370	450
371	450
371	449
373	449
373	448
377	448
377	447
378	447
378	446
379	446
379	445
381	445
381	444
383	444
383	443
392	443
392	442
393	442
393	443
394	443
394	442
397	442
397	443
401	443
401	444
403	444
403	445
404	445
404	446
405	446
405	447
407	447
407	448
408	448
408	449
414	449
414	450
416	450
416	451
417	451
417	450
419	450
419	451
422	451
422	452
425	452
425	453
427	453
427	454
429	454
429	455
431	455
431	454
432	454
432	455
438	455
438	454
440	454
440	455
458	455
458	456
459	456
459	455
463	455
463	456
465	456
465	457
468	457
468	458
469	458
469	459
470	459
470	460
471	460
471	462
473	462
473	464
474	464
474	468
475	468
475	473
476	473
476	475
475	475
475	477
476	477
476	482
474	482
474	483
473	483
473	484
472	484
472	486
471	486
471	487
472	487
472	489
473	489
473	490
474	490
474	491
475	491
475	492
476	492
476	493
477	493
477	496
478	496
478	497
480	497
480	498
481	498
481	497
482	497
482	496
484	496
484	494
486	494
486	495
487	495
487	494
490	494
490	493
491	493
491	494
492	494
492	497
493	497
493	498
494	498
494	501
495	501
495	505
496	505
496	507
497	507
497	510
498	510
498	513
499	513
499	515
498	515
498	516
497	516
497	518
496	518
496	519
495	519
495	521
494	521
494	523
493	523
493	527
492	527
492	528
493	528
493	529
495	529
495	530
496	530
496	529
503	529
503	530
512	530
512	529
513	529
513	528
514	528
514	526
515	526
515	525
516	525
516	524
517	524
517	523
518	523
518	522
522	522
522	521
527	521
527	520
529	520
529	519
531	519
531	518
532	518
532	519
535	519
535	520
536	520
536	519
539	519
539	518
540	518
540	519
541	519
541	520
542	520
542	521
544	521
544	524
546	524
546	525
554	525
554	527
556	527
556	528
565	528
565	529
567	529
567	530
568	530
568	531
570	531
570	532
573	532
573	533
579	533
579	532
590	532
590	531
595	531
595	532
596	532
596	531
597	531
597	530
599	530
599	529
600	529
600	527
602	527
602	526
605	526
605	525
607	525
607	524
608	524
608	523
609	523
609	522
610	522
610	520
611	520
611	517
612	517
612	518
613	518
613	516
614	516
614	515
617	515
617	514
620	514
620	513
621	513
621	514
624	514
624	513
634	513
634	514
636	514
636	515
643	515
643	514
645	514
645	513
660	513
660	514
663	514
663	515
664	515
664	516
666	516
666	517
668	517
668	518
669	518
669	520
670	520
670	521
671	521
671	522
672	522
672	525
673	525
673	526
674	526
674	529
673	529
673	532
674	532
674	534
675	534
675	537
677	537
677	539
678	539
678	540
679	540
679	541
680	541
680	548
679	548
679	549
678	549
678	553
679	553
679	554
680	554
680	555
681	555
681	556
684	556
684	555
686	555
686	554
689	554
689	553
691	553
691	552
692	552
692	553
695	553
695	552
696	552
696	553
697	553
697	552
703	552
703	553
707	553
707	554
709	554
709	555
711	555
711	556
713	556
713	557
715	557
715	558
717	558
717	559
720	559
720	560
722	560
722	559
725	559
725	560
730	560
730	561
731	561
731	562
733	562
733	563
735	563
735	565
736	565
736	566
737	566
737	567
740	567
740	568
748	568
748	569
752	569
752	568
753	568
753	569
758	569
758	570
761	570
761	571
762	571
762	572
764	572
764	573
765	573
765	572
767	572
767	571
768	571
768	569
769	569
769	566
770	566
770	563
771	563
771	561
773	561
773	560
774	560
774	559
778	559
778	558
782	558
782	557
785	557
785	558
787	558
787	559
790	559
790	558
792	558
792	557
794	557
794	556
796	556
796	554
797	554
797	553
798	553
798	550
797	550
797	548
796	548
796	547
795	547
795	537
796	537
796	533
795	533
795	529
796	529
796	524
797	524
797	521
798	521
798	518
799	518
799	517
798	517
798	514
799	514
799	508
800	508
800	503
801	503
801	501
802	501
802	500
803	500
803	499
806	499
806	498
816	498
816	499
818	499
818	500
820	500
820	501
821	501
821	502
822	502
822	503
823	503
823	504
824	504
824	506
826	506
826	507
828	507
828	509
829	509
829	510
830	510
830	512
831	512
831	514
832	514
832	519
833	519
833	520
832	520
832	524
831	524
831	525
832	525
832	527
833	527
833	528
834	528
834	529
837	529
837	528
853	528
853	529
854	529
854	530
855	530
855	531
858	531
858	532
860	532
860	533
861	533
861	534
864	534
864	535
873	535
873	537
874	537
874	536
876	536
876	537
877	537
877	536
878	536
878	538
876	538
876	540
875	540
875	542
874	542
874	543
873	543
873	545
872	545
872	547
871	547
871	549
870	549
870	551
869	551
869	553
868	553
868	555
867	555
867	557
868	557
868	558
872	558
872	557
873	557
873	556
874	556
874	554
875	554
875	555
877	555
877	556
876	556
876	560
875	560
875	564
876	564
876	566
875	566
875	569
876	569
876	571
875	571
875	575
876	575
876	577
875	577
875	578
874	578
874	580
877	580
877	579
878	579
878	571
879	571
879	569
880	569
880	567
881	567
881	564
882	564
882	558
883	558
883	556
884	556
884	555
885	555
885	554
884	554
884	551
883	551
883	549
882	549
882	547
881	547
881	549
879	549
879	550
877	550
877	548
879	548
879	546
880	546
880	545
881	545
881	544
883	544
883	545
886	545
886	547
888	547
888	548
890	548
890	549
891	549
891	550
892	550
892	551
893	551
893	552
894	552
894	553
895	553
895	554
897	554
897	556
898	556
898	555
900	555
900	554
902	554
902	552
903	552
903	551
902	551
902	550
901	550
901	548
900	548
900	547
898	547
898	546
897	546
897	545
896	545
896	544
895	544
895	543
893	543
893	542
892	542
892	541
890	541
890	540
889	540
889	539
887	539
887	538
885	538
885	537
883	537
883	536
885	536
885	535
886	535
886	534
887	534
887	532
888	532
888	528
889	528
889	527
888	527
888	525
889	525
889	520
890	520
890	518
891	518
891	517
892	517
892	515
893	515
893	514
894	514
894	511
895	511
895	507
896	507
896	506
895	506
895	505
896	505
896	504
897	504
897	503
899	503
899	502
900	502
900	499
901	499
901	498
902	498
902	496
903	496
903	495
904	495
904	494
905	494
905	492
906	492
906	491
908	491
908	490
910	490
910	489
916	489
916	488
920	488
920	487
921	487
921	488
924	488
924	489
930	489
930	490
931	490
931	489
933	489
933	490
936	490
936	491
937	491
937	490
938	490
938	491
940	491
940	492
942	492
942	493
943	493
943	495
945	495
945	497
946	497
946	498
945	498
945	499
946	499
946	500
947	500
947	501
948	501
948	500
949	500
949	501
952	501
952	502
953	502
953	504
954	504
954	506
956	506
956	507
960	507
960	508
961	508
961	510
963	510
963	511
967	511
967	510
968	510
968	511
970	511
970	512
971	512
971	513
982	513
982	512
984	512
984	511
986	511
986	510
990	510
990	509
992	509
992	508
993	508
993	507
994	507
994	506
995	506
995	498
996	498
996	485
997	485
997	470
998	470
998	465
997	465
997	464
998	464
998	440
999	440
999	438
998	438
998	436
999	436
999	435
998	435
998	432
999	432
999	425
1000	425
1000	424
999	424
999	423
1000	423
1000	421
999	421
999	420
1000	420
1000	416
1001	416
1001	407
1002	407
1002	406
1003	406
1003	403
1004	403
1004	401
1006	401
1006	400
1007	400
1007	399
1008	399
1008	397
1012	397
1012	396
1013	396
1013	395
1014	395
1014	394
1016	394
1016	393
1018	393
1018	392
1019	392
1019	391
1020	391
1020	390
1022	390
1022	389
1023	389
1023	388
1024	388
1024	387
1025	387
1025	386
1027	386
1027	385
1028	385
1028	384
1029	384
1029	383
1030	383
1030	382
1032	382
1032	381
1034	381
1034	380
1036	380
1036	379
1038	379
1038	378
1040	378
1040	377
1041	377
1041	376
1042	376
1042	375
1045	375
1045	373
1047	373
1047	371
1050	371
1050	370
1051	370
1051	371
1052	371
1052	370
1055	370
1055	369
1058	369
1058	368
1061	368
1061	367
1065	367
1065	366
1070	366
1070	367
1072	367
1072	366
1074	366
1074	365
1075	365
1075	364
1076	364
1076	363
1077	363
1077	362
1078	362
1078	359
1079	359
1079	360
1080	360
1080	358
1081	358
1081	357
1082	357
1082	356
1083	356
1083	355
1084	355
1084	354
1086	354
1086	353
1088	353
1088	351
1091	351
1091	350
1092	350
1092	349
1093	349
1093	350
1094	350
1094	349
1099	349
1099	348
1101	348
1101	347
1103	347
1103	346
1105	346
1105	345
1106	345
1106	344
1109	344
1109	343
1110	343
1110	342
1113	342
1113	340
1114	340
1114	336
1116	336
1116	330
1117	330
1117	325
1118	325
1118	320
1119	320
1119	318
1120	318
1120	316
1121	316
1121	311
1122	311
1122	308
1123	308
1123	304
1124	304
1124	303
1125	303
1125	301
1126	301
1126	299
1128	299
1128	297
1129	297
1129	296
1130	296
1130	295
1132	295
1132	294
1133	294
1133	293
1134	293
1134	292
1136	292
1136	290
1137	290
1137	289
1138	289
1138	288
1139	288
1139	287
1140	287
1140	286
1141	286
1141	284
1142	284
1142	283
1143	283
1143	282
1144	282
1144	280
1145	280
1145	278
1146	278
1146	277
1147	277
1147	276
1148	276
1148	275
1149	275
1149	274
1150	274
1150	272
1151	272
1151	270
1152	270
1152	269
1155	269
1155	268
1156	268
1156	267
1157	267
1157	266
1159	266
1159	265
1161	265
1161	264
1164	264
1164	263
1165	263
1165	262
1166	262
1166	261
1167	261
1167	260
1169	260
1169	258
1170	258
1170	257
1171	257
1171	255
1172	255
1172	254
1174	254
1174	252
1176	252
1176	251
1178	251
1178	250
1179	250
1179	249
1182	249
1182	248
1184	248
1184	247
1186	247
1186	246
1187	246
1187	244
1189	244
1189	243
1190	243
1190	241
1191	241
1191	240
1193	240
1193	239
1194	239
1194	238
1196	238
1196	237
1198	237
1198	236
1199	236
1199	235
1200	235
1200	234
1202	234
1202	233
1203	233
1203	232
1204	232
1204	231
1205	231
1205	230
1206	230
1206	227
1205	227
1205	226
1206	226
1206	213
1205	213
1205	206
1206	206
1206	204
1205	204
1205	203
1206	203
1206	201
1207	201
1207	193
1208	193
1208	191
1207	191
1207	185
1208	185
1208	182
1209	182
1209	181
1210	181
1210	180
1209	180
1209	181
1208	181
1208	179
1210	179
1210	178
1211	178
1211	177
1212	177
1212	176
1213	176
1213	175
1214	175
1214	174
1213	174
1213	173
1214	173
1214	169
1216	169
1216	168
1215	168
1215	166
1216	166
1216	164
1215	164
1215	163
1216	163
1216	155
1217	155
1217	154
1218	154
1218	151
1219	151
1219	149
1220	149
1220	147
1221	147
1221	145
1222	145
1222	143
1223	143
1223	140
1224	140
1224	138
1225	138
1225	134
1226	134
1226	131
1227	131
1227	127
1228	127
1228	126
1229	126
1229	123
1230	123
1230	117
1228	117
1228	115
1227	115
1227	113
1225	113
1225	112
1231	112
1231	113
1232	113
1232	114
1234	114
1234	115
1235	115
1235	116
1237	116
1237	117
1240	117
1240	114
1239	114
1239	113
1237	113
1237	112
1236	112
1236	111
1233	111
1233	110
1231	110
1231	109
1227	109
1227	108
1221	108
1221	109
1219	109
1219	110
1217	110
1217	111
1211	111
1211	112
1210	112
1210	111
1209	111
1209	112
1195	112
1195	111
1194	111
1194	112
1193	112
1193	111
1192	111
1192	112
1190	112
1190	114
1192	114
1192	115
1194	115
1194	114
1195	114
1195	115
1198	115
1198	114
1200	114
1200	115
1217	115
1217	114
1219	114
1219	113
1220	113
1220	114
1221	114
1221	117
1222	117
1222	124
1221	124
1221	128
1220	128
1220	131
1219	131
1219	135
1218	135
1218	137
1217	137
1217	140
1216	140
1216	142
1215	142
1215	144
1214	144
1214	145
1213	145
1213	147
1212	147
1212	150
1211	150
1211	153
1210	153
1210	157
1209	157
1209	159
1210	159
1210	160
1208	160
1208	159
1207	159
1207	158
1204	158
1204	157
1203	157
1203	156
1201	156
1201	155
1200	155
1200	156
1199	156
1199	157
1198	157
1198	160
1199	160
1199	163
1201	163
1201	164
1202	164
1202	166
1200	166
1200	167
1197	167
1197	166
1194	166
1194	167
1196	167
1196	171
1198	171
1198	172
1200	172
1200	173
1201	173
1201	176
1202	176
1202	177
1201	177
1201	192
1200	192
1200	202
1199	202
1199	210
1198	210
1198	211
1199	211
1199	223
1200	223
1200	224
1199	224
1199	226
1198	226
1198	227
1197	227
1197	228
1196	228
1196	229
1195	229
1195	230
1193	230
1193	231
1191	231
1191	232
1189	232
1189	233
1188	233
1188	234
1187	234
1187	236
1184	236
1184	238
1183	238
1183	239
1181	239
1181	240
1180	240
1180	241
1179	241
1179	242
1178	242
1178	243
1176	243
1176	244
1174	244
1174	245
1172	245
1172	246
1171	246
1171	248
1168	248
1168	250
1166	250
1166	251
1165	251
1165	253
1164	253
1164	254
1163	254
1163	255
1161	255
1161	256
1156	256
1156	259
1154	259
1154	260
1153	260
1153	261
1151	261
1151	262
1149	262
1149	263
1148	263
1148	264
1146	264
1146	265
1145	265
1145	267
1144	267
1144	270
1143	270
1143	272
1142	272
1142	273
1141	273
1141	274
1140	274
1140	276
1139	276
1139	277
1138	277
1138	278
1137	278
1137	280
1136	280
1136	281
1135	281
1135	283
1134	283
1134	284
1133	284
1133	286
1131	286
1131	288
1130	288
1130	289
1129	289
1129	290
1127	290
1127	291
1126	291
1126	292
1125	292
1125	293
1124	293
1124	294
1123	294
1123	295
1122	295
1122	296
1121	296
1121	298
1120	298
1120	299
1119	299
1119	301
1118	301
1118	303
1117	303
1117	306
1116	306
1116	307
1117	307
1117	308
1115	308
1115	310
1114	310
1114	315
1113	315
1113	318
1112	318
1112	322
1111	322
1111	324
1110	324
1110	330
1109	330
1109	331
1108	331
1108	334
1107	334
1107	335
1106	335
1106	337
1104	337
1104	338
1102	338
1102	339
1100	339
1100	340
1098	340
1098	341
1097	341
1097	342
1095	342
1095	343
1093	343
1093	344
1089	344
1089	345
1086	345
1086	346
1084	346
1084	347
1083	347
1083	348
1081	348
1081	349
1080	349
1080	350
1079	350
1079	351
1078	351
1078	352
1077	352
1077	353
1076	353
1076	354
1075	354
1075	355
1074	355
1074	356
1073	356
1073	357
1072	357
1072	358
1070	358
1070	359
1067	359
1067	360
1065	360
1065	359
1064	359
1064	360
1061	360
1061	361
1060	361
1060	362
1056	362
1056	363
1051	363
1051	364
1048	364
1048	365
1047	365
1047	366
1045	366
1045	367
1042	367
1042	368
1041	368
1041	369
1040	369
1040	370
1038	370
1038	372
1036	372
1036	373
1033	373
1033	374
1031	374
1031	375
1029	375
1029	376
1027	376
1027	377
1026	377
1026	378
1024	378
1024	379
1023	379
1023	380
1022	380
1022	381
1020	381
1020	382
1019	382
1019	383
1018	383
1018	384
1016	384
1016	385
1015	385
1015	386
1013	386
1013	387
1011	387
1011	388
1010	388
1010	390
1009	390
1009	391
1007	391
1007	392
1005	392
1005	394
1003	394
1003	395
1002	395
1002	396
1001	396
1001	397
1000	397
1000	398
999	398
999	400
998	400
998	402
997	402
997	403
996	403
996	406
995	406
995	409
994	409
994	420
993	420
993	426
994	426
994	427
993	427
993	434
994	434
994	436
993	436
993	440
992	440
992	441
993	441
993	445
992	445
992	446
993	446
993	448
994	448
994	449
993	449
993	453
992	453
992	456
993	456
993	457
992	457
992	463
991	463
991	474
990	474
990	475
991	475
991	477
990	477
990	482
991	482
991	484
990	484
990	489
989	489
989	490
990	490
990	493
989	493
989	496
988	496
988	497
989	497
989	499
988	499
988	502
986	502
986	503
984	503
984	504
980	504
980	505
978	505
978	506
976	506
976	505
973	505
973	506
972	506
972	505
971	505
971	503
970	503
970	502
967	502
967	501
963	501
963	500
962	500
962	498
960	498
960	497
958	497
958	496
957	496
957	495
956	495
956	494
955	494
955	492
954	492
954	493
951	493
951	494
950	494
950	491
949	491
949	490
947	490
947	488
945	488
945	487
944	487
944	486
943	486
943	485
940	485
940	484
939	484
939	483
936	483
936	482
935	482
935	483
933	483
933	482
932	482
932	483
930	483
930	482
928	482
928	481
916	481
916	482
911	482
911	483
906	483
906	484
905	484
905	485
903	485
903	486
902	486
902	487
900	487
900	488
899	488
899	490
898	490
898	491
897	491
897	492
896	492
896	494
895	494
895	495
893	495
893	497
892	497
892	499
891	499
891	500
890	500
890	502
889	502
889	503
890	503
890	507
889	507
889	509
888	509
888	511
887	511
887	513
886	513
886	514
885	514
885	517
884	517
884	518
883	518
883	520
882	520
882	528
881	528
881	529
876	529
876	528
875	528
875	529
873	529
873	528
863	528
863	527
861	527
861	526
860	526
860	525
859	525
859	526
856	526
856	523
853	523
853	522
850	522
850	521
843	521
843	522
842	522
842	521
839	521
839	520
838	520
838	519
839	519
839	517
838	517
838	513
837	513
837	510
836	510
836	508
835	508
835	505
833	505
833	502
831	502
831	500
830	500
830	499
827	499
827	498
826	498
826	497
825	497
825	495
824	495
824	494
822	494
822	493
821	493
821	492
819	492
819	491
816	491
816	490
813	490
813	489
811	489
811	490
810	490
810	489
808	489
808	490
804	490
804	491
802	491
802	492
801	492
801	493
799	493
799	494
798	494
798	496
797	496
797	497
796	497
796	500
795	500
795	502
794	502
794	507
793	507
793	515
792	515
792	519
791	519
791	523
790	523
790	530
789	530
789	543
788	543
788	544
789	544
789	545
788	545
788	548
784	548
784	549
781	549
781	550
779	550
779	551
777	551
777	552
773	552
773	553
770	553
770	554
769	554
769	555
767	555
767	556
766	556
766	557
765	557
765	558
764	558
764	559
763	559
763	561
762	561
762	562
761	562
761	563
760	563
760	562
756	562
756	561
745	561
745	560
738	560
738	558
736	558
736	557
735	557
735	556
733	556
733	555
732	555
732	554
730	554
730	553
725	553
725	552
716	552
716	551
714	551
714	550
712	550
712	549
711	549
711	548
708	548
708	547
703	547
703	546
691	546
691	547
688	547
688	548
686	548
686	547
684	547
684	546
686	546
686	545
684	545
684	540
683	540
683	539
684	539
684	536
683	536
683	534
682	534
682	531
681	531
681	530
680	530
680	524
679	524
679	522
678	522
678	520
677	520
677	519
678	519
678	518
677	518
677	517
676	517
676	516
674	516
674	515
673	515
673	513
672	513
672	512
671	512
671	511
670	511
670	510
669	510
669	509
666	509
666	508
664	508
664	507
662	507
662	506
655	506
655	505
653	505
653	506
652	506
652	505
646	505
646	506
643	506
643	507
641	507
641	508
639	508
639	507
636	507
636	506
633	506
633	505
630	505
630	506
627	506
627	507
621	507
621	508
615	508
615	509
612	509
612	510
610	510
610	511
609	511
609	512
608	512
608	511
607	511
607	514
606	514
606	515
604	515
604	517
603	517
603	518
602	518
602	519
601	519
601	520
600	520
600	521
597	521
597	522
596	522
596	523
593	523
593	524
591	524
591	525
574	525
574	526
573	526
573	525
570	525
570	524
569	524
569	523
567	523
567	522
566	522
566	521
564	521
564	520
563	520
563	519
560	519
560	520
557	520
557	519
556	519
556	520
555	520
555	519
554	519
554	518
546	518
546	516
545	516
545	515
543	515
543	514
542	514
542	513
536	513
536	512
533	512
533	513
530	513
530	514
529	514
529	513
528	513
528	514
523	514
523	515
521	515
521	516
518	516
518	517
516	517
516	518
514	518
514	520
512	520
512	521
510	521
510	523
502	523
502	522
501	522
501	521
502	521
502	520
503	520
503	518
504	518
504	516
505	516
505	513
504	513
504	510
503	510
503	508
504	508
504	507
503	507
503	505
502	505
502	499
503	499
503	496
502	496
502	495
501	495
501	493
500	493
500	492
499	492
499	491
498	491
498	489
497	489
497	488
496	488
496	487
494	487
494	486
493	486
493	487
491	487
491	486
488	486
488	485
486	485
486	484
485	484
485	483
483	483
483	479
482	479
482	467
481	467
481	465
480	465
480	463
479	463
479	462
478	462
478	461
477	461
477	458
476	458
476	457
475	457
475	456
474	456
474	455
473	455
473	453
471	453
471	451
469	451
469	450
467	450
467	449
465	449
465	448
455	448
455	447
453	447
453	448
452	448
452	447
449	447
449	448
446	448
446	447
445	447
445	448
438	448
438	447
437	447
437	448
433	448
433	447
432	447
432	448
431	448
431	447
427	447
427	446
426	446
426	445
423	445
423	444
421	444
421	445
420	445
420	444
418	444
418	443
414	443
414	442
408	442
408	440
406	440
406	439
404	439
404	438
402	438
402	437
400	437
400	436
398	436
398	435
397	435
397	436
392	436
392	435
391	435
391	436
382	436
382	437
380	437
380	438
377	438
377	439
374	439
374	440
373	440
373	441
372	441
372	442
371	442
371	443
367	443
367	444
363	444
363	443
362	443
362	442
361	442
361	441
362	441
362	436
361	436
361	433
362	433
362	426
361	426
361	416
360	416
360	415
359	415
359	414
358	414
358	413
352	413
352	412
351	412
351	410
347	410
347	409
344	409
344	408
343	408
343	407
342	407
342	406
341	406
341	405
339	405
339	404
338	404
338	403
336	403
336	402
333	402
333	401
331	401
331	399
330	399
330	398
329	398
329	397
328	397
328	396
327	396
327	395
326	395
326	394
325	394
325	392
324	392
324	391
323	391
323	390
322	390
322	389
321	389
321	388
320	388
320	387
319	387
319	386
318	386
318	385
316	385
316	384
314	384
314	383
313	383
313	382
309	382
309	381
308	381
308	379
307	379
307	377
306	377
306	374
305	374
305	370
304	370
304	365
303	365
303	362
302	362
302	360
303	360
303	356
302	356
302	354
301	354
301	349
300	349
300	347
299	347
299	345
298	345
298	343
297	343
297	340
295	340
295	339
294	339
294	338
292	338
292	337
290	337
290	336
287	336
287	335
281	335
281	334
278	334
278	335
277	335
277	334
276	334
276	331
275	331
275	329
274	329
274	328
273	328
273	326
272	326
272	324
271	324
271	322
270	322
270	317
269	317
269	316
268	316
268	310
267	310
267	302
268	302
268	290
269	290
269	289
270	289
270	286
271	286
271	285
272	285
272	284
271	284
271	282
272	282
272	280
270	280
270	277
268	277
268	276
267	276
267	277
266	277
266	279
265	279
265	283
264	283
264	282
261	282
261	281
260	281
260	280
259	280
259	279
258	279
258	277
256	277
256	276
255	276
255	274
254	274
254	272
252	272
252	271
250	271
250	270
247	270
247	269
241	269
241	268
236	268
236	262
235	262
235	260
234	260
234	258
233	258
233	256
232	256
232	254
231	254
231	253
229	253
229	252
228	252
228	251
226	251
226	250
224	250
224	249
223	249
223	248
222	248
222	247
221	247
221	246
220	246
220	245
218	245
218	243
216	243
216	242
215	242
215	241
214	241
214	240
213	240
213	236
212	236
212	233
211	233
211	230
210	230
210	227
209	227
209	226
207	226
207	225
206	225
206	224
205	224
205	223
204	223
204	222
203	222
203	209
204	209
204	208
203	208
203	207
204	207
204	206
203	206
203	202
202	202
202	201
201	201
201	200
200	200
200	199
198	199
198	197
193	197
193	196
191	196
191	195
188	195
188	194
184	194
184	195
182	195
182	194
179	194
179	193
177	193
177	192
175	192
175	190
173	190
173	189
170	189
170	188
169	188
169	187
167	187
167	186
165	186
165	185
162	185
162	184
157	184
157	183
144	183
144	182
143	182
143	176
144	176
144	171
143	171
143	169
144	169
144	168
143	168
143	166
144	166
144	162
143	162
143	161
144	161
144	159
145	159
145	158
144	158
144	148
145	148
145	147
144	147
144	146
145	146
145	144
144	144
144	139
143	139
143	138
144	138
144	133
145	133
145	132
144	132
144	130
145	130
145	129
144	129
144	127
145	127
145	126
144	126
144	125
145	125
145	117
144	117
144	114
145	114
145	113
144	113
144	111
145	111
145	98
144	98
144	94
143	94
143	93
142	93
142	90
141	90
141	87
140	87
140	85
139	85
139	83
138	83
138	80
137	80
137	78
136	78
136	75
135	75
135	73
134	73
134	70
133	70
133	69
132	69
132	66
131	66
131	62
132	62
132	60
131	60
131	59
128	59
128	60
127	60
127	59
125	59
125	60
123	60
123	61
118	61
118	62
111	62
111	61
107	61
107	62
94	62
94	63
93	63
93	64
92	64
92	67
95	67
95	68
111	68
111	69
113	69
113	68
122	68
122	69
125	69
125	72
126	72
126	74
127	74
127	75
128	75
128	77
129	77
129	79
130	79
130	81
131	81
131	83
132	83
132	84
131	84
131	85
132	85
132	86
133	86
133	90
134	90
134	92
135	92
135	93
136	93
136	95
137	95
137	98
138	98
138	120
137	120
137	128
138	128
138	130
137	130
137	133
138	133
138	134
137	134
137	135
138	135
138	137
137	137
137	139
138	139
138	141
137	141
137	144
138	144
138	145
137	145
137	146
138	146
138	148
137	148
137	154
138	154
138	155
137	155
137	156
138	156
138	157
137	157
137	187
138	187
138	188
139	188
139	189
140	189
140	188
141	188
141	190
143	190
143	191
144	191
144	190
145	190
145	191
148	191
148	190
149	190
149	191
150	191
150	190
152	190
152	191
159	191
159	192
163	192
163	193
166	193
166	194
167	194
167	195
168	195
168	196
171	196
171	197
172	197
172	198
173	198
173	199
174	199
174	200
175	200
175	201
183	201
183	202
190	202
190	203
194	203
194	204
195	204
195	205
196	205
196	208
197	208
197	221
198	221
198	222
197	222
197	227
198	227
198	228
200	228
200	229
202	229
202	230
203	230
203	231
204	231
204	233
205	233
205	234
206	234
206	236
207	236
207	246
208	246
208	247
212	247
212	248
215	248
215	249
217	249
217	251
218	251
218	252
219	252
219	254
220	254
220	255
221	255
221	256
223	256
223	257
224	257
224	258
227	258
227	261
228	261
228	263
229	263
229	266
230	266
230	269
231	269
231	271
230	271
230	274
231	274
231	275
233	275
233	274
235	274
235	275
240	275
240	276
244	276
244	277
245	277
245	276
246	276
246	277
248	277
248	278
250	278
250	280
252	280
252	282
253	282
253	284
254	284
254	286
255	286
255	287
257	287
257	288
259	288
259	290
260	290
260	291
261	291
261	294
260	294
260	296
261	296
261	305
260	305
260	315
261	315
261	317
262	317
262	319
263	319
263	323
264	323
264	325
265	325
