455	175
457	175
457	176
458	176
458	178
459	178
459	179
460	179
460	185
461	185
461	190
460	190
460	192
459	192
459	199
458	199
458	204
459	204
459	206
458	206
458	212
457	212
457	218
456	218
456	224
455	224
455	225
456	225
456	226
455	226
455	232
454	232
454	234
455	234
455	238
456	238
456	242
457	242
457	248
458	248
458	258
459	258
459	262
476	262
476	265
477	265
477	271
476	271
476	275
475	275
475	285
476	285
476	287
484	287
484	288
485	288
485	289
487	289
487	290
488	290
488	289
504	289
504	290
511	290
511	291
514	291
514	290
520	290
520	286
528	286
528	287
529	287
529	288
530	288
530	290
531	290
531	291
532	291
532	290
533	290
533	293
534	293
534	294
537	294
537	295
539	295
539	294
546	294
546	293
547	293
547	294
550	294
550	293
553	293
553	294
555	294
555	295
556	295
556	296
557	296
557	297
558	297
558	298
572	298
572	299
573	299
573	300
578	300
578	301
583	301
583	300
584	300
584	301
585	301
585	300
586	300
586	301
591	301
591	300
593	300
593	299
594	299
594	298
595	298
595	296
596	296
596	292
597	292
597	290
598	290
598	287
599	287
599	286
600	286
600	284
601	284
601	283
606	283
606	282
607	282
607	280
608	280
608	278
609	278
609	277
610	277
610	276
611	276
611	274
612	274
612	273
613	273
613	272
614	272
614	271
615	271
615	270
616	270
616	271
617	271
617	270
618	270
618	269
619	269
619	268
621	268
621	267
622	267
622	266
623	266
623	265
625	265
625	264
626	264
626	263
628	263
628	260
629	260
629	259
630	259
630	256
631	256
631	255
632	255
632	253
633	253
633	251
634	251
634	250
636	250
636	249
638	249
638	248
642	248
642	247
645	247
645	246
646	246
646	245
656	245
656	246
658	246
658	249
660	249
660	250
661	250
661	251
665	251
665	252
666	252
666	253
667	253
667	254
668	254
668	255
669	255
669	256
671	256
671	259
672	259
672	261
673	261
673	263
674	263
674	266
675	266
675	267
676	267
676	271
677	271
677	272
678	272
678	280
677	280
677	282
676	282
676	283
677	283
677	284
675	284
675	286
674	286
674	289
675	289
675	290
674	290
674	292
673	292
673	294
672	294
672	299
671	299
671	312
672	312
672	315
671	315
671	316
672	316
672	324
673	324
673	330
674	330
674	337
675	337
675	340
676	340
676	344
677	344
677	348
678	348
678	362
679	362
679	366
678	366
678	367
679	367
679	377
680	377
680	389
681	389
681	392
682	392
682	393
686	393
686	392
700	392
700	393
702	393
702	395
703	395
703	396
705	396
705	397
706	397
706	398
708	398
708	399
710	399
710	398
711	398
711	399
714	399
714	400
716	400
716	399
720	399
720	397
721	397
721	392
720	392
720	389
719	389
719	387
718	387
718	384
717	384
717	378
716	378
716	376
715	376
715	373
714	373
714	371
713	371
713	367
712	367
712	365
713	365
713	360
712	360
712	359
713	359
713	358
712	358
712	355
713	355
713	352
712	352
712	351
713	351
713	350
712	350
712	344
713	344
713	342
714	342
714	341
715	341
715	339
716	339
716	335
717	335
717	333
718	333
718	332
719	332
719	331
723	331
723	330
727	330
727	329
729	329
729	328
734	328
734	327
737	327
737	326
738	326
738	325
740	325
740	324
744	324
744	323
746	323
746	316
747	316
747	315
746	315
746	314
747	314
747	312
748	312
748	309
747	309
747	307
748	307
748	302
747	302
747	301
748	301
748	295
749	295
749	293
748	293
748	292
749	292
749	290
750	290
750	289
752	289
752	288
753	288
753	286
754	286
754	284
755	284
755	283
756	283
756	280
757	280
757	279
771	279
771	280
778	280
778	281
781	281
781	280
784	280
784	279
786	279
786	280
787	280
787	279
788	279
788	280
791	280
791	279
810	279
810	280
814	280
814	279
818	279
818	278
820	278
820	279
821	279
821	278
824	278
824	277
826	277
826	278
827	278
827	284
826	284
826	286
825	286
825	293
824	293
824	298
823	298
823	306
822	306
822	310
823	310
823	313
822	313
822	320
821	320
821	321
822	321
822	322
821	322
821	328
820	328
820	331
821	331
821	334
822	334
822	338
823	338
823	339
822	339
822	340
823	340
823	342
824	342
824	344
825	344
825	345
824	345
824	347
825	347
825	349
826	349
826	353
827	353
827	357
828	357
828	359
829	359
829	361
830	361
830	363
831	363
831	365
832	365
832	367
833	367
833	369
834	369
834	371
835	371
835	375
836	375
836	377
837	377
837	381
838	381
838	385
839	385
839	386
840	386
840	387
841	387
841	392
842	392
842	397
843	397
843	398
844	398
844	402
851	402
851	403
852	403
852	402
863	402
863	403
866	403
866	404
869	404
869	405
870	405
870	406
873	406
873	407
875	407
875	408
880	408
880	409
882	409
882	410
888	410
888	408
890	408
890	407
891	407
891	406
894	406
894	405
902	405
902	404
909	404
909	405
915	405
915	406
927	406
927	405
928	405
928	406
931	406
931	407
932	407
932	408
933	408
933	407
935	407
935	408
936	408
936	407
943	407
943	408
946	408
946	409
948	409
948	410
950	410
950	411
952	411
952	412
953	412
953	413
954	413
954	414
956	414
956	416
957	416
957	417
964	417
964	416
968	416
968	417
970	417
970	418
971	418
971	419
973	419
973	420
974	420
974	421
977	421
977	422
978	422
978	423
980	423
980	424
982	424
982	425
988	425
988	426
989	426
989	425
992	425
992	424
994	424
994	425
1001	425
1001	424
1003	424
1003	425
1005	425
1005	424
1008	424
1008	423
1010	423
1010	422
1011	422
1011	421
1012	421
1012	420
1013	420
1013	419
1014	419
1014	418
1015	418
1015	417
1016	417
1016	416
1017	416
1017	414
1020	414
1020	413
1021	413
1021	412
1023	412
1023	410
1025	410
1025	409
1026	409
1026	406
1027	406
1027	403
1028	403
1028	402
1029	402
1029	400
1030	400
1030	399
1031	399
1031	398
1032	398
1032	397
1037	397
1037	396
1039	396
1039	395
1040	395
1040	394
1041	394
1041	391
1042	391
1042	389
1043	389
1043	387
1044	387
1044	386
1045	386
1045	384
1046	384
1046	383
1047	383
1047	382
1049	382
1049	381
1050	381
1050	380
1052	380
1052	379
1054	379
1054	378
1055	378
1055	377
1058	377
1058	376
1060	376
1060	375
1062	375
1062	374
1065	374
1065	373
1066	373
1066	372
1068	372
1068	371
1069	371
1069	370
1073	370
1073	369
1074	369
1074	368
1075	368
1075	367
1076	367
1076	366
1079	366
1079	365
1081	365
1081	364
1083	364
1083	363
1084	363
1084	361
1085	361
1085	357
1084	357
1084	343
1086	343
1086	341
1087	341
1087	339
1088	339
1088	337
1089	337
1089	335
1091	335
1091	334
1092	334
1092	333
1093	333
1093	332
1095	332
1095	330
1096	330
1096	329
1097	329
1097	328
1099	328
1099	327
1100	327
1100	326
1101	326
1101	325
1102	325
1102	323
1104	323
1104	321
1106	321
1106	320
1108	320
1108	319
1109	319
1109	318
1110	318
1110	317
1111	317
1111	316
1112	316
1112	312
1113	312
1113	311
1114	311
1114	308
1115	308
1115	305
1116	305
1116	302
1117	302
1117	301
1118	301
1118	300
1119	300
1119	299
1120	299
1120	298
1122	298
1122	296
1124	296
1124	295
1125	295
1125	294
1126	294
1126	293
1129	293
1129	292
1130	292
1130	291
1131	291
1131	290
1133	290
1133	289
1135	289
1135	288
1136	288
1136	289
1137	289
1137	288
1140	288
1140	289
1141	289
1141	288
1143	288
1143	289
1146	289
1146	290
1148	290
1148	291
1150	291
1150	292
1152	292
1152	293
1155	293
1155	295
1157	295
1157	296
1158	296
1158	297
1160	297
1160	298
1163	298
1163	299
1164	299
1164	300
1165	300
1165	301
1166	301
1166	302
1167	302
1167	304
1168	304
1168	307
1169	307
1169	308
1170	308
1170	309
1171	309
1171	310
1172	310
1172	312
1173	312
1173	313
1174	313
1174	314
1175	314
1175	316
1176	316
1176	319
1177	319
1177	320
1178	320
1178	322
1179	322
1179	323
1180	323
1180	326
1181	326
1181	327
1182	327
1182	329
1183	329
1183	330
1184	330
1184	333
1185	333
1185	334
1187	334
1187	337
1188	337
1188	342
1189	342
1189	343
1188	343
1188	347
1189	347
1189	349
1188	349
1188	353
1189	353
1189	355
1191	355
1191	356
1192	356
1192	355
1195	355
1195	356
1197	356
1197	357
1198	357
1198	358
1202	358
1202	359
1203	359
1203	360
1214	360
1214	363
1216	363
1216	364
1220	364
1220	365
1221	365
1221	366
1223	366
1223	367
1224	367
1224	368
1226	368
1226	370
1227	370
1227	371
1228	371
1228	372
1229	372
1229	375
1230	375
1230	376
1231	376
1231	377
1232	377
1232	378
1233	378
1233	380
1235	380
1235	382
1236	382
1236	383
1238	383
1238	384
1245	384
1245	383
1247	383
1247	382
1249	382
1249	383
1259	383
1259	384
1261	384
1261	385
1264	385
1264	386
1266	386
1266	387
1267	387
1267	388
1268	388
1268	389
1270	389
1270	390
1271	390
1271	391
1272	391
1272	392
1273	392
1273	393
1274	393
1274	394
1276	394
1276	395
1279	395
1279	396
1281	396
1281	397
1283	397
1283	398
1285	398
1285	399
1286	399
1286	400
1287	400
1287	401
1289	401
1289	402
1290	402
1290	403
1291	403
1291	404
1292	404
1292	405
1293	405
1293	406
1294	406
1294	407
1296	407
1296	409
1298	409
1298	410
1299	410
1299	411
1300	411
1300	412
1301	412
1301	413
1305	413
1305	414
1309	414
1309	413
1310	413
1310	415
1311	415
1311	416
1314	416
1314	417
1315	417
1315	418
1317	418
1317	419
1318	419
1318	421
1319	421
1319	422
1320	422
1320	424
1321	424
1321	425
1322	425
1322	429
1323	429
1323	432
1324	432
1324	436
1325	436
1325	439
1326	439
1326	444
1327	444
1327	458
1328	458
1328	460
1329	460
1329	461
1330	461
1330	460
1331	460
1331	461
1333	461
1333	464
1335	464
1335	465
1337	465
1337	466
1338	466
1338	467
1339	467
1339	471
1340	471
1340	473
1339	473
1339	477
1338	477
1338	478
1339	478
1339	484
1338	484
1338	486
1339	486
1339	489
1338	489
1338	498
1339	498
1339	499
1338	499
1338	507
1339	507
1339	510
1338	510
1338	511
1339	511
1339	513
1340	513
1340	514
1345	514
1345	515
1346	515
1346	514
1350	514
1350	515
1353	515
1353	516
1354	516
1354	517
1356	517
1356	516
1357	516
1357	517
1361	517
1361	516
1365	516
1365	517
1366	517
1366	516
1370	516
1370	515
1375	515
1375	514
1377	514
1377	513
1379	513
1379	510
1380	510
1380	509
1379	509
1379	501
1378	501
1378	496
1379	496
1379	494
1378	494
1378	488
1379	488
1379	482
1380	482
1380	480
1381	480
1381	477
1382	477
1382	476
1383	476
1383	474
1385	474
1385	473
1387	473
1387	472
1395	472
1395	473
1403	473
1403	474
1404	474
1404	473
1409	473
1409	474
1410	474
1410	476
1411	476
1411	477
1413	477
1413	478
1414	478
1414	484
1415	484
1415	498
1414	498
1414	503
1415	503
1415	507
1416	507
1416	512
1417	512
1417	513
1421	513
1421	512
1422	512
1422	511
1423	511
1423	509
1424	509
1424	502
1423	502
1423	501
1424	501
1424	500
1423	500
1423	498
1422	498
1422	496
1423	496
1423	495
1422	495
1422	487
1421	487
1421	481
1422	481
1422	473
1424	473
1424	471
1425	471
1425	470
1426	470
1426	469
1430	469
1430	468
1434	468
1434	467
1435	467
1435	468
1440	468
1440	469
1441	469
1441	468
1447	468
1447	469
1450	469
1450	470
1451	470
1451	468
1452	468
1452	462
1451	462
1451	460
1452	460
1452	458
1451	458
1451	457
1453	457
1453	453
1452	453
1452	450
1453	450
1453	449
1452	449
1452	447
1453	447
1453	445
1454	445
1454	441
1455	441
1455	434
1456	434
1456	432
1455	432
1455	428
1456	428
1456	422
1455	422
1455	416
1454	416
1454	414
1455	414
1455	413
1454	413
1454	411
1455	411
1455	409
1456	409
1456	408
1457	408
1457	405
1456	405
1456	404
1457	404
1457	403
1458	403
1458	401
1459	401
1459	396
1460	396
1460	395
1461	395
1461	394
1463	394
1463	393
1469	393
1469	392
1471	392
1471	372
1470	372
1470	371
1471	371
1471	368
1470	368
1470	365
1469	365
1469	364
1470	364
1470	359
1471	359
1471	357
1470	357
1470	355
1471	355
1471	349
1472	349
1472	347
1473	347
1473	346
1474	346
1474	343
1475	343
1475	341
1476	341
1476	340
1477	340
1477	338
1478	338
1478	337
1479	337
1479	335
1481	335
1481	334
1483	334
1483	333
1484	333
1484	332
1485	332
1485	331
1486	331
1486	330
1488	330
1488	329
1490	329
1490	328
1492	328
1492	327
1496	327
1496	326
1497	326
1497	324
1498	324
1498	321
1499	321
1499	318
1500	318
1500	317
1501	317
1501	316
1503	316
1503	314
1504	314
1504	312
1505	312
1505	311
1507	311
1507	310
1508	310
1508	309
1509	309
1509	307
1510	307
1510	306
1511	306
1511	304
1512	304
1512	303
1513	303
1513	302
1514	302
1514	301
1515	301
1515	299
1516	299
1516	298
1518	298
1518	297
1519	297
1519	296
1521	296
1521	295
1522	295
1522	294
1539	294
1539	293
1549	293
1549	292
1553	292
1553	293
1556	293
1556	295
1559	295
1559	296
1561	296
1561	297
1564	297
1564	298
1567	298
1567	299
1570	299
1570	300
1571	300
1571	301
1575	301
1575	302
1577	302
1577	303
1579	303
1579	304
1581	304
1581	305
1582	305
1582	306
1583	306
1583	308
1584	308
1584	309
1585	309
1585	311
1586	311
1586	312
1587	312
1587	314
1588	314
1588	315
1591	315
1591	316
1594	316
1594	317
1595	317
1595	319
1596	319
1596	320
1598	320
1598	321
1601	321
1601	322
1603	322
1603	324
1604	324
1604	325
1605	325
1605	326
1606	326
1606	327
1607	327
1607	331
1608	331
1608	332
1609	332
1609	334
1610	334
1610	336
1611	336
1611	341
1612	341
1612	343
1613	343
1613	345
1614	345
1614	346
1615	346
1615	347
1616	347
1616	349
1617	349
1617	350
1618	350
1618	352
1619	352
1619	353
1620	353
1620	355
1621	355
1621	356
1622	356
1622	357
1623	357
1623	358
1624	358
1624	359
1625	359
1625	360
1626	360
1626	359
1644	359
1644	360
1645	360
1645	361
1655	361
1655	360
1659	360
1659	359
1662	359
1662	358
1669	358
1669	357
1673	357
1673	356
1674	356
1674	357
1675	357
1675	356
1677	356
1677	357
1680	357
1680	356
1681	356
1681	355
1682	355
1682	354
1683	354
1683	353
1684	353
1684	352
1685	352
1685	351
1686	351
1686	350
1687	350
1687	349
1689	349
1689	348
1691	348
1691	344
1692	344
1692	340
1693	340
1693	331
1692	331
1692	330
1693	330
1693	326
1692	326
1692	318
1693	318
1693	315
1694	315
1694	311
1695	311
1695	309
1694	309
1694	308
1695	308
1695	305
1694	305
1694	304
1695	304
1695	302
1696	302
1696	298
1697	298
1697	297
1698	297
1698	296
1699	296
1699	295
1700	295
1700	294
1701	294
1701	295
1702	295
1702	294
1704	294
1704	292
1706	292
1706	291
1707	291
1707	290
1709	290
1709	289
1711	289
1711	288
1712	288
1712	286
1713	286
1713	285
1714	285
1714	283
1716	283
1716	282
1717	282
1717	280
1719	280
1719	279
1720	279
1720	278
1722	278
1722	277
1723	277
1723	276
1725	276
1725	275
1726	275
1726	274
1732	274
1732	275
1734	275
1734	276
1735	276
1735	277
1736	277
1736	278
1737	278
1737	280
1738	280
1738	282
1744	282
1744	283
1749	283
1749	284
1752	284
1752	285
1754	285
1754	286
1762	286
1762	287
1765	287
1765	288
1766	288
1766	290
1770	290
1770	291
1773	291
1773	292
1779	292
1779	293
1782	293
1782	294
1783	294
1783	296
1784	296
1784	297
1785	297
1785	298
1786	298
1786	300
1788	300
1788	301
1790	301
1790	302
1792	302
1792	303
1793	303
1793	304
1795	304
1795	305
1796	305
1796	306
1797	306
1797	307
1798	307
1798	310
1799	310
1799	311
1800	311
1800	313
1801	313
1801	314
1802	314
1802	316
1803	316
1803	318
1804	318
1804	320
1805	320
1805	321
1804	321
1804	322
1805	322
1805	323
1806	323
1806	324
1807	324
1807	326
1809	326
1809	325
1810	325
1810	323
1811	323
1811	321
1812	321
1812	320
1814	320
1814	317
1815	317
1815	315
1816	315
1816	314
1817	314
1817	310
1818	310
1818	307
1819	307
1819	305
1821	305
1821	304
1822	304
1822	302
1823	302
1823	299
1824	299
1824	293
1823	293
1823	291
1824	291
1824	288
1825	288
1825	285
1824	285
1824	284
1825	284
1825	283
1826	283
1826	278
1825	278
1825	275
1826	275
1826	273
1827	273
1827	272
1826	272
1826	270
1825	270
1825	269
1826	269
1826	259
1827	259
1827	258
1826	258
1826	250
1825	250
1825	235
1826	235
1826	232
1827	232
1827	230
1828	230
1828	229
1829	229
1829	228
1831	228
1831	227
1834	227
1834	226
1837	226
1837	225
1839	225
1839	224
1840	224
1840	223
1841	223
1841	222
1842	222
1842	221
1843	221
1843	222
1846	222
1846	221
1847	221
1847	220
1850	220
1850	219
1858	219
1858	218
1860	218
1860	217
1863	217
1863	216
1868	216
1868	217
1871	217
1871	218
1875	218
1875	219
1877	219
1877	220
1878	220
1878	219
1879	219
1879	220
1881	220
1881	219
1883	219
1883	220
1888	220
1888	219
1891	219
1891	217
1892	217
1892	211
1891	211
1891	210
1892	210
1892	204
1891	204
1891	199
1892	199
1892	195
1893	195
1893	191
1894	191
1894	187
1895	187
1895	185
1896	185
1896	183
1897	183
1897	181
1898	181
1898	179
1899	179
1899	178
1900	178
1900	176
1901	176
1901	175
1902	175
1902	174
1903	174
1903	172
1904	172
1904	168
1905	168
1905	166
1906	166
1906	165
1907	165
1907	164
1909	164
1909	163
1910	163
1910	162
1913	162
1913	160
1914	160
1914	159
1915	159
1915	158
1920	158
1920	159
1923	159
1923	160
1924	160
1924	163
1926	163
1926	167
1927	167
1927	169
1928	169
1928	171
1929	171
1929	173
1931	173
1931	175
1932	175
1932	176
1933	176
1933	177
1934	177
1934	178
1935	178
1935	179
1936	179
1936	180
1937	180
1937	181
1939	181
1939	183
1941	183
1941	184
1944	184
1944	185
1945	185
1945	186
1946	186
1946	188
1951	188
1951	189
1952	189
1952	190
1953	190
1953	191
1955	191
1955	192
1957	192
1957	193
1958	193
1958	194
1959	194
1959	195
1961	195
1961	196
1963	196
1963	198
1965	198
1965	199
1966	199
1966	200
1968	200
1968	201
1970	201
1970	203
1971	203
1971	204
1972	204
1972	205
1974	205
1974	206
1976	206
1976	207
1978	207
1978	208
1980	208
1980	209
1982	209
1982	210
1983	210
1983	211
1986	211
1986	212
1987	212
1987	213
1988	213
1988	214
1990	214
1990	215
1994	215
1994	216
1996	216
1996	217
1998	217
1998	218
1999	218
1999	219
2000	219
2000	220
2004	220
2004	221
2006	221
2006	222
2009	222
2009	223
2010	223
2010	224
2012	224
2012	225
2013	225
2013	226
2015	226
2015	227
2018	227
2018	228
2021	228
2021	229
2024	229
2024	230
2026	230
2026	231
2027	231
2027	232
2031	232
2031	231
2035	231
2035	230
2041	230
2041	231
2056	231
2056	230
2058	230
2058	231
2059	231
2059	230
2061	230
2061	229
2062	229
2062	228
2064	228
2064	227
2068	227
2068	226
2071	226
2071	225
2073	225
2073	224
2075	224
2075	223
2076	223
2076	222
2079	222
2079	220
2080	220
2080	219
2081	219
2081	218
2082	218
2082	216
2083	216
2083	215
2084	215
2084	212
2085	212
2085	210
2086	210
2086	207
2087	207
2087	205
2088	205
2088	202
2089	202
2089	201
2090	201
2090	197
2091	197
2091	193
2092	193
2092	188
2093	188
2093	185
2094	185
2094	183
2095	183
2095	181
2096	181
2096	177
2097	177
2097	174
2098	174
2098	173
2099	173
2099	172
2100	172
2100	171
2101	171
2101	170
2102	170
2102	169
2104	169
2104	167
2106	167
2106	166
2109	166
2109	165
2110	165
2110	164
2111	164
2111	163
2112	163
2112	162
2113	162
2113	160
2115	160
2115	159
2116	159
2116	158
2118	158
2118	157
2119	157
2119	156
2120	156
2120	155
2121	155
2121	154
2122	154
2122	153
2123	153
2123	152
2124	152
2124	150
2125	150
2125	149
2127	149
2127	147
2128	147
2128	146
2129	146
2129	145
2130	145
2130	144
2132	144
2132	143
2133	143
2133	142
2135	142
2135	141
2138	141
2138	140
2139	140
2139	139
2141	139
2141	138
2142	138
2142	137
2145	137
2145	135
2149	135
2149	134
2150	134
2150	133
2151	133
2151	132
2156	132
2156	131
2157	131
2157	130
2158	130
2158	129
2160	129
2160	128
2163	128
2163	127
2164	127
2164	126
2165	126
2165	127
2167	127
2167	126
2171	126
2171	125
2175	125
2175	124
2178	124
2178	123
2181	123
2181	122
2186	122
2186	121
2206	121
2206	120
2207	120
2207	121
2208	121
2208	120
2209	120
2209	119
2210	119
2210	120
2213	120
2213	119
2218	119
2218	118
2222	118
2222	117
2223	117
2223	116
2225	116
2225	115
2226	115
2226	116
2227	116
2227	115
2229	115
2229	114
2231	114
2231	113
2234	113
2234	112
2236	112
2236	111
2238	111
2238	110
2240	110
2240	109
2242	109
2242	108
2243	108
2243	107
2245	107
2245	106
2246	106
2246	105
2247	105
2247	104
2249	104
2249	103
2250	103
2250	102
2253	102
2253	101
2254	101
2254	100
2256	100
2256	99
2258	99
2258	98
2260	98
2260	97
2261	97
2261	96
2263	96
2263	95
2264	95
2264	94
2265	94
2265	93
2266	93
2266	92
2268	92
2268	91
2269	91
2269	90
2270	90
2270	89
2272	89
2272	87
2275	87
2275	86
2276	86
2276	85
2278	85
2278	84
2283	84
2283	83
2284	83
2284	82
2286	82
2286	81
2288	81
2288	80
2290	80
2290	78
2291	78
2291	77
2292	77
2292	76
2293	76
2293	75
2294	75
2294	74
2295	74
2295	73
2296	73
2296	71
2297	71
2297	70
2299	70
2299	68
2300	68
2300	67
2301	67
2301	66
2300	66
2300	64
2301	64
2301	63
2302	63
2302	62
2307	62
2307	64
2309	64
2309	66
2308	66
2308	70
2307	70
2307	71
2306	71
2306	72
2305	72
2305	73
2304	73
2304	75
2302	75
2302	76
2301	76
2301	77
2300	77
2300	78
2299	78
2299	79
2298	79
2298	80
2297	80
2297	82
2296	82
2296	83
2295	83
2295	84
2294	84
2294	85
2293	85
2293	86
2289	86
2289	87
2287	87
2287	88
2284	88
2284	89
2281	89
2281	90
2280	90
2280	91
2278	91
2278	92
2277	92
2277	93
2275	93
2275	94
2274	94
2274	95
2273	95
2273	96
2272	96
2272	97
2270	97
2270	98
2269	98
2269	99
2267	99
2267	101
2265	101
2265	102
2263	102
2263	104
2260	104
2260	105
2259	105
2259	106
2257	106
2257	107
2256	107
2256	108
2254	108
2254	109
2252	109
2252	110
2250	110
2250	111
2249	111
2249	112
2248	112
2248	113
2246	113
2246	114
2244	114
2244	115
2243	115
2243	116
2241	116
2241	117
2239	117
2239	118
2237	118
2237	119
2235	119
2235	120
2233	120
2233	121
2231	121
2231	122
2227	122
2227	123
2225	123
2225	124
2221	124
2221	125
2216	125
2216	126
2210	126
2210	127
2200	127
2200	128
2185	128
2185	129
2183	129
2183	130
2179	130
2179	131
2172	131
2172	132
2170	132
2170	133
2167	133
2167	134
2163	134
2163	135
2161	135
2161	136
2159	136
2159	137
2157	137
2157	138
2154	138
2154	139
2152	139
2152	140
2151	140
2151	141
2148	141
2148	142
2147	142
2147	143
2146	143
2146	144
2143	144
2143	145
2141	145
2141	146
2140	146
2140	147
2138	147
2138	148
2136	148
2136	149
2135	149
2135	150
2133	150
2133	151
2132	151
2132	152
2131	152
2131	153
2130	153
2130	154
2129	154
2129	156
2128	156
2128	157
2127	157
2127	158
2126	158
2126	159
2125	159
2125	160
2124	160
2124	161
2122	161
2122	162
2121	162
2121	163
2120	163
2120	164
2119	164
2119	166
2118	166
2118	168
2116	168
2116	170
2114	170
2114	171
2112	171
2112	172
2111	172
2111	173
2108	173
2108	174
2107	174
2107	175
2106	175
2106	176
2105	176
2105	177
2104	177
2104	179
2103	179
2103	180
2102	180
2102	181
2101	181
2101	185
2100	185
2100	186
2099	186
2099	190
2098	190
2098	195
2097	195
2097	200
2096	200
2096	203
2095	203
2095	204
2094	204
2094	207
2093	207
2093	209
2092	209
2092	212
2091	212
2091	213
2090	213
2090	216
2089	216
2089	217
2088	217
2088	219
2087	219
2087	222
2086	222
2086	224
2085	224
2085	225
2084	225
2084	226
2082	226
2082	227
2081	227
2081	228
2080	228
2080	229
2079	229
2079	230
2076	230
2076	231
2073	231
2073	232
2071	232
2071	233
2067	233
2067	234
2065	234
2065	235
2063	235
2063	236
2058	236
2058	237
2057	237
2057	236
2056	236
2056	237
2055	237
2055	236
2054	236
2054	237
2051	237
2051	236
2049	236
2049	237
2046	237
2046	236
2033	236
2033	237
2029	237
2029	236
2024	236
2024	235
2020	235
2020	234
2018	234
2018	233
2016	233
2016	232
2014	232
2014	231
2011	231
2011	230
2008	230
2008	229
2006	229
2006	228
2004	228
2004	227
2002	227
2002	226
2000	226
2000	225
1999	225
1999	224
1995	224
1995	223
1994	223
1994	222
1993	222
1993	221
1991	221
1991	220
1987	220
1987	219
1985	219
1985	218
1983	218
1983	217
1982	217
1982	216
1981	216
1981	215
1979	215
1979	214
1977	214
1977	213
1976	213
1976	212
1974	212
1974	211
1972	211
1972	210
1971	210
1971	209
1970	209
1970	208
1967	208
1967	207
1966	207
1966	206
1965	206
1965	205
1963	205
1963	204
1962	204
1962	203
1961	203
1961	202
1960	202
1960	201
1958	201
1958	200
1957	200
1957	199
1956	199
1956	198
1955	198
1955	197
1952	197
1952	196
1950	196
1950	195
1949	195
1949	194
1947	194
1947	193
1944	193
1944	192
1943	192
1943	191
1942	191
1942	190
1940	190
1940	189
1938	189
1938	188
1937	188
1937	187
1935	187
1935	186
1933	186
1933	184
1932	184
1932	183
1930	183
1930	182
1929	182
1929	181
1928	181
1928	180
1927	180
1927	179
1926	179
1926	178
1925	178
1925	177
1924	177
1924	175
1923	175
1923	173
1922	173
1922	171
1920	171
1920	166
1918	166
1918	165
1917	165
1917	167
1915	167
1915	168
1913	168
1913	169
1912	169
1912	170
1910	170
1910	171
1909	171
1909	174
1908	174
1908	178
1907	178
1907	179
1906	179
1906	181
1905	181
1905	183
1904	183
1904	184
1903	184
1903	185
1902	185
1902	186
1901	186
1901	188
1900	188
1900	192
1899	192
1899	193
1900	193
1900	194
1899	194
1899	197
1898	197
1898	201
1897	201
1897	205
1898	205
1898	219
1897	219
1897	223
1896	223
1896	224
1894	224
1894	226
1892	226
1892	227
1888	227
1888	226
1884	226
1884	227
1875	227
1875	226
1874	226
1874	225
1873	225
1873	224
1868	224
1868	223
1864	223
1864	224
1860	224
1860	225
1856	225
1856	226
1852	226
1852	227
1851	227
1851	226
1848	226
1848	227
1845	227
1845	228
1844	228
1844	229
1843	229
1843	230
1842	230
1842	232
1841	232
1841	233
1838	233
1838	234
1834	234
1834	235
1832	235
1832	237
1831	237
1831	239
1830	239
1830	242
1831	242
1831	245
1832	245
1832	261
1833	261
1833	262
1832	262
1832	275
1833	275
1833	278
1832	278
1832	284
1831	284
1831	287
1830	287
1830	289
1831	289
1831	290
1830	290
1830	298
1829	298
1829	305
1828	305
1828	308
1827	308
1827	309
1826	309
1826	310
1825	310
1825	312
1823	312
1823	314
1822	314
1822	315
1821	315
1821	317
1820	317
1820	320
1819	320
1819	321
1818	321
1818	324
1816	324
1816	325
1815	325
1815	327
1814	327
1814	330
1812	330
1812	332
1811	332
1811	333
1806	333
1806	332
1804	332
1804	331
1803	331
1803	328
1802	328
1802	326
1801	326
1801	323
1800	323
1800	322
1799	322
1799	319
1798	319
1798	318
1797	318
1797	317
1796	317
1796	315
1795	315
1795	313
1793	313
1793	311
1792	311
1792	310
1790	310
1790	309
1788	309
1788	308
1787	308
1787	307
1785	307
1785	306
1783	306
1783	304
1782	304
1782	303
1781	303
1781	302
1780	302
1780	300
1778	300
1778	299
1772	299
1772	298
1765	298
1765	297
1764	297
1764	296
1763	296
1763	295
1762	295
1762	294
1761	294
1761	293
1760	293
1760	292
1752	292
1752	291
1749	291
1749	290
1745	290
1745	289
1740	289
1740	288
1735	288
1735	287
1734	287
1734	286
1733	286
1733	284
1732	284
1732	283
1731	283
1731	282
1729	282
1729	281
1727	281
1727	282
1726	282
1726	283
1725	283
1725	284
1724	284
1724	285
1723	285
1723	286
1722	286
1722	287
1720	287
1720	288
1719	288
1719	290
1718	290
1718	291
1717	291
1717	292
1716	292
1716	294
1714	294
1714	295
1712	295
1712	296
1711	296
1711	297
1709	297
1709	298
1708	298
1708	299
1707	299
1707	300
1706	300
1706	301
1705	301
1705	302
1703	302
1703	303
1701	303
1701	313
1700	313
1700	315
1701	315
1701	316
1700	316
1700	317
1699	317
1699	319
1698	319
1698	321
1699	321
1699	323
1698	323
1698	326
1699	326
1699	336
1698	336
1698	337
1699	337
1699	342
1698	342
1698	346
1697	346
1697	347
1698	347
1698	352
1697	352
1697	354
1693	354
1693	355
1691	355
1691	356
1690	356
1690	357
1688	357
1688	358
1687	358
1687	359
1686	359
1686	361
1684	361
1684	362
1683	362
1683	363
1682	363
1682	364
1680	364
1680	363
1674	363
1674	364
1671	364
1671	363
1670	363
1670	364
1669	364
1669	365
1667	365
1667	364
1666	364
1666	365
1665	365
1665	364
1664	364
1664	365
1661	365
1661	366
1658	366
1658	367
1655	367
1655	368
1652	368
1652	367
1650	367
1650	368
1646	368
1646	367
1645	367
1645	366
1642	366
1642	365
1640	365
1640	366
1639	366
1639	365
1636	365
1636	366
1633	366
1633	365
1632	365
1632	366
1623	366
1623	365
1621	365
1621	363
1620	363
1620	362
1619	362
1619	361
1618	361
1618	360
1617	360
1617	359
1616	359
1616	357
1615	357
1615	356
1614	356
1614	355
1613	355
1613	354
1612	354
1612	353
1611	353
1611	351
1610	351
1610	349
1609	349
1609	347
1608	347
1608	346
1607	346
1607	345
1606	345
1606	341
1605	341
1605	338
1604	338
1604	335
1603	335
1603	333
1602	333
1602	334
1601	334
1601	333
1602	333
1602	332
1601	332
1601	331
1600	331
1600	330
1599	330
1599	328
1598	328
1598	327
1597	327
1597	326
1595	326
1595	325
1594	325
1594	324
1591	324
1591	323
1590	323
1590	324
1587	324
1587	323
1586	323
1586	322
1585	322
1585	321
1584	321
1584	319
1583	319
1583	318
1582	318
1582	316
1581	316
1581	315
1580	315
1580	312
1579	312
1579	311
1578	311
1578	310
1576	310
1576	309
1575	309
1575	308
1572	308
1572	307
1570	307
1570	306
1567	306
1567	305
1564	305
1564	304
1563	304
1563	303
1561	303
1561	302
1560	302
1560	301
1557	301
1557	300
1554	300
1554	299
1552	299
1552	300
1545	300
1545	301
1544	301
1544	300
1541	300
1541	301
1540	301
1540	300
1539	300
1539	301
1534	301
1534	300
1533	300
1533	301
1525	301
1525	302
1522	302
1522	303
1520	303
1520	305
1519	305
1519	307
1518	307
1518	308
1517	308
1517	310
1516	310
1516	311
1515	311
1515	313
1514	313
1514	314
1512	314
1512	315
1511	315
1511	316
1510	316
1510	317
1509	317
1509	318
1508	318
1508	319
1507	319
1507	320
1506	320
1506	322
1505	322
1505	323
1504	323
1504	325
1503	325
1503	326
1502	326
1502	329
1501	329
1501	333
1500	333
1500	334
1499	334
1499	335
1498	335
1498	334
1496	334
1496	335
1495	335
1495	334
1493	334
1493	335
1491	335
1491	336
1489	336
1489	337
1488	337
1488	339
1486	339
1486	341
1483	341
1483	343
1482	343
1482	346
1480	346
1480	349
1479	349
1479	350
1478	350
1478	355
1477	355
1477	359
1476	359
1476	363
1477	363
1477	367
1478	367
1478	368
1477	368
1477	377
1478	377
1478	381
1477	381
1477	385
1478	385
1478	387
1477	387
1477	388
1478	388
1478	389
1477	389
1477	391
1478	391
1478	392
1477	392
1477	399
1476	399
1476	400
1467	400
1467	401
1466	401
1466	402
1465	402
1465	405
1464	405
1464	408
1463	408
1463	414
1462	414
1462	416
1461	416
1461	417
1462	417
1462	418
1461	418
1461	421
1462	421
1462	424
1461	424
1461	437
1460	437
1460	439
1461	439
1461	440
1460	440
1460	446
1459	446
1459	450
1458	450
1458	451
1459	451
1459	452
1458	452
1458	456
1459	456
1459	458
1458	458
1458	463
1459	463
1459	464
1458	464
1458	470
1459	470
1459	471
1458	471
1458	474
1457	474
1457	476
1456	476
1456	478
1451	478
1451	477
1450	477
1450	476
1449	476
1449	475
1448	475
1448	476
1443	476
1443	475
1442	475
1442	476
1440	476
1440	475
1430	475
1430	476
1429	476
1429	477
1428	477
1428	478
1429	478
1429	479
1428	479
1428	484
1427	484
1427	487
1428	487
1428	497
1429	497
1429	501
1430	501
1430	510
1429	510
1429	512
1428	512
1428	515
1427	515
1427	516
1426	516
1426	518
1424	518
1424	519
1423	519
1423	520
1419	520
1419	519
1414	519
1414	518
1413	518
1413	515
1412	515
1412	511
1411	511
1411	507
1410	507
1410	500
1409	500
1409	499
1410	499
1410	498
1409	498
1409	495
1410	495
1410	491
1409	491
1409	487
1410	487
1410	486
1409	486
1409	483
1408	483
1408	481
1404	481
1404	480
1403	480
1403	481
1400	481
1400	480
1387	480
1387	481
1386	481
1386	486
1385	486
1385	488
1384	488
1384	497
1385	497
1385	508
1386	508
1386	513
1385	513
1385	516
1384	516
1384	517
1383	517
1383	518
1382	518
1382	519
1380	519
1380	520
1378	520
1378	521
1375	521
1375	522
1371	522
1371	523
1369	523
1369	524
1367	524
1367	523
1366	523
1366	524
1365	524
1365	523
1361	523
1361	524
1360	524
1360	523
1357	523
1357	524
1356	524
1356	523
1355	523
1355	522
1354	522
1354	521
1352	521
1352	520
1346	520
1346	521
1341	521
1341	522
1339	522
1339	521
1337	521
1337	520
1336	520
1336	519
1335	519
1335	513
1334	513
1334	512
1335	512
1335	510
1334	510
1334	507
1333	507
1333	499
1334	499
1334	498
1333	498
1333	496
1334	496
1334	495
1333	495
1333	486
1334	486
1334	481
1333	481
1333	480
1334	480
1334	478
1333	478
1333	477
1334	477
1334	471
1333	471
1333	469
1331	469
1331	468
1328	468
1328	467
1327	467
1327	468
1326	468
1326	467
1323	467
1323	466
1322	466
1322	455
1321	455
1321	451
1322	451
1322	448
1321	448
1321	442
1320	442
1320	440
1319	440
1319	434
1318	434
1318	430
1317	430
1317	428
1316	428
1316	427
1315	427
1315	425
1314	425
1314	424
1313	424
1313	423
1311	423
1311	422
1309	422
1309	421
1303	421
1303	420
1300	420
1300	419
1299	419
1299	418
1298	418
1298	417
1296	417
1296	416
1295	416
1295	415
1294	415
1294	413
1291	413
1291	412
1289	412
1289	411
1288	411
1288	409
1287	409
1287	408
1285	408
1285	407
1284	407
1284	406
1283	406
1283	405
1281	405
1281	404
1280	404
1280	403
1279	403
1279	404
1278	404
1278	403
1277	403
1277	402
1275	402
1275	401
1273	401
1273	400
1271	400
1271	399
1270	399
1270	398
1269	398
1269	397
1268	397
1268	396
1267	396
1267	395
1265	395
1265	394
1264	394
1264	393
1262	393
1262	391
1261	391
1261	392
1260	392
1260	390
1248	390
1248	391
1247	391
1247	390
1238	390
1238	391
1237	391
1237	390
1235	390
1235	389
1234	389
1234	388
1232	388
1232	387
1231	387
1231	386
1230	386
1230	384
1228	384
1228	383
1227	383
1227	382
1226	382
1226	381
1225	381
1225	378
1223	378
1223	377
1222	377
1222	374
1220	374
1220	373
1219	373
1219	372
1218	372
1218	371
1217	371
1217	370
1216	370
1216	369
1214	369
1214	368
1211	368
1211	367
1209	367
1209	368
1208	368
1208	367
1205	367
1205	366
1204	366
1204	367
1203	367
1203	366
1200	366
1200	365
1198	365
1198	364
1196	364
1196	363
1194	363
1194	362
1192	362
1192	366
1191	366
1191	367
1192	367
1192	375
1193	375
1193	378
1194	378
1194	379
1195	379
1195	380
1194	380
1194	382
1195	382
1195	383
1196	383
1196	385
1199	385
1199	386
1200	386
1200	387
1198	387
1198	388
1199	388
1199	390
1200	390
1200	393
1198	393
1198	394
1194	394
1194	393
1192	393
1192	392
1191	392
1191	391
1190	391
1190	389
1189	389
1189	384
1188	384
1188	380
1187	380
1187	377
1186	377
1186	374
1185	374
1185	372
1183	372
1183	373
1181	373
1181	374
1177	374
1177	375
1176	375
1176	376
1177	376
1177	378
1178	378
1178	380
1179	380
1179	382
1178	382
1178	386
1177	386
1177	388
1176	388
1176	390
1175	390
1175	391
1174	391
1174	392
1171	392
1171	393
1167	393
1167	394
1162	394
1162	393
1160	393
1160	392
1159	392
1159	388
1160	388
1160	387
1163	387
1163	386
1165	386
1165	387
1169	387
1169	386
1170	386
1170	384
1171	384
1171	379
1170	379
1170	378
1169	378
1169	377
1168	377
1168	378
1165	378
1165	377
1161	377
1161	378
1160	378
1160	377
1158	377
1158	376
1157	376
1157	375
1156	375
1156	372
1158	372
1158	370
1159	370
1159	369
1160	369
1160	365
1158	365
1158	367
1157	367
1157	366
1156	366
1156	367
1154	367
1154	366
1153	366
1153	363
1154	363
1154	362
1156	362
1156	361
1157	361
1157	360
1158	360
1158	359
1159	359
1159	358
1164	358
1164	360
1166	360
1166	361
1167	361
1167	362
1168	362
1168	363
1169	363
1169	362
1171	362
1171	361
1173	361
1173	360
1174	360
1174	359
1178	359
1178	360
1181	360
1181	361
1182	361
1182	362
1184	362
1184	359
1183	359
1183	358
1182	358
1182	356
1183	356
1183	341
1182	341
1182	339
1181	339
1181	337
1180	337
1180	335
1179	335
1179	334
1178	334
1178	332
1177	332
1177	331
1176	331
1176	329
1175	329
1175	328
1174	328
1174	324
1173	324
1173	323
1172	323
1172	321
1171	321
1171	320
1170	320
1170	319
1169	319
1169	317
1168	317
1168	315
1167	315
1167	314
1166	314
1166	313
1164	313
1164	311
1163	311
1163	309
1162	309
1162	308
1161	308
1161	307
1162	307
1162	306
1161	306
1161	305
1159	305
1159	304
1157	304
1157	303
1156	303
1156	302
1154	302
1154	301
1153	301
1153	300
1148	300
1148	299
1147	299
1147	298
1146	298
1146	297
1143	297
1143	296
1140	296
1140	295
1138	295
1138	296
1137	296
1137	295
1136	295
1136	296
1133	296
1133	297
1131	297
1131	298
1130	298
1130	299
1129	299
1129	300
1128	300
1128	302
1125	302
1125	303
1124	303
1124	305
1122	305
1122	306
1121	306
1121	308
1120	308
1120	311
1119	311
1119	314
1118	314
1118	320
1117	320
1117	321
1116	321
1116	322
1115	322
1115	323
1114	323
1114	324
1113	324
1113	325
1112	325
1112	326
1110	326
1110	325
1109	325
1109	326
1108	326
1108	327
1107	327
1107	328
1106	328
1106	330
1105	330
1105	332
1104	332
1104	333
1103	333
1103	334
1101	334
1101	335
1099	335
1099	336
1098	336
1098	338
1097	338
1097	339
1095	339
1095	340
1094	340
1094	341
1093	341
1093	343
1092	343
1092	344
1091	344
1091	346
1090	346
1090	349
1091	349
1091	350
1090	350
1090	357
1091	357
1091	361
1092	361
1092	363
1091	363
1091	365
1090	365
1090	367
1087	367
1087	369
1085	369
1085	370
1084	370
1084	371
1082	371
1082	372
1080	372
1080	373
1078	373
1078	374
1077	374
1077	375
1076	375
1076	376
1074	376
1074	377
1071	377
1071	378
1069	378
1069	379
1068	379
1068	380
1066	380
1066	381
1063	381
1063	382
1059	382
1059	383
1058	383
1058	384
1055	384
1055	385
1054	385
1054	386
1052	386
1052	387
1051	387
1051	388
1050	388
1050	389
1049	389
1049	391
1048	391
1048	393
1047	393
1047	394
1046	394
1046	396
1045	396
1045	397
1044	397
1044	399
1043	399
1043	400
1042	400
1042	401
1040	401
1040	402
1036	402
1036	403
1035	403
1035	404
1034	404
1034	405
1033	405
1033	408
1032	408
1032	411
1031	411
1031	413
1030	413
1030	415
1029	415
1029	416
1027	416
1027	417
1026	417
1026	418
1024	418
1024	419
1023	419
1023	420
1021	420
1021	421
1020	421
1020	422
1019	422
1019	423
1018	423
1018	424
1017	424
1017	425
1016	425
1016	426
1015	426
1015	427
1013	427
1013	428
1012	428
1012	429
1010	429
1010	430
1006	430
1006	431
1000	431
1000	432
993	432
993	434
994	434
994	437
995	437
995	441
996	441
996	445
997	445
997	450
998	450
998	451
997	451
997	458
998	458
998	461
999	461
999	466
1000	466
1000	470
1001	470
1001	475
1002	475
1002	477
1003	477
1003	481
1002	481
1002	482
996	482
996	480
995	480
995	474
994	474
994	470
993	470
993	464
992	464
992	460
991	460
991	449
990	449
990	445
989	445
989	440
986	440
986	441
985	441
985	442
983	442
983	443
982	443
982	444
981	444
981	445
979	445
979	446
978	446
978	447
977	447
977	448
976	448
976	449
975	449
975	450
974	450
974	451
973	451
973	452
971	452
971	453
970	453
970	454
969	454
969	455
967	455
967	457
966	457
966	458
964	458
964	459
963	459
963	460
962	460
962	461
961	461
961	462
959	462
959	463
955	463
955	462
954	462
954	458
955	458
955	457
957	457
957	456
959	456
959	455
960	455
960	454
961	454
961	453
962	453
962	452
963	452
963	451
964	451
964	450
965	450
965	449
967	449
967	448
968	448
968	447
969	447
969	446
970	446
970	445
972	445
972	444
973	444
973	443
974	443
974	442
975	442
975	441
976	441
976	440
977	440
977	439
978	439
978	438
979	438
979	437
982	437
982	436
983	436
983	435
984	435
984	434
985	434
985	433
986	433
986	432
983	432
983	431
981	431
981	430
979	430
979	429
977	429
977	428
975	428
975	427
974	427
974	426
972	426
972	425
970	425
970	424
955	424
955	423
954	423
954	422
953	422
953	421
952	421
952	420
951	420
951	418
949	418
949	417
948	417
948	416
944	416
944	415
942	415
942	414
940	414
940	415
938	415
938	414
933	414
933	413
927	413
927	412
922	412
922	413
914	413
914	412
909	412
909	411
900	411
900	412
899	412
899	411
896	411
896	412
894	412
894	413
893	413
893	414
890	414
890	415
888	415
888	416
885	416
885	417
881	417
881	416
876	416
876	415
874	415
874	414
872	414
872	413
870	413
870	412
867	412
867	411
864	411
864	410
861	410
861	409
847	409
847	410
842	410
842	409
840	409
840	408
839	408
839	405
838	405
838	401
837	401
837	394
836	394
836	390
835	390
835	389
834	389
834	386
833	386
833	381
832	381
832	380
831	380
831	376
830	376
830	374
829	374
829	370
828	370
828	368
827	368
827	365
826	365
826	364
825	364
825	362
824	362
824	358
823	358
823	356
822	356
822	354
821	354
821	351
820	351
820	347
819	347
819	343
818	343
818	338
817	338
817	335
816	335
816	330
815	330
815	323
816	323
816	318
817	318
817	313
818	313
818	299
819	299
819	298
818	298
818	296
819	296
819	291
818	291
818	290
819	290
819	285
818	285
818	286
817	286
817	287
813	287
813	288
812	288
812	287
809	287
809	288
807	288
807	287
806	287
806	286
789	286
789	287
782	287
782	288
781	288
781	287
776	287
776	286
773	286
773	287
772	287
772	286
761	286
761	287
760	287
760	289
758	289
758	291
757	291
757	292
756	292
756	293
755	293
755	294
754	294
754	307
753	307
753	308
754	308
754	310
753	310
753	318
752	318
752	324
751	324
751	325
752	325
752	326
753	326
753	327
752	327
752	328
751	328
751	330
750	330
750	331
740	331
740	332
738	332
738	333
736	333
736	334
733	334
733	335
730	335
730	336
726	336
726	337
723	337
723	338
721	338
721	341
720	341
720	344
719	344
719	346
718	346
718	347
719	347
719	348
718	348
718	351
719	351
719	352
718	352
718	356
719	356
719	363
720	363
720	364
719	364
719	366
720	366
720	367
721	367
721	368
720	368
720	371
721	371
721	376
722	376
722	377
723	377
723	380
724	380
724	385
725	385
725	388
726	388
726	392
727	392
727	399
726	399
726	400
725	400
725	401
726	401
726	402
725	402
725	403
724	403
724	405
722	405
722	406
720	406
720	407
717	407
717	406
710	406
710	405
707	405
707	404
705	404
705	403
703	403
703	402
702	402
702	401
700	401
700	400
699	400
699	399
677	399
677	398
676	398
676	389
675	389
675	388
676	388
676	386
675	386
675	385
676	385
676	384
675	384
675	377
674	377
674	365
673	365
673	357
672	357
672	345
671	345
671	340
670	340
670	337
669	337
669	332
668	332
668	324
667	324
667	310
666	310
666	295
667	295
667	292
668	292
668	289
669	289
669	285
670	285
670	283
671	283
671	282
672	282
672	281
671	281
671	280
672	280
672	275
673	275
673	274
672	274
672	272
671	272
671	269
670	269
670	268
669	268
669	266
668	266
668	265
667	265
667	263
666	263
666	261
665	261
665	260
664	260
664	259
663	259
663	258
662	258
662	257
661	257
661	256
659	256
659	255
657	255
657	254
656	254
656	253
653	253
653	252
650	252
650	253
647	253
647	254
644	254
644	255
641	255
641	256
638	256
638	257
637	257
637	258
636	258
636	260
635	260
635	263
634	263
634	265
633	265
633	266
632	266
632	268
631	268
631	269
630	269
630	270
629	270
629	271
627	271
627	272
626	272
626	273
625	273
625	274
621	274
621	275
618	275
618	276
617	276
617	277
616	277
616	278
615	278
615	279
614	279
614	280
613	280
613	281
612	281
612	282
611	282
611	283
610	283
610	284
609	284
609	285
608	285
608	287
603	287
603	288
602	288
602	289
601	289
601	291
600	291
600	293
599	293
599	297
598	297
598	299
597	299
597	300
596	300
596	301
595	301
595	302
594	302
594	303
593	303
593	304
588	304
588	303
587	303
587	304
574	304
574	303
573	303
573	302
571	302
571	301
570	301
570	300
563	300
563	301
560	301
560	300
557	300
557	299
556	299
556	298
555	298
555	297
554	297
554	296
550	296
550	297
549	297
549	296
546	296
546	297
539	297
539	296
538	296
538	297
534	297
534	298
533	298
533	297
531	297
531	295
530	295
530	291
529	291
529	290
528	290
528	289
525	289
525	288
524	288
524	287
523	287
523	288
522	288
522	291
521	291
521	292
520	292
520	293
517	293
517	292
514	292
514	293
512	293
512	292
511	292
511	293
508	293
508	292
504	292
504	291
502	291
502	292
499	292
499	291
498	291
498	292
485	292
485	291
483	291
483	290
473	290
473	289
472	289
472	287
473	287
473	281
472	281
472	275
473	275
473	272
474	272
474	265
468	265
468	264
463	264
463	265
458	265
458	264
456	264
456	258
455	258
455	254
454	254
454	252
455	252
455	246
454	246
454	241
453	241
453	242
452	242
452	245
451	245
451	248
450	248
450	251
449	251
449	256
448	256
448	265
447	265
447	266
448	266
448	287
449	287
449	296
450	296
450	297
449	297
449	300
452	300
452	298
453	298
453	297
455	297
455	298
456	298
456	299
458	299
458	303
457	303
457	304
458	304
458	305
457	305
457	306
455	306
455	308
454	308
454	309
452	309
452	310
451	310
451	311
450	311
450	312
447	312
447	311
446	311
446	309
445	309
445	308
446	308
446	306
445	306
445	289
444	289
444	277
443	277
443	274
444	274
444	273
443	273
443	265
444	265
444	256
445	256
445	251
446	251
446	246
447	246
447	243
448	243
448	239
449	239
449	233
450	233
450	227
451	227
451	226
450	226
450	225
451	225
451	224
450	224
450	223
451	223
451	220
452	220
452	214
453	214
453	207
454	207
454	190
455	190
455	184
454	184
454	182
453	182
453	181
451	181
451	180
449	180
449	181
446	181
446	180
445	180
445	176
444	176
444	175
443	175
443	174
442	174
442	173
441	173
441	172
440	172
440	171
439	171
439	170
438	170
438	169
437	169
437	168
435	168
435	167
434	167
434	166
432	166
432	165
431	165
431	164
430	164
430	163
429	163
429	162
427	162
427	161
421	161
421	162
410	162
410	161
408	161
408	160
407	160
407	159
408	159
408	158
407	158
407	155
406	155
406	153
405	153
405	150
404	150
404	146
403	146
403	137
404	137
404	133
403	133
403	130
402	130
402	128
401	128
401	127
400	127
400	126
395	126
395	127
394	127
394	128
393	128
393	130
394	130
394	132
393	132
393	136
392	136
392	138
391	138
391	140
389	140
389	141
384	141
384	142
382	142
382	143
379	143
379	144
377	144
377	151
376	151
376	157
375	157
375	158
376	158
376	160
375	160
375	163
374	163
374	164
371	164
371	165
369	165
369	166
368	166
368	167
364	167
364	168
358	168
358	169
356	169
356	170
355	170
355	174
354	174
354	177
353	177
353	178
352	178
352	180
351	180
351	181
350	181
350	182
348	182
348	183
342	183
342	182
340	182
340	180
339	180
339	176
338	176
338	172
337	172
337	161
336	161
336	159
335	159
335	160
331	160
331	159
328	159
328	158
327	158
327	157
326	157
326	156
325	156
325	155
324	155
324	153
322	153
322	152
320	152
320	151
314	151
314	150
306	150
306	151
303	151
303	153
300	153
300	154
298	154
298	155
291	155
291	156
283	156
283	157
281	157
281	156
277	156
277	155
275	155
275	154
272	154
272	155
271	155
271	156
265	156
265	157
261	157
261	158
260	158
260	157
258	157
258	158
255	158
255	157
253	157
253	158
250	158
250	159
244	159
244	160
241	160
241	162
239	162
239	163
236	163
236	164
235	164
235	166
233	166
233	167
232	167
232	169
229	169
229	170
228	170
228	171
213	171
213	172
208	172
208	173
206	173
206	172
203	172
203	171
196	171
196	172
195	172
195	175
196	175
196	181
197	181
197	182
196	182
196	183
197	183
197	191
196	191
196	193
195	193
195	195
194	195
194	196
192	196
192	197
190	197
190	198
189	198
189	197
188	197
188	198
182	198
182	197
178	197
178	196
176	196
176	191
175	191
175	188
174	188
174	182
173	182
173	178
172	178
172	167
173	167
173	165
172	165
172	164
173	164
173	162
172	162
172	157
171	157
171	155
172	155
172	152
171	152
171	148
170	148
170	138
169	138
169	135
168	135
168	134
166	134
166	133
164	133
164	131
162	131
162	130
159	130
159	131
157	131
157	130
155	130
155	129
153	129
153	128
151	128
151	127
148	127
148	126
146	126
146	125
145	125
145	124
140	124
140	123
137	123
137	122
136	122
136	121
134	121
134	119
133	119
133	118
131	118
131	117
129	117
129	118
128	118
128	117
124	117
124	118
116	118
116	119
113	119
113	118
112	118
112	115
123	115
123	114
124	114
124	115
127	115
127	114
130	114
130	115
132	115
132	116
137	116
137	117
138	117
138	116
142	116
142	117
146	117
146	118
148	118
148	119
153	119
153	121
155	121
155	122
158	122
158	123
165	123
165	125
166	125
166	126
168	126
168	127
169	127
169	128
173	128
173	131
174	131
174	132
175	132
175	134
176	134
176	139
177	139
177	146
176	146
176	147
177	147
177	151
178	151
178	152
177	152
177	157
178	157
178	179
179	179
179	185
180	185
180	186
179	186
179	188
180	188
180	190
181	190
181	191
189	191
189	190
190	190
190	187
191	187
191	186
190	186
190	179
189	179
189	170
190	170
190	169
191	169
191	168
192	168
192	166
194	166
194	165
195	165
195	164
197	164
197	163
202	163
202	164
205	164
205	165
207	165
207	166
209	166
209	165
210	165
210	166
213	166
213	165
214	165
214	166
216	166
216	165
217	165
217	164
218	164
218	165
219	165
219	164
228	164
228	163
229	163
229	162
230	162
230	161
231	161
231	160
232	160
232	159
234	159
234	158
235	158
235	157
237	157
237	156
239	156
239	154
240	154
240	155
244	155
244	154
245	154
245	153
247	153
247	152
250	152
250	151
254	151
254	150
258	150
258	151
260	151
260	150
262	150
262	151
263	151
263	150
265	150
265	151
267	151
267	150
269	150
269	149
271	149
271	148
273	148
273	147
275	147
275	148
278	148
278	149
286	149
286	147
287	147
287	148
288	148
288	149
291	149
291	148
298	148
298	147
299	147
299	146
302	146
302	145
304	145
304	144
307	144
307	143
316	143
316	144
320	144
320	143
321	143
321	144
323	144
323	145
325	145
325	146
327	146
327	148
329	148
329	150
330	150
330	151
331	151
331	152
335	152
335	153
336	153
336	152
337	152
337	153
338	153
338	154
341	154
341	155
342	155
342	156
343	156
343	158
344	158
344	161
343	161
343	171
344	171
344	172
343	172
343	174
345	174
345	175
344	175
344	176
347	176
347	174
349	174
349	171
350	171
350	168
351	168
351	166
352	166
352	164
353	164
353	163
354	163
354	162
358	162
358	163
363	163
363	162
365	162
365	161
366	161
366	160
368	160
368	159
369	159
369	158
370	158
370	157
369	157
369	155
370	155
370	152
371	152
371	144
370	144
370	141
371	141
371	139
372	139
372	138
375	138
375	137
376	137
376	138
378	138
378	137
380	137
380	136
383	136
383	135
385	135
385	134
386	134
386	132
387	132
387	130
385	130
385	129
386	129
386	128
387	128
387	126
388	126
388	125
389	125
389	123
390	123
390	122
392	122
392	121
394	121
394	120
396	120
396	119
402	119
402	120
403	120
403	122
406	122
406	123
407	123
407	125
408	125
408	127
409	127
409	130
410	130
410	132
409	132
409	141
408	141
408	145
410	145
410	149
409	149
409	150
410	150
410	151
411	151
411	155
423	155
423	154
426	154
426	155
430	155
430	156
432	156
432	157
433	157
433	158
436	158
436	159
437	159
437	160
438	160
438	162
441	162
441	163
443	163
443	165
444	165
444	166
445	166
445	167
446	167
446	168
447	168
447	169
448	169
448	170
449	170
449	174
450	174
450	173
451	173
451	174
455	174
