263	467
262	467
262	472
261	472
261	473
262	473
262	474
261	474
261	483
260	483
260	484
261	484
261	493
262	493
262	494
264	494
264	493
271	493
271	494
272	494
272	497
275	497
275	498
277	498
277	499
281	499
281	500
283	500
283	501
286	501
286	502
289	502
289	501
290	501
290	500
295	500
295	499
299	499
299	498
300	498
300	499
303	499
303	498
304	498
304	497
308	497
308	498
309	498
309	497
310	497
310	498
311	498
311	499
319	499
319	498
322	498
322	499
324	499
324	498
326	498
326	497
335	497
335	495
336	495
336	494
337	494
337	493
339	493
339	492
341	492
341	491
343	491
343	490
345	490
345	488
347	488
347	487
350	487
350	486
354	486
354	485
356	485
356	486
357	486
357	485
362	485
362	484
363	484
363	483
365	483
365	482
366	482
366	483
376	483
376	484
379	484
379	485
381	485
381	484
389	484
389	485
392	485
392	486
395	486
395	487
398	487
398	488
409	488
409	489
412	489
412	490
415	490
415	491
417	491
417	492
418	492
418	493
420	493
420	494
421	494
421	495
422	495
422	496
423	496
423	497
424	497
424	498
426	498
426	499
427	499
427	500
428	500
428	501
429	501
429	502
430	502
430	503
431	503
431	505
434	505
434	506
435	506
435	507
437	507
437	508
440	508
440	507
442	507
442	508
445	508
445	509
447	509
447	510
451	510
451	511
453	511
453	513
454	513
454	514
455	514
455	516
456	516
456	517
457	517
457	519
458	519
458	520
459	520
459	521
460	521
460	522
461	522
461	523
462	523
462	524
463	524
463	525
464	525
464	526
465	526
465	527
466	527
466	529
467	529
467	530
468	530
468	531
469	531
469	534
470	534
470	536
475	536
475	537
483	537
483	536
486	536
486	537
487	537
487	538
491	538
491	539
492	539
492	537
496	537
496	536
501	536
501	538
504	538
504	539
511	539
511	540
515	540
515	539
516	539
516	538
519	538
519	537
525	537
525	536
528	536
528	535
531	535
531	534
532	534
532	533
535	533
535	532
539	532
539	531
541	531
541	530
542	530
542	529
546	529
546	527
547	527
547	526
549	526
549	524
550	524
550	523
551	523
551	521
552	521
552	520
553	520
553	519
554	519
554	518
555	518
555	515
556	515
556	512
557	512
557	510
558	510
558	508
559	508
559	507
560	507
560	504
561	504
561	502
562	502
562	501
564	501
564	496
565	496
565	494
566	494
566	492
567	492
567	490
568	490
568	488
569	488
569	486
570	486
570	484
571	484
571	482
573	482
573	481
574	481
574	480
575	480
575	479
576	479
576	477
577	477
577	476
578	476
578	474
579	474
579	473
580	473
580	472
581	472
581	469
582	469
582	468
583	468
583	464
582	464
582	457
581	457
581	447
580	447
580	442
581	442
581	436
582	436
582	435
583	435
583	434
584	434
584	433
585	433
585	432
586	432
586	431
587	431
587	430
588	430
588	429
589	429
589	428
591	428
591	427
599	427
599	428
601	428
601	429
602	429
602	428
605	428
605	427
607	427
607	428
608	428
608	427
610	427
610	429
614	429
614	430
617	430
617	431
618	431
618	432
619	432
619	433
621	433
621	434
624	434
624	436
627	436
627	437
629	437
629	439
630	439
630	440
631	440
631	441
633	441
633	442
634	442
634	443
636	443
636	444
637	444
637	445
638	445
638	446
639	446
639	448
640	448
640	450
642	450
642	451
643	451
643	452
644	452
644	458
645	458
645	459
644	459
644	461
645	461
645	463
646	463
646	465
647	465
647	468
648	468
648	469
649	469
649	471
650	471
650	472
651	472
651	474
652	474
652	476
654	476
654	477
658	477
658	479
660	479
660	480
661	480
661	481
662	481
662	482
663	482
663	483
664	483
664	484
673	484
673	483
675	483
675	484
684	484
684	485
686	485
686	486
685	486
685	487
686	487
686	488
687	488
687	490
692	490
692	491
693	491
693	492
695	492
695	494
696	494
696	495
698	495
698	496
699	496
699	498
698	498
698	499
699	499
699	500
698	500
698	503
697	503
697	504
696	504
696	505
697	505
697	509
698	509
698	511
696	511
696	512
697	512
697	514
698	514
698	517
699	517
699	518
698	518
698	520
699	520
699	522
698	522
698	523
699	523
699	525
698	525
698	532
697	532
697	533
698	533
698	534
697	534
697	535
696	535
696	541
697	541
697	548
698	548
698	552
697	552
697	554
700	554
700	555
702	555
702	556
709	556
709	558
719	558
719	560
720	560
720	561
722	561
722	562
723	562
723	563
724	563
724	564
725	564
725	565
727	565
727	566
728	566
728	567
729	567
729	568
730	568
730	569
731	569
731	568
732	568
732	569
733	569
733	571
734	571
734	572
736	572
736	573
737	573
737	574
738	574
738	575
739	575
739	576
740	576
740	579
739	579
739	583
740	583
740	585
741	585
741	589
742	589
742	592
743	592
743	594
744	594
744	595
745	595
745	598
746	598
746	603
747	603
747	607
748	607
748	620
749	620
749	621
748	621
748	622
750	622
750	623
755	623
755	622
758	622
758	621
761	621
761	620
766	620
766	619
769	619
769	618
775	618
775	617
778	617
778	616
783	616
783	615
784	615
784	614
787	614
787	613
789	613
789	614
791	614
791	613
793	613
793	612
797	612
797	611
801	611
801	610
804	610
804	611
805	611
805	610
807	610
807	609
810	609
810	610
811	610
811	609
816	609
816	608
819	608
819	607
823	607
823	606
828	606
828	607
829	607
829	606
831	606
831	605
835	605
835	604
840	604
840	603
842	603
842	604
843	604
843	603
844	603
844	604
848	604
848	603
865	603
865	604
876	604
876	605
878	605
878	606
884	606
884	607
885	607
885	606
888	606
888	607
889	607
889	610
892	610
892	611
893	611
893	612
901	612
901	613
903	613
903	614
904	614
904	613
906	613
906	614
907	614
907	615
908	615
908	616
910	616
910	617
912	617
912	616
914	616
914	617
916	617
916	618
917	618
917	620
918	620
918	621
921	621
921	622
924	622
924	623
929	623
929	622
937	622
937	623
942	623
942	622
952	622
952	621
953	621
953	620
954	620
954	621
958	621
958	620
959	620
959	619
960	619
960	617
961	617
961	615
962	615
962	614
964	614
964	613
965	613
965	612
966	612
966	611
967	611
967	610
969	610
969	609
970	609
970	608
972	608
972	607
975	607
975	606
977	606
977	605
981	605
981	604
983	604
983	603
985	603
985	602
986	602
986	601
988	601
988	600
991	600
991	599
995	599
995	598
996	598
996	597
998	597
998	596
999	596
999	595
1002	595
1002	596
1004	596
1004	595
1006	595
1006	594
1008	594
1008	591
1007	591
1007	582
1006	582
1006	580
1005	580
1005	579
1004	579
1004	576
1003	576
1003	575
1002	575
1002	574
1001	574
1001	571
1000	571
1000	568
999	568
999	567
1000	567
1000	566
999	566
999	565
998	565
998	563
997	563
997	560
996	560
996	558
995	558
995	556
994	556
994	554
993	554
993	551
992	551
992	549
991	549
991	546
992	546
992	545
991	545
991	542
992	542
992	540
991	540
991	535
990	535
990	533
989	533
989	532
988	532
988	530
987	530
987	529
986	529
986	527
985	527
985	525
984	525
984	521
983	521
983	519
982	519
982	516
981	516
981	511
980	511
980	508
979	508
979	504
978	504
978	503
979	503
979	502
980	502
980	501
982	501
982	502
983	502
983	501
987	501
987	500
989	500
989	499
993	499
993	498
996	498
996	497
998	497
998	493
997	493
997	489
996	489
996	488
997	488
997	487
996	487
996	485
997	485
997	474
998	474
998	470
999	470
999	468
1000	468
1000	465
1001	465
1001	441
1000	441
1000	435
999	435
999	434
1000	434
1000	427
999	427
999	419
1000	419
1000	416
1001	416
1001	415
1004	415
1004	414
1007	414
1007	415
1018	415
1018	416
1022	416
1022	415
1028	415
1028	416
1029	416
1029	415
1030	415
1030	416
1044	416
1044	419
1045	419
1045	420
1046	420
1046	421
1047	421
1047	422
1048	422
1048	423
1049	423
1049	424
1051	424
1051	426
1052	426
1052	427
1053	427
1053	428
1054	428
1054	429
1055	429
1055	430
1057	430
1057	431
1058	431
1058	432
1059	432
1059	435
1060	435
1060	436
1062	436
1062	437
1067	437
1067	438
1068	438
1068	439
1069	439
1069	440
1070	440
1070	439
1071	439
1071	440
1076	440
1076	443
1077	443
1077	444
1078	444
1078	445
1080	445
1080	447
1081	447
1081	448
1082	448
1082	449
1083	449
1083	450
1085	450
1085	451
1086	451
1086	453
1087	453
1087	454
1088	454
1088	455
1089	455
1089	456
1090	456
1090	457
1093	457
1093	458
1094	458
1094	459
1095	459
1095	460
1097	460
1097	462
1098	462
1098	463
1099	463
1099	464
1100	464
1100	467
1101	467
1101	468
1102	468
1102	469
1103	469
1103	470
1104	470
1104	471
1105	471
1105	473
1106	473
1106	475
1107	475
1107	477
1108	477
1108	478
1109	478
1109	479
1110	479
1110	480
1111	480
1111	481
1113	481
1113	485
1114	485
1114	487
1116	487
1116	488
1117	488
1117	490
1119	490
1119	491
1120	491
1120	492
1122	492
1122	494
1123	494
1123	495
1124	495
1124	496
1125	496
1125	497
1126	497
1126	499
1127	499
1127	504
1128	504
1128	507
1131	507
1131	508
1133	508
1133	509
1134	509
1134	511
1137	511
1137	512
1138	512
1138	513
1141	513
1141	514
1143	514
1143	516
1144	516
1144	518
1145	518
1145	520
1146	520
1146	521
1147	521
1147	524
1148	524
1148	525
1149	525
1149	526
1150	526
1150	529
1151	529
1151	532
1152	532
1152	537
1153	537
1153	540
1154	540
1154	543
1155	543
1155	550
1156	550
1156	552
1157	552
1157	553
1158	553
1158	554
1159	554
1159	555
1160	555
1160	557
1161	557
1161	558
1162	558
1162	560
1164	560
1164	561
1165	561
1165	562
1166	562
1166	563
1167	563
1167	565
1168	565
1168	566
1169	566
1169	567
1170	567
1170	569
1171	569
1171	570
1172	570
1172	572
1173	572
1173	574
1174	574
1174	575
1175	575
1175	576
1179	576
1179	577
1183	577
1183	576
1184	576
1184	577
1190	577
1190	578
1192	578
1192	579
1194	579
1194	580
1213	580
1213	579
1214	579
1214	578
1217	578
1217	577
1219	577
1219	576
1220	576
1220	577
1223	577
1223	576
1225	576
1225	575
1226	575
1226	574
1228	574
1228	573
1231	573
1231	572
1235	572
1235	571
1237	571
1237	570
1238	570
1238	569
1241	569
1241	568
1243	568
1243	567
1247	567
1247	566
1249	566
1249	565
1251	565
1251	564
1252	564
1252	563
1253	563
1253	562
1255	562
1255	561
1257	561
1257	559
1258	559
1258	557
1260	557
1260	556
1261	556
1261	555
1263	555
1263	554
1264	554
1264	553
1266	553
1266	552
1268	552
1268	551
1269	551
1269	550
1270	550
1270	548
1271	548
1271	547
1272	547
1272	546
1274	546
1274	545
1275	545
1275	544
1277	544
1277	543
1279	543
1279	542
1281	542
1281	541
1282	541
1282	540
1283	540
1283	538
1286	538
1286	537
1287	537
1287	536
1291	536
1291	535
1294	535
1294	534
1296	534
1296	533
1304	533
1304	532
1312	532
1312	533
1313	533
1313	532
1315	532
1315	533
1320	533
1320	534
1321	534
1321	535
1323	535
1323	536
1325	536
1325	537
1327	537
1327	538
1328	538
1328	539
1330	539
1330	541
1334	541
1334	542
1335	542
1335	541
1340	541
1340	542
1341	542
1341	544
1342	544
1342	545
1343	545
1343	547
1344	547
1344	548
1345	548
1345	549
1349	549
1349	548
1351	548
1351	549
1352	549
1352	548
1353	548
1353	549
1360	549
1360	550
1362	550
1362	551
1363	551
1363	550
1370	550
1370	549
1376	549
1376	548
1384	548
1384	547
1385	547
1385	546
1386	546
1386	545
1388	545
1388	544
1391	544
1391	543
1393	543
1393	542
1396	542
1396	541
1398	541
1398	540
1399	540
1399	539
1401	539
1401	538
1402	538
1402	536
1403	536
1403	531
1404	531
1404	526
1405	526
1405	524
1404	524
1404	509
1405	509
1405	507
1404	507
1404	505
1403	505
1403	504
1404	504
1404	500
1403	500
1403	498
1404	498
1404	494
1403	494
1403	483
1402	483
1402	474
1401	474
1401	466
1400	466
1400	459
1399	459
1399	458
1400	458
1400	445
1401	445
1401	443
1400	443
1400	438
1399	438
1399	436
1400	436
1400	435
1399	435
1399	424
1400	424
1400	411
1399	411
1399	410
1400	410
1400	402
1399	402
1399	399
1400	399
1400	397
1399	397
1399	393
1400	393
1400	392
1399	392
1399	387
1398	387
1398	381
1397	381
1397	375
1396	375
1396	370
1395	370
1395	367
1394	367
1394	362
1393	362
1393	360
1394	360
1394	359
1393	359
1393	347
1392	347
1392	346
1393	346
1393	344
1391	344
1391	343
1392	343
1392	341
1391	341
1391	339
1392	339
1392	337
1391	337
1391	335
1392	335
1392	324
1393	324
1393	322
1394	322
1394	320
1395	320
1395	317
1396	317
1396	315
1397	315
1397	314
1399	314
1399	313
1400	313
1400	312
1401	312
1401	310
1402	310
1402	309
1403	309
1403	308
1404	308
1404	307
1405	307
1405	306
1407	306
1407	305
1410	305
1410	306
1411	306
1411	307
1413	307
1413	308
1415	308
1415	309
1416	309
1416	311
1417	311
1417	312
1418	312
1418	313
1419	313
1419	315
1421	315
1421	317
1422	317
1422	318
1423	318
1423	319
1425	319
1425	318
1426	318
1426	319
1428	319
1428	320
1430	320
1430	321
1431	321
1431	322
1433	322
1433	323
1434	323
1434	324
1436	324
1436	326
1438	326
1438	327
1439	327
1439	328
1440	328
1440	329
1443	329
1443	331
1444	331
1444	332
1445	332
1445	333
1446	333
1446	334
1448	334
1448	335
1450	335
1450	336
1451	336
1451	338
1453	338
1453	339
1454	339
1454	340
1455	340
1455	341
1456	341
1456	342
1459	342
1459	343
1460	343
1460	344
1462	344
1462	345
1463	345
1463	344
1477	344
1477	345
1481	345
1481	344
1490	344
1490	345
1492	345
1492	346
1494	346
1494	347
1497	347
1497	348
1498	348
1498	349
1500	349
1500	351
1501	351
1501	352
1502	352
1502	353
1507	353
1507	354
1510	354
1510	355
1512	355
1512	356
1515	356
1515	357
1517	357
1517	358
1519	358
1519	359
1521	359
1521	360
1522	360
1522	361
1524	361
1524	363
1525	363
1525	364
1526	364
1526	365
1531	365
1531	366
1532	366
1532	367
1534	367
1534	366
1535	366
1535	367
1537	367
1537	368
1538	368
1538	369
1539	369
1539	370
1542	370
1542	372
1543	372
1543	373
1544	373
1544	374
1545	374
1545	375
1549	375
1549	376
1553	376
1553	375
1556	375
1556	376
1557	376
1557	377
1559	377
1559	378
1563	378
1563	377
1575	377
1575	378
1578	378
1578	379
1579	379
1579	378
1580	378
1580	377
1582	377
1582	375
1585	375
1585	376
1586	376
1586	374
1588	374
1588	373
1589	373
1589	372
1595	372
1595	371
1598	371
1598	370
1599	370
1599	369
1600	369
1600	368
1604	368
1604	367
1605	367
1605	366
1607	366
1607	365
1608	365
1608	364
1609	364
1609	361
1610	361
1610	360
1611	360
1611	357
1613	357
1613	353
1614	353
1614	351
1615	351
1615	349
1616	349
1616	347
1617	347
1617	344
1618	344
1618	341
1619	341
1619	339
1620	339
1620	337
1621	337
1621	334
1622	334
1622	333
1623	333
1623	327
1624	327
1624	321
1623	321
1623	316
1622	316
1622	315
1621	315
1621	314
1622	314
1622	313
1621	313
1621	308
1620	308
1620	300
1619	300
1619	298
1618	298
1618	296
1617	296
1617	294
1616	294
1616	292
1615	292
1615	287
1616	287
1616	286
1618	286
1618	285
1620	285
1620	284
1622	284
1622	283
1625	283
1625	281
1627	281
1627	280
1628	280
1628	279
1630	279
1630	278
1634	278
1634	277
1636	277
1636	276
1638	276
1638	277
1639	277
1639	276
1641	276
1641	275
1642	275
1642	274
1644	274
1644	273
1647	273
1647	272
1649	272
1649	271
1650	271
1650	270
1653	270
1653	269
1654	269
1654	268
1657	268
1657	267
1661	267
1661	266
1671	266
1671	265
1672	265
1672	266
1683	266
1683	265
1684	265
1684	266
1687	266
1687	265
1692	265
1692	264
1694	264
1694	263
1700	263
1700	262
1701	262
1701	261
1702	261
1702	259
1701	259
1701	257
1700	257
1700	253
1699	253
1699	251
1698	251
1698	249
1697	249
1697	246
1696	246
1696	242
1695	242
1695	236
1694	236
1694	231
1693	231
1693	226
1692	226
1692	222
1693	222
1693	218
1692	218
1692	214
1693	214
1693	212
1692	212
1692	206
1693	206
1693	205
1692	205
1692	199
1693	199
1693	198
1692	198
1692	195
1693	195
1693	193
1692	193
1692	188
1693	188
1693	184
1692	184
1692	180
1693	180
1693	179
1692	179
1692	174
1691	174
1691	162
1690	162
1690	158
1689	158
1689	119
1690	119
1690	110
1691	110
1691	104
1692	104
1692	101
1691	101
1691	100
1692	100
1692	99
1693	99
1693	98
1692	98
1692	92
1693	92
1693	90
1694	90
1694	89
1696	89
1696	90
1701	90
1701	91
1709	91
1709	92
1711	92
1711	91
1717	91
1717	90
1719	90
1719	91
1720	91
1720	90
1728	90
1728	89
1731	89
1731	90
1733	90
1733	89
1734	89
1734	88
1735	88
1735	89
1741	89
1741	88
1743	88
1743	89
1746	89
1746	88
1754	88
1754	87
1759	87
1759	86
1762	86
1762	87
1763	87
1763	86
1770	86
1770	85
1774	85
1774	84
1775	84
1775	85
1778	85
1778	84
1780	84
1780	85
1782	85
1782	86
1783	86
1783	85
1784	85
1784	86
1793	86
1793	85
1801	85
1801	86
1806	86
1806	85
1807	85
1807	86
1808	86
1808	87
1812	87
1812	86
1816	86
1816	87
1818	87
1818	88
1819	88
1819	87
1820	87
1820	88
1821	88
1821	87
1826	87
1826	88
1828	88
1828	89
1841	89
1841	88
1846	88
1846	87
1848	87
1848	88
1851	88
1851	87
1855	87
1855	86
1859	86
1859	85
1861	85
1861	84
1865	84
1865	83
1869	83
1869	84
1870	84
1870	83
1871	83
1871	82
1872	82
1872	81
1874	81
1874	80
1877	80
1877	79
1879	79
1879	78
1880	78
1880	77
1882	77
1882	76
1883	76
1883	77
1885	77
1885	78
1888	78
1888	77
1889	77
1889	79
1887	79
1887	83
1885	83
1885	84
1883	84
1883	86
1881	86
1881	87
1880	87
1880	86
1878	86
1878	87
1876	87
1876	88
1870	88
1870	89
1868	89
1868	90
1862	90
1862	91
1857	91
1857	92
1856	92
1856	93
1847	93
1847	94
1843	94
1843	93
1842	93
1842	94
1831	94
1831	93
1811	93
1811	92
1810	92
1810	93
1806	93
1806	92
1805	92
1805	93
1804	93
1804	92
1802	92
1802	91
1792	91
1792	92
1790	92
1790	91
1789	91
1789	92
1787	92
1787	91
1775	91
1775	90
1774	90
1774	91
1768	91
1768	92
1767	92
1767	91
1765	91
1765	92
1762	92
1762	93
1753	93
1753	94
1751	94
1751	93
1750	93
1750	94
1739	94
1739	95
1729	95
1729	96
1726	96
1726	97
1725	97
1725	96
1720	96
1720	97
1719	97
1719	96
1717	96
1717	97
1710	97
1710	98
1705	98
1705	97
1702	97
1702	98
1699	98
1699	100
1698	100
1698	108
1697	108
1697	114
1696	114
1696	117
1695	117
1695	140
1694	140
1694	143
1695	143
1695	146
1696	146
1696	148
1695	148
1695	156
1696	156
1696	166
1697	166
1697	171
1698	171
1698	172
1697	172
1697	173
1698	173
1698	174
1697	174
1697	178
1698	178
1698	180
1699	180
1699	181
1698	181
1698	196
1697	196
1697	198
1698	198
1698	205
1697	205
1697	206
1698	206
1698	210
1699	210
1699	212
1698	212
1698	220
1699	220
1699	221
1698	221
1698	224
1699	224
1699	226
1698	226
1698	228
1699	228
1699	232
1700	232
1700	234
1701	234
1701	241
1702	241
1702	244
1703	244
1703	248
1704	248
1704	251
1705	251
1705	252
1706	252
1706	255
1707	255
1707	257
1708	257
1708	259
1709	259
1709	260
1710	260
1710	261
1712	261
1712	263
1713	263
1713	264
1712	264
1712	266
1710	266
1710	267
1706	267
1706	268
1705	268
1705	267
1703	267
1703	268
1701	268
1701	269
1698	269
1698	270
1695	270
1695	271
1691	271
1691	272
1687	272
1687	271
1686	271
1686	272
1670	272
1670	271
1664	271
1664	272
1660	272
1660	273
1658	273
1658	274
1656	274
1656	275
1653	275
1653	276
1651	276
1651	277
1649	277
1649	278
1646	278
1646	279
1645	279
1645	280
1642	280
1642	281
1640	281
1640	282
1638	282
1638	283
1636	283
1636	284
1634	284
1634	285
1631	285
1631	286
1630	286
1630	287
1628	287
1628	288
1626	288
1626	289
1624	289
1624	290
1623	290
1623	294
1624	294
1624	297
1625	297
1625	299
1626	299
1626	309
1627	309
1627	311
1628	311
1628	315
1629	315
1629	317
1630	317
1630	331
1629	331
1629	333
1628	333
1628	337
1627	337
1627	339
1626	339
1626	341
1625	341
1625	343
1624	343
1624	345
1623	345
1623	349
1622	349
1622	351
1621	351
1621	353
1620	353
1620	355
1619	355
1619	357
1618	357
1618	360
1617	360
1617	362
1616	362
1616	364
1615	364
1615	366
1614	366
1614	367
1613	367
1613	369
1612	369
1612	370
1611	370
1611	371
1610	371
1610	372
1607	372
1607	373
1605	373
1605	375
1603	375
1603	376
1599	376
1599	377
1597	377
1597	378
1592	378
1592	379
1589	379
1589	380
1587	380
1587	381
1585	381
1585	382
1581	382
1581	383
1579	383
1579	384
1571	384
1571	383
1570	383
1570	384
1563	384
1563	383
1560	383
1560	382
1557	382
1557	381
1543	381
1543	379
1542	379
1542	378
1541	378
1541	377
1540	377
1540	375
1539	375
1539	374
1538	374
1538	373
1537	373
1537	372
1534	372
1534	371
1531	371
1531	372
1530	372
1530	371
1525	371
1525	370
1524	370
1524	369
1522	369
1522	368
1521	368
1521	366
1518	366
1518	364
1517	364
1517	363
1515	363
1515	362
1512	362
1512	361
1510	361
1510	360
1507	360
1507	359
1503	359
1503	358
1501	358
1501	357
1499	357
1499	356
1497	356
1497	355
1496	355
1496	354
1495	354
1495	352
1493	352
1493	351
1487	351
1487	350
1486	350
1486	351
1471	351
1471	350
1461	350
1461	349
1459	349
1459	348
1458	348
1458	347
1456	347
1456	346
1455	346
1455	345
1453	345
1453	343
1451	343
1451	342
1449	342
1449	341
1448	341
1448	340
1447	340
1447	339
1445	339
1445	338
1443	338
1443	337
1442	337
1442	336
1441	336
1441	335
1440	335
1440	334
1439	334
1439	333
1437	333
1437	332
1436	332
1436	331
1435	331
1435	330
1433	330
1433	329
1432	329
1432	328
1431	328
1431	327
1429	327
1429	326
1427	326
1427	325
1420	325
1420	324
1419	324
1419	322
1418	322
1418	320
1417	320
1417	319
1416	319
1416	318
1415	318
1415	316
1413	316
1413	315
1412	315
1412	314
1411	314
1411	313
1409	313
1409	312
1408	312
1408	313
1407	313
1407	314
1406	314
1406	315
1405	315
1405	316
1404	316
1404	318
1402	318
1402	319
1401	319
1401	321
1400	321
1400	323
1399	323
1399	325
1398	325
1398	330
1397	330
1397	331
1398	331
1398	334
1397	334
1397	336
1398	336
1398	337
1397	337
1397	339
1398	339
1398	349
1399	349
1399	350
1398	350
1398	352
1399	352
1399	358
1400	358
1400	366
1401	366
1401	369
1402	369
1402	374
1403	374
1403	378
1404	378
1404	383
1405	383
1405	387
1406	387
1406	403
1405	403
1405	404
1406	404
1406	405
1405	405
1405	407
1406	407
1406	414
1407	414
1407	415
1406	415
1406	421
1407	421
1407	423
1406	423
1406	428
1405	428
1405	431
1406	431
1406	434
1407	434
1407	435
1406	435
1406	443
1405	443
1405	444
1406	444
1406	461
1407	461
1407	469
1408	469
1408	472
1407	472
1407	474
1408	474
1408	479
1409	479
1409	497
1410	497
1410	500
1411	500
1411	501
1410	501
1410	513
1411	513
1411	516
1410	516
1410	532
1409	532
1409	533
1408	533
1408	536
1409	536
1409	538
1408	538
1408	542
1407	542
1407	543
1405	543
1405	544
1403	544
1403	545
1402	545
1402	546
1400	546
1400	547
1397	547
1397	548
1394	548
1394	549
1393	549
1393	550
1390	550
1390	551
1388	551
1388	552
1385	552
1385	553
1378	553
1378	554
1376	554
1376	555
1375	555
1375	554
1374	554
1374	555
1363	555
1363	554
1362	554
1362	555
1349	555
1349	554
1348	554
1348	553
1346	553
1346	552
1344	552
1344	551
1343	551
1343	550
1342	550
1342	549
1339	549
1339	548
1336	548
1336	547
1332	547
1332	546
1330	546
1330	545
1328	545
1328	544
1327	544
1327	543
1326	543
1326	542
1324	542
1324	541
1321	541
1321	540
1316	540
1316	539
1311	539
1311	538
1309	538
1309	539
1308	539
1308	538
1304	538
1304	539
1302	539
1302	538
1300	538
1300	539
1299	539
1299	540
1298	540
1298	539
1296	539
1296	540
1294	540
1294	541
1293	541
1293	542
1292	542
1292	543
1290	543
1290	544
1287	544
1287	545
1286	545
1286	546
1285	546
1285	547
1284	547
1284	548
1283	548
1283	549
1282	549
1282	550
1280	550
1280	551
1276	551
1276	552
1275	552
1275	553
1274	553
1274	557
1272	557
1272	558
1269	558
1269	559
1266	559
1266	560
1265	560
1265	561
1264	561
1264	562
1263	562
1263	564
1262	564
1262	565
1260	565
1260	566
1259	566
1259	567
1258	567
1258	568
1256	568
1256	569
1254	569
1254	570
1253	570
1253	571
1251	571
1251	572
1246	572
1246	573
1244	573
1244	574
1241	574
1241	575
1239	575
1239	576
1238	576
1238	577
1234	577
1234	578
1232	578
1232	579
1230	579
1230	580
1225	580
1225	581
1224	581
1224	582
1221	582
1221	583
1218	583
1218	584
1216	584
1216	585
1209	585
1209	586
1198	586
1198	585
1195	585
1195	584
1190	584
1190	583
1175	583
1175	582
1174	582
1174	581
1172	581
1172	580
1171	580
1171	578
1170	578
1170	576
1169	576
1169	575
1168	575
1168	573
1167	573
1167	571
1166	571
1166	570
1165	570
1165	568
1164	568
1164	567
1163	567
1163	566
1162	566
1162	565
1161	565
1161	564
1160	564
1160	563
1159	563
1159	562
1158	562
1158	561
1157	561
1157	560
1156	560
1156	559
1155	559
1155	558
1154	558
1154	557
1153	557
1153	556
1152	556
1152	553
1151	553
1151	550
1150	550
1150	547
1149	547
1149	540
1148	540
1148	537
1147	537
1147	531
1146	531
1146	530
1145	530
1145	529
1144	529
1144	527
1143	527
1143	526
1142	526
1142	524
1141	524
1141	523
1140	523
1140	522
1139	522
1139	520
1137	520
1137	519
1136	519
1136	518
1135	518
1135	517
1134	517
1134	516
1133	516
1133	515
1129	515
1129	514
1127	514
1127	513
1126	513
1126	511
1125	511
1125	510
1124	510
1124	508
1123	508
1123	506
1122	506
1122	503
1121	503
1121	500
1120	500
1120	499
1119	499
1119	498
1117	498
1117	496
1116	496
1116	495
1114	495
1114	494
1113	494
1113	493
1112	493
1112	491
1110	491
1110	490
1109	490
1109	488
1108	488
1108	486
1107	486
1107	484
1106	484
1106	482
1105	482
1105	481
1104	481
1104	479
1103	479
1103	478
1102	478
1102	477
1101	477
1101	474
1100	474
1100	473
1098	473
1098	471
1097	471
1097	470
1096	470
1096	469
1095	469
1095	468
1094	468
1094	466
1093	466
1093	465
1092	465
1092	464
1091	464
1091	463
1088	463
1088	462
1087	462
1087	461
1086	461
1086	460
1085	460
1085	458
1084	458
1084	457
1083	457
1083	456
1082	456
1082	454
1081	454
1081	452
1080	452
1080	451
1079	451
1079	450
1078	450
1078	449
1076	449
1076	448
1075	448
1075	447
1072	447
1072	446
1069	446
1069	445
1066	445
1066	444
1062	444
1062	443
1060	443
1060	442
1059	442
1059	441
1058	441
1058	440
1057	440
1057	439
1056	439
1056	438
1055	438
1055	437
1054	437
1054	435
1053	435
1053	434
1052	434
1052	433
1051	433
1051	432
1050	432
1050	431
1049	431
1049	430
1047	430
1047	428
1046	428
1046	427
1044	427
1044	425
1042	425
1042	424
1041	424
1041	423
1035	423
1035	422
1034	422
1034	423
1032	423
1032	422
1031	422
1031	423
1030	423
1030	422
1026	422
1026	423
1024	423
1024	424
1023	424
1023	423
1020	423
1020	422
1018	422
1018	421
1016	421
1016	420
1011	420
1011	421
1010	421
1010	420
1009	420
1009	421
1008	421
1008	420
1007	420
1007	421
1005	421
1005	428
1006	428
1006	433
1007	433
1007	435
1006	435
1006	439
1007	439
1007	440
1006	440
1006	441
1007	441
1007	443
1006	443
1006	444
1007	444
1007	467
1006	467
1006	468
1005	468
1005	470
1004	470
1004	472
1005	472
1005	473
1004	473
1004	477
1003	477
1003	481
1002	481
1002	483
1003	483
1003	487
1002	487
1002	488
1003	488
1003	492
1004	492
1004	493
1005	493
1005	495
1006	495
1006	500
1005	500
1005	501
1004	501
1004	503
1002	503
1002	504
1000	504
1000	505
992	505
992	506
991	506
991	507
989	507
989	508
986	508
986	510
987	510
987	512
988	512
988	516
989	516
989	520
990	520
990	522
991	522
991	523
992	523
992	525
993	525
993	527
994	527
994	529
995	529
995	533
996	533
996	535
997	535
997	547
998	547
998	551
999	551
999	553
1000	553
1000	554
1001	554
1001	555
1002	555
1002	559
1003	559
1003	563
1004	563
1004	564
1005	564
1005	566
1006	566
1006	568
1007	568
1007	570
1008	570
1008	572
1009	572
1009	573
1010	573
1010	577
1011	577
1011	579
1012	579
1012	580
1013	580
1013	592
1014	592
1014	599
1013	599
1013	598
1012	598
1012	599
1010	599
1010	600
1008	600
1008	601
1005	601
1005	602
999	602
999	603
995	603
995	604
994	604
994	605
991	605
991	606
989	606
989	607
987	607
987	608
986	608
986	609
983	609
983	610
977	610
977	611
975	611
975	612
974	612
974	613
972	613
972	614
971	614
971	615
970	615
970	616
968	616
968	617
967	617
967	619
966	619
966	620
965	620
965	622
964	622
964	623
963	623
963	625
962	625
962	626
960	626
960	627
950	627
950	628
943	628
943	627
938	627
938	628
936	628
936	629
928	629
928	628
927	628
927	627
921	627
921	625
919	625
919	624
915	624
915	623
914	623
914	624
912	624
912	623
909	623
909	621
906	621
906	620
902	620
902	619
895	619
895	618
894	618
894	617
893	617
893	616
891	616
891	615
888	615
888	614
886	614
886	613
883	613
883	612
882	612
882	611
878	611
878	610
874	610
874	611
868	611
868	610
863	610
863	609
853	609
853	610
842	610
842	611
837	611
837	612
826	612
826	613
824	613
824	614
821	614
821	615
813	615
813	616
803	616
803	617
800	617
800	618
797	618
797	619
793	619
793	620
786	620
786	621
784	621
784	622
781	622
781	623
776	623
776	624
771	624
771	625
766	625
766	626
763	626
763	627
760	627
760	628
757	628
757	629
755	629
755	630
753	630
753	631
749	631
749	630
747	630
747	629
744	629
744	628
743	628
743	607
742	607
742	604
741	604
741	602
740	602
740	598
739	598
739	596
738	596
738	594
737	594
737	593
736	593
736	590
734	590
734	588
733	588
733	587
734	587
734	581
733	581
733	578
732	578
732	577
730	577
730	575
727	575
727	573
725	573
725	571
723	571
723	570
722	570
722	569
720	569
720	568
719	568
719	567
718	567
718	566
717	566
717	565
715	565
715	564
710	564
710	563
707	563
707	562
702	562
702	561
699	561
699	562
698	562
698	561
694	561
694	560
692	560
692	557
693	557
693	556
692	556
692	551
693	551
693	548
692	548
692	547
693	547
693	544
692	544
692	534
693	534
693	532
692	532
692	531
693	531
693	521
694	521
694	518
693	518
693	509
692	509
692	508
693	508
693	507
692	507
692	498
691	498
691	497
690	497
690	496
689	496
689	495
687	495
687	494
686	494
686	493
685	493
685	492
681	492
681	491
676	491
676	490
673	490
673	491
669	491
669	490
665	490
665	489
664	489
664	488
661	488
661	487
660	487
660	486
659	486
659	485
655	485
655	484
651	484
651	482
650	482
650	481
649	481
649	480
648	480
648	478
647	478
647	476
646	476
646	475
645	475
645	472
644	472
644	470
643	470
643	468
642	468
642	466
641	466
641	464
640	464
640	460
639	460
639	457
638	457
638	454
637	454
637	453
635	453
635	452
634	452
634	450
633	450
633	448
630	448
630	447
628	447
628	446
627	446
627	445
626	445
626	444
625	444
625	443
624	443
624	442
623	442
623	441
620	441
620	440
619	440
619	439
617	439
617	438
615	438
615	437
614	437
614	436
612	436
612	435
611	435
611	434
605	434
605	433
604	433
604	434
603	434
603	433
602	433
602	434
601	434
601	433
597	433
597	434
596	434
596	433
594	433
594	434
593	434
593	435
591	435
591	436
590	436
590	437
589	437
589	438
588	438
588	440
587	440
587	442
586	442
586	446
587	446
587	448
586	448
586	450
587	450
587	457
588	457
588	471
587	471
587	473
586	473
586	474
585	474
585	476
584	476
584	477
583	477
583	479
582	479
582	480
581	480
581	481
580	481
580	482
579	482
579	483
578	483
578	485
577	485
577	486
576	486
576	487
575	487
575	490
574	490
574	492
573	492
573	494
572	494
572	497
571	497
571	499
570	499
570	501
569	501
569	503
568	503
568	504
567	504
567	505
566	505
566	507
565	507
565	509
564	509
564	511
563	511
563	513
562	513
562	516
561	516
561	518
560	518
560	521
559	521
559	523
558	523
558	525
557	525
557	527
556	527
556	528
555	528
555	529
554	529
554	530
552	530
552	531
551	531
551	532
549	532
549	533
547	533
547	535
546	535
546	536
542	536
542	537
540	537
540	538
537	538
537	539
535	539
535	540
532	540
532	541
531	541
531	542
528	542
528	543
522	543
522	544
519	544
519	545
517	545
517	544
511	544
511	543
506	543
506	542
498	542
498	543
490	543
490	542
489	542
489	543
488	543
488	542
483	542
483	543
480	543
480	544
475	544
475	543
474	543
474	544
472	544
472	543
467	543
467	542
466	542
466	541
465	541
465	537
464	537
464	534
463	534
463	533
462	533
462	532
461	532
461	530
460	530
460	529
459	529
459	527
458	527
458	526
456	526
456	525
455	525
455	524
454	524
454	523
453	523
453	522
452	522
452	520
451	520
451	519
450	519
450	517
449	517
449	516
447	516
447	515
438	515
438	514
436	514
436	513
434	513
434	512
433	512
433	511
431	511
431	510
429	510
429	509
428	509
428	508
427	508
427	507
425	507
425	506
424	506
424	505
423	505
423	504
422	504
422	503
420	503
420	501
419	501
419	500
417	500
417	499
416	499
416	498
414	498
414	497
413	497
413	496
409	496
409	495
407	495
407	496
405	496
405	495
399	495
399	494
396	494
396	493
392	493
392	492
389	492
389	491
372	491
372	490
368	490
368	489
364	489
364	490
361	490
361	491
357	491
357	492
355	492
355	493
353	493
353	492
352	492
352	493
350	493
350	494
348	494
348	495
346	495
346	496
345	496
345	497
343	497
343	498
341	498
341	499
339	499
339	500
338	500
338	501
336	501
336	503
334	503
334	504
328	504
328	505
326	505
326	504
323	504
323	505
315	505
315	504
312	504
312	503
307	503
307	504
305	504
305	505
300	505
300	504
299	504
299	505
297	505
297	506
291	506
291	507
289	507
289	506
286	506
286	505
283	505
283	504
280	504
280	503
279	503
279	504
278	504
278	503
277	503
277	502
275	502
275	501
269	501
269	502
268	502
268	501
265	501
265	500
256	500
256	499
255	499
255	497
256	497
256	484
255	484
255	483
256	483
256	475
257	475
257	472
256	472
256	471
257	471
257	462
258	462
258	454
259	454
259	443
260	443
260	442
259	442
259	441
260	441
260	431
259	431
259	430
260	430
260	428
259	428
259	426
260	426
260	423
259	423
259	418
258	418
258	405
257	405
257	404
258	404
258	402
257	402
257	396
256	396
256	392
255	392
255	383
256	383
256	382
255	382
255	373
254	373
254	368
253	368
253	365
252	365
252	360
253	360
253	358
252	358
252	348
251	348
251	345
250	345
250	337
248	337
248	334
247	334
247	329
246	329
246	324
245	324
245	320
244	320
244	316
243	316
243	313
242	313
242	310
241	310
241	307
240	307
240	303
239	303
239	301
238	301
238	295
237	295
237	287
235	287
235	286
234	286
234	285
228	285
228	286
227	286
227	285
216	285
216	286
213	286
213	287
208	287
208	288
204	288
204	289
200	289
200	290
199	290
199	289
190	289
190	290
188	290
188	291
186	291
186	292
185	292
185	293
182	293
182	295
181	295
181	296
182	296
182	302
183	302
183	304
184	304
184	314
183	314
183	320
182	320
182	327
181	327
181	329
180	329
180	330
175	330
175	329
172	329
172	328
171	328
171	327
169	327
169	326
165	326
165	325
164	325
164	324
162	324
162	323
157	323
157	322
156	322
156	323
153	323
153	322
152	322
152	323
151	323
151	322
149	322
149	323
147	323
147	322
146	322
146	323
145	323
145	322
143	322
143	323
142	323
142	322
130	322
130	321
129	321
129	322
117	322
117	321
103	321
103	322
99	322
99	321
97	321
97	322
96	322
96	321
93	321
93	322
92	322
92	321
91	321
91	322
86	322
86	321
83	321
83	320
80	320
80	319
79	319
79	318
77	318
77	316
75	316
75	315
74	315
74	314
72	314
72	313
54	313
54	310
57	310
57	309
58	309
58	310
71	310
71	311
73	311
73	312
75	312
75	313
77	313
77	314
80	314
80	315
81	315
81	316
83	316
83	317
85	317
85	318
95	318
95	319
96	319
96	318
99	318
99	317
100	317
100	316
104	316
104	315
110	315
110	316
111	316
111	315
113	315
113	314
114	314
114	315
116	315
116	316
117	316
117	315
118	315
118	316
119	316
119	315
124	315
124	316
125	316
125	315
130	315
130	316
131	316
131	315
132	315
132	316
161	316
161	317
163	317
163	318
165	318
165	319
166	319
166	320
168	320
168	319
169	319
169	320
170	320
170	321
173	321
173	322
175	322
175	323
177	323
177	317
178	317
178	305
177	305
177	303
176	303
176	299
175	299
175	296
176	296
176	294
175	294
175	293
176	293
176	292
177	292
177	290
179	290
179	288
182	288
182	287
183	287
183	286
184	286
184	285
186	285
186	284
188	284
188	283
192	283
192	282
198	282
198	283
199	283
199	282
206	282
206	281
210	281
210	280
214	280
214	279
220	279
220	278
224	278
224	277
225	277
225	278
226	278
226	279
228	279
228	280
235	280
235	279
238	279
238	280
239	280
239	281
241	281
241	280
244	280
244	281
243	281
243	283
244	283
244	288
243	288
243	290
244	290
244	291
243	291
243	292
244	292
244	293
243	293
243	295
244	295
244	301
245	301
245	304
246	304
246	306
245	306
245	307
246	307
246	309
247	309
247	312
246	312
246	313
247	313
247	314
248	314
248	317
249	317
249	319
250	319
250	323
251	323
251	325
252	325
252	329
251	329
251	330
252	330
252	333
253	333
253	336
254	336
254	340
255	340
255	345
256	345
256	356
257	356
257	358
256	358
256	359
257	359
257	369
258	369
258	372
259	372
259	379
260	379
260	382
259	382
259	385
260	385
260	396
261	396
261	401
262	401
262	408
263	408
263	418
264	418
264	431
265	431
265	438
264	438
264	439
265	439
265	440
264	440
264	442
265	442
265	445
264	445
264	447
265	447
265	451
264	451
264	460
263	460
