298	521
296	521
296	522
293	522
293	523
289	523
289	524
288	524
288	523
287	523
287	524
282	524
282	523
281	523
281	522
279	522
279	521
278	521
278	520
277	520
277	519
275	519
275	518
274	518
274	517
273	517
273	516
272	516
272	515
271	515
271	514
266	514
266	513
263	513
263	514
262	514
262	513
258	513
258	510
257	510
257	507
255	507
255	506
254	506
254	505
253	505
253	501
252	501
252	500
251	500
251	495
250	495
250	492
249	492
249	490
248	490
248	488
247	488
247	481
246	481
246	479
245	479
245	476
244	476
244	469
245	469
245	438
244	438
244	437
245	437
245	430
246	430
246	427
245	427
245	422
244	422
244	420
243	420
243	418
242	418
242	417
240	417
240	416
239	416
239	415
234	415
234	414
227	414
227	413
226	413
226	412
225	412
225	413
224	413
224	412
220	412
220	411
215	411
215	410
213	410
213	409
209	409
209	408
206	408
206	409
204	409
204	408
198	408
198	406
197	406
197	405
194	405
194	404
191	404
191	403
183	403
183	404
182	404
182	403
179	403
179	404
160	404
160	402
159	402
159	400
160	400
160	398
161	398
161	397
163	397
163	395
164	395
164	394
165	394
165	391
164	391
164	388
163	388
163	384
162	384
162	383
163	383
163	382
162	382
162	370
161	370
161	361
160	361
160	357
159	357
159	349
158	349
158	345
159	345
159	336
158	336
158	333
159	333
159	328
158	328
158	327
159	327
159	326
158	326
158	325
159	325
159	324
158	324
158	321
159	321
159	317
158	317
158	316
159	316
159	314
158	314
158	305
157	305
157	304
158	304
158	303
159	303
159	302
158	302
158	300
159	300
159	298
158	298
158	292
157	292
157	289
158	289
158	285
157	285
157	284
158	284
158	281
157	281
157	280
156	280
156	279
155	279
155	277
153	277
153	276
151	276
151	277
146	277
146	278
143	278
143	277
142	277
142	276
141	276
141	273
138	273
138	272
136	272
136	273
126	273
126	274
125	274
125	273
124	273
124	272
123	272
123	273
112	273
112	274
101	274
101	273
86	273
86	274
85	274
85	273
68	273
68	271
67	271
67	268
68	268
68	266
70	266
70	265
71	265
71	266
74	266
74	265
76	265
76	266
78	266
78	265
80	265
80	266
84	266
84	265
92	265
92	264
96	264
96	265
97	265
97	266
101	266
101	267
105	267
105	266
106	266
106	265
122	265
122	264
138	264
138	262
137	262
137	260
140	260
140	259
141	259
141	258
142	258
142	259
144	259
144	260
145	260
145	263
149	263
149	265
150	265
150	266
152	266
152	267
157	267
157	268
160	268
160	269
163	269
163	271
164	271
164	272
163	272
163	273
164	273
164	274
165	274
165	273
167	273
167	274
168	274
168	276
169	276
169	281
168	281
168	284
167	284
167	286
168	286
168	288
167	288
167	293
168	293
168	294
167	294
167	299
168	299
168	303
167	303
167	305
168	305
168	306
167	306
167	315
168	315
168	324
167	324
167	327
168	327
168	345
167	345
167	346
168	346
168	351
169	351
169	357
170	357
170	359
169	359
169	362
170	362
170	363
171	363
171	365
170	365
170	366
171	366
171	369
172	369
172	370
171	370
171	374
172	374
172	376
171	376
171	377
172	377
172	387
173	387
173	390
174	390
174	396
176	396
176	395
179	395
179	394
184	394
184	395
186	395
186	396
187	396
187	395
190	395
190	394
195	394
195	395
197	395
197	396
198	396
198	397
199	397
199	398
200	398
200	399
211	399
211	400
215	400
215	401
216	401
216	400
217	400
217	401
220	401
220	402
223	402
223	403
225	403
225	404
227	404
227	405
228	405
228	406
233	406
233	405
236	405
236	406
242	406
242	407
246	407
246	408
249	408
249	409
250	409
250	415
252	415
252	416
253	416
253	420
254	420
254	422
255	422
255	425
254	425
254	432
253	432
253	434
254	434
254	435
253	435
253	436
254	436
254	442
253	442
253	449
254	449
254	451
253	451
253	461
254	461
254	462
253	462
253	465
252	465
252	466
253	466
253	473
254	473
254	474
253	474
253	475
254	475
254	476
255	476
255	479
256	479
256	484
257	484
257	488
258	488
258	489
259	489
259	490
260	490
260	494
261	494
261	499
263	499
263	502
265	502
265	503
266	503
266	504
269	504
269	505
270	505
270	506
271	506
271	507
274	507
274	509
275	509
275	510
276	510
276	511
277	511
277	512
279	512
279	513
282	513
282	514
285	514
285	513
286	513
286	514
291	514
291	513
295	513
295	512
296	512
296	511
297	511
297	512
300	512
300	511
305	511
305	512
306	512
306	511
310	511
310	512
311	512
311	513
314	513
314	514
316	514
316	515
317	515
317	514
323	514
323	513
324	513
324	512
327	512
327	510
332	510
332	509
340	509
340	510
348	510
348	511
350	511
350	514
351	514
351	515
352	515
352	516
353	516
353	517
354	517
354	518
355	518
355	519
356	519
356	520
355	520
355	521
356	521
356	522
357	522
357	523
358	523
358	524
359	524
359	525
360	525
360	526
361	526
361	528
362	528
362	540
360	540
360	542
361	542
361	546
362	546
362	549
363	549
363	551
362	551
362	555
363	555
363	559
364	559
364	572
363	572
363	578
364	578
364	584
365	584
365	586
366	586
366	589
367	589
367	590
369	590
369	591
370	591
370	592
371	592
371	593
372	593
372	594
374	594
374	595
375	595
375	596
378	596
378	597
379	597
379	599
380	599
380	600
382	600
382	601
384	601
384	603
386	603
386	605
389	605
389	606
390	606
390	608
391	608
391	610
392	610
392	611
393	611
393	612
394	612
394	614
395	614
395	615
398	615
398	616
399	616
399	617
400	617
400	618
401	618
401	619
402	619
402	620
403	620
403	621
404	621
404	622
405	622
405	623
406	623
406	624
408	624
408	625
409	625
409	626
410	626
410	627
411	627
411	628
414	628
414	629
415	629
415	630
416	630
416	631
418	631
418	632
419	632
419	631
420	631
420	632
430	632
430	631
432	631
432	630
435	630
435	629
436	629
436	628
440	628
440	627
449	627
449	626
453	626
453	625
456	625
456	624
463	624
463	623
465	623
465	622
468	622
468	621
470	621
470	620
472	620
472	619
475	619
475	620
476	620
476	619
477	619
477	618
478	618
478	619
481	619
481	618
482	618
482	616
484	616
484	615
486	615
486	614
488	614
488	612
491	612
491	611
495	611
495	610
497	610
497	609
501	609
501	610
502	610
502	609
503	609
503	608
513	608
513	609
517	609
517	610
518	610
518	609
524	609
524	608
535	608
535	609
537	609
537	610
539	610
539	611
541	611
541	612
542	612
542	613
544	613
544	614
546	614
546	615
550	615
550	616
551	616
551	623
552	623
552	624
553	624
553	627
554	627
554	628
555	628
555	632
556	632
556	639
555	639
555	640
556	640
556	646
557	646
557	652
558	652
558	654
565	654
565	655
567	655
567	656
568	656
568	658
569	658
569	657
570	657
570	656
573	656
573	657
574	657
574	658
576	658
576	660
578	660
578	661
579	661
579	662
580	662
580	664
581	664
581	667
582	667
582	668
584	668
584	670
583	670
583	671
584	671
584	672
585	672
585	673
586	673
586	675
587	675
587	676
586	676
586	678
587	678
587	688
586	688
586	698
585	698
585	701
584	701
584	702
585	702
585	703
586	703
586	704
587	704
587	705
586	705
586	707
585	707
585	715
584	715
584	716
585	716
585	721
584	721
584	722
586	722
586	724
587	724
587	725
588	725
588	726
589	726
589	727
601	727
601	728
603	728
603	727
605	727
605	728
606	728
606	729
607	729
607	730
609	730
609	731
610	731
610	732
617	732
617	733
619	733
619	732
620	732
620	733
624	733
624	732
625	732
625	730
626	730
626	728
627	728
627	727
628	727
628	726
629	726
629	725
630	725
630	723
632	723
632	722
641	722
641	721
642	721
642	722
647	722
647	723
653	723
653	724
664	724
664	723
665	723
665	724
669	724
669	725
676	725
676	726
680	726
680	727
681	727
681	728
684	728
684	729
685	729
685	730
686	730
686	731
689	731
689	732
694	732
694	733
697	733
697	732
698	732
698	733
705	733
705	734
707	734
707	733
708	733
708	734
711	734
711	733
714	733
714	732
716	732
716	733
718	733
718	732
720	732
720	731
721	731
721	729
722	729
722	727
723	727
723	726
724	726
724	725
725	725
725	724
726	724
726	720
727	720
727	718
728	718
728	716
729	716
729	715
730	715
730	712
731	712
731	711
732	711
732	710
733	710
733	709
734	709
734	706
736	706
736	705
737	705
737	704
740	704
740	703
742	703
742	702
743	702
743	701
744	701
744	700
746	700
746	699
747	699
747	697
750	697
750	696
751	696
751	697
755	697
755	696
756	696
756	697
758	697
758	698
759	698
759	699
762	699
762	700
769	700
769	701
771	701
771	702
773	702
773	703
775	703
775	704
776	704
776	705
777	705
777	707
778	707
778	708
779	708
779	710
780	710
780	712
781	712
781	716
782	716
782	717
783	717
783	720
784	720
784	725
785	725
785	731
786	731
786	738
785	738
785	742
784	742
784	745
783	745
783	752
782	752
782	760
781	760
781	762
780	762
780	763
779	763
779	764
778	764
778	766
777	766
777	767
778	767
778	768
779	768
779	770
780	770
780	774
781	774
781	777
782	777
782	778
783	778
783	779
784	779
784	780
790	780
790	779
791	779
791	780
804	780
804	779
811	779
811	780
812	780
812	781
813	781
813	782
814	782
814	783
816	783
816	784
817	784
817	785
820	785
820	786
822	786
822	787
824	787
824	788
829	788
829	789
832	789
832	790
835	790
835	791
837	791
837	792
838	792
838	793
846	793
846	794
848	794
848	795
849	795
849	796
852	796
852	795
853	795
853	794
858	794
858	793
860	793
860	794
861	794
861	793
869	793
869	794
870	794
870	796
872	796
872	797
876	797
876	798
879	798
879	799
882	799
882	800
883	800
883	801
886	801
886	802
889	802
889	803
888	803
888	804
895	804
895	805
896	805
896	806
897	806
897	807
899	807
899	808
900	808
900	807
901	807
901	808
907	808
907	806
908	806
908	802
909	802
909	797
910	797
910	793
911	793
911	792
912	792
912	790
911	790
911	789
912	789
912	784
913	784
913	783
914	783
914	782
916	782
916	781
917	781
917	780
918	780
918	778
919	778
919	777
920	777
920	775
923	775
923	774
924	774
924	772
925	772
925	769
926	769
926	768
928	768
928	767
930	767
930	765
933	765
933	764
934	764
934	763
940	763
940	762
943	762
943	761
946	761
946	762
956	762
956	761
957	761
957	762
961	762
961	761
960	761
960	756
961	756
961	755
965	755
965	756
966	756
966	757
967	757
967	758
968	758
968	759
969	759
969	761
971	761
971	762
972	762
972	769
971	769
971	775
972	775
972	788
973	788
973	793
974	793
974	795
975	795
975	799
976	799
976	803
977	803
977	804
976	804
976	805
977	805
977	806
978	806
978	807
977	807
977	808
979	808
979	809
980	809
980	810
981	810
981	811
982	811
982	814
983	814
983	815
984	815
984	817
985	817
985	818
986	818
986	819
987	819
987	821
988	821
988	822
989	822
989	823
990	823
990	824
991	824
991	826
995	826
995	825
998	825
998	826
1000	826
1000	827
1002	827
1002	828
1003	828
1003	829
1004	829
1004	830
1006	830
1006	831
1008	831
1008	832
1010	832
1010	834
1011	834
1011	835
1014	835
1014	836
1016	836
1016	835
1017	835
1017	836
1024	836
1024	837
1026	837
1026	838
1027	838
1027	837
1030	837
1030	836
1034	836
1034	837
1036	837
1036	838
1037	838
1037	837
1040	837
1040	838
1046	838
1046	839
1047	839
1047	837
1049	837
1049	836
1050	836
1050	835
1052	835
1052	833
1054	833
1054	831
1055	831
1055	830
1056	830
1056	831
1057	831
1057	830
1058	830
1058	828
1059	828
1059	826
1057	826
1057	827
1056	827
1056	825
1058	825
1058	823
1060	823
1060	824
1059	824
1059	825
1061	825
1061	823
1062	823
1062	822
1063	822
1063	823
1064	823
1064	822
1066	822
1066	825
1065	825
1065	824
1064	824
1064	826
1063	826
1063	831
1060	831
1060	832
1059	832
1059	833
1058	833
1058	834
1057	834
1057	836
1055	836
1055	835
1054	835
1054	837
1053	837
1053	838
1052	838
1052	840
1055	840
1055	841
1056	841
1056	842
1058	842
1058	843
1059	843
1059	844
1060	844
1060	845
1061	845
1061	846
1067	846
1067	847
1069	847
1069	848
1073	848
1073	847
1075	847
1075	846
1076	846
1076	845
1075	845
1075	844
1074	844
1074	841
1073	841
1073	840
1074	840
1074	837
1073	837
1073	830
1074	830
1074	827
1073	827
1073	825
1074	825
1074	823
1073	823
1073	820
1072	820
1072	818
1071	818
1071	816
1070	816
1070	814
1069	814
1069	809
1068	809
1068	806
1067	806
1067	805
1068	805
1068	804
1069	804
1069	800
1070	800
1070	799
1072	799
1072	798
1073	798
1073	797
1076	797
1076	796
1078	796
1078	795
1079	795
1079	793
1081	793
1081	792
1083	792
1083	791
1082	791
1082	789
1083	789
1083	787
1084	787
1084	786
1085	786
1085	785
1089	785
1089	783
1090	783
1090	782
1091	782
1091	783
1092	783
1092	784
1094	784
1094	785
1096	785
1096	786
1099	786
1099	787
1100	787
1100	788
1102	788
1102	787
1108	787
1108	788
1111	788
1111	789
1115	789
1115	788
1116	788
1116	789
1120	789
1120	790
1121	790
1121	792
1122	792
1122	793
1124	793
1124	795
1126	795
1126	796
1128	796
1128	797
1130	797
1130	798
1131	798
1131	800
1135	800
1135	802
1137	802
1137	803
1138	803
1138	804
1139	804
1139	805
1140	805
1140	807
1141	807
1141	809
1143	809
1143	811
1144	811
1144	812
1145	812
1145	813
1146	813
1146	814
1147	814
1147	815
1148	815
1148	817
1149	817
1149	818
1151	818
1151	819
1153	819
1153	821
1154	821
1154	822
1155	822
1155	823
1156	823
1156	825
1157	825
1157	827
1158	827
1158	829
1159	829
1159	830
1160	830
1160	831
1161	831
1161	833
1162	833
1162	835
1163	835
1163	839
1164	839
1164	840
1162	840
1162	841
1163	841
1163	842
1164	842
1164	843
1166	843
1166	842
1165	842
1165	838
1166	838
1166	836
1165	836
1165	832
1166	832
1166	831
1172	831
1172	832
1173	832
1173	852
1174	852
1174	854
1175	854
1175	855
1192	855
1192	856
1193	856
1193	860
1192	860
1192	861
1188	861
1188	862
1194	862
1194	859
1196	859
1196	858
1198	858
1198	857
1200	857
1200	856
1201	856
1201	855
1208	855
1208	854
1211	854
1211	853
1212	853
1212	854
1214	854
1214	853
1218	853
1218	852
1222	852
1222	851
1224	851
1224	850
1233	850
1233	849
1238	849
1238	848
1239	848
1239	847
1240	847
1240	846
1243	846
1243	845
1245	845
1245	843
1251	843
1251	842
1253	842
1253	841
1259	841
1259	837
1260	837
1260	835
1259	835
1259	831
1260	831
1260	828
1259	828
1259	822
1258	822
1258	817
1257	817
1257	816
1256	816
1256	814
1255	814
1255	806
1254	806
1254	802
1253	802
1253	799
1254	799
1254	797
1253	797
1253	795
1254	795
1254	791
1255	791
1255	789
1256	789
1256	785
1257	785
1257	783
1258	783
1258	782
1259	782
1259	781
1263	781
1263	780
1272	780
1272	779
1276	779
1276	778
1279	778
1279	777
1281	777
1281	776
1283	776
1283	775
1285	775
1285	773
1294	773
1294	772
1299	772
1299	770
1300	770
1300	772
1303	772
1303	771
1305	771
1305	772
1306	772
1306	771
1312	771
1312	772
1314	772
1314	773
1318	773
1318	774
1328	774
1328	775
1329	775
1329	776
1333	776
1333	775
1335	775
1335	776
1338	776
1338	775
1341	775
1341	776
1342	776
1342	775
1344	775
1344	776
1346	776
1346	775
1347	775
1347	776
1349	776
1349	777
1354	777
1354	778
1357	778
1357	779
1358	779
1358	778
1360	778
1360	779
1364	779
1364	780
1365	780
1365	778
1366	778
1366	777
1372	777
1372	778
1373	778
1373	783
1375	783
1375	784
1377	784
1377	785
1378	785
1378	786
1379	786
1379	787
1380	787
1380	788
1381	788
1381	789
1382	789
1382	790
1383	790
1383	799
1388	799
1388	800
1389	800
1389	801
1391	801
1391	802
1393	802
1393	803
1394	803
1394	802
1397	802
1397	801
1400	801
1400	802
1401	802
1401	801
1412	801
1412	800
1414	800
1414	799
1416	799
1416	798
1422	798
1422	797
1424	797
1424	796
1430	796
1430	795
1431	795
1431	793
1432	793
1432	792
1433	792
1433	791
1435	791
1435	789
1436	789
1436	787
1437	787
1437	786
1438	786
1438	785
1439	785
1439	784
1442	784
1442	783
1450	783
1450	782
1451	782
1451	783
1453	783
1453	782
1456	782
1456	781
1458	781
1458	780
1460	780
1460	779
1461	779
1461	778
1462	778
1462	777
1464	777
1464	775
1465	775
1465	773
1466	773
1466	772
1467	772
1467	771
1468	771
1468	770
1469	770
1469	767
1470	767
1470	766
1471	766
1471	765
1472	765
1472	763
1473	763
1473	762
1474	762
1474	761
1476	761
1476	760
1477	760
1477	759
1478	759
1478	758
1479	758
1479	757
1481	757
1481	756
1483	756
1483	755
1485	755
1485	753
1486	753
1486	752
1487	752
1487	751
1488	751
1488	750
1490	750
1490	749
1491	749
1491	741
1490	741
1490	740
1489	740
1489	739
1488	739
1488	731
1490	731
1490	729
1494	729
1494	728
1495	728
1495	729
1498	729
1498	730
1502	730
1502	731
1503	731
1503	732
1507	732
1507	730
1508	730
1508	729
1510	729
1510	728
1513	728
1513	727
1514	727
1514	726
1517	726
1517	725
1520	725
1520	724
1522	724
1522	725
1526	725
1526	724
1540	724
1540	723
1541	723
1541	724
1543	724
1543	725
1544	725
1544	724
1546	724
1546	725
1548	725
1548	726
1552	726
1552	727
1554	727
1554	728
1555	728
1555	729
1556	729
1556	730
1559	730
1559	731
1568	731
1568	730
1569	730
1569	731
1570	731
1570	730
1583	730
1583	729
1585	729
1585	728
1590	728
1590	727
1593	727
1593	728
1594	728
1594	727
1599	727
1599	728
1602	728
1602	727
1605	727
1605	728
1606	728
1606	727
1612	727
1612	726
1616	726
1616	725
1617	725
1617	724
1619	724
1619	723
1621	723
1621	722
1623	722
1623	721
1624	721
1624	720
1626	720
1626	719
1627	719
1627	718
1629	718
1629	717
1630	717
1630	715
1631	715
1631	713
1632	713
1632	712
1633	712
1633	708
1634	708
1634	700
1633	700
1633	699
1634	699
1634	693
1633	693
1633	686
1632	686
1632	681
1631	681
1631	677
1630	677
1630	673
1629	673
1629	672
1630	672
1630	666
1629	666
1629	657
1628	657
1628	648
1629	648
1629	625
1630	625
1630	624
1631	624
1631	620
1632	620
1632	617
1633	617
1633	614
1634	614
1634	613
1636	613
1636	612
1637	612
1637	610
1636	610
1636	609
1639	609
1639	607
1642	607
1642	605
1643	605
1643	604
1644	604
1644	602
1645	602
1645	601
1646	601
1646	600
1648	600
1648	599
1649	599
1649	598
1651	598
1651	597
1653	597
1653	596
1655	596
1655	595
1659	595
1659	594
1662	594
1662	593
1663	593
1663	592
1665	592
1665	591
1666	591
1666	590
1668	590
1668	589
1675	589
1675	588
1676	588
1676	589
1677	589
1677	588
1679	588
1679	587
1682	587
1682	586
1683	586
1683	584
1684	584
1684	582
1686	582
1686	581
1688	581
1688	580
1691	580
1691	581
1694	581
1694	580
1695	580
1695	581
1696	581
1696	579
1699	579
1699	580
1701	580
1701	581
1704	581
1704	582
1706	582
1706	583
1708	583
1708	585
1709	585
1709	587
1710	587
1710	588
1709	588
1709	589
1708	589
1708	590
1707	590
1707	591
1708	591
1708	592
1710	592
1710	593
1712	593
1712	595
1714	595
1714	598
1715	598
1715	599
1716	599
1716	601
1717	601
1717	602
1718	602
1718	603
1719	603
1719	605
1720	605
1720	606
1722	606
1722	608
1725	608
1725	609
1732	609
1732	610
1733	610
1733	611
1735	611
1735	612
1737	612
1737	613
1741	613
1741	614
1757	614
1757	613
1759	613
1759	612
1763	612
1763	611
1765	611
1765	610
1766	610
1766	609
1771	609
1771	608
1773	608
1773	607
1776	607
1776	606
1779	606
1779	605
1781	605
1781	604
1783	604
1783	603
1785	603
1785	602
1787	602
1787	601
1788	601
1788	598
1789	598
1789	597
1790	597
1790	596
1791	596
1791	595
1792	595
1792	594
1793	594
1793	592
1794	592
1794	581
1795	581
1795	580
1794	580
1794	573
1795	573
1795	569
1796	569
1796	568
1795	568
1795	562
1794	562
1794	558
1795	558
1795	547
1794	547
1794	544
1795	544
1795	542
1796	542
1796	541
1795	541
1795	539
1796	539
1796	538
1795	538
1795	531
1796	531
1796	529
1795	529
1795	525
1796	525
1796	519
1795	519
1795	518
1796	518
1796	515
1795	515
1795	513
1796	513
1796	499
1797	499
1797	498
1796	498
1796	492
1795	492
1795	491
1796	491
1796	462
1795	462
1795	461
1796	461
1796	459
1797	459
1797	453
1796	453
1796	450
1797	450
1797	449
1796	449
1796	448
1797	448
1797	443
1796	443
1796	439
1795	439
1795	433
1796	433
1796	431
1795	431
1795	421
1796	421
1796	419
1797	419
1797	418
1798	418
1798	415
1799	415
1799	414
1800	414
1800	413
1801	413
1801	408
1802	408
1802	405
1803	405
1803	401
1804	401
1804	400
1805	400
1805	399
1806	399
1806	397
1807	397
1807	396
1808	396
1808	393
1810	393
1810	391
1811	391
1811	389
1812	389
1812	388
1813	388
1813	387
1814	387
1814	386
1815	386
1815	385
1816	385
1816	384
1817	384
1817	383
1818	383
1818	382
1819	382
1819	380
1820	380
1820	379
1821	379
1821	376
1822	376
1822	375
1823	375
1823	374
1824	374
1824	373
1831	373
1831	372
1832	372
1832	371
1836	371
1836	370
1838	370
1838	369
1840	369
1840	368
1843	368
1843	367
1845	367
1845	366
1848	366
1848	365
1850	365
1850	364
1860	364
1860	363
1865	363
1865	362
1869	362
1869	361
1870	361
1870	362
1876	362
1876	358
1877	358
1877	354
1878	354
1878	349
1879	349
1879	342
1880	342
1880	341
1879	341
1879	340
1880	340
1880	339
1879	339
1879	324
1880	324
1880	321
1879	321
1879	320
1880	320
1880	319
1879	319
1879	318
1878	318
1878	312
1877	312
1877	310
1878	310
1878	308
1879	308
1879	305
1878	305
1878	304
1879	304
1879	298
1880	298
1880	294
1881	294
1881	283
1882	283
1882	277
1883	277
1883	274
1884	274
1884	272
1883	272
1883	267
1884	267
1884	251
1883	251
1883	250
1884	250
1884	247
1885	247
1885	243
1884	243
1884	238
1883	238
1883	237
1884	237
1884	234
1883	234
1883	225
1882	225
1882	224
1881	224
1881	223
1882	223
1882	221
1883	221
1883	220
1882	220
1882	202
1883	202
1883	199
1884	199
1884	193
1885	193
1885	187
1886	187
1886	186
1887	186
1887	184
1886	184
1886	182
1885	182
1885	181
1886	181
1886	179
1887	179
1887	177
1886	177
1886	174
1887	174
1887	173
1888	173
1888	172
1887	172
1887	170
1888	170
1888	168
1889	168
1889	166
1890	166
1890	165
1891	165
1891	163
1892	163
1892	162
1893	162
1893	161
1894	161
1894	160
1896	160
1896	159
1897	159
1897	158
1898	158
1898	156
1899	156
1899	155
1901	155
1901	154
1902	154
1902	153
1906	153
1906	152
1909	152
1909	151
1911	151
1911	150
1913	150
1913	149
1914	149
1914	148
1916	148
1916	147
1917	147
1917	146
1918	146
1918	145
1920	145
1920	144
1923	144
1923	143
1925	143
1925	142
1927	142
1927	141
1929	141
1929	140
1935	140
1935	139
1936	139
1936	138
1939	138
1939	137
1943	137
1943	135
1942	135
1942	133
1941	133
1941	129
1948	129
1948	130
1949	130
1949	131
1950	131
1950	132
1953	132
1953	133
1954	133
1954	134
1955	134
1955	135
1956	135
1956	136
1957	136
1957	139
1958	139
1958	141
1957	141
1957	143
1956	143
1956	144
1949	144
1949	145
1942	145
1942	146
1940	146
1940	147
1936	147
1936	148
1935	148
1935	149
1934	149
1934	148
1933	148
1933	149
1931	149
1931	150
1930	150
1930	151
1926	151
1926	153
1922	153
1922	154
1920	154
1920	156
1919	156
1919	157
1918	157
1918	158
1916	158
1916	159
1911	159
1911	160
1910	160
1910	161
1908	161
1908	163
1907	163
1907	164
1905	164
1905	163
1904	163
1904	165
1903	165
1903	166
1902	166
1902	167
1901	167
1901	168
1899	168
1899	169
1898	169
1898	171
1896	171
1896	172
1895	172
1895	174
1894	174
1894	185
1893	185
1893	193
1892	193
1892	196
1893	196
1893	197
1892	197
1892	204
1891	204
1891	208
1890	208
1890	213
1891	213
1891	226
1890	226
1890	230
1891	230
1891	235
1892	235
1892	236
1893	236
1893	238
1892	238
1892	239
1893	239
1893	241
1892	241
1892	248
1893	248
1893	255
1892	255
1892	260
1893	260
1893	265
1892	265
1892	272
1893	272
1893	273
1891	273
1891	281
1890	281
1890	286
1891	286
1891	287
1890	287
1890	290
1889	290
1889	297
1888	297
1888	303
1887	303
1887	307
1886	307
1886	311
1887	311
1887	312
1886	312
1886	316
1887	316
1887	330
1888	330
1888	333
1887	333
1887	334
1886	334
1886	335
1887	335
1887	339
1886	339
1886	341
1887	341
1887	344
1886	344
1886	346
1885	346
1885	348
1886	348
1886	350
1887	350
1887	351
1886	351
1886	354
1885	354
1885	355
1884	355
1884	356
1885	356
1885	361
1884	361
1884	364
1883	364
1883	365
1882	365
1882	367
1881	367
1881	369
1880	369
1880	371
1875	371
1875	370
1873	370
1873	371
1872	371
1872	370
1868	370
1868	371
1866	371
1866	372
1856	372
1856	373
1855	373
1855	372
1853	372
1853	373
1850	373
1850	375
1846	375
1846	377
1844	377
1844	378
1839	378
1839	379
1838	379
1838	380
1834	380
1834	381
1833	381
1833	380
1831	380
1831	381
1828	381
1828	383
1827	383
1827	385
1826	385
1826	386
1825	386
1825	388
1824	388
1824	389
1823	389
1823	390
1822	390
1822	391
1821	391
1821	392
1820	392
1820	393
1819	393
1819	394
1818	394
1818	395
1817	395
1817	397
1816	397
1816	399
1815	399
1815	400
1814	400
1814	401
1813	401
1813	403
1812	403
1812	406
1811	406
1811	407
1810	407
1810	408
1809	408
1809	411
1808	411
1808	413
1807	413
1807	415
1806	415
1806	419
1805	419
1805	424
1804	424
1804	426
1803	426
1803	428
1802	428
1802	429
1803	429
1803	431
1804	431
1804	432
1803	432
1803	434
1804	434
1804	435
1803	435
1803	439
1804	439
1804	444
1805	444
1805	446
1804	446
1804	456
1803	456
1803	493
1804	493
1804	494
1803	494
1803	497
1804	497
1804	500
1803	500
1803	505
1804	505
1804	506
1803	506
1803	514
1802	514
1802	516
1803	516
1803	522
1802	522
1802	523
1803	523
1803	525
1804	525
1804	526
1803	526
1803	527
1802	527
1802	528
1803	528
1803	533
1802	533
1802	539
1803	539
1803	540
1802	540
1802	542
1801	542
1801	548
1802	548
1802	550
1801	550
1801	552
1802	552
1802	569
1803	569
1803	572
1802	572
1802	587
1801	587
1801	588
1800	588
1800	589
1801	589
1801	595
1800	595
1800	597
1799	597
1799	600
1798	600
1798	601
1796	601
1796	602
1795	602
1795	604
1794	604
1794	606
1792	606
1792	607
1791	607
1791	609
1790	609
1790	610
1787	610
1787	611
1785	611
1785	612
1783	612
1783	613
1780	613
1780	614
1778	614
1778	615
1774	615
1774	616
1773	616
1773	615
1772	615
1772	617
1770	617
1770	618
1766	618
1766	619
1765	619
1765	620
1762	620
1762	621
1761	621
1761	622
1758	622
1758	623
1756	623
1756	622
1755	622
1755	623
1754	623
1754	622
1749	622
1749	623
1747	623
1747	622
1744	622
1744	621
1743	621
1743	622
1738	622
1738	621
1736	621
1736	620
1733	620
1733	619
1732	619
1732	618
1731	618
1731	617
1729	617
1729	616
1728	616
1728	617
1722	617
1722	616
1720	616
1720	615
1718	615
1718	614
1717	614
1717	612
1716	612
1716	611
1715	611
1715	610
1714	610
1714	609
1713	609
1713	606
1710	606
1710	603
1709	603
1709	600
1708	600
1708	599
1707	599
1707	598
1704	598
1704	597
1703	597
1703	596
1702	596
1702	595
1700	595
1700	594
1699	594
1699	596
1697	596
1697	594
1694	594
1694	593
1692	593
1692	592
1691	592
1691	593
1690	593
1690	594
1686	594
1686	595
1685	595
1685	596
1682	596
1682	597
1678	597
1678	598
1670	598
1670	599
1667	599
1667	600
1665	600
1665	601
1664	601
1664	602
1659	602
1659	603
1656	603
1656	604
1654	604
1654	606
1652	606
1652	607
1651	607
1651	608
1649	608
1649	610
1648	610
1648	612
1647	612
1647	613
1646	613
1646	615
1643	615
1643	616
1642	616
1642	617
1641	617
1641	619
1640	619
1640	623
1639	623
1639	628
1638	628
1638	630
1637	630
1637	633
1636	633
1636	635
1637	635
1637	636
1636	636
1636	639
1637	639
1637	651
1636	651
1636	662
1637	662
1637	664
1636	664
1636	666
1637	666
1637	669
1638	669
1638	670
1637	670
1637	672
1638	672
1638	675
1639	675
1639	678
1640	678
1640	686
1641	686
1641	687
1640	687
1640	689
1641	689
1641	697
1642	697
1642	708
1641	708
1641	710
1642	710
1642	712
1641	712
1641	714
1640	714
1640	717
1639	717
1639	719
1638	719
1638	720
1637	720
1637	721
1636	721
1636	722
1634	722
1634	723
1633	723
1633	724
1632	724
1632	725
1631	725
1631	726
1630	726
1630	727
1628	727
1628	728
1627	728
1627	729
1624	729
1624	731
1623	731
1623	732
1622	732
1622	733
1619	733
1619	734
1617	734
1617	735
1613	735
1613	736
1612	736
1612	735
1599	735
1599	736
1594	736
1594	737
1593	737
1593	736
1588	736
1588	737
1585	737
1585	738
1581	738
1581	737
1577	737
1577	738
1573	738
1573	739
1572	739
1572	740
1561	740
1561	739
1558	739
1558	738
1556	738
1556	737
1555	737
1555	736
1554	736
1554	735
1552	735
1552	734
1551	734
1551	733
1546	733
1546	732
1539	732
1539	733
1524	733
1524	734
1523	734
1523	733
1521	733
1521	734
1518	734
1518	735
1515	735
1515	736
1514	736
1514	737
1515	737
1515	738
1514	738
1514	739
1513	739
1513	741
1512	741
1512	740
1511	740
1511	741
1503	741
1503	740
1498	740
1498	741
1499	741
1499	748
1498	748
1498	751
1499	751
1499	752
1498	752
1498	754
1497	754
1497	756
1496	756
1496	758
1493	758
1493	759
1492	759
1492	760
1490	760
1490	761
1489	761
1489	763
1488	763
1488	764
1486	764
1486	765
1484	765
1484	766
1483	766
1483	768
1481	768
1481	769
1479	769
1479	770
1478	770
1478	772
1476	772
1476	773
1475	773
1475	774
1474	774
1474	776
1473	776
1473	778
1472	778
1472	779
1471	779
1471	784
1468	784
1468	785
1466	785
1466	786
1465	786
1465	787
1462	787
1462	788
1461	788
1461	789
1459	789
1459	790
1456	790
1456	791
1453	791
1453	792
1444	792
1444	793
1442	793
1442	794
1440	794
1440	797
1439	797
1439	798
1438	798
1438	799
1436	799
1436	800
1435	800
1435	801
1434	801
1434	802
1432	802
1432	803
1427	803
1427	804
1424	804
1424	805
1421	805
1421	806
1420	806
1420	808
1419	808
1419	809
1418	809
1418	810
1398	810
1398	809
1396	809
1396	810
1395	810
1395	809
1392	809
1392	810
1388	810
1388	809
1387	809
1387	810
1384	810
1384	811
1383	811
1383	810
1381	810
1381	809
1377	809
1377	808
1376	808
1376	807
1377	807
1377	805
1376	805
1376	803
1377	803
1377	793
1376	793
1376	792
1375	792
1375	791
1374	791
1374	790
1372	790
1372	789
1370	789
1370	788
1369	788
1369	787
1368	787
1368	786
1367	786
1367	783
1366	783
1366	782
1365	782
1365	783
1366	783
1366	786
1367	786
1367	788
1366	788
1366	789
1365	789
1365	788
1358	788
1358	789
1357	789
1357	788
1351	788
1351	787
1349	787
1349	786
1347	786
1347	785
1337	785
1337	786
1334	786
1334	785
1329	785
1329	784
1326	784
1326	783
1325	783
1325	784
1318	784
1318	783
1315	783
1315	782
1311	782
1311	781
1300	781
1300	782
1299	782
1299	781
1298	781
1298	782
1288	782
1288	783
1287	783
1287	784
1285	784
1285	785
1284	785
1284	786
1282	786
1282	787
1280	787
1280	788
1278	788
1278	789
1266	789
1266	790
1264	790
1264	793
1263	793
1263	794
1262	794
1262	798
1261	798
1261	800
1262	800
1262	802
1261	802
1261	803
1262	803
1262	805
1261	805
1261	806
1262	806
1262	807
1263	807
1263	809
1264	809
1264	810
1263	810
1263	811
1264	811
1264	814
1265	814
1265	815
1266	815
1266	816
1267	816
1267	819
1266	819
1266	823
1267	823
1267	833
1268	833
1268	834
1269	834
1269	841
1270	841
1270	842
1269	842
1269	843
1268	843
1268	847
1267	847
1267	848
1265	848
1265	849
1263	849
1263	850
1258	850
1258	851
1256	851
1256	852
1254	852
1254	851
1251	851
1251	852
1248	852
1248	853
1246	853
1246	855
1243	855
1243	856
1241	856
1241	857
1240	857
1240	858
1229	858
1229	860
1222	860
1222	861
1219	861
1219	862
1214	862
1214	863
1212	863
1212	864
1206	864
1206	865
1187	865
1187	864
1186	864
1186	863
1185	863
1185	862
1182	862
1182	861
1170	861
1170	860
1169	860
1169	857
1168	857
1168	855
1167	855
1167	848
1166	848
1166	847
1164	847
1164	846
1163	846
1163	845
1162	845
1162	844
1161	844
1161	843
1158	843
1158	841
1157	841
1157	840
1156	840
1156	839
1155	839
1155	837
1154	837
1154	835
1153	835
1153	834
1151	834
1151	833
1150	833
1150	832
1149	832
1149	829
1148	829
1148	827
1147	827
1147	826
1146	826
1146	825
1145	825
1145	824
1142	824
1142	820
1140	820
1140	819
1138	819
1138	818
1137	818
1137	817
1136	817
1136	815
1135	815
1135	814
1133	814
1133	811
1132	811
1132	810
1130	810
1130	809
1128	809
1128	808
1127	808
1127	807
1126	807
1126	806
1124	806
1124	805
1122	805
1122	804
1121	804
1121	803
1120	803
1120	802
1119	802
1119	801
1117	801
1117	800
1115	800
1115	801
1109	801
1109	800
1108	800
1108	801
1106	801
1106	802
1105	802
1105	801
1095	801
1095	800
1087	800
1087	801
1085	801
1085	802
1082	802
1082	803
1081	803
1081	804
1078	804
1078	806
1076	806
1076	809
1077	809
1077	811
1078	811
1078	814
1079	814
1079	817
1080	817
1080	820
1082	820
1082	821
1081	821
1081	833
1080	833
1080	836
1081	836
1081	837
1082	837
1082	843
1083	843
1083	845
1084	845
1084	851
1085	851
1085	853
1084	853
1084	854
1083	854
1083	855
1082	855
1082	856
1081	856
1081	857
1070	857
1070	856
1062	856
1062	855
1058	855
1058	854
1057	854
1057	853
1056	853
1056	852
1054	852
1054	851
1053	851
1053	849
1050	849
1050	848
1046	848
1046	847
1045	847
1045	846
1044	846
1044	847
1041	847
1041	846
1038	846
1038	845
1035	845
1035	844
1033	844
1033	845
1028	845
1028	844
1018	844
1018	843
1011	843
1011	842
1009	842
1009	841
1008	841
1008	840
1006	840
1006	839
1005	839
1005	838
1004	838
1004	837
1002	837
1002	836
1000	836
1000	835
997	835
997	834
995	834
995	835
994	835
994	834
992	834
992	833
991	833
991	832
990	832
990	830
989	830
989	829
987	829
987	828
986	828
986	826
984	826
984	825
983	825
983	824
982	824
982	821
981	821
981	820
980	820
980	819
978	819
978	818
977	818
977	817
972	817
972	816
971	816
971	815
970	815
970	814
969	814
969	812
970	812
970	811
971	811
971	809
970	809
970	807
969	807
969	803
968	803
968	798
969	798
969	797
968	797
968	796
967	796
967	791
966	791
966	788
965	788
965	787
966	787
966	785
965	785
965	779
966	779
966	778
965	778
965	777
964	777
964	774
963	774
963	772
962	772
962	771
944	771
944	772
942	772
942	773
940	773
940	772
938	772
938	773
936	773
936	774
935	774
935	775
932	775
932	777
931	777
931	779
930	779
930	780
929	780
929	781
928	781
928	782
927	782
927	783
926	783
926	784
925	784
925	785
924	785
924	786
923	786
923	788
922	788
922	789
920	789
920	790
919	790
919	793
918	793
918	798
917	798
917	804
916	804
916	808
915	808
915	809
916	809
916	814
917	814
917	816
916	816
916	815
915	815
915	816
914	816
914	817
898	817
898	816
896	816
896	817
895	817
895	816
892	816
892	815
891	815
891	812
890	812
890	808
888	808
888	807
885	807
885	806
884	806
884	805
883	805
883	806
882	806
882	804
876	804
876	803
875	803
875	802
868	802
868	803
854	803
854	802
850	802
850	800
845	800
845	799
842	799
842	798
838	798
838	797
836	797
836	796
832	796
832	795
828	795
828	794
826	794
826	793
821	793
821	792
818	792
818	791
815	791
815	790
814	790
814	789
801	789
801	788
799	788
799	789
789	789
789	790
780	790
780	789
777	789
777	788
775	788
775	786
774	786
774	776
773	776
773	773
772	773
772	768
771	768
771	765
772	765
772	764
771	764
771	763
772	763
772	761
774	761
774	757
775	757
775	756
776	756
776	753
777	753
777	745
778	745
778	743
779	743
779	739
780	739
780	737
779	737
779	735
780	735
780	731
779	731
779	725
778	725
778	722
777	722
777	720
776	720
776	718
775	718
775	716
774	716
774	715
773	715
773	714
772	714
772	712
770	712
770	711
769	711
769	710
768	710
768	709
764	709
764	708
759	708
759	707
758	707
758	706
754	706
754	705
753	705
753	706
752	706
752	707
751	707
751	708
749	708
749	709
747	709
747	710
745	710
745	711
742	711
742	712
741	712
741	713
740	713
740	714
739	714
739	715
738	715
738	716
737	716
737	718
736	718
736	721
735	721
735	722
734	722
734	726
733	726
733	728
732	728
732	729
731	729
731	730
730	730
730	733
728	733
728	737
727	737
727	739
726	739
726	740
725	740
725	741
723	741
723	742
705	742
705	743
704	743
704	742
692	742
692	741
690	741
690	739
689	739
689	738
686	738
686	737
681	737
681	736
678	736
678	737
677	737
677	736
675	736
675	735
672	735
672	734
668	734
668	733
666	733
666	734
665	734
665	733
663	733
663	734
660	734
660	735
653	735
653	734
652	734
652	733
650	733
650	732
645	732
645	731
638	731
638	730
636	730
636	731
634	731
634	732
633	732
633	733
632	733
632	736
630	736
630	738
628	738
628	739
627	739
627	740
626	740
626	741
618	741
618	742
617	742
617	741
611	741
611	740
610	740
610	738
606	738
606	737
602	737
602	736
597	736
597	737
596	737
596	736
588	736
588	735
586	735
586	734
584	734
584	733
582	733
582	732
581	732
581	730
580	730
580	728
579	728
579	722
578	722
578	710
579	710
579	704
578	704
578	701
579	701
579	692
580	692
580	689
579	689
579	683
580	683
580	679
579	679
579	675
578	675
578	674
577	674
577	673
576	673
576	671
575	671
575	670
573	670
573	668
572	668
572	667
571	667
571	666
569	666
569	665
568	665
568	664
566	664
566	663
560	663
560	662
555	662
555	663
552	663
552	662
551	662
551	659
550	659
550	657
549	657
549	648
548	648
548	634
549	634
549	633
548	633
548	632
547	632
547	630
546	630
546	628
545	628
545	625
544	625
544	622
543	622
543	623
542	623
542	622
540	622
540	620
539	620
539	619
538	619
538	618
535	618
535	619
534	619
534	618
521	618
521	619
520	619
520	618
515	618
515	617
509	617
509	618
498	618
498	619
496	619
496	620
493	620
493	621
492	621
492	622
491	622
491	623
490	623
490	624
485	624
485	625
484	625
484	626
482	626
482	627
479	627
479	628
472	628
472	629
470	629
470	630
469	630
469	631
468	631
468	632
465	632
465	633
456	633
456	634
453	634
453	635
450	635
450	636
446	636
446	635
444	635
444	636
438	636
438	637
436	637
436	638
434	638
434	639
433	639
433	640
432	640
432	641
431	641
431	642
427	642
427	641
413	641
413	639
411	639
411	638
410	638
410	637
407	637
407	636
406	636
406	634
405	634
405	633
403	633
403	632
402	632
402	630
401	630
401	629
399	629
399	628
398	628
398	627
396	627
396	626
394	626
394	624
393	624
393	623
392	623
392	622
391	622
391	621
390	621
390	620
388	620
388	619
387	619
387	618
386	618
386	617
385	617
385	616
384	616
384	615
383	615
383	614
382	614
382	613
381	613
381	611
379	611
379	610
378	610
378	609
375	609
375	608
374	608
374	605
373	605
373	603
372	603
372	602
370	602
370	601
367	601
367	600
362	600
362	599
360	599
360	598
359	598
359	596
358	596
358	590
357	590
357	588
356	588
356	582
355	582
355	578
356	578
356	575
355	575
355	572
356	572
356	565
355	565
355	559
354	559
354	545
353	545
353	537
352	537
352	535
353	535
353	531
352	531
352	530
351	530
351	528
350	528
350	526
349	526
349	523
348	523
348	522
347	522
347	521
344	521
344	520
342	520
342	519
339	519
339	518
337	518
337	519
333	519
333	518
332	518
332	519
330	519
330	520
328	520
328	521
326	521
326	522
322	522
322	523
318	523
318	524
315	524
315	523
313	523
313	522
310	522
310	521
300	521
300	520
298	520
