179	113
180	113
180	114
179	114
179	121
178	121
178	124
179	124
179	125
178	125
178	126
177	126
177	135
176	135
176	136
177	136
177	151
176	151
176	153
177	153
177	156
178	156
178	157
177	157
177	158
178	158
178	160
177	160
177	161
178	161
178	162
179	162
179	163
178	163
178	179
179	179
179	180
178	180
178	187
179	187
179	188
178	188
178	192
179	192
179	193
178	193
178	195
177	195
177	196
178	196
178	204
177	204
177	205
178	205
178	209
177	209
177	212
178	212
178	219
179	219
179	220
180	220
180	221
179	221
179	229
180	229
180	233
181	233
181	239
182	239
182	242
183	242
183	247
188	247
188	248
189	248
189	247
190	247
190	248
192	248
192	250
194	250
194	252
196	252
196	253
197	253
197	252
198	252
198	253
199	253
199	254
201	254
201	255
203	255
203	256
204	256
204	257
205	257
205	258
206	258
206	259
209	259
209	260
210	260
210	261
212	261
212	260
215	260
215	261
216	261
216	262
222	262
222	263
223	263
223	262
224	262
224	263
225	263
225	262
230	262
230	263
232	263
232	265
233	265
233	266
234	266
234	267
235	267
235	268
237	268
237	269
239	269
239	270
241	270
241	271
244	271
244	272
245	272
245	273
246	273
246	276
250	276
250	277
251	277
251	276
252	276
252	274
253	274
253	273
254	273
254	272
255	272
255	271
256	271
256	270
257	270
257	269
258	269
258	268
260	268
260	267
262	267
262	266
265	266
265	265
266	265
266	266
267	266
267	265
271	265
271	264
273	264
273	263
274	263
274	262
276	262
276	261
278	261
278	262
292	262
292	261
293	261
293	262
297	262
297	261
306	261
306	260
307	260
307	261
313	261
313	260
317	260
317	259
319	259
319	260
325	260
325	261
329	261
329	260
331	260
331	259
335	259
335	260
337	260
337	262
338	262
338	266
337	266
337	267
339	267
339	269
340	269
340	271
341	271
341	274
342	274
342	275
341	275
341	276
342	276
342	282
344	282
344	283
351	283
351	284
353	284
353	285
354	285
354	286
355	286
355	288
356	288
356	292
357	292
357	294
358	294
358	300
359	300
359	313
360	313
360	315
361	315
361	316
360	316
360	331
364	331
364	332
366	332
366	333
367	333
367	334
369	334
369	336
370	336
370	337
371	337
371	339
372	339
372	341
373	341
373	343
374	343
374	345
375	345
375	346
378	346
378	347
380	347
380	349
381	349
381	353
380	353
380	355
378	355
378	356
376	356
376	359
377	359
377	361
378	361
378	364
379	364
379	366
380	366
380	368
381	368
381	370
382	370
382	372
387	372
387	373
388	373
388	372
389	372
389	373
400	373
400	374
401	374
401	373
406	373
406	374
408	374
408	373
409	373
409	374
411	374
411	373
412	373
412	374
413	374
413	373
415	373
415	372
419	372
419	373
420	373
420	371
432	371
432	372
435	372
435	373
442	373
442	374
445	374
445	373
446	373
446	369
447	369
447	365
448	365
448	364
447	364
447	363
448	363
448	358
449	358
449	357
454	357
454	356
456	356
456	357
459	357
459	358
465	358
465	359
466	359
466	360
468	360
468	361
470	361
470	363
471	363
471	367
470	367
470	370
471	370
471	375
472	375
472	381
473	381
473	382
472	382
472	389
471	389
471	400
470	400
470	409
471	409
471	412
472	412
472	415
473	415
473	416
474	416
474	418
475	418
475	421
476	421
476	423
477	423
477	424
483	424
483	425
488	425
488	424
489	424
489	422
491	422
491	421
498	421
498	422
500	422
500	424
501	424
501	426
502	426
502	430
503	430
503	431
505	431
505	433
506	433
506	438
507	438
507	440
508	440
508	436
509	436
509	434
511	434
511	433
515	433
515	434
517	434
517	436
518	436
518	437
519	437
519	438
520	438
520	439
523	439
523	440
525	440
525	442
537	442
537	443
539	443
539	445
540	445
540	455
541	455
541	457
542	457
542	466
543	466
543	467
555	467
555	468
557	468
557	469
563	469
563	470
566	470
566	471
568	471
568	472
570	472
570	473
585	473
585	472
587	472
587	471
589	471
589	470
590	470
590	469
592	469
592	468
597	468
597	467
598	467
598	466
599	466
599	465
600	465
600	464
601	464
601	463
602	463
602	462
603	462
603	461
602	461
602	460
604	460
604	459
605	459
605	458
606	458
606	457
607	457
607	456
608	456
608	455
609	455
609	454
611	454
611	453
614	453
614	452
615	452
615	451
616	451
616	450
618	450
618	449
621	449
621	448
649	448
649	449
651	449
651	450
652	450
652	452
653	452
653	457
652	457
652	459
651	459
651	460
652	460
652	461
651	461
651	462
653	462
653	465
654	465
654	472
650	472
650	470
649	470
649	467
650	467
650	460
646	460
646	459
644	459
644	458
631	458
631	459
629	459
629	460
621	460
621	462
619	462
619	463
616	463
616	464
614	464
614	465
613	465
613	467
611	467
611	469
610	469
610	470
609	470
609	471
608	471
608	472
607	472
607	473
606	473
606	474
605	474
605	475
604	475
604	476
603	476
603	477
601	477
601	478
599	478
599	479
595	479
595	480
593	480
593	481
590	481
590	482
588	482
588	483
566	483
566	482
564	482
564	481
563	481
563	480
560	480
560	479
554	479
554	478
552	478
552	477
538	477
538	476
536	476
536	475
535	475
535	473
534	473
534	472
533	472
533	470
532	470
532	461
531	461
531	459
530	459
530	452
522	452
522	451
517	451
517	450
514	450
514	449
512	449
512	447
511	447
511	445
510	445
510	443
509	443
509	442
508	442
508	441
507	441
507	440
505	440
505	439
503	439
503	440
499	440
499	439
497	439
497	437
496	437
496	434
495	434
495	433
493	433
493	432
492	432
492	431
491	431
491	430
489	430
489	428
487	428
487	427
485	427
485	426
476	426
476	427
474	427
474	424
473	424
473	422
472	422
472	418
471	418
471	416
470	416
470	414
469	414
469	412
468	412
468	404
467	404
467	401
468	401
468	396
469	396
469	394
468	394
468	393
469	393
469	386
470	386
470	375
469	375
469	371
468	371
468	370
464	370
464	369
462	369
462	367
461	367
461	363
462	363
462	361
464	361
464	360
458	360
458	359
450	359
450	361
449	361
449	366
448	366
448	370
449	370
449	371
448	371
448	373
447	373
447	375
446	375
446	376
442	376
442	375
439	375
439	376
435	376
435	375
434	375
434	374
418	374
418	375
415	375
415	376
408	376
408	375
404	375
404	376
403	376
403	375
401	375
401	376
400	376
400	375
386	375
386	374
385	374
385	375
380	375
380	374
379	374
379	372
378	372
378	368
376	368
376	364
375	364
375	360
374	360
374	359
373	359
373	357
372	357
372	356
370	356
370	355
368	355
368	354
366	354
366	352
365	352
365	348
363	348
363	346
362	346
362	343
361	343
361	342
359	342
359	341
355	341
355	340
353	340
353	338
352	338
352	337
351	337
351	335
350	335
350	320
349	320
349	303
348	303
348	298
347	298
347	296
346	296
346	293
341	293
341	292
339	292
339	290
338	290
338	286
339	286
339	284
340	284
340	273
339	273
339	271
338	271
338	268
335	268
335	269
331	269
331	268
329	268
329	266
328	266
328	264
324	264
324	263
320	263
320	262
319	262
319	263
314	263
314	264
313	264
313	265
308	265
308	264
305	264
305	265
296	265
296	266
295	266
295	265
292	265
292	266
285	266
285	265
283	265
283	266
282	266
282	265
279	265
279	266
277	266
277	267
275	267
275	268
274	268
274	269
273	269
273	270
266	270
266	271
264	271
264	272
261	272
261	273
260	273
260	275
257	275
257	277
256	277
256	279
255	279
255	283
254	283
254	284
252	284
252	285
250	285
250	284
248	284
248	283
247	283
247	281
246	281
246	280
245	280
245	279
244	279
244	278
242	278
242	277
240	277
240	276
238	276
238	275
237	275
237	274
236	274
236	273
235	273
235	272
234	272
234	271
233	271
233	270
231	270
231	269
230	269
230	268
225	268
225	269
224	269
224	268
215	268
215	267
213	267
213	266
210	266
210	267
207	267
207	265
205	265
205	264
203	264
203	263
201	263
201	262
199	262
199	261
197	261
197	259
194	259
194	257
193	257
193	256
192	256
192	255
191	255
191	254
188	254
188	253
185	253
185	254
184	254
184	253
183	253
183	254
181	254
181	253
180	253
180	252
179	252
179	248
178	248
178	245
177	245
177	238
176	238
176	230
175	230
175	226
174	226
174	214
173	214
173	211
172	211
172	210
173	210
173	207
174	207
174	195
173	195
173	194
174	194
174	192
173	192
173	190
174	190
174	178
175	178
175	177
174	177
174	171
173	171
173	163
174	163
174	161
173	161
173	152
172	152
172	143
173	143
173	142
172	142
172	141
173	141
173	139
172	139
172	138
173	138
173	137
172	137
172	128
173	128
173	123
174	123
174	122
173	122
173	121
174	121
174	114
173	114
173	113
171	113
171	114
163	114
163	115
162	115
162	116
157	116
157	117
154	117
154	118
152	118
152	119
146	119
146	120
145	120
145	121
140	121
140	122
137	122
137	124
134	124
134	125
132	125
132	126
127	126
127	127
120	127
120	128
116	128
116	129
113	129
113	130
111	130
111	129
110	129
110	130
105	130
105	131
102	131
102	130
98	130
98	131
96	131
96	132
95	132
95	133
91	133
91	134
86	134
86	135
84	135
84	134
82	134
82	135
80	135
80	136
78	136
78	137
77	137
77	136
76	136
76	137
75	137
75	136
59	136
59	135
54	135
54	132
60	132
60	131
75	131
75	130
80	130
80	129
82	129
82	130
83	130
83	129
85	129
85	128
90	128
90	127
91	127
91	128
92	128
92	127
94	127
94	126
95	126
95	125
98	125
98	124
100	124
100	125
106	125
106	124
112	124
112	123
113	123
113	124
114	124
114	123
117	123
117	122
121	122
121	121
124	121
124	120
125	120
125	121
126	121
126	120
133	120
133	119
134	119
134	118
135	118
135	117
136	117
136	118
137	118
137	117
139	117
139	116
141	116
141	115
144	115
144	114
148	114
148	113
150	113
150	114
151	114
151	113
152	113
152	112
154	112
154	111
159	111
159	110
160	110
160	109
166	109
166	108
173	108
173	107
175	107
175	106
179	106
793	574
792	574
792	577
791	577
791	580
790	580
790	581
788	581
788	582
786	582
786	581
785	581
785	582
780	582
780	581
778	581
778	580
775	580
775	579
773	579
773	578
772	578
772	577
769	577
769	578
766	578
766	577
765	577
765	578
758	578
758	577
755	577
755	576
750	576
750	575
744	575
744	574
741	574
741	573
739	573
739	572
737	572
737	571
736	571
736	570
735	570
735	569
733	569
733	568
732	568
732	567
731	567
731	566
729	566
729	565
728	565
728	564
727	564
727	563
725	563
725	562
724	562
724	561
722	561
722	560
721	560
721	559
719	559
719	558
718	558
718	557
717	557
717	556
715	556
715	555
714	555
714	554
713	554
713	553
712	553
712	552
711	552
711	551
709	551
709	550
708	550
708	549
705	549
705	548
703	548
703	547
686	547
686	546
685	546
685	544
684	544
684	542
683	542
683	540
682	540
682	539
681	539
681	538
680	538
680	534
678	534
678	531
677	531
677	530
676	530
676	529
675	529
675	525
674	525
674	522
673	522
673	518
672	518
672	514
671	514
671	504
672	504
672	503
671	503
671	498
672	498
672	493
673	493
673	485
672	485
672	482
673	482
673	481
672	481
672	479
675	479
675	478
677	478
677	476
678	476
678	472
677	472
677	470
676	470
676	469
674	469
674	468
671	468
671	465
670	465
670	463
668	463
668	462
664	462
664	463
662	463
662	465
661	465
661	466
658	466
658	467
657	467
657	466
656	466
656	467
655	467
655	468
657	468
657	469
661	469
661	473
662	473
662	475
663	475
663	476
664	476
664	477
666	477
666	478
669	478
669	479
671	479
671	485
670	485
670	486
671	486
671	487
670	487
670	490
671	490
671	491
670	491
670	494
669	494
669	506
668	506
668	511
669	511
669	514
670	514
670	520
671	520
671	522
670	522
670	524
671	524
671	526
672	526
672	529
673	529
673	531
674	531
674	533
675	533
675	534
676	534
676	535
677	535
677	537
678	537
678	538
679	538
679	540
680	540
680	541
681	541
681	543
682	543
682	547
683	547
683	550
688	550
688	549
690	549
690	550
691	550
691	549
692	549
692	550
698	550
698	549
705	549
705	550
706	550
706	552
708	552
708	554
710	554
710	555
711	555
711	556
712	556
712	557
713	557
713	558
714	558
714	559
716	559
716	560
718	560
718	561
720	561
720	563
723	563
723	564
724	564
724	565
725	565
725	566
726	566
726	567
727	567
727	568
729	568
729	569
731	569
731	570
732	570
732	571
733	571
733	572
734	572
734	573
735	573
735	574
737	574
737	575
738	575
738	576
740	576
740	577
747	577
747	578
751	578
751	579
756	579
756	580
773	580
773	581
775	581
775	582
777	582
777	584
778	584
778	585
789	585
789	584
790	584
790	583
791	583
791	582
792	582
792	581
793	581
793	579
794	579
794	576
795	576
795	574
796	574
796	573
797	573
797	571
798	571
798	570
799	570
799	568
800	568
800	567
801	567
801	565
797	565
797	568
796	568
796	569
795	569
795	571
794	571
794	572
793	572
865	543
866	543
866	545
867	545
867	549
868	549
868	552
869	552
869	553
868	553
868	556
869	556
869	559
870	559
870	563
871	563
871	566
872	566
872	571
873	571
873	578
874	578
874	583
875	583
875	588
876	588
876	591
877	591
877	593
876	593
876	594
877	594
877	599
878	599
878	609
879	609
879	616
880	616
880	636
879	636
879	637
880	637
880	647
881	647
881	658
880	658
880	659
881	659
881	661
880	661
880	668
881	668
881	672
886	672
886	671
887	671
887	672
896	672
896	673
903	673
903	674
904	674
904	673
905	673
905	674
907	674
907	675
908	675
908	676
910	676
910	677
922	677
922	678
929	678
929	679
930	679
930	678
931	678
931	679
936	679
936	678
938	678
938	677
939	677
939	676
941	676
941	675
942	675
942	674
943	674
943	672
945	672
945	671
946	671
946	670
947	670
947	668
948	668
948	667
949	667
949	665
950	665
950	664
951	664
951	663
952	663
952	660
953	660
953	652
954	652
954	644
955	644
955	642
954	642
954	641
955	641
955	640
956	640
956	631
957	631
957	628
958	628
958	625
959	625
959	623
960	623
960	621
962	621
962	620
963	620
963	619
965	619
965	618
967	618
967	619
975	619
975	618
976	618
976	616
975	616
975	615
974	615
974	616
969	616
969	617
967	617
967	616
964	616
964	617
963	617
963	618
960	618
960	619
959	619
959	620
958	620
958	622
957	622
957	624
956	624
956	626
955	626
955	628
956	628
956	629
955	629
955	630
954	630
954	639
953	639
953	644
952	644
952	651
951	651
951	652
952	652
952	653
951	653
951	660
950	660
950	662
949	662
949	664
948	664
948	665
947	665
947	666
946	666
946	667
945	667
945	669
944	669
944	670
943	670
943	672
941	672
941	673
940	673
940	675
936	675
936	676
934	676
934	675
931	675
931	676
926	676
926	675
922	675
922	674
921	674
921	675
920	675
920	674
912	674
912	673
909	673
909	672
907	672
907	671
902	671
902	670
895	670
895	671
894	671
894	670
884	670
884	669
883	669
883	660
884	660
884	649
883	649
883	640
882	640
882	638
883	638
883	627
884	627
884	626
883	626
883	625
884	625
884	618
883	618
883	614
882	614
882	606
881	606
881	597
880	597
880	591
879	591
879	585
878	585
878	581
877	581
877	577
876	577
876	573
875	573
875	565
874	565
874	561
873	561
873	560
872	560
872	555
871	555
871	549
870	549
870	546
869	546
869	543
868	543
868	540
867	540
867	538
866	538
866	537
865	537
865	535
863	535
863	533
855	533
855	534
854	534
854	533
850	533
850	532
849	532
849	533
844	533
844	534
843	534
843	535
841	535
841	536
840	536
840	537
838	537
838	538
835	538
835	539
830	539
830	540
826	540
826	541
821	541
821	542
819	542
819	543
818	543
818	544
816	544
816	545
815	545
815	546
811	546
811	547
809	547
809	548
808	548
808	549
807	549
807	550
805	550
805	554
804	554
804	556
802	556
802	558
801	558
801	560
800	560
800	562
799	562
799	563
800	563
800	564
802	564
802	562
803	562
803	561
804	561
804	560
805	560
805	558
806	558
806	556
807	556
807	555
808	555
808	552
809	552
809	551
810	551
810	550
813	550
813	549
814	549
814	548
816	548
816	547
817	547
817	546
819	546
819	545
821	545
821	544
826	544
826	543
828	543
828	542
833	542
833	541
837	541
837	540
838	540
838	539
840	539
840	538
841	538
841	537
843	537
843	536
845	536
845	535
854	535
854	536
855	536
855	537
860	537
860	536
862	536
862	537
863	537
863	539
864	539
864	540
865	540
1024	600
1025	600
1025	601
1024	601
1024	602
1023	602
1023	603
1021	603
1021	605
1019	605
1019	607
1020	607
1020	608
1021	608
1021	609
1022	609
1022	611
1023	611
1023	613
1024	613
1024	614
1025	614
1025	615
1026	615
1026	618
1027	618
1027	620
1028	620
1028	631
1027	631
1027	641
1028	641
1028	648
1029	648
1029	652
1030	652
1030	663
1031	663
1031	667
1032	667
1032	671
1033	671
1033	689
1034	689
1034	690
1033	690
1033	691
1034	691
1034	695
1035	695
1035	699
1036	699
1036	703
1037	703
1037	706
1038	706
1038	708
1039	708
1039	707
1040	707
1040	708
1042	708
1042	707
1043	707
1043	709
1045	709
1045	708
1046	708
1046	709
1047	709
1047	710
1049	710
1049	711
1050	711
1050	710
1056	710
1056	709
1063	709
1063	708
1067	708
1067	707
1068	707
1068	708
1070	708
1070	707
1071	707
1071	708
1072	708
1072	707
1073	707
1073	709
1075	709
1075	710
1077	710
1077	711
1079	711
1079	712
1080	712
1080	711
1082	711
1082	712
1083	712
1083	713
1086	713
1086	712
1097	712
1097	713
1109	713
1109	714
1110	714
1110	712
1113	712
1113	711
1115	711
1115	708
1116	708
1116	704
1118	704
1118	703
1121	703
1121	701
1123	701
1123	692
1124	692
1124	690
1123	690
1123	684
1124	684
1124	683
1123	683
1123	678
1122	678
1122	676
1123	676
1123	675
1122	675
1122	671
1123	671
1123	669
1124	669
1124	666
1125	666
1125	665
1124	665
1124	663
1125	663
1125	661
1127	661
1127	659
1129	659
1129	658
1130	658
1130	657
1131	657
1131	655
1132	655
1132	654
1134	654
1134	653
1136	653
1136	652
1138	652
1138	651
1142	651
1142	652
1143	652
1143	651
1148	651
1148	650
1153	650
1153	651
1157	651
1157	652
1160	652
1160	654
1162	654
1162	655
1163	655
1163	656
1165	656
1165	657
1166	657
1166	658
1167	658
1167	659
1168	659
1168	660
1169	660
1169	661
1170	661
1170	663
1171	663
1171	664
1172	664
1172	666
1173	666
1173	667
1174	667
1174	671
1175	671
1175	674
1174	674
1174	678
1175	678
1175	686
1176	686
1176	689
1177	689
1177	690
1178	690
1178	692
1179	692
1179	694
1180	694
1180	697
1181	697
1181	698
1183	698
1183	699
1188	699
1188	700
1189	700
1189	699
1193	699
1193	700
1197	700
1197	701
1199	701
1199	702
1202	702
1202	703
1204	703
1204	704
1207	704
1207	705
1208	705
1208	706
1213	706
1213	707
1214	707
1214	706
1216	706
1216	707
1217	707
1217	708
1219	708
1219	707
1222	707
1222	708
1229	708
1229	707
1236	707
1236	706
1238	706
1238	705
1239	705
1239	704
1241	704
1241	703
1242	703
1242	702
1243	702
1243	701
1244	701
1244	700
1245	700
1245	699
1246	699
1246	697
1245	697
1245	680
1246	680
1246	677
1247	677
1247	676
1248	676
1248	675
1249	675
1249	673
1251	673
1251	672
1252	672
1252	671
1256	671
1256	668
1257	668
1257	667
1258	667
1258	666
1257	666
1257	665
1259	665
1259	664
1260	664
1260	665
1261	665
1261	664
1262	664
1262	661
1263	661
1263	660
1265	660
1265	659
1266	659
1266	658
1269	658
1269	657
1274	657
1274	656
1281	656
1281	655
1282	655
1282	654
1283	654
1283	655
1288	655
1288	656
1290	656
1290	657
1291	657
1291	658
1292	658
1292	657
1298	657
1298	658
1301	658
1301	659
1303	659
1303	660
1305	660
1305	661
1306	661
1306	660
1307	660
1307	659
1309	659
1309	653
1310	653
1310	650
1311	650
1311	626
1313	626
1313	623
1314	623
1314	622
1317	622
1317	621
1319	621
1319	620
1322	620
1322	621
1324	621
1324	622
1326	622
1326	623
1327	623
1327	624
1329	624
1329	625
1332	625
1332	626
1333	626
1333	627
1334	627
1334	628
1335	628
1335	630
1336	630
1336	631
1338	631
1338	633
1339	633
1339	636
1341	636
1341	641
1342	641
1342	642
1343	642
1343	643
1345	643
1345	644
1346	644
1346	643
1350	643
1350	644
1354	644
1354	643
1356	643
1356	644
1357	644
1357	645
1358	645
1358	647
1359	647
1359	649
1360	649
1360	650
1362	650
1362	651
1364	651
1364	652
1365	652
1365	653
1366	653
1366	654
1367	654
1367	655
1368	655
1368	657
1369	657
1369	658
1370	658
1370	664
1371	664
1371	665
1372	665
1372	667
1373	667
1373	670
1372	670
1372	674
1373	674
1373	676
1372	676
1372	678
1373	678
1373	679
1374	679
1374	680
1375	680
1375	681
1376	681
1376	683
1377	683
1377	684
1379	684
1379	685
1380	685
1380	686
1382	686
1382	687
1384	687
1384	689
1386	689
1386	691
1387	691
1387	693
1388	693
1388	710
1389	710
1389	714
1390	714
1390	716
1391	716
1391	717
1394	717
1394	718
1397	718
1397	719
1400	719
1400	720
1401	720
1401	721
1402	721
1402	720
1406	720
1406	719
1407	719
1407	718
1408	718
1408	720
1409	720
1409	721
1410	721
1410	720
1412	720
1412	719
1418	719
1418	718
1425	718
1425	717
1427	717
1427	716
1429	716
1429	715
1436	715
1436	714
1437	714
1437	709
1436	709
1436	706
1437	706
1437	705
1436	705
1436	703
1435	703
1435	700
1434	700
1434	697
1435	697
1435	692
1436	692
1436	690
1437	690
1437	686
1438	686
1438	685
1439	685
1439	684
1441	684
1441	683
1442	683
1442	682
1443	682
1443	681
1448	681
1448	680
1451	680
1451	679
1452	679
1452	678
1462	678
1462	679
1464	679
1464	680
1468	680
1468	681
1470	681
1470	684
1471	684
1471	686
1472	686
1472	691
1473	691
1473	692
1472	692
1472	693
1473	693
1473	695
1474	695
1474	702
1476	702
1476	701
1478	701
1478	702
1480	702
1480	703
1481	703
1481	705
1482	705
1482	706
1483	706
1483	707
1484	707
1484	708
1489	708
1489	709
1490	709
1490	711
1495	711
1495	712
1498	712
1498	713
1501	713
1501	714
1504	714
1504	715
1505	715
1505	714
1508	714
1508	713
1512	713
1512	712
1513	712
1513	713
1516	713
1516	712
1517	712
1517	713
1522	713
1522	712
1524	712
1524	713
1525	713
1525	712
1529	712
1529	711
1541	711
1541	710
1542	710
1542	711
1544	711
1544	710
1547	710
1547	711
1553	711
1553	710
1555	710
1555	709
1556	709
1556	710
1559	710
1559	709
1562	709
1562	708
1568	708
1568	707
1570	707
1570	708
1575	708
1575	709
1577	709
1577	710
1578	710
1578	711
1581	711
1581	712
1590	712
1590	711
1592	711
1592	710
1595	710
1595	709
1597	709
1597	707
1601	707
1601	706
1604	706
1604	704
1605	704
1605	699
1606	699
1606	688
1605	688
1605	682
1604	682
1604	674
1603	674
1603	665
1602	665
1602	664
1603	664
1603	663
1604	663
1604	660
1603	660
1603	658
1604	658
1604	652
1603	652
1603	649
1602	649
1602	639
1601	639
1601	634
1602	634
1602	626
1601	626
1601	622
1602	622
1602	620
1600	620
1600	619
1602	619
1602	612
1603	612
1603	611
1604	611
1604	610
1605	610
1605	609
1606	609
1606	605
1607	605
1607	604
1608	604
1608	603
1609	603
1609	601
1610	601
1610	599
1611	599
1611	596
1612	596
1612	595
1613	595
1613	592
1614	592
1614	590
1615	590
1615	589
1616	589
1616	587
1617	587
1617	584
1618	584
1618	583
1619	583
1619	581
1620	581
1620	580
1622	580
1622	579
1623	579
1623	578
1625	578
1625	577
1627	577
1627	576
1629	576
1629	574
1632	574
1632	573
1633	573
1633	570
1634	570
1634	571
1635	571
1635	570
1637	570
1637	569
1640	569
1640	568
1642	568
1642	567
1644	567
1644	566
1646	566
1646	565
1647	565
1647	564
1649	564
1649	563
1650	563
1650	562
1651	562
1651	561
1652	561
1652	560
1653	560
1653	559
1654	559
1654	561
1655	561
1655	562
1656	562
1656	563
1657	563
1657	564
1656	564
1656	567
1655	567
1655	569
1654	569
1654	571
1653	571
1653	572
1654	572
1654	574
1655	574
1655	576
1656	576
1656	577
1657	577
1657	578
1660	578
1660	579
1663	579
1663	580
1664	580
1664	581
1668	581
1668	583
1669	583
1669	584
1670	584
1670	585
1671	585
1671	586
1672	586
1672	588
1673	588
1673	591
1674	591
1674	592
1675	592
1675	593
1676	593
1676	594
1677	594
1677	595
1679	595
1679	597
1680	597
1680	598
1682	598
1682	599
1683	599
1683	601
1684	601
1684	602
1685	602
1685	603
1686	603
1686	605
1687	605
1687	606
1688	606
1688	607
1689	607
1689	608
1691	608
1691	609
1694	609
1694	608
1698	608
1698	609
1700	609
1700	608
1701	608
1701	609
1704	609
1704	612
1705	612
1705	611
1710	611
1710	613
1711	613
1711	614
1712	614
1712	615
1713	615
1713	617
1716	617
1716	616
1718	616
1718	615
1722	615
1722	616
1725	616
1725	610
1726	610
1726	608
1727	608
1727	606
1728	606
1728	604
1729	604
1729	603
1730	603
1730	602
1731	602
1731	601
1732	601
1732	600
1734	600
1734	599
1768	599
1768	600
1770	600
1770	602
1771	602
1771	605
1785	605
1785	604
1790	604
1790	603
1791	603
1791	604
1794	604
1794	603
1799	603
1799	602
1800	602
1800	601
1803	601
1803	602
1804	602
1804	601
1806	601
1806	600
1810	600
1810	599
1811	599
1811	598
1813	598
1813	597
1815	597
1815	596
1816	596
1816	595
1817	595
1817	594
1819	594
1819	593
1821	593
1821	592
1822	592
1822	591
1823	591
1823	590
1824	590
1824	589
1825	589
1825	586
1824	586
1824	581
1823	581
1823	576
1822	576
1822	573
1821	573
1821	571
1820	571
1820	570
1819	570
1819	569
1820	569
1820	568
1819	568
1819	567
1818	567
1818	561
1817	561
1817	556
1818	556
1818	551
1819	551
1819	548
1820	548
1820	547
1819	547
1819	544
1820	544
1820	540
1819	540
1819	539
1818	539
1818	537
1816	537
1816	534
1815	534
1815	530
1814	530
1814	527
1813	527
1813	524
1814	524
1814	522
1815	522
1815	521
1816	521
1816	520
1817	520
1817	519
1819	519
1819	516
1821	516
1821	515
1823	515
1823	514
1828	514
1828	515
1829	515
1829	514
1831	514
1831	512
1832	512
1832	513
1837	513
1837	512
1838	512
1838	513
1841	513
1841	512
1843	512
1843	511
1849	511
1849	510
1851	510
1851	509
1854	509
1854	507
1857	507
1857	506
1861	506
1861	505
1862	505
1862	503
1861	503
1861	502
1860	502
1860	501
1859	501
1859	498
1858	498
1858	495
1857	495
1857	490
1858	490
1858	489
1860	489
1860	488
1861	488
1861	487
1863	487
1863	486
1864	486
1864	485
1865	485
1865	483
1866	483
1866	482
1868	482
1868	480
1871	480
1871	479
1872	479
1872	477
1873	477
1873	472
1874	472
1874	469
1875	469
1875	468
1876	468
1876	467
1877	467
1877	466
1880	466
1880	465
1881	465
1881	464
1884	464
1884	462
1887	462
1887	461
1888	461
1888	460
1891	460
1891	459
1892	459
1892	460
1896	460
1896	462
1898	462
1898	463
1899	463
1899	464
1901	464
1901	465
1902	465
1902	466
1906	466
1906	467
1907	467
1907	468
1908	468
1908	469
1910	469
1910	470
1911	470
1911	471
1912	471
1912	470
1917	470
1917	471
1921	471
1921	472
1926	472
1926	473
1929	473
1929	474
1933	474
1933	475
1934	475
1934	479
1933	479
1933	480
1932	480
1932	482
1933	482
1933	483
1934	483
1934	487
1935	487
1935	488
1934	488
1934	489
1935	489
1935	491
1936	491
1936	493
1937	493
1937	494
1938	494
1938	498
1939	498
1939	500
1940	500
1940	506
1942	506
1942	509
1943	509
1943	508
1944	508
1944	507
1947	507
1947	506
1948	506
1948	505
1947	505
1947	489
1948	489
1948	487
1947	487
1947	478
1948	478
1948	470
1949	470
1949	464
1950	464
1950	463
1949	463
1949	460
1950	460
1950	453
1951	453
1951	439
1950	439
1950	438
1949	438
1949	434
1948	434
1948	430
1947	430
1947	428
1946	428
1946	426
1945	426
1945	425
1946	425
1946	424
1945	424
1945	422
1944	422
1944	421
1943	421
1943	420
1944	420
1944	419
1943	419
1943	416
1942	416
1942	414
1943	414
1943	413
1944	413
1944	405
1945	405
1945	402
1946	402
1946	401
1948	401
1948	400
1949	400
1949	398
1950	398
1950	397
1951	397
1951	395
1950	395
1950	394
1952	394
1952	392
1954	392
1954	390
1955	390
1955	389
1956	389
1956	387
1957	387
1957	385
1958	385
1958	384
1960	384
1960	380
1961	380
1961	379
1962	379
1962	378
1971	378
1971	377
1972	377
1972	376
1971	376
1971	374
1972	374
1972	373
1971	373
1971	371
1970	371
1970	370
1971	370
1971	368
1972	368
1972	366
1973	366
1973	363
1974	363
1974	362
1975	362
1975	361
1976	361
1976	359
1977	359
1977	357
1978	357
1978	356
1981	356
1981	357
1986	357
1986	356
1988	356
1988	357
1989	357
1989	356
1992	356
1992	355
1999	355
1999	356
2003	356
2003	357
2004	357
2004	358
2009	358
2009	359
2010	359
2010	360
2011	360
2011	361
2012	361
2012	362
2015	362
2015	364
2017	364
2017	365
2018	365
2018	366
2019	366
2019	367
2020	367
2020	368
2021	368
2021	369
2024	369
2024	370
2025	370
2025	371
2032	371
2032	372
2034	372
2034	373
2036	373
2036	374
2037	374
2037	375
2041	375
2041	377
2042	377
2042	376
2051	376
2051	377
2053	377
2053	378
2055	378
2055	379
2058	379
2058	380
2061	380
2061	381
2064	381
2064	382
2066	382
2066	383
2068	383
2068	382
2072	382
2072	381
2074	381
2074	380
2075	380
2075	379
2076	379
2076	377
2077	377
2077	374
2078	374
2078	367
2079	367
2079	364
2081	364
2081	363
2080	363
2080	360
2081	360
2081	358
2082	358
2082	354
2083	354
2083	350
2084	350
2084	349
2085	349
2085	343
2086	343
2086	338
2087	338
2087	337
2088	337
2088	329
2087	329
2087	316
2088	316
2088	314
2087	314
2087	313
2088	313
2088	308
2087	308
2087	306
2088	306
2088	294
2089	294
2089	292
2088	292
2088	290
2089	290
2089	286
2090	286
2090	279
2091	279
2091	277
2092	277
2092	276
2093	276
2093	273
2094	273
2094	270
2095	270
2095	269
2096	269
2096	267
2097	267
2097	266
2098	266
2098	265
2099	265
2099	264
2100	264
2100	263
2101	263
2101	262
2102	262
2102	261
2104	261
2104	260
2105	260
2105	258
2107	258
2107	257
2109	257
2109	256
2111	256
2111	255
2112	255
2112	256
2113	256
2113	255
2114	255
2114	254
2116	254
2116	253
2117	253
2117	252
2119	252
2119	250
2122	250
2122	249
2123	249
2123	247
2125	247
2125	246
2128	246
2128	247
2130	247
2130	248
2131	248
2131	249
2135	249
2135	250
2143	250
2143	251
2146	251
2146	253
2148	253
2148	254
2149	254
2149	255
2150	255
2150	256
2151	256
2151	257
2150	257
2150	261
2152	261
2152	262
2160	262
2160	261
2162	261
2162	262
2165	262
2165	263
2166	263
2166	264
2165	264
2165	265
2168	265
2168	267
2169	267
2169	268
2171	268
2171	269
2172	269
2172	271
2173	271
2173	274
2174	274
2174	275
2175	275
2175	276
2176	276
2176	277
2178	277
2178	278
2180	278
2180	279
2181	279
2181	281
2182	281
2182	282
2183	282
2183	284
2184	284
2184	286
2185	286
2185	287
2186	287
2186	288
2194	288
2194	287
2195	287
2195	286
2196	286
2196	285
2197	285
2197	284
2198	284
2198	283
2199	283
2199	281
2200	281
2200	280
2201	280
2201	278
2202	278
2202	279
2203	279
2203	277
2204	277
2204	276
2205	276
2205	275
2206	275
2206	273
2207	273
2207	271
2208	271
2208	269
2209	269
2209	268
2210	268
2210	266
2211	266
2211	267
2212	267
2212	265
2213	265
2213	264
2214	264
2214	263
2215	263
2215	261
2216	261
2216	258
2217	258
2217	256
2218	256
2218	255
2219	255
2219	253
2220	253
2220	250
2222	250
2222	247
2223	247
2223	246
2224	246
2224	239
2225	239
2225	237
2226	237
2226	233
2225	233
2225	232
2224	232
2224	231
2225	231
2225	228
2224	228
2224	227
2223	227
2223	224
2222	224
2222	220
2221	220
2221	214
2220	214
2220	213
2221	213
2221	211
2220	211
2220	207
2221	207
2221	206
2220	206
2220	198
2221	198
2221	196
2220	196
2220	192
2219	192
2219	186
2218	186
2218	184
2219	184
2219	181
2218	181
2218	178
2219	178
2219	174
2220	174
2220	170
2221	170
2221	166
2222	166
2222	164
2223	164
2223	161
2224	161
2224	158
2225	158
2225	156
2224	156
2224	154
2225	154
2225	153
2224	153
2224	152
2225	152
2225	151
2226	151
2226	150
2225	150
2225	146
2226	146
2226	143
2227	143
2227	140
2228	140
2228	139
2229	139
2229	137
2230	137
2230	136
2233	136
2233	135
2236	135
2236	134
2237	134
2237	133
2238	133
2238	132
2240	132
2240	131
2241	131
2241	130
2243	130
2243	129
2244	129
2244	128
2246	128
2246	127
2247	127
2247	126
2251	126
2251	127
2253	127
2253	126
2254	126
2254	127
2256	127
2256	126
2262	126
2262	125
2267	125
2267	124
2277	124
2277	123
2281	123
2281	122
2285	122
2285	120
2286	120
2286	119
2289	119
2289	118
2291	118
2291	117
2292	117
2292	116
2296	116
2296	115
2299	115
2299	114
2300	114
2300	113
2304	113
2304	112
2305	112
2305	111
2309	111
2309	110
2311	110
2311	109
2313	109
2313	108
2315	108
2315	109
2320	109
2320	110
2322	110
2322	111
2326	111
2326	112
2327	112
2327	111
2331	111
2331	110
2332	110
2332	111
2333	111
2333	110
2335	110
2335	109
2336	109
2336	110
2337	110
2337	112
2336	112
2336	113
2333	113
2333	114
2325	114
2325	113
2316	113
2316	112
2315	112
2315	113
2311	113
2311	114
2308	114
2308	115
2306	115
2306	116
2304	116
2304	117
2302	117
2302	118
2298	118
2298	120
2297	120
2297	119
2296	119
2296	120
2295	120
2295	121
2292	121
2292	122
2291	122
2291	123
2289	123
2289	124
2287	124
2287	125
2286	125
2286	126
2284	126
2284	127
2283	127
2283	126
2281	126
2281	127
2277	127
2277	128
2271	128
2271	129
2265	129
2265	130
2262	130
2262	131
2259	131
2259	132
2257	132
2257	131
2256	131
2256	133
2255	133
2255	132
2249	132
2249	133
2247	133
2247	134
2246	134
2246	135
2244	135
2244	136
2243	136
2243	137
2242	137
2242	138
2241	138
2241	139
2239	139
2239	141
2236	141
2236	142
2234	142
2234	143
2233	143
2233	145
2232	145
2232	148
2231	148
2231	153
2230	153
2230	160
2229	160
2229	166
2228	166
2228	168
2227	168
2227	169
2226	169
2226	173
2225	173
2225	178
2224	178
2224	189
2225	189
2225	191
2224	191
2224	194
2225	194
2225	198
2226	198
2226	199
2225	199
2225	202
2226	202
2226	206
2225	206
2225	207
2226	207
2226	215
2227	215
2227	223
2228	223
2228	225
2229	225
2229	227
2230	227
2230	230
2231	230
2231	239
2230	239
2230	242
2229	242
2229	245
2228	245
2228	247
2227	247
2227	249
2226	249
2226	252
2225	252
2225	254
2224	254
2224	256
2223	256
2223	258
2222	258
2222	259
2221	259
2221	261
2220	261
2220	263
2219	263
2219	264
2220	264
2220	265
2218	265
2218	266
2217	266
2217	267
2216	267
2216	268
2215	268
2215	269
2214	269
2214	271
2213	271
2213	272
2212	272
2212	274
2211	274
2211	276
2210	276
2210	277
2209	277
2209	278
2208	278
2208	280
2206	280
2206	281
2205	281
2205	284
2204	284
2204	286
2202	286
2202	288
2201	288
2201	290
2199	290
2199	291
2197	291
2197	292
2196	292
2196	293
2193	293
2193	294
2189	294
2189	293
2184	293
2184	291
2182	291
2182	289
2181	289
2181	287
2179	287
2179	284
2178	284
2178	283
2177	283
2177	282
2176	282
2176	281
2175	281
2175	280
2172	280
2172	279
2171	279
2171	278
2170	278
2170	275
2169	275
2169	273
2168	273
2168	271
2166	271
2166	269
2165	269
2165	268
2161	268
2161	267
2155	267
2155	268
2151	268
2151	267
2148	267
2148	266
2147	266
2147	265
2146	265
2146	261
2145	261
2145	256
2144	256
2144	255
2135	255
2135	254
2130	254
2130	253
2126	253
2126	254
2124	254
2124	255
2123	255
2123	256
2122	256
2122	257
2121	257
2121	258
2120	258
2120	259
2119	259
2119	260
2117	260
2117	261
2113	261
2113	262
2111	262
2111	263
2109	263
2109	264
2108	264
2108	265
2107	265
2107	266
2106	266
2106	267
2105	267
2105	269
2104	269
2104	270
2103	270
2103	271
2102	271
2102	272
2101	272
2101	273
2099	273
2099	274
2098	274
2098	275
2097	275
2097	280
2096	280
2096	283
2095	283
2095	288
2094	288
2094	304
2093	304
2093	334
2094	334
2094	339
2093	339
2093	340
2092	340
2092	342
2091	342
2091	345
2090	345
2090	348
2089	348
2089	353
2088	353
2088	355
2087	355
2087	358
2086	358
2086	362
2085	362
2085	364
2084	364
2084	368
2083	368
2083	374
2082	374
2082	378
2081	378
2081	380
2080	380
2080	384
2079	384
2079	385
2078	385
2078	386
2077	386
2077	387
2072	387
2072	388
2071	388
2071	387
2066	387
2066	386
2064	386
2064	385
2061	385
2061	384
2059	384
2059	383
2057	383
2057	382
2053	382
2053	381
2049	381
2049	380
2038	380
2038	379
2037	379
2037	378
2035	378
2035	377
2033	377
2033	376
2025	376
2025	375
2023	375
2023	374
2021	374
2021	373
2019	373
2019	372
2018	372
2018	371
2017	371
2017	370
2016	370
2016	369
2014	369
2014	368
2012	368
2012	367
2011	367
2011	366
2010	366
2010	365
2009	365
2009	364
2007	364
2007	363
2006	363
2006	362
2002	362
2002	361
1998	361
1998	360
1993	360
1993	361
1990	361
1990	362
1987	362
1987	363
1984	363
1984	364
1982	364
1982	363
1981	363
1981	364
1980	364
1980	365
1979	365
1979	367
1978	367
1978	370
1977	370
1977	374
1978	374
1978	375
1977	375
1977	381
1976	381
1976	382
1975	382
1975	383
1974	383
1974	384
1971	384
1971	385
1964	385
1964	386
1963	386
1963	388
1962	388
1962	390
1961	390
1961	391
1960	391
1960	393
1959	393
1959	394
1958	394
1958	395
1957	395
1957	397
1956	397
1956	399
1955	399
1955	400
1954	400
1954	403
1953	403
1953	404
1952	404
1952	405
1951	405
1951	407
1950	407
1950	409
1949	409
1949	410
1950	410
1950	411
1949	411
1949	421
1950	421
1950	424
1951	424
1951	426
1952	426
1952	429
1953	429
1953	432
1954	432
1954	435
1955	435
1955	437
1956	437
1956	439
1957	439
1957	442
1956	442
1956	444
1957	444
1957	445
1956	445
1956	449
1957	449
1957	450
1956	450
1956	455
1955	455
1955	462
1954	462
1954	469
1955	469
1955	471
1953	471
1953	473
1952	473
1952	474
1953	474
1953	478
1954	478
1954	479
1953	479
1953	486
1952	486
1952	490
1954	490
1954	491
1952	491
1952	498
1953	498
1953	499
1952	499
1952	501
1951	501
1951	502
1952	502
1952	512
1950	512
1950	513
1947	513
1947	512
1945	512
1945	511
1944	511
1944	512
1942	512
1942	511
1941	511
1941	512
1940	512
1940	511
1939	511
1939	510
1938	510
1938	505
1937	505
1937	502
1936	502
1936	500
1935	500
1935	497
1934	497
1934	493
1933	493
1933	491
1932	491
1932	490
1931	490
1931	488
1930	488
1930	486
1928	486
1928	485
1927	485
1927	480
1928	480
1928	477
1924	477
1924	476
1920	476
1920	475
1919	475
1919	476
1916	476
1916	475
1914	475
1914	476
1908	476
1908	475
1906	475
1906	473
1905	473
1905	471
1904	471
1904	470
1901	470
1901	469
1898	469
1898	468
1895	468
1895	466
1894	466
1894	465
1889	465
1889	466
1887	466
1887	467
1886	467
1886	468
1885	468
1885	469
1884	469
1884	470
1883	470
1883	471
1880	471
1880	472
1879	472
1879	473
1878	473
1878	474
1879	474
1879	478
1878	478
1878	481
1877	481
1877	483
1874	483
1874	484
1872	484
1872	485
1871	485
1871	487
1870	487
1870	488
1869	488
1869	489
1868	489
1868	490
1867	490
1867	491
1866	491
1866	492
1865	492
1865	493
1864	493
1864	496
1865	496
1865	499
1866	499
1866	501
1868	501
1868	502
1869	502
1869	503
1870	503
1870	504
1871	504
1871	508
1868	508
1868	509
1867	509
1867	508
1865	508
1865	509
1863	509
1863	510
1860	510
1860	511
1858	511
1858	512
1857	512
1857	513
1855	513
1855	514
1853	514
1853	515
1850	515
1850	516
1846	516
1846	517
1845	517
1845	518
1834	518
1834	519
1833	519
1833	518
1831	518
1831	519
1828	519
1828	520
1824	520
1824	521
1823	521
1823	522
1822	522
1822	523
1821	523
1821	526
1820	526
1820	532
1821	532
1821	533
1822	533
1822	534
1823	534
1823	536
1824	536
1824	539
1825	539
1825	540
1826	540
1826	543
1827	543
1827	547
1826	547
1826	548
1825	548
1825	552
1824	552
1824	554
1823	554
1823	556
1822	556
1822	558
1823	558
1823	559
1822	559
1822	563
1823	563
1823	564
1822	564
1822	565
1823	565
1823	568
1824	568
1824	572
1825	572
1825	577
1826	577
1826	584
1827	584
1827	587
1828	587
1828	588
1827	588
1827	591
1826	591
1826	592
1825	592
1825	593
1824	593
1824	594
1822	594
1822	595
1821	595
1821	596
1819	596
1819	597
1817	597
1817	599
1814	599
1814	600
1813	600
1813	601
1811	601
1811	602
1806	602
1806	603
1805	603
1805	604
1802	604
1802	605
1797	605
1797	606
1791	606
1791	607
1789	607
1789	606
1787	606
1787	607
1770	607
1770	608
1768	608
1768	609
1738	609
1738	610
1737	610
1737	612
1736	612
1736	614
1735	614
1735	620
1734	620
1734	622
1733	622
1733	624
1732	624
1732	626
1731	626
1731	627
1730	627
1730	628
1728	628
1728	629
1727	629
1727	630
1728	630
1728	633
1731	633
1731	638
1729	638
1729	639
1728	639
1728	638
1727	638
1727	637
1725	637
1725	636
1724	636
1724	635
1723	635
1723	631
1722	631
1722	630
1720	630
1720	629
1718	629
1718	628
1716	628
1716	626
1715	626
1715	623
1707	623
1707	622
1705	622
1705	619
1706	619
1706	617
1707	617
1707	616
1705	616
1705	615
1701	615
1701	614
1697	614
1697	615
1693	615
1693	614
1691	614
1691	613
1690	613
1690	612
1689	612
1689	611
1688	611
1688	610
1686	610
1686	609
1685	609
1685	608
1683	608
1683	607
1681	607
1681	605
1680	605
1680	603
1679	603
1679	602
1678	602
1678	601
1677	601
1677	599
1676	599
1676	598
1675	598
1675	597
1674	597
1674	596
1672	596
1672	594
1671	594
1671	592
1670	592
1670	590
1669	590
1669	589
1668	589
1668	588
1667	588
1667	586
1666	586
1666	587
1665	587
1665	586
1663	586
1663	585
1662	585
1662	584
1661	584
1661	585
1660	585
1660	584
1658	584
1658	583
1655	583
1655	581
1654	581
1654	580
1653	580
1653	578
1651	578
1651	577
1650	577
1650	576
1649	576
1649	571
1650	571
1650	567
1649	567
1649	568
1648	568
1648	569
1647	569
1647	570
1645	570
1645	571
1643	571
1643	572
1639	572
1639	574
1637	574
1637	576
1635	576
1635	577
1633	577
1633	578
1632	578
1632	579
1631	579
1631	580
1630	580
1630	581
1629	581
1629	582
1628	582
1628	583
1626	583
1626	584
1625	584
1625	586
1623	586
1623	588
1622	588
1622	589
1621	589
1621	590
1620	590
1620	592
1619	592
1619	594
1618	594
1618	595
1617	595
1617	597
1616	597
1616	600
1615	600
1615	603
1614	603
1614	604
1613	604
1613	606
1612	606
1612	608
1611	608
1611	609
1610	609
1610	611
1609	611
1609	613
1608	613
1608	614
1607	614
1607	619
1606	619
1606	620
1605	620
1605	621
1606	621
1606	626
1607	626
1607	636
1606	636
1606	638
1607	638
1607	639
1606	639
1606	641
1607	641
1607	647
1608	647
1608	654
1609	654
1609	655
1608	655
1608	656
1609	656
1609	657
1608	657
1608	662
1607	662
1607	663
1608	663
1608	667
1607	667
1607	671
1608	671
1608	673
1607	673
1607	676
1608	676
1608	679
1609	679
1609	680
1608	680
1608	684
1609	684
1609	695
1608	695
1608	698
1609	698
1609	699
1608	699
1608	702
1607	702
1607	705
1606	705
1606	708
1604	708
1604	709
1601	709
1601	710
1597	710
1597	711
1595	711
1595	712
1593	712
1593	713
1590	713
1590	714
1584	714
1584	715
1583	715
1583	714
1581	714
1581	713
1578	713
1578	712
1575	712
1575	711
1571	711
1571	710
1565	710
1565	711
1561	711
1561	712
1556	712
1556	713
1546	713
1546	714
1545	714
1545	713
1542	713
1542	714
1540	714
1540	713
1536	713
1536	714
1535	714
1535	713
1534	713
1534	714
1532	714
1532	715
1531	715
1531	714
1530	714
1530	715
1523	715
1523	716
1520	716
1520	717
1513	717
1513	718
1511	718
1511	717
1509	717
1509	718
1505	718
1505	717
1499	717
1499	716
1497	716
1497	715
1494	715
1494	714
1490	714
1490	713
1486	713
1486	712
1483	712
1483	711
1482	711
1482	710
1481	710
1481	709
1480	709
1480	707
1478	707
1478	708
1476	708
1476	707
1472	707
1472	706
1471	706
1471	703
1470	703
1470	695
1469	695
1469	693
1468	693
1468	688
1466	688
1466	686
1465	686
1465	685
1464	685
1464	684
1452	684
1452	685
1447	685
1447	686
1446	686
1446	687
1444	687
1444	688
1443	688
1443	690
1442	690
1442	692
1441	692
1441	694
1440	694
1440	698
1439	698
1439	699
1440	699
1440	701
1441	701
1441	702
1440	702
1440	704
1441	704
1441	706
1442	706
1442	711
1443	711
1443	712
1442	712
1442	717
1441	717
1441	719
1440	719
1440	720
1438	720
1438	719
1435	719
1435	720
1433	720
1433	721
1430	721
1430	722
1428	722
1428	723
1425	723
1425	724
1424	724
1424	723
1414	723
1414	724
1408	724
1408	725
1407	725
1407	724
1405	724
1405	723
1401	723
1401	724
1400	724
1400	723
1396	723
1396	724
1395	724
1395	723
1393	723
1393	724
1391	724
1391	723
1388	723
1388	722
1387	722
1387	720
1386	720
1386	717
1385	717
1385	711
1384	711
1384	702
1385	702
1385	699
1384	699
1384	695
1383	695
1383	693
1382	693
1382	692
1380	692
1380	690
1379	690
1379	689
1378	689
1378	688
1377	688
1377	687
1376	687
1376	686
1373	686
1373	685
1370	685
1370	684
1368	684
1368	678
1369	678
1369	677
1368	677
1368	673
1367	673
1367	672
1368	672
1368	669
1367	669
1367	665
1366	665
1366	663
1365	663
1365	660
1364	660
1364	659
1363	659
1363	658
1362	658
1362	657
1361	657
1361	656
1360	656
1360	655
1359	655
1359	654
1356	654
1356	653
1353	653
1353	652
1351	652
1351	650
1350	650
1350	649
1344	649
1344	650
1340	650
1340	649
1339	649
1339	648
1338	648
1338	644
1337	644
1337	641
1336	641
1336	637
1335	637
1335	636
1334	636
1334	635
1333	635
1333	634
1332	634
1332	633
1331	633
1331	632
1330	632
1330	630
1329	630
1329	629
1326	629
1326	628
1325	628
1325	627
1323	627
1323	626
1321	626
1321	627
1318	627
1318	628
1317	628
1317	635
1316	635
1316	636
1317	636
1317	637
1316	637
1316	640
1317	640
1317	641
1316	641
1316	645
1317	645
1317	646
1316	646
1316	653
1315	653
1315	657
1314	657
1314	660
1313	660
1313	662
1312	662
1312	663
1311	663
1311	664
1310	664
1310	666
1309	666
1309	665
1308	665
1308	666
1307	666
1307	667
1306	667
1306	666
1303	666
1303	665
1301	665
1301	664
1298	664
1298	663
1293	663
1293	662
1289	662
1289	661
1288	661
1288	662
1287	662
1287	661
1286	661
1286	660
1285	660
1285	661
1281	661
1281	662
1274	662
1274	663
1272	663
1272	664
1268	664
1268	665
1267	665
1267	666
1266	666
1266	667
1265	667
1265	668
1264	668
1264	669
1263	669
1263	670
1262	670
1262	673
1261	673
1261	674
1260	674
1260	675
1259	675
1259	676
1256	676
1256	677
1255	677
1255	678
1253	678
1253	679
1252	679
1252	680
1251	680
1251	682
1250	682
1250	690
1251	690
1251	692
1252	692
1252	695
1251	695
1251	699
1250	699
1250	702
1249	702
1249	704
1248	704
1248	705
1247	705
1247	707
1246	707
1246	708
1245	708
1245	709
1243	709
1243	710
1241	710
1241	712
1233	712
1233	713
1221	713
1221	712
1220	712
1220	713
1219	713
1219	712
1214	712
1214	711
1213	711
1213	710
1210	710
1210	709
1204	709
1204	708
1203	708
1203	707
1201	707
1201	706
1199	706
1199	705
1198	705
1198	706
1196	706
1196	705
1189	705
1189	704
1188	704
1188	705
1181	705
1181	704
1178	704
1178	701
1177	701
1177	699
1176	699
1176	696
1175	696
1175	693
1174	693
1174	691
1173	691
1173	690
1172	690
1172	688
1171	688
1171	684
1170	684
1170	678
1169	678
1169	672
1170	672
1170	669
1169	669
1169	667
1168	667
1168	666
1167	666
1167	665
1166	665
1166	664
1165	664
1165	663
1164	663
1164	662
1162	662
1162	660
1161	660
1161	659
1158	659
1158	658
1157	658
1157	657
1152	657
1152	656
1147	656
1147	657
1144	657
1144	658
1142	658
1142	657
1141	657
1141	658
1137	658
1137	659
1135	659
1135	660
1134	660
1134	661
1133	661
1133	662
1132	662
1132	663
1131	663
1131	665
1130	665
1130	668
1129	668
1129	669
1128	669
1128	678
1127	678
1127	679
1128	679
1128	682
1129	682
1129	685
1128	685
1128	686
1129	686
1129	701
1128	701
1128	704
1127	704
1127	706
1125	706
1125	707
1123	707
1123	708
1121	708
1121	712
1120	712
1120	714
1118	714
1118	715
1117	715
1117	716
1114	716
1114	717
1113	717
1113	718
1112	718
1112	719
1098	719
1098	717
1095	717
1095	718
1088	718
1088	717
1082	717
1082	716
1079	716
1079	715
1077	715
1077	714
1076	714
1076	713
1074	713
1074	712
1070	712
1070	713
1069	713
1069	712
1067	712
1067	713
1060	713
1060	714
1058	714
1058	715
1047	715
1047	714
1048	714
1048	713
1046	713
1046	714
1045	714
1045	713
1036	713
1036	712
1032	712
1032	710
1033	710
1033	709
1032	709
1032	708
1033	708
1033	705
1032	705
1032	702
1031	702
1031	696
1030	696
1030	691
1029	691
1029	677
1028	677
1028	671
1027	671
1027	670
1028	670
1028	668
1027	668
1027	662
1026	662
1026	654
1025	654
1025	647
1024	647
1024	642
1023	642
1023	639
1024	639
1024	637
1023	637
1023	634
1022	634
1022	633
1023	633
1023	628
1024	628
1024	620
1023	620
1023	617
1022	617
1022	616
1021	616
1021	614
1020	614
1020	613
1019	613
1019	610
1018	610
1018	609
1017	609
1017	606
1015	606
1015	605
1013	605
1013	603
1012	603
1012	599
1013	599
1013	596
1014	596
1014	593
1013	593
1013	595
1011	595
1011	596
1007	596
1007	595
1005	595
1005	593
1004	593
1004	589
1003	589
1003	590
1002	590
1002	589
1001	589
1001	590
994	590
994	591
990	591
990	590
988	590
988	589
985	589
985	590
984	590
984	589
983	589
983	590
981	590
981	591
978	591
978	592
977	592
977	593
976	593
976	595
975	595
975	598
976	598
976	601
977	601
977	602
978	602
978	605
979	605
979	610
978	610
978	606
977	606
977	604
976	604
976	602
975	602
975	600
974	600
974	599
973	599
973	595
974	595
974	592
975	592
975	591
977	591
977	590
979	590
979	589
981	589
981	588
990	588
990	589
993	589
993	588
996	588
996	589
1001	589
1001	588
1003	588
1003	585
1004	585
1004	583
1006	583
1006	582
1021	582
1021	583
1023	583
1023	585
1024	585
