3918	130
3917	130
3917	131
3916	131
3916	133
3915	133
3915	134
3914	134
3914	135
3912	135
3912	136
3886	136
3886	137
3884	137
3884	138
3883	138
3883	139
3880	139
3880	140
3878	140
3878	141
3877	141
3877	142
3876	142
3876	143
3875	143
3875	144
3873	144
3873	146
3872	146
3872	147
3871	147
3871	148
3869	148
3869	151
3868	151
3868	152
3867	152
3867	153
3866	153
3866	154
3865	154
3865	155
3864	155
3864	156
3858	156
3858	157
3857	157
3857	158
3856	158
3856	159
3855	159
3855	160
3852	160
3852	161
3851	161
3851	162
3850	162
3850	163
3847	163
3847	164
3846	164
3846	165
3845	165
3845	166
3844	166
3844	167
3843	167
3843	168
3842	168
3842	169
3839	169
3839	170
3838	170
3838	171
3836	171
3836	172
3835	172
3835	173
3833	173
3833	174
3832	174
3832	175
3831	175
3831	176
3830	176
3830	177
3829	177
3829	178
3828	178
3828	179
3827	179
3827	180
3786	180
3786	179
3785	179
3785	178
3784	178
3784	177
3782	177
3782	176
3774	176
3774	175
3771	175
3771	174
3770	174
3770	173
3769	173
3769	172
3768	172
3768	171
3767	171
3767	170
3766	170
3766	169
3765	169
3765	168
3763	168
3763	167
3759	167
3759	166
3758	166
3758	165
3757	165
3757	164
3756	164
3756	163
3754	163
3754	162
3753	162
3753	161
3752	161
3752	160
3751	160
3751	159
3750	159
3750	158
3749	158
3749	157
3748	157
3748	156
3744	156
3744	155
3743	155
3743	154
3742	154
3742	153
3741	153
3741	152
3740	152
3740	151
3738	151
3738	150
3737	150
3737	149
3736	149
3736	148
3735	148
3735	147
3734	147
3734	144
3732	144
3732	143
3731	143
3731	142
3730	142
3730	139
3729	139
3729	138
3728	138
3728	137
3727	137
3727	135
3724	135
3724	134
3723	134
3723	133
3722	133
3722	131
3721	131
3721	130
3720	130
3720	129
3719	129
3719	126
3718	126
3718	125
3717	125
3717	124
3716	124
3716	123
3715	123
3715	122
3714	122
3714	121
3713	121
3713	120
3712	120
3712	119
3711	119
3711	118
3710	118
3710	117
3709	117
3709	116
3708	116
3708	115
3707	115
3707	114
3706	114
3706	113
3705	113
3705	112
3704	112
3704	111
3703	111
3703	110
3702	110
3702	108
3701	108
3701	107
3700	107
3700	106
3699	106
3699	105
3683	105
3683	106
3682	106
3682	107
3681	107
3681	109
3680	109
3680	110
3679	110
3679	111
3675	111
3675	112
3666	112
3666	113
3665	113
3665	114
3664	114
3664	115
3663	115
3663	116
3662	116
3662	117
3661	117
3661	118
3660	118
3660	119
3659	119
3659	120
3657	120
3657	122
3656	122
3656	123
3655	123
3655	124
3653	124
3653	125
3652	125
3652	126
3651	126
3651	127
3646	127
3646	129
3645	129
3645	130
3644	130
3644	131
3643	131
3643	148
3644	148
3644	149
3645	149
3645	150
3646	150
3646	151
3647	151
3647	162
3646	162
3646	173
3645	173
3645	174
3644	174
3644	175
3643	175
3643	178
3642	178
3642	179
3641	179
3641	181
3640	181
3640	182
3639	182
3639	206
3638	206
3638	207
3637	207
3637	208
3633	208
3633	210
3632	210
3632	212
3631	212
3631	214
3630	214
3630	222
3629	222
3629	226
3628	226
3628	227
3627	227
3627	229
3626	229
3626	230
3625	230
3625	231
3620	231
3620	232
3619	232
3619	233
3618	233
3618	234
3617	234
3617	235
3616	235
3616	236
3615	236
3615	237
3614	237
3614	238
3613	238
3613	239
3612	239
3612	240
3611	240
3611	241
3610	241
3610	242
3609	242
3609	243
3604	243
3604	244
3601	244
3601	245
3600	245
3600	246
3599	246
3599	247
3595	247
3595	248
3591	248
3591	249
3590	249
3590	250
3589	250
3589	251
3585	251
3585	252
3541	252
3541	251
3540	251
3540	250
3539	250
3539	249
3532	249
3532	248
3531	248
3531	247
3529	247
3529	246
3528	246
3528	245
3527	245
3527	244
3524	244
3524	243
3521	243
3521	242
3520	242
3520	241
3517	241
3517	240
3516	240
3516	239
3515	239
3515	238
3514	238
3514	237
3513	237
3513	236
3512	236
3512	235
3511	235
3511	234
3510	234
3510	233
3503	233
3503	232
3499	232
3499	231
3497	231
3497	230
3496	230
3496	229
3495	229
3495	227
3492	227
3492	226
3491	226
3491	225
3490	225
3490	224
3487	224
3487	223
3486	223
3486	222
3485	222
3485	220
3473	220
3473	219
3472	219
3472	218
3471	218
3471	217
3470	217
3470	216
3469	216
3469	215
3468	215
3468	214
3467	214
3467	212
3466	212
3466	211
3465	211
3465	210
3464	210
3464	209
3463	209
3463	208
3462	208
3462	207
3460	207
3460	206
3459	206
3459	205
3458	205
3458	201
3457	201
3457	195
3456	195
3456	194
3455	194
3455	193
3454	193
3454	192
3453	192
3453	186
3452	186
3452	185
3451	185
3451	184
3450	184
3450	175
3449	175
3449	174
3448	174
3448	173
3447	173
3447	172
3446	172
3446	167
3445	167
3445	166
3444	166
3444	164
3443	164
3443	163
3441	163
3441	162
3440	162
3440	161
3439	161
3439	160
3438	160
3438	159
3437	159
3437	158
3436	158
3436	157
3435	157
3435	154
3434	154
3434	153
3433	153
3433	152
3432	152
3432	151
3431	151
3431	150
3430	150
3430	149
3429	149
3429	145
3428	145
3428	144
3427	144
3427	143
3426	143
3426	141
3425	141
3425	140
3424	140
3424	139
3421	139
3421	138
3420	138
3420	137
3416	137
3416	136
3415	136
3415	135
3404	135
3404	134
3403	134
3403	133
3401	133
3401	132
3400	132
3400	131
3399	131
3399	130
3398	130
3398	129
3396	129
3396	128
3393	128
3393	127
3391	127
3391	126
3390	126
3390	125
3389	125
3389	124
3388	124
3388	123
3377	123
3377	124
3376	124
3376	125
3364	125
3364	126
3365	126
3365	130
3364	130
3364	131
3363	131
3363	132
3362	132
3362	138
3361	138
3361	139
3360	139
3360	140
3359	140
3359	141
3358	141
3358	142
3357	142
3357	143
3351	143
3351	144
3349	144
3349	145
3348	145
3348	146
3347	146
3347	147
3346	147
3346	155
3347	155
3347	157
3348	157
3348	158
3349	158
3349	167
3350	167
3350	195
3349	195
3349	196
3348	196
3348	197
3347	197
3347	207
3346	207
3346	208
3345	208
3345	209
3342	209
3342	210
3341	210
3341	211
3337	211
3337	214
3336	214
3336	215
3335	215
3335	216
3334	216
3334	217
3333	217
3333	218
3332	218
3332	219
3325	219
3325	220
3310	220
3310	221
3309	221
3309	222
3308	222
3308	223
3292	223
3292	224
3289	224
3289	226
3288	226
3288	227
3287	227
3287	228
3283	228
3283	229
3281	229
3281	230
3280	230
3280	231
3279	231
3279	232
3273	232
3273	233
3269	233
3269	234
3268	234
3268	235
3265	235
3265	236
3263	236
3263	237
3262	237
3262	238
3261	238
3261	239
3260	239
3260	240
3257	240
3257	241
3256	241
3256	242
3255	242
3255	243
3254	243
3254	249
3253	249
3253	250
3252	250
3252	251
3251	251
3251	269
3250	269
3250	270
3249	270
3249	271
3248	271
3248	272
3247	272
3247	273
3246	273
3246	274
3245	274
3245	275
3244	275
3244	276
3243	276
3243	278
3242	278
3242	279
3241	279
3241	281
3240	281
3240	282
3239	282
3239	283
3238	283
3238	284
3237	284
3237	285
3236	285
3236	286
3235	286
3235	287
3231	287
3231	288
3221	288
3221	289
3218	289
3218	290
3217	290
3217	291
3216	291
3216	292
3207	292
3207	291
3199	291
3199	290
3198	290
3198	289
3197	289
3197	288
3195	288
3195	287
3194	287
3194	286
3193	286
3193	284
3192	284
3192	282
3191	282
3191	280
3190	280
3190	278
3189	278
3189	272
3176	272
3176	271
3175	271
3175	270
3174	270
3174	269
3173	269
3173	268
3172	268
3172	267
3171	267
3171	266
3170	266
3170	265
3169	265
3169	264
3168	264
3168	263
3167	263
3167	248
3166	248
3166	245
3165	245
3165	242
3164	242
3164	241
3163	241
3163	240
3162	240
3162	239
3161	239
3161	238
3160	238
3160	237
3159	237
3159	236
3158	236
3158	235
3157	235
3157	234
3156	234
3156	233
3155	233
3155	232
3154	232
3154	231
3153	231
3153	230
3152	230
3152	228
3151	228
3151	226
3150	226
3150	225
3149	225
3149	224
3146	224
3146	223
3145	223
3145	222
3144	222
3144	221
3114	221
3114	222
3113	222
3113	223
3108	223
3108	224
3107	224
3107	225
3102	225
3102	226
3101	226
3101	227
3096	227
3096	228
3095	228
3095	229
3092	229
3092	230
3091	230
3091	231
3083	231
3083	232
3082	232
3082	233
3081	233
3081	239
3080	239
3080	240
3079	240
3079	241
3078	241
3078	246
3077	246
3077	247
3076	247
3076	248
3075	248
3075	249
3074	249
3074	250
3073	250
3073	251
3056	251
3056	250
3055	250
3055	249
3044	249
3044	248
3041	248
3041	247
3040	247
3040	246
3039	246
3039	245
3038	245
3038	244
2913	244
2913	245
2912	245
2912	246
2911	246
2911	247
2906	247
2906	249
2905	249
2905	250
2904	250
2904	251
2901	251
2901	252
2897	252
2897	254
2896	254
2896	255
2895	255
2895	256
2887	256
2887	257
2886	257
2886	259
2885	259
2885	260
2884	260
2884	261
2883	261
2883	263
2882	263
2882	266
2881	266
2881	269
2880	269
2880	270
2879	270
2879	271
2878	271
2878	273
2877	273
2877	274
2876	274
2876	275
2875	275
2875	276
2874	276
2874	277
2873	277
2873	278
2872	278
2872	279
2871	279
2871	280
2868	280
2868	281
2865	281
2865	282
2864	282
2864	283
2862	283
2862	285
2861	285
2861	286
2860	286
2860	287
2858	287
2858	290
2857	290
2857	291
2856	291
2856	292
2855	292
2855	302
2854	302
2854	309
2853	309
2853	310
2852	310
2852	311
2851	311
2851	312
2849	312
2849	315
2848	315
2848	316
2847	316
2847	321
2846	321
2846	322
2845	322
2845	323
2844	323
2844	324
2843	324
2843	325
2842	325
2842	345
2841	345
2841	347
2840	347
2840	348
2839	348
2839	349
2837	349
2837	350
2836	350
2836	351
2835	351
2835	352
2832	352
2832	353
2829	353
2829	355
2828	355
2828	356
2827	356
2827	366
2826	366
2826	367
2825	367
2825	371
2824	371
2824	372
2823	372
2823	373
2821	373
2821	375
2820	375
2820	376
2819	376
2819	377
2818	377
2818	378
2817	378
2817	379
2816	379
2816	380
2815	380
2815	381
2814	381
2814	382
2813	382
2813	383
2811	383
2811	384
2810	384
2810	385
2809	385
2809	387
2808	387
2808	388
2807	388
2807	389
2806	389
2806	390
2805	390
2805	391
2803	391
2803	392
2799	392
2799	393
2789	393
2789	394
2788	394
2788	395
2787	395
2787	396
2781	396
2781	397
2780	397
2780	398
2779	398
2779	399
2777	399
2777	400
2767	400
2767	401
2757	401
2757	400
2754	400
2754	399
2753	399
2753	398
2752	398
2752	396
2751	396
2751	338
2750	338
2750	312
2735	312
2735	311
2733	311
2733	310
2732	310
2732	309
2731	309
2731	308
2725	308
2725	307
2724	307
2724	306
2723	306
2723	305
2722	305
2722	304
2721	304
2721	301
2720	301
2720	299
2719	299
2719	298
2718	298
2718	296
2717	296
2717	294
2716	294
2716	293
2713	293
2713	292
2712	292
2712	291
2711	291
2711	290
2710	290
2710	289
2709	289
2709	288
2708	288
2708	287
2707	287
2707	286
2706	286
2706	284
2705	284
2705	283
2704	283
2704	282
2703	282
2703	281
2702	281
2702	280
2701	280
2701	279
2700	279
2700	278
2699	278
2699	277
2698	277
2698	276
2697	276
2697	275
2696	275
2696	274
2695	274
2695	273
2694	273
2694	272
2693	272
2693	271
2692	271
2692	270
2691	270
2691	266
2690	266
2690	265
2689	265
2689	264
2688	264
2688	263
2687	263
2687	262
2686	262
2686	261
2685	261
2685	260
2684	260
2684	259
2682	259
2682	258
2681	258
2681	257
2680	257
2680	255
2679	255
2679	254
2678	254
2678	253
2675	253
2675	252
2673	252
2673	251
2672	251
2672	250
2671	250
2671	249
2670	249
2670	248
2669	248
2669	247
2668	247
2668	246
2667	246
2667	245
2666	245
2666	244
2660	244
2660	243
2659	243
2659	242
2658	242
2658	241
2657	241
2657	240
2656	240
2656	239
2650	239
2650	238
2649	238
2649	237
2648	237
2648	235
2647	235
2647	234
2646	234
2646	232
2644	232
2644	231
2643	231
2643	230
2642	230
2642	228
2641	228
2641	227
2640	227
2640	226
2639	226
2639	225
2638	225
2638	224
2637	224
2637	223
2636	223
2636	222
2635	222
2635	221
2634	221
2634	183
2624	183
2624	184
2623	184
2623	185
2620	185
2620	186
2619	186
2619	187
2610	187
2610	188
2609	188
2609	189
2607	189
2607	190
2606	190
2606	191
2605	191
2605	192
2603	192
2603	193
2601	193
2601	195
2600	195
2600	196
2599	196
2599	222
2598	222
2598	223
2597	223
2597	225
2596	225
2596	226
2595	226
2595	243
2594	243
2594	245
2593	245
2593	246
2592	246
2592	247
2589	247
2589	249
2588	249
2588	250
2587	250
2587	251
2584	251
2584	272
2583	272
2583	285
2582	285
2582	286
2581	286
2581	287
2580	287
2580	290
2579	290
2579	297
2578	297
2578	301
2577	301
2577	302
2576	302
2576	303
2575	303
2575	305
2574	305
2574	309
2573	309
2573	310
2572	310
2572	311
2571	311
2571	312
2570	312
2570	313
2569	313
2569	314
2568	314
2568	315
2567	315
2567	316
2566	316
2566	320
2565	320
2565	321
2564	321
2564	322
2562	322
2562	329
2561	329
2561	330
2560	330
2560	333
2559	333
2559	341
2558	341
2558	344
2557	344
2557	345
2556	345
2556	346
2554	346
2554	350
2553	350
2553	351
2552	351
2552	352
2551	352
2551	353
2550	353
2550	354
2549	354
2549	355
2544	355
2544	357
2543	357
2543	358
2542	358
2542	360
2541	360
2541	361
2540	361
2540	385
2541	385
2541	386
2542	386
2542	388
2543	388
2543	389
2544	389
2544	405
2543	405
2543	408
2542	408
2542	409
2541	409
2541	410
2538	410
2538	411
2494	411
2494	412
2493	412
2493	413
2492	413
2492	414
2485	414
2485	415
2478	415
2478	416
2466	416
2466	417
2465	417
2465	418
2464	418
2464	419
2442	419
2442	420
2441	420
2441	421
2440	421
2440	422
2437	422
2437	423
2408	423
2408	422
2404	422
2404	421
2403	421
2403	420
2400	420
2400	419
2399	419
2399	418
2395	418
2395	417
2394	417
2394	416
2393	416
2393	414
2389	414
2389	413
2388	413
2388	412
2387	412
2387	411
2385	411
2385	410
2384	410
2384	409
2383	409
2383	407
2381	407
2381	406
2380	406
2380	405
2379	405
2379	404
2377	404
2377	403
2376	403
2376	402
2375	402
2375	400
2374	400
2374	399
2373	399
2373	398
2372	398
2372	397
2370	397
2370	396
2368	396
2368	395
2365	395
2365	394
2362	394
2362	393
2360	393
2360	392
2358	392
2358	391
2357	391
2357	390
2356	390
2356	389
2355	389
2355	388
2317	388
2317	387
2316	387
2316	386
2313	386
2313	385
2312	385
2312	384
2300	384
2300	383
2299	383
2299	382
2294	382
2294	381
2293	381
2293	380
2292	380
2292	379
2291	379
2291	376
2290	376
2290	375
2289	375
2289	374
2286	374
2286	373
2285	373
2285	372
2284	372
2284	367
2283	367
2283	366
2282	366
2282	365
2281	365
2281	364
2280	364
2280	356
2279	356
2279	323
2278	323
2278	310
2277	310
2277	309
2276	309
2276	308
2275	308
2275	290
2274	290
2274	289
2273	289
2273	288
2272	288
2272	279
2271	279
2271	278
2270	278
2270	277
2269	277
2269	276
2268	276
2268	274
2267	274
2267	273
2266	273
2266	272
2265	272
2265	270
2264	270
2264	268
2263	268
2263	266
2262	266
2262	265
2261	265
2261	264
2260	264
2260	263
2259	263
2259	261
2258	261
2258	249
2257	249
2257	248
2256	248
2256	247
2255	247
2255	243
2254	243
2254	239
2253	239
2253	238
2252	238
2252	235
2251	235
2251	227
2250	227
2250	223
2249	223
2249	222
2248	222
2248	221
2247	221
2247	218
2245	218
2245	217
2244	217
2244	216
2243	216
2243	215
2242	215
2242	214
2241	214
2241	213
2240	213
2240	205
2239	205
2239	180
2238	180
2238	178
2232	178
2232	179
2231	179
2231	184
2230	184
2230	185
2229	185
2229	186
2227	186
2227	187
2226	187
2226	189
2225	189
2225	190
2224	190
2224	191
2223	191
2223	193
2222	193
2222	196
2221	196
2221	197
2220	197
2220	198
2218	198
2218	200
2217	200
2217	201
2216	201
2216	202
2214	202
2214	204
2213	204
2213	205
2212	205
2212	206
2210	206
2210	208
2209	208
2209	209
2208	209
2208	210
2206	210
2206	212
2205	212
2205	213
2204	213
2204	214
2201	214
2201	215
2200	215
2200	217
2199	217
2199	218
2198	218
2198	219
2196	219
2196	220
2194	220
2194	221
2193	221
2193	222
2192	222
2192	223
2188	223
2188	224
2183	224
2183	225
2182	225
2182	226
2181	226
2181	227
2180	227
2180	228
2175	228
2175	229
2174	229
2174	230
2172	230
2172	231
2170	231
2170	232
2169	232
2169	233
2168	233
2168	236
2167	236
2167	238
2166	238
2166	241
2165	241
2165	242
2164	242
2164	243
2162	243
2162	245
2161	245
2161	246
2160	246
2160	247
2158	247
2158	248
2157	248
2157	249
2156	249
2156	256
2157	256
2157	257
2158	257
2158	278
2157	278
2157	279
2156	279
2156	280
2155	280
2155	281
2154	281
2154	282
2153	282
2153	283
2152	283
2152	286
2151	286
2151	289
2150	289
2150	290
2149	290
2149	291
2147	291
2147	292
2146	292
2146	293
2145	293
2145	294
2143	294
2143	295
2142	295
2142	297
2141	297
2141	298
2140	298
2140	299
2138	299
2138	300
2137	300
2137	301
2136	301
2136	302
2134	302
2134	303
2130	303
2130	304
2127	304
2127	305
2126	305
2126	312
2125	312
2125	313
2124	313
2124	424
2123	424
2123	429
2122	429
2122	445
2121	445
2121	446
2120	446
2120	447
2118	447
2118	448
2060	448
2060	447
2059	447
2059	446
2037	446
2037	445
2036	445
2036	444
2033	444
2033	443
2030	443
2030	442
2026	442
2026	441
2025	441
2025	440
2021	440
2021	439
2020	439
2020	438
2013	438
2013	437
2012	437
2012	436
2006	436
2006	435
1996	435
1996	434
1989	434
1989	433
1988	433
1988	432
1987	432
1987	431
1985	431
1985	430
1984	430
1984	429
1983	429
1983	428
1954	428
1954	427
1953	427
1953	426
1952	426
1952	425
1951	425
1951	424
1950	424
1950	423
1949	423
1949	422
1948	422
1948	420
1946	420
1946	419
1945	419
1945	418
1944	418
1944	412
1943	412
1943	376
1944	376
1944	375
1945	375
1945	374
1948	374
1948	373
1949	373
1949	372
1950	372
1950	371
1954	371
1954	369
1953	369
1953	368
1952	368
1952	364
1951	364
1951	363
1950	363
1950	360
1949	360
1949	359
1948	359
1948	358
1946	358
1946	357
1945	357
1945	356
1944	356
1944	354
1943	354
1943	351
1942	351
1942	349
1941	349
1941	348
1940	348
1940	347
1939	347
1939	345
1938	345
1938	344
1937	344
1937	343
1936	343
1936	341
1935	341
1935	340
1909	340
1909	339
1908	339
1908	338
1907	338
1907	336
1906	336
1906	335
1905	335
1905	334
1904	334
1904	333
1903	333
1903	332
1902	332
1902	321
1901	321
1901	320
1900	320
1900	285
1899	285
1899	281
1900	281
1900	280
1901	280
1901	279
1902	279
1902	278
1903	278
1903	277
1904	277
1904	254
1903	254
1903	253
1902	253
1902	234
1901	234
1901	233
1900	233
1900	232
1899	232
1899	220
1898	220
1898	199
1897	199
1897	198
1896	198
1896	195
1895	195
1895	194
1894	194
1894	193
1893	193
1893	192
1892	192
1892	191
1891	191
1891	188
1890	188
1890	185
1889	185
1889	184
1888	184
1888	181
1887	181
1887	167
1874	167
1874	168
1873	168
1873	169
1872	169
1872	170
1862	170
1862	171
1861	171
1861	172
1858	172
1858	173
1857	173
1857	174
1856	174
1856	175
1854	175
1854	177
1853	177
1853	178
1852	178
1852	179
1851	179
1851	180
1850	180
1850	181
1849	181
1849	182
1848	182
1848	185
1847	185
1847	192
1846	192
1846	194
1845	194
1845	195
1844	195
1844	205
1843	205
1843	207
1842	207
1842	209
1841	209
1841	210
1840	210
1840	211
1839	211
1839	216
1838	216
1838	222
1837	222
1837	224
1836	224
1836	228
1835	228
1835	229
1834	229
1834	232
1833	232
1833	233
1832	233
1832	236
1831	236
1831	242
1830	242
1830	265
1829	265
1829	266
1828	266
1828	267
1827	267
1827	270
1826	270
1826	271
1825	271
1825	272
1824	272
1824	273
1823	273
1823	274
1822	274
1822	275
1816	275
1816	276
1814	276
1814	277
1813	277
1813	278
1812	278
1812	279
1808	279
1808	280
1806	280
1806	282
1805	282
1805	283
1804	283
1804	284
1803	284
1803	285
1802	285
1802	286
1801	286
1801	287
1799	287
1799	289
1798	289
1798	290
1797	290
1797	291
1795	291
1795	293
1794	293
1794	294
1793	294
1793	295
1790	295
1790	296
1788	296
1788	297
1787	297
1787	298
1786	298
1786	299
1785	299
1785	300
1779	300
1779	302
1778	302
1778	304
1777	304
1777	305
1776	305
1776	306
1774	306
1774	307
1773	307
1773	308
1772	308
1772	309
1771	309
1771	310
1770	310
1770	311
1769	311
1769	312
1768	312
1768	314
1767	314
1767	315
1766	315
1766	317
1765	317
1765	318
1764	318
1764	319
1763	319
1763	320
1762	320
1762	321
1761	321
1761	322
1760	322
1760	323
1758	323
1758	326
1757	326
1757	327
1756	327
1756	328
1755	328
1755	329
1754	329
1754	330
1753	330
1753	331
1752	331
1752	332
1750	332
1750	333
1749	333
1749	334
1745	334
1745	335
1744	335
1744	336
1743	336
1743	337
1742	337
1742	338
1738	338
1738	340
1737	340
1737	341
1736	341
1736	342
1734	342
1734	343
1733	343
1733	344
1731	344
1731	345
1730	345
1730	346
1729	346
1729	347
1721	347
1721	348
1715	348
1715	349
1714	349
1714	350
1710	350
1710	361
1711	361
1711	366
1712	366
1712	367
1713	367
1713	368
1714	368
1714	370
1715	370
1715	398
1714	398
1714	410
1713	410
1713	411
1712	411
1712	417
1711	417
1711	418
1710	418
1710	420
1709	420
1709	421
1708	421
1708	422
1702	422
1702	424
1701	424
1701	425
1700	425
1700	426
1694	426
1694	427
1693	427
1693	428
1669	428
1669	427
1667	427
1667	426
1661	426
1661	425
1660	425
1660	424
1657	424
1657	423
1654	423
1654	422
1653	422
1653	421
1652	421
1652	420
1641	420
1641	419
1640	419
1640	418
1638	418
1638	417
1637	417
1637	416
1636	416
1636	415
1633	415
1633	414
1632	414
1632	413
1631	413
1631	412
1630	412
1630	409
1629	409
1629	408
1628	408
1628	387
1626	387
1626	386
1625	386
1625	385
1624	385
1624	384
1623	384
1623	383
1622	383
1622	382
1621	382
1621	381
1620	381
1620	380
1619	380
1619	378
1617	378
1617	377
1616	377
1616	376
1615	376
1615	375
1608	375
1608	374
1600	374
1600	373
1599	373
1599	372
1598	372
1598	371
1596	371
1596	370
1592	370
1592	369
1591	369
1591	368
1585	368
1585	367
1584	367
1584	366
1583	366
1583	365
1582	365
1582	364
1581	364
1581	363
1580	363
1580	362
1579	362
1579	359
1569	359
1569	358
1568	358
1568	357
1567	357
1567	356
1565	356
1565	355
1564	355
1564	354
1563	354
1563	353
1562	353
1562	352
1561	352
1561	351
1560	351
1560	350
1559	350
1559	349
1558	349
1558	345
1557	345
1557	344
1556	344
1556	313
1557	313
1557	312
1558	312
1558	306
1559	306
1559	305
1560	305
1560	304
1561	304
1561	303
1562	303
1562	302
1563	302
1563	298
1564	298
1564	257
1563	257
1563	209
1562	209
1562	208
1561	208
1561	207
1560	207
1560	203
1559	203
1559	198
1558	198
1558	197
1557	197
1557	196
1556	196
1556	186
1554	186
1554	185
1553	185
1553	184
1552	184
1552	166
1551	166
1551	165
1550	165
1550	162
1549	162
1549	161
1548	161
1548	157
1547	157
1547	155
1546	155
1546	154
1545	154
1545	153
1544	153
1544	149
1543	149
1543	147
1542	147
1542	142
1541	142
1541	143
1540	143
1540	144
1539	144
1539	145
1538	145
1538	149
1537	149
1537	150
1536	150
1536	151
1535	151
1535	152
1534	152
1534	156
1533	156
1533	157
1532	157
1532	158
1530	158
1530	162
1529	162
1529	163
1528	163
1528	164
1527	164
1527	165
1526	165
1526	166
1525	166
1525	167
1523	167
1523	173
1522	173
1522	178
1521	178
1521	179
1520	179
1520	186
1519	186
1519	189
1518	189
1518	196
1517	196
1517	197
1516	197
1516	198
1515	198
1515	200
1514	200
1514	201
1513	201
1513	202
1512	202
1512	203
1511	203
1511	206
1510	206
1510	208
1509	208
1509	209
1508	209
1508	210
1506	210
1506	214
1505	214
1505	215
1504	215
1504	216
1503	216
1503	217
1502	217
1502	218
1501	218
1501	219
1500	219
1500	220
1499	220
1499	221
1498	221
1498	225
1497	225
1497	226
1496	226
1496	227
1495	227
1495	228
1494	228
1494	229
1493	229
1493	230
1491	230
1491	233
1490	233
1490	234
1489	234
1489	235
1488	235
1488	236
1487	236
1487	237
1486	237
1486	238
1485	238
1485	239
1484	239
1484	240
1483	240
1483	242
1482	242
1482	245
1481	245
1481	246
1480	246
1480	247
1479	247
1479	248
1478	248
1478	249
1477	249
1477	250
1476	250
1476	274
1475	274
1475	276
1474	276
1474	277
1473	277
1473	278
1472	278
1472	282
1471	282
1471	283
1470	283
1470	285
1469	285
1469	286
1468	286
1468	288
1467	288
1467	289
1466	289
1466	292
1465	292
1465	293
1464	293
1464	294
1462	294
1462	297
1461	297
1461	298
1460	298
1460	299
1459	299
1459	301
1458	301
1458	302
1457	302
1457	303
1456	303
1456	304
1455	304
1455	305
1454	305
1454	309
1453	309
1453	310
1452	310
1452	312
1451	312
1451	313
1450	313
1450	314
1449	314
1449	315
1448	315
1448	317
1447	317
1447	318
1446	318
1446	319
1444	319
1444	320
1443	320
1443	321
1442	321
1442	322
1441	322
1441	323
1440	323
1440	324
1439	324
1439	325
1438	325
1438	326
1437	326
1437	327
1433	327
1433	328
1432	328
1432	329
1431	329
1431	330
1430	330
1430	331
1429	331
1429	332
1428	332
1428	333
1427	333
1427	336
1426	336
1426	337
1425	337
1425	338
1424	338
1424	340
1423	340
1423	341
1422	341
1422	342
1420	342
1420	352
1419	352
1419	353
1418	353
1418	354
1417	354
1417	355
1416	355
1416	358
1415	358
1415	359
1414	359
1414	360
1412	360
1412	361
1411	361
1411	362
1410	362
1410	363
1344	363
1344	362
1342	362
1342	361
1341	361
1341	360
1340	360
1340	359
1338	359
1338	358
1337	358
1337	357
1336	357
1336	356
1335	356
1335	355
1333	355
1333	354
1329	354
1329	353
1328	353
1328	352
1326	352
1326	351
1325	351
1325	350
1321	350
1321	349
1320	349
1320	348
1319	348
1319	345
1318	345
1318	344
1302	344
1302	343
1301	343
1301	342
1300	342
1300	340
1299	340
1299	339
1298	339
1298	338
1297	338
1297	337
1296	337
1296	336
1271	336
1271	335
1264	335
1264	334
1263	334
1263	333
1262	333
1262	332
1258	332
1258	331
1256	331
1256	330
1255	330
1255	329
1254	329
1254	328
1253	328
1253	327
1251	327
1251	326
1250	326
1250	325
1249	325
1249	324
1248	324
1248	322
1247	322
1247	321
1246	321
1246	320
1245	320
1245	319
1244	319
1244	314
1243	314
1243	313
1242	313
1242	311
1241	311
1241	310
1240	310
1240	300
1239	300
1239	299
1238	299
1238	286
1237	286
1237	285
1234	285
1234	286
1233	286
1233	287
1232	287
1232	288
1229	288
1229	289
1228	289
1228	290
1227	290
1227	291
1224	291
1224	293
1223	293
1223	294
1222	294
1222	295
1221	295
1221	296
1222	296
1222	297
1223	297
1223	298
1224	298
1224	303
1225	303
1225	309
1226	309
1226	343
1225	343
1225	345
1224	345
1224	347
1223	347
1223	348
1222	348
1222	349
1221	349
1221	350
1220	350
1220	351
1219	351
1219	352
1218	352
1218	353
1216	353
1216	354
1215	354
1215	355
1211	355
1211	356
1210	356
1210	357
1193	357
1193	358
1192	358
1192	359
1191	359
1191	360
1190	360
1190	361
1188	361
1188	362
1187	362
1187	363
1186	363
1186	364
1118	364
1118	363
1116	363
1116	362
1115	362
1115	361
1114	361
1114	359
1113	359
1113	358
1112	358
1112	356
1111	356
1111	355
1110	355
1110	354
1109	354
1109	351
1108	351
1108	350
1107	350
1107	349
1106	349
1106	348
1105	348
1105	342
1104	342
1104	340
1103	340
1103	339
1102	339
1102	338
1101	338
1101	337
1100	337
1100	336
1099	336
1099	335
1098	335
1098	332
1095	332
1095	331
1094	331
1094	330
1093	330
1093	326
1092	326
1092	324
1091	324
1091	323
1090	323
1090	322
1089	322
1089	321
1088	321
1088	320
1080	320
1080	319
1079	319
1079	318
1078	318
1078	317
1077	317
1077	316
1075	316
1075	315
1074	315
1074	314
1073	314
1073	313
1072	313
1072	310
1071	310
1071	309
1070	309
1070	293
1069	293
1069	288
1068	288
1068	280
1067	280
1067	279
1066	279
1066	278
1065	278
1065	266
1064	266
1064	263
1062	263
1062	262
1061	262
1061	261
1060	261
1060	260
1059	260
1059	258
1058	258
1058	254
1057	254
1057	201
1058	201
1058	145
1057	145
1057	134
1056	134
1056	132
1055	132
1055	131
1054	131
1054	130
1053	130
1053	129
1052	129
1052	126
1051	126
1051	125
1050	125
1050	122
1049	122
1049	105
1048	105
1048	98
1047	98
1047	97
1046	97
1046	92
1045	92
1045	90
1044	90
1044	88
1026	88
1026	89
1014	89
1014	90
1013	90
1013	94
1012	94
1012	95
1011	95
1011	96
1010	96
1010	97
1009	97
1009	98
1008	98
1008	102
1007	102
1007	103
1006	103
1006	104
1004	104
1004	107
1003	107
1003	108
1002	108
1002	111
1001	111
1001	112
1000	112
1000	113
999	113
999	114
998	114
998	115
997	115
997	117
996	117
996	118
995	118
995	119
994	119
994	120
992	120
992	122
991	122
991	123
990	123
990	124
988	124
988	126
987	126
987	127
986	127
986	128
985	128
985	129
984	129
984	130
983	130
983	131
981	131
981	132
980	132
980	134
979	134
979	135
978	135
978	136
976	136
976	163
977	163
977	179
978	179
978	180
979	180
979	181
980	181
980	182
981	182
981	183
982	183
982	190
983	190
983	191
984	191
984	193
985	193
985	194
986	194
986	221
985	221
985	225
984	225
984	226
983	226
983	227
982	227
982	228
981	228
981	230
980	230
980	245
979	245
979	246
978	246
978	247
977	247
977	251
976	251
976	253
975	253
975	255
974	255
974	257
973	257
973	258
972	258
972	267
971	267
971	268
970	268
970	269
969	269
969	275
968	275
968	285
967	285
967	286
966	286
966	287
952	287
952	286
951	286
951	285
944	285
944	284
943	284
943	283
939	283
939	282
938	282
938	281
937	281
937	280
931	280
931	279
892	279
892	278
891	278
891	277
890	277
890	265
889	265
889	263
888	263
888	252
887	252
887	251
886	251
886	246
885	246
885	140
884	140
884	139
883	139
883	138
882	138
882	130
881	130
881	129
880	129
880	128
879	128
879	127
878	127
878	125
877	125
877	123
876	123
876	111
866	111
866	112
852	112
852	145
851	145
851	146
850	146
850	147
848	147
848	148
845	148
845	149
844	149
844	150
843	150
843	151
842	151
842	152
841	152
841	173
840	173
840	179
839	179
839	180
838	180
838	181
837	181
837	205
836	205
836	206
835	206
835	207
834	207
834	208
833	208
833	239
832	239
832	240
831	240
831	241
829	241
829	242
828	242
828	243
815	243
815	242
814	242
814	241
799	241
799	240
796	240
796	239
795	239
795	238
794	238
794	237
792	237
792	236
791	236
791	235
789	235
789	234
788	234
788	233
787	233
787	231
786	231
786	226
785	226
785	225
784	225
784	224
783	224
783	223
740	223
740	222
739	222
739	221
738	221
738	220
706	220
706	219
702	219
702	218
701	218
701	217
694	217
694	216
692	216
692	215
688	215
688	214
687	214
687	213
682	213
682	212
670	212
670	211
669	211
669	210
668	210
668	209
667	209
667	210
666	210
666	211
662	211
662	210
661	210
661	209
660	209
660	182
659	182
659	180
658	180
658	178
657	178
657	177
656	177
656	173
655	173
655	172
654	172
654	171
653	171
653	170
652	170
652	163
651	163
651	162
650	162
650	161
649	161
649	157
648	157
648	155
647	155
647	154
646	154
646	153
645	153
645	146
644	146
644	143
643	143
643	142
642	142
642	141
641	141
641	140
640	140
640	136
639	136
639	135
638	135
638	134
637	134
637	130
636	130
636	127
635	127
635	126
634	126
634	93
633	93
633	92
630	92
630	91
628	91
628	90
627	90
627	89
618	89
618	88
605	88
605	89
604	89
604	95
603	95
603	96
602	96
602	97
601	97
601	99
600	99
600	100
599	100
599	101
590	101
590	100
587	100
587	99
586	99
586	98
585	98
585	94
584	94
584	39
583	39
583	38
582	38
582	37
581	37
581	23
580	23
580	22
579	22
579	20
576	20
576	19
554	19
554	20
541	20
541	21
540	21
540	22
539	22
539	23
535	23
535	24
527	24
527	25
520	25
520	26
519	26
519	27
482	27
482	28
473	28
473	29
472	29
472	30
471	30
471	31
410	31
410	32
402	32
402	33
401	33
401	34
400	34
400	35
397	35
397	36
396	36
396	37
393	37
393	38
392	38
392	39
318	39
318	38
317	38
317	37
310	37
310	36
309	36
309	35
304	35
304	34
303	34
303	33
302	33
302	32
299	32
299	31
295	31
295	30
294	30
294	29
243	29
243	28
228	28
228	27
227	27
227	26
226	26
226	25
225	25
225	24
224	24
224	23
223	23
223	22
222	22
222	21
145	21
145	22
144	22
144	23
139	23
139	24
138	24
138	25
137	25
137	26
136	26
136	30
135	30
135	31
134	31
134	32
128	32
128	33
127	33
127	34
126	34
126	35
115	35
115	36
114	36
114	37
109	37
109	38
108	38
108	39
107	39
107	40
106	40
106	41
105	41
105	42
104	42
104	43
100	43
100	45
99	45
99	46
98	46
98	47
90	47
90	48
82	48
82	49
69	49
69	50
68	50
68	51
67	51
67	52
64	52
64	53
61	53
61	54
60	54
60	55
59	55
59	56
39	56
39	55
35	55
35	54
34	54
34	53
33	53
33	52
31	52
31	51
27	51
27	50
26	50
26	49
25	49
25	48
22	48
22	47
21	47
21	46
20	46
20	37
2	37
2	36
1	36
1	35
0	35
0	31
1	31
1	30
2	30
2	29
26	29
26	30
27	30
27	31
28	31
28	40
30	40
30	41
31	41
31	42
32	42
32	43
34	43
34	44
37	44
37	45
38	45
38	46
39	46
39	47
42	47
42	48
54	48
54	47
55	47
55	46
56	46
56	45
61	45
61	44
62	44
62	43
63	43
63	42
64	42
64	41
79	41
79	40
87	40
87	39
93	39
93	38
94	38
94	37
95	37
95	36
96	36
96	35
99	35
99	34
100	34
100	33
103	33
103	32
104	32
104	31
105	31
105	30
106	30
106	29
111	29
111	28
112	28
112	27
122	27
122	26
123	26
123	25
124	25
124	24
128	24
128	23
129	23
129	22
130	22
130	21
131	21
131	20
132	20
132	19
133	19
133	18
134	18
134	17
135	17
135	16
136	16
136	15
141	15
141	14
142	14
142	13
226	13
226	14
227	14
227	15
228	15
228	16
229	16
229	17
230	17
230	18
231	18
231	19
232	19
232	20
246	20
246	21
299	21
299	22
300	22
300	23
303	23
303	24
306	24
306	25
307	25
307	26
308	26
308	27
312	27
312	28
314	28
314	29
322	29
322	30
323	30
323	31
389	31
389	30
390	30
390	29
393	29
393	28
394	28
394	27
397	27
397	26
398	26
398	25
399	25
399	24
407	24
407	23
467	23
467	22
468	22
468	21
469	21
469	20
471	20
471	19
475	19
475	20
479	20
479	19
515	19
515	18
516	18
516	17
523	17
523	16
531	16
531	15
536	15
536	14
537	14
537	13
538	13
538	12
550	12
550	11
580	11
580	12
583	12
583	13
584	13
584	14
585	14
585	15
586	15
586	16
587	16
587	17
588	17
588	18
589	18
589	32
590	32
590	33
591	33
591	34
592	34
592	90
593	90
593	93
594	93
594	92
595	92
595	91
596	91
596	86
597	86
597	83
598	83
598	82
599	82
599	81
600	81
600	80
622	80
622	81
631	81
631	82
632	82
632	83
633	83
633	84
638	84
638	85
639	85
639	86
640	86
640	87
641	87
641	90
642	90
642	122
643	122
643	123
644	123
644	127
645	127
645	131
646	131
646	132
647	132
647	133
648	133
648	136
649	136
649	137
650	137
650	138
651	138
651	139
652	139
652	142
653	142
653	148
654	148
654	149
655	149
655	150
656	150
656	154
657	154
657	157
658	157
658	158
659	158
659	159
660	159
660	166
661	166
661	167
662	167
662	168
663	168
663	169
664	169
664	174
665	174
665	175
666	175
666	177
667	177
667	179
668	179
668	200
671	200
671	201
672	201
672	202
673	202
673	203
674	203
674	204
685	204
685	205
691	205
691	206
692	206
692	207
695	207
695	208
697	208
697	209
704	209
704	210
705	210
705	211
709	211
709	212
743	212
743	213
744	213
744	214
745	214
745	215
787	215
787	216
788	216
788	217
790	217
790	218
791	218
791	219
792	219
792	221
793	221
793	223
794	223
794	227
795	227
795	228
796	228
796	229
797	229
797	230
798	230
798	231
799	231
799	232
802	232
802	233
819	233
819	234
820	234
820	235
825	235
825	204
826	204
826	203
827	203
827	202
828	202
828	201
829	201
829	177
830	177
830	176
831	176
831	175
832	175
832	170
833	170
833	146
834	146
834	145
835	145
835	144
837	144
837	143
838	143
838	142
839	142
839	141
841	141
841	140
844	140
844	109
845	109
845	107
846	107
846	106
847	106
847	105
849	105
849	104
863	104
863	103
880	103
880	104
881	104
881	105
882	105
882	106
883	106
883	107
884	107
884	120
885	120
885	121
886	121
886	124
887	124
887	125
888	125
888	126
889	126
889	127
890	127
890	132
891	132
891	133
892	133
892	134
893	134
893	242
894	242
894	246
895	246
895	247
896	247
896	260
897	260
897	261
898	261
898	271
935	271
935	272
942	272
942	273
943	273
943	274
944	274
944	275
946	275
946	276
947	276
947	277
954	277
954	278
955	278
955	279
960	279
960	271
961	271
961	266
962	266
962	265
963	265
963	264
964	264
964	255
965	255
965	254
966	254
966	252
967	252
967	250
968	250
968	248
969	248
969	242
970	242
970	241
971	241
971	240
972	240
972	227
973	227
973	225
974	225
974	224
975	224
975	223
976	223
976	221
977	221
977	217
978	217
978	199
977	199
977	198
976	198
976	194
975	194
975	193
974	193
974	187
971	187
971	186
970	186
970	185
969	185
969	167
968	167
968	133
969	133
969	132
970	132
970	130
971	130
971	129
972	129
972	128
974	128
974	126
975	126
975	125
976	125
976	124
977	124
977	123
978	123
978	122
979	122
979	121
980	121
980	120
981	120
981	119
982	119
982	118
983	118
983	117
984	117
984	116
986	116
986	114
987	114
987	113
988	113
988	112
989	112
989	111
990	111
990	110
991	110
991	109
992	109
992	108
993	108
993	107
994	107
994	105
995	105
995	104
996	104
996	100
997	100
997	99
998	99
998	98
999	98
999	97
1000	97
1000	94
1001	94
1001	93
1002	93
1002	91
1003	91
1003	90
1004	90
1004	89
1005	89
1005	87
1006	87
1006	85
1007	85
1007	84
1008	84
1008	83
1009	83
1009	82
1010	82
1010	81
1023	81
1023	80
1049	80
1049	81
1050	81
1050	82
1051	82
1051	83
1052	83
1052	86
1053	86
1053	89
1054	89
1054	93
1055	93
1055	94
1056	94
1056	102
1057	102
1057	118
1058	118
1058	121
1059	121
1059	122
1060	122
1060	125
1062	125
1062	126
1063	126
1063	127
1064	127
1064	131
1065	131
1065	141
1066	141
1066	205
1065	205
1065	251
1066	251
1066	255
1068	255
1068	256
1069	256
1069	257
1070	257
1070	258
1071	258
1071	259
1072	259
1072	263
1073	263
1073	275
1074	275
1074	276
1075	276
1075	277
1076	277
1076	285
1077	285
1077	289
1078	289
1078	306
1079	306
1079	307
1080	307
1080	309
1081	309
1081	310
1082	310
1082	311
1083	311
1083	312
1092	312
1092	313
1093	313
1093	314
1094	314
1094	315
1095	315
1095	316
1096	316
1096	317
1098	317
1098	318
1099	318
1099	319
1100	319
1100	323
1101	323
1101	324
1102	324
1102	325
1104	325
1104	326
1105	326
1105	327
1106	327
1106	330
1107	330
1107	331
1108	331
1108	333
1110	333
1110	334
1111	334
1111	335
1112	335
1112	339
1113	339
1113	344
1115	344
1115	345
1116	345
1116	346
1117	346
1117	349
1118	349
1118	350
1119	350
1119	351
1120	351
1120	354
1121	354
1121	355
1122	355
1122	356
1182	356
1182	355
1183	355
1183	354
1184	354
1184	353
1186	353
1186	352
1187	352
1187	351
1189	351
1189	350
1190	350
1190	349
1207	349
1207	348
1208	348
1208	347
1212	347
1212	346
1213	346
1213	343
1214	343
1214	342
1215	342
1215	341
1217	341
1217	339
1218	339
1218	312
1217	312
1217	306
1216	306
1216	303
1215	303
1215	302
1214	302
1214	301
1213	301
1213	291
1214	291
1214	290
1215	290
1215	289
1216	289
1216	286
1217	286
1217	285
1218	285
1218	284
1219	284
1219	283
1223	283
1223	282
1224	282
1224	281
1225	281
1225	280
1229	280
1229	279
1230	279
1230	278
1231	278
1231	277
1243	277
1243	278
1244	278
1244	279
1245	279
1245	283
1246	283
1246	296
1247	296
1247	297
1248	297
1248	306
1249	306
1249	307
1250	307
1250	310
1251	310
1251	311
1252	311
1252	315
1253	315
1253	316
1254	316
1254	317
1255	317
1255	318
1256	318
1256	319
1257	319
1257	320
1258	320
1258	321
1259	321
1259	322
1260	322
1260	323
1261	323
1261	324
1265	324
1265	325
1266	325
1266	326
1267	326
1267	327
1274	327
1274	328
1299	328
1299	329
1300	329
1300	330
1301	330
1301	331
1302	331
1302	332
1303	332
1303	333
1306	333
1306	334
1307	334
1307	335
1308	335
1308	336
1316	336
1316	335
1317	335
1317	330
1318	330
1318	329
1319	329
1319	328
1323	328
1323	329
1324	329
1324	330
1325	330
1325	338
1326	338
1326	342
1328	342
1328	343
1329	343
1329	344
1332	344
1332	345
1333	345
1333	346
1336	346
1336	347
1339	347
1339	348
1340	348
1340	349
1341	349
1341	350
1342	350
1342	351
1343	351
1343	352
1344	352
1344	353
1345	353
1345	354
1347	354
1347	355
1407	355
1407	354
1408	354
1408	352
1409	352
1409	351
1410	351
1410	350
1411	350
1411	349
1412	349
1412	338
1413	338
1413	337
1414	337
1414	336
1415	336
1415	335
1416	335
1416	334
1417	334
1417	333
1418	333
1418	332
1419	332
1419	329
1420	329
1420	328
1421	328
1421	327
1422	327
1422	326
1423	326
1423	325
1424	325
1424	324
1425	324
1425	323
1426	323
1426	322
1427	322
1427	321
1428	321
1428	320
1430	320
1430	319
1434	319
1434	318
1435	318
1435	317
1436	317
1436	316
1437	316
1437	315
1438	315
1438	314
1439	314
1439	313
1440	313
1440	312
1441	312
1441	311
1442	311
1442	310
1443	310
1443	309
1444	309
1444	305
1445	305
1445	304
1446	304
1446	301
1447	301
1447	300
1448	300
1448	299
1450	299
1450	298
1451	298
1451	294
1452	294
1452	293
1453	293
1453	292
1454	292
1454	289
1455	289
1455	288
1456	288
1456	287
1458	287
1458	286
1459	286
1459	285
1460	285
1460	282
1461	282
1461	281
1462	281
1462	279
1463	279
1463	278
1464	278
1464	275
1465	275
1465	274
1466	274
1466	273
1467	273
1467	271
1468	271
1468	246
1469	246
1469	245
1470	245
1470	244
1471	244
1471	242
1472	242
1472	241
1473	241
1473	240
1474	240
1474	238
1475	238
1475	237
1476	237
1476	236
1477	236
1477	235
1478	235
1478	234
1479	234
1479	233
1480	233
1480	232
1481	232
1481	231
1482	231
1482	230
1483	230
1483	226
1484	226
1484	225
1485	225
1485	224
1486	224
1486	223
1487	223
1487	222
1488	222
1488	221
1489	221
1489	220
1490	220
1490	217
1491	217
1491	216
1492	216
1492	215
1493	215
1493	214
1495	214
1495	212
1496	212
1496	211
1497	211
1497	210
1498	210
1498	206
1499	206
1499	205
1500	205
1500	204
1502	204
1502	203
1503	203
1503	199
1504	199
1504	197
1505	197
1505	196
1506	196
1506	195
1507	195
1507	193
1508	193
1508	192
1509	192
1509	191
1510	191
1510	186
1511	186
1511	182
1512	182
1512	176
1513	176
1513	175
1514	175
1514	170
1515	170
1515	163
1516	163
1516	162
1517	162
1517	161
1518	161
1518	160
1519	160
1519	159
1521	159
1521	158
1522	158
1522	154
1523	154
1523	153
1524	153
1524	152
1525	152
1525	151
1526	151
1526	149
1527	149
1527	146
1528	146
1528	145
1529	145
1529	144
1530	144
1530	141
1531	141
1531	140
1532	140
1532	139
1533	139
1533	138
1534	138
1534	137
1535	137
1535	136
1536	136
1536	135
1537	135
1537	134
1538	134
1538	133
1539	133
1539	132
1540	132
1540	131
1546	131
1546	132
1547	132
1547	133
1548	133
1548	137
1549	137
1549	138
1550	138
1550	144
1551	144
1551	145
1552	145
1552	148
1553	148
1553	149
1554	149
1554	150
1555	150
1555	153
1556	153
1556	156
1557	156
1557	157
1558	157
1558	161
1559	161
1559	162
1560	162
1560	179
1561	179
1561	180
1562	180
1562	181
1563	181
1563	182
1564	182
1564	192
1565	192
1565	193
1566	193
1566	194
1567	194
1567	200
1568	200
1568	204
1569	204
1569	205
1570	205
1570	206
1571	206
1571	254
1572	254
1572	301
1571	301
1571	305
1570	305
1570	306
1569	306
1569	307
1568	307
1568	308
1567	308
1567	309
1566	309
1566	317
1565	317
1565	318
1564	318
1564	340
1565	340
1565	341
1566	341
1566	346
1567	346
1567	347
1568	347
1568	348
1570	348
1570	349
1571	349
1571	350
1572	350
1572	351
1585	351
1585	352
1586	352
1586	353
1587	353
1587	359
1588	359
1588	360
1594	360
1594	361
1596	361
1596	362
1599	362
1599	363
1603	363
1603	364
1604	364
1604	365
1605	365
1605	366
1611	366
1611	367
1620	367
1620	368
1621	368
1621	369
1622	369
1622	370
1623	370
1623	371
1624	371
1624	372
1625	372
1625	373
1626	373
1626	374
1627	374
1627	375
1628	375
1628	376
1629	376
1629	377
1630	377
1630	378
1631	378
1631	379
1634	379
1634	380
1635	380
1635	381
1636	381
1636	404
1637	404
1637	405
1638	405
1638	407
1640	407
1640	408
1641	408
1641	409
1642	409
1642	410
1644	410
1644	411
1645	411
1645	412
1656	412
1656	413
1657	413
1657	414
1658	414
1658	415
1660	415
1660	416
1665	416
1665	417
1666	417
1666	418
1670	418
1670	419
1672	419
1672	420
1689	420
1689	419
1691	419
1691	418
1694	418
1694	417
1695	417
1695	416
1696	416
1696	415
1699	415
1699	414
1702	414
1702	408
1703	408
1703	407
1704	407
1704	406
1706	406
1706	394
1707	394
1707	373
1706	373
1706	371
1705	371
1705	370
1704	370
1704	369
1703	369
1703	364
1702	364
1702	344
1703	344
1703	343
1704	343
1704	342
1711	342
1711	341
1712	341
1712	340
1718	340
1718	339
1726	339
1726	338
1727	338
1727	337
1728	337
1728	336
1730	336
1730	335
1731	335
1731	334
1732	334
1732	333
1733	333
1733	332
1734	332
1734	331
1735	331
1735	330
1739	330
1739	328
1740	328
1740	327
1741	327
1741	326
1744	326
1744	325
1745	325
1745	324
1749	324
1749	323
1750	323
1750	319
1751	319
1751	318
1752	318
1752	317
1753	317
1753	316
1755	316
1755	314
1756	314
1756	313
1757	313
1757	312
1758	312
1758	311
1760	311
1760	309
1761	309
1761	308
1762	308
1762	307
1763	307
1763	305
1764	305
1764	304
1765	304
1765	303
1766	303
1766	302
1767	302
1767	301
1768	301
1768	300
1770	300
1770	298
1771	298
1771	297
1772	297
1772	296
1773	296
1773	295
1774	295
1774	294
1775	294
1775	293
1776	293
1776	292
1781	292
1781	291
1782	291
1782	290
1783	290
1783	289
1784	289
1784	288
1785	288
1785	287
1788	287
1788	286
1789	286
1789	285
1790	285
1790	284
1791	284
1791	283
1792	283
1792	282
1793	282
1793	281
1794	281
1794	280
1795	280
1795	279
1798	279
1798	277
1799	277
1799	275
1800	275
1800	274
1801	274
1801	273
1802	273
1802	272
1805	272
1805	271
1806	271
1806	270
1807	270
1807	269
1808	269
1808	268
1813	268
1813	267
1819	267
1819	262
1820	262
1820	261
1821	261
1821	260
1822	260
1822	238
1823	238
1823	233
1824	233
1824	230
1825	230
1825	229
1826	229
1826	225
1827	225
1827	224
1828	224
1828	221
1829	221
1829	218
1830	218
1830	213
1831	213
1831	208
1832	208
1832	207
1833	207
1833	206
1834	206
1834	204
1835	204
1835	202
1836	202
1836	192
1837	192
1837	191
1838	191
1838	189
1839	189
1839	181
1840	181
1840	177
1841	177
1841	176
1842	176
1842	175
1844	175
1844	174
1845	174
1845	173
1846	173
1846	172
1847	172
1847	171
1848	171
1848	170
1849	170
1849	169
1850	169
1850	168
1851	168
1851	167
1852	167
1852	166
1853	166
1853	165
1854	165
1854	164
1857	164
1857	163
1858	163
1858	162
1868	162
1868	161
1869	161
1869	160
1870	160
1870	159
1891	159
1891	160
1892	160
1892	161
1893	161
1893	162
1894	162
1894	164
1895	164
1895	178
1896	178
1896	179
1897	179
1897	180
1898	180
1898	184
1899	184
1899	187
1901	187
1901	188
1902	188
1902	189
1903	189
1903	192
1904	192
1904	195
1905	195
1905	196
1906	196
1906	217
1907	217
1907	228
1908	228
1908	229
1909	229
1909	230
1910	230
1910	249
1911	249
1911	250
1912	250
1912	280
1911	280
1911	281
1910	281
1910	282
1909	282
1909	283
1908	283
1908	317
1909	317
1909	318
1910	318
1910	328
1911	328
1911	329
1912	329
1912	331
1913	331
1913	332
1940	332
1940	333
1941	333
1941	334
1942	334
1942	336
1943	336
1943	338
1944	338
1944	339
1945	339
1945	340
1946	340
1946	341
1947	341
1947	344
1948	344
1948	345
1949	345
1949	346
1950	346
1950	348
1951	348
1951	350
1952	350
1952	351
1953	351
1953	352
1954	352
1954	353
1955	353
1955	355
1956	355
1956	356
1957	356
1957	357
1958	357
1958	360
1959	360
1959	361
1960	361
1960	364
1961	364
1961	365
1962	365
1962	377
1961	377
1961	378
1960	378
1960	379
1954	379
1954	380
1953	380
1953	381
1952	381
1952	382
1951	382
1951	409
1952	409
1952	413
1953	413
1953	414
1954	414
1954	415
1955	415
1955	416
1956	416
1956	419
1958	419
1958	420
1988	420
1988	421
1989	421
1989	422
1990	422
1990	423
1991	423
1991	424
1992	424
1992	425
1993	425
1993	426
1999	426
1999	427
2009	427
2009	428
2017	428
2017	429
2018	429
2018	430
2023	430
2023	431
2024	431
2024	432
2029	432
2029	433
2030	433
2030	434
2033	434
2033	435
2036	435
2036	436
2040	436
2040	437
2041	437
2041	438
2062	438
2062	439
2064	439
2064	440
2114	440
2114	426
2115	426
2115	421
2116	421
2116	309
2117	309
2117	308
2118	308
2118	302
2119	302
2119	300
2120	300
2120	298
2121	298
2121	297
2122	297
2122	296
2127	296
2127	295
2131	295
2131	294
2132	294
2132	293
2133	293
2133	292
2134	292
2134	291
2136	291
2136	289
2137	289
2137	288
2138	288
2138	287
2139	287
2139	286
2141	286
2141	285
2142	285
2142	284
2143	284
2143	282
2144	282
2144	280
2145	280
2145	278
2146	278
2146	277
2147	277
2147	276
2149	276
2149	275
2150	275
2150	261
2149	261
2149	260
2148	260
2148	244
2149	244
2149	243
2150	243
2150	242
2151	242
2151	241
2152	241
2152	240
2153	240
2153	239
2156	239
2156	237
2157	237
2157	236
2158	236
2158	235
2159	235
2159	232
2160	232
2160	229
2161	229
2161	228
2162	228
2162	227
2163	227
2163	226
2164	226
2164	225
2165	225
2165	224
2166	224
2166	223
2169	223
2169	222
2171	222
2171	221
2172	221
2172	220
2173	220
2173	219
2176	219
2176	218
2177	218
2177	217
2178	217
2178	216
2185	216
2185	215
2189	215
2189	214
2190	214
2190	213
2191	213
2191	212
2193	212
2193	210
2194	210
2194	209
2195	209
2195	208
2197	208
2197	207
2198	207
2198	206
2199	206
2199	205
2200	205
2200	204
2201	204
2201	203
2202	203
2202	202
2204	202
2204	201
2205	201
2205	200
2206	200
2206	198
2207	198
2207	197
2208	197
2208	196
2209	196
2209	195
2210	195
2210	194
2211	194
2211	193
2212	193
2212	192
2213	192
2213	191
2214	191
2214	190
2215	190
2215	186
2216	186
2216	185
2217	185
2217	184
2218	184
2218	183
2219	183
2219	182
2220	182
2220	181
2221	181
2221	180
2223	180
2223	176
2224	176
2224	175
2225	175
2225	174
2226	174
2226	172
2227	172
2227	171
2228	171
2228	170
2244	170
2244	171
2245	171
2245	172
2246	172
2246	177
2247	177
2247	202
2248	202
2248	210
2251	210
2251	211
2252	211
2252	212
2253	212
2253	213
2254	213
2254	214
2255	214
2255	218
2256	218
2256	219
2257	219
2257	220
2258	220
2258	224
2259	224
2259	232
2260	232
2260	235
2261	235
2261	236
2262	236
2262	240
2263	240
2263	243
2264	243
2264	244
2265	244
2265	245
2266	245
2266	258
2267	258
2267	259
2268	259
2268	260
2269	260
2269	261
2270	261
2270	262
2271	262
2271	265
2272	265
2272	266
2273	266
2273	267
2274	267
2274	268
2275	268
2275	270
2276	270
2276	272
2277	272
2277	273
2278	273
2278	275
2279	275
2279	276
2280	276
2280	284
2281	284
2281	285
2282	285
2282	286
2283	286
2283	304
2284	304
2284	305
2285	305
2285	306
2286	306
2286	320
2287	320
2287	353
2288	353
2288	360
2289	360
2289	361
2290	361
2290	362
2291	362
2291	364
2292	364
2292	367
2293	367
2293	368
2294	368
2294	369
2295	369
2295	370
2296	370
2296	371
2297	371
2297	372
2298	372
2298	373
2299	373
2299	374
2303	374
2303	375
2304	375
2304	376
2317	376
2317	377
2318	377
2318	378
2319	378
2319	379
2320	379
2320	380
2359	380
2359	381
2361	381
2361	382
2362	382
2362	383
2363	383
2363	385
2365	385
2365	386
2368	386
2368	387
2371	387
2371	388
2373	388
2373	389
2375	389
2375	390
2376	390
2376	391
2377	391
2377	392
2378	392
2378	393
2379	393
2379	394
2380	394
2380	395
2381	395
2381	396
2382	396
2382	397
2383	397
2383	398
2384	398
2384	399
2387	399
2387	400
2388	400
2388	401
2389	401
2389	402
2390	402
2390	403
2392	403
2392	404
2393	404
2393	405
2394	405
2394	406
2396	406
2396	407
2398	407
2398	408
2399	408
2399	409
2400	409
2400	410
2403	410
2403	411
2404	411
2404	412
2408	412
2408	413
2409	413
2409	414
2411	414
2411	415
2433	415
2433	414
2435	414
2435	413
2436	413
2436	412
2437	412
2437	411
2459	411
2459	410
2460	410
2460	409
2461	409
2461	408
2475	408
2475	407
2482	407
2482	406
2488	406
2488	405
2489	405
2489	404
2490	404
2490	403
2534	403
2534	402
2536	402
2536	393
2535	393
2535	392
2534	392
2534	391
2533	391
2533	390
2532	390
2532	356
2533	356
2533	355
2534	355
2534	354
2535	354
2535	353
2536	353
2536	349
2537	349
2537	348
2538	348
2538	347
2546	347
2546	343
2547	343
2547	341
2548	341
2548	340
2549	340
2549	339
2550	339
2550	338
2551	338
2551	330
2552	330
2552	326
2553	326
2553	325
2554	325
2554	318
2555	318
2555	317
2556	317
2556	316
2557	316
2557	315
2558	315
2558	312
2559	312
2559	310
2560	310
2560	309
2561	309
2561	308
2563	308
2563	307
2564	307
2564	306
2565	306
2565	305
2566	305
2566	302
2567	302
2567	298
2568	298
2568	297
2569	297
2569	296
2570	296
2570	294
2571	294
2571	286
2572	286
2572	284
2573	284
2573	283
2574	283
2574	282
2575	282
2575	269
2576	269
2576	250
2575	250
2575	249
2574	249
2574	243
2575	243
2575	242
2576	242
2576	241
2580	241
2580	242
2581	242
2581	243
2582	243
2582	242
2583	242
2583	241
2584	241
2584	240
2586	240
2586	239
2587	239
2587	222
2588	222
2588	221
2589	221
2589	220
2590	220
2590	218
2591	218
2591	193
2592	193
2592	192
2593	192
2593	190
2594	190
2594	187
2595	187
2595	186
2596	186
2596	185
2600	185
2600	184
2601	184
2601	183
2602	183
2602	182
2603	182
2603	181
2606	181
2606	180
2607	180
2607	179
2615	179
2615	178
2616	178
2616	177
2619	177
2619	176
2620	176
2620	175
2640	175
2640	176
2641	176
2641	177
2642	177
2642	217
2643	217
2643	218
2644	218
2644	219
2645	219
2645	220
2646	220
2646	221
2647	221
2647	222
2648	222
2648	223
2649	223
2649	224
2650	224
2650	225
2651	225
2651	226
2652	226
2652	227
2653	227
2653	229
2654	229
2654	230
2655	230
2655	231
2659	231
2659	232
2660	232
2660	233
2661	233
2661	234
2662	234
2662	235
2663	235
2663	236
2670	236
2670	237
2671	237
2671	238
2672	238
2672	239
2673	239
2673	240
2676	240
2676	241
2677	241
2677	242
2678	242
2678	245
2681	245
2681	246
2682	246
2682	247
2683	247
2683	248
2685	248
2685	249
2686	249
2686	250
2687	250
2687	252
2688	252
2688	253
2689	253
2689	254
2690	254
2690	255
2691	255
2691	256
2692	256
2692	257
2693	257
2693	258
2694	258
2694	259
2695	259
2695	260
2696	260
2696	261
2697	261
2697	262
2698	262
2698	263
2699	263
2699	264
2700	264
2700	265
2701	265
2701	266
2702	266
2702	269
2703	269
2703	270
2704	270
2704	271
2705	271
2705	273
2706	273
2706	274
2707	274
2707	275
2709	275
2709	276
2710	276
2710	277
2711	277
2711	278
2712	278
2712	279
2713	279
2713	281
2714	281
2714	283
2715	283
2715	284
2716	284
2716	285
2720	285
2720	286
2721	286
2721	287
2722	287
2722	288
2723	288
2723	289
2724	289
2724	290
2725	290
2725	293
2726	293
2726	294
2727	294
2727	296
2728	296
2728	297
2729	297
2729	300
2734	300
2734	301
2736	301
2736	302
2737	302
2737	303
2738	303
2738	304
2756	304
2756	305
2757	305
2757	306
2758	306
2758	335
2759	335
2759	392
2760	392
2760	393
2764	393
2764	392
2774	392
2774	391
2775	391
2775	390
2776	390
2776	389
2778	389
2778	388
2782	388
2782	387
2783	387
2783	386
2784	386
2784	385
2795	385
2795	384
2800	384
2800	383
2801	383
2801	382
2802	382
2802	381
2803	381
2803	380
2804	380
2804	379
2805	379
2805	378
2806	378
2806	377
2807	377
2807	375
2808	375
2808	374
2809	374
2809	373
2811	373
2811	371
2812	371
2812	370
2813	370
2813	369
2814	369
2814	368
2815	368
2815	367
2816	367
2816	366
2817	366
2817	364
2818	364
2818	363
2819	363
2819	351
2820	351
2820	350
2821	350
2821	349
2822	349
2822	348
2823	348
2823	347
2824	347
2824	346
2825	346
2825	345
2829	345
2829	344
2830	344
2830	343
2831	343
2831	342
2832	342
2832	341
2834	341
2834	322
2835	322
2835	321
2836	321
2836	320
2837	320
2837	319
2838	319
2838	318
2839	318
2839	313
2840	313
2840	311
2841	311
2841	309
2842	309
2842	307
2843	307
2843	306
2844	306
2844	305
2846	305
2846	299
2847	299
2847	289
2848	289
2848	288
2849	288
2849	287
2850	287
2850	282
2851	282
2851	281
2852	281
2852	280
2853	280
2853	279
2854	279
2854	278
2855	278
2855	277
2856	277
2856	276
2858	276
2858	275
2860	275
2860	274
2861	274
2861	273
2864	273
2864	272
2867	272
2867	271
2868	271
2868	270
2869	270
2869	269
2870	269
2870	266
2871	266
2871	265
2872	265
2872	264
2873	264
2873	263
2874	263
2874	260
2875	260
2875	258
2876	258
2876	257
2877	257
2877	256
2878	256
2878	254
2879	254
2879	251
2880	251
2880	250
2881	250
2881	249
2883	249
2883	248
2890	248
2890	247
2891	247
2891	246
2892	246
2892	245
2894	245
2894	244
2897	244
2897	243
2898	243
2898	242
2899	242
2899	241
2900	241
2900	240
2901	240
2901	239
2906	239
2906	238
2907	238
2907	237
2908	237
2908	236
3043	236
3043	237
3044	237
3044	238
3045	238
3045	240
3048	240
3048	241
3059	241
3059	242
3060	242
3060	243
3068	243
3068	242
3069	242
3069	241
3070	241
3070	238
3071	238
3071	237
3072	237
3072	236
3073	236
3073	229
3074	229
3074	227
3075	227
3075	226
3076	226
3076	225
3077	225
3077	224
3079	224
3079	223
3087	223
3087	222
3088	222
3088	221
3091	221
3091	220
3092	220
3092	219
3098	219
3098	218
3099	218
3099	217
3104	217
3104	216
3105	216
3105	215
3110	215
3110	214
3111	214
3111	213
3149	213
3149	214
3150	214
3150	215
3151	215
3151	216
3152	216
3152	217
3153	217
3153	218
3154	218
3154	219
3156	219
3156	220
3157	220
3157	221
3158	221
3158	222
3159	222
3159	225
3160	225
3160	226
3161	226
3161	227
3162	227
3162	228
3163	228
3163	229
3164	229
3164	230
3165	230
3165	231
3166	231
3166	232
3167	232
3167	233
3168	233
3168	234
3169	234
3169	235
3170	235
3170	236
3171	236
3171	237
3172	237
3172	238
3173	238
3173	242
3174	242
3174	245
3175	245
3175	260
3177	260
3177	261
3179	261
3179	262
3180	262
3180	263
3181	263
3181	264
3195	264
3195	265
3196	265
3196	266
3197	266
3197	275
3198	275
3198	277
3199	277
3199	279
3200	279
3200	280
3202	280
3202	281
3203	281
3203	282
3204	282
3204	283
3211	283
3211	284
3213	284
3213	283
3214	283
3214	282
3215	282
3215	281
3218	281
3218	280
3228	280
3228	279
3231	279
3231	278
3232	278
3232	277
3233	277
3233	276
3234	276
3234	275
3235	275
3235	270
3236	270
3236	269
3237	269
3237	268
3240	268
3240	266
3241	266
3241	265
3242	265
3242	264
3243	264
3243	246
3244	246
3244	245
3245	245
3245	244
3246	244
3246	240
3247	240
3247	239
3248	239
3248	238
3249	238
3249	237
3250	237
3250	236
3251	236
3251	234
3252	234
3252	233
3253	233
3253	232
3255	232
3255	231
3256	231
3256	230
3257	230
3257	229
3260	229
3260	228
3262	228
3262	227
3263	227
3263	226
3264	226
3264	225
3270	225
3270	224
3274	224
3274	223
3275	223
3275	222
3276	222
3276	221
3280	221
3280	220
3282	220
3282	219
3283	219
3283	218
3284	218
3284	217
3286	217
3286	216
3289	216
3289	215
3305	215
3305	214
3306	214
3306	213
3307	213
3307	212
3322	212
3322	211
3327	211
3327	210
3328	210
3328	209
3329	209
3329	206
3330	206
3330	205
3331	205
3331	204
3334	204
3334	203
3336	203
3336	202
3337	202
3337	201
3339	201
3339	193
3340	193
3340	192
3341	192
3341	191
3342	191
3342	170
3341	170
3341	161
3340	161
3340	160
3339	160
3339	158
3338	158
3338	143
3339	143
3339	142
3340	142
3340	141
3341	141
3341	140
3342	140
3342	139
3343	139
3343	138
3344	138
3344	137
3346	137
3346	136
3348	136
3348	135
3354	135
3354	127
3355	127
3355	121
3356	121
3356	120
3357	120
3357	119
3358	119
3358	118
3359	118
3359	117
3360	117
3360	116
3365	116
3365	115
3369	115
3369	116
3370	116
3370	117
3373	117
3373	116
3374	116
3374	115
3375	115
3375	114
3379	114
3379	115
3392	115
3392	116
3393	116
3393	117
3394	117
3394	119
3396	119
3396	120
3400	120
3400	121
3401	121
3401	122
3402	122
3402	123
3403	123
3403	124
3404	124
3404	125
3406	125
3406	126
3407	126
3407	127
3419	127
3419	128
3420	128
3420	129
3424	129
3424	130
3425	130
3425	131
3428	131
3428	132
3429	132
3429	133
3430	133
3430	134
3431	134
3431	135
3432	135
3432	136
3433	136
3433	137
3434	137
3434	140
3435	140
3435	141
3436	141
3436	142
3437	142
3437	144
3439	144
3439	145
3440	145
3440	146
3441	146
3441	149
3442	149
3442	150
3443	150
3443	152
3444	152
3444	153
3445	153
3445	154
3446	154
3446	155
3447	155
3447	156
3448	156
3448	157
3449	157
3449	158
3450	158
3450	159
3451	159
3451	160
3452	160
3452	161
3453	161
3453	162
3454	162
3454	168
3455	168
3455	169
3456	169
3456	170
3457	170
3457	171
3458	171
3458	179
3459	179
3459	180
3460	180
3460	181
3461	181
3461	188
3462	188
3462	189
3463	189
3463	190
3464	190
3464	191
3465	191
3465	198
3466	198
3466	201
3467	201
3467	202
3468	202
3468	203
3469	203
3469	204
3470	204
3470	205
3471	205
3471	206
3472	206
3472	207
3473	207
3473	208
3475	208
3475	209
3476	209
3476	210
3477	210
3477	212
3491	212
3491	213
3492	213
3492	214
3493	214
3493	216
3494	216
3494	217
3495	217
3495	218
3496	218
3496	219
3498	219
3498	220
3499	220
3499	221
3501	221
3501	222
3502	222
3502	223
3503	223
3503	224
3506	224
3506	225
3513	225
3513	226
3514	226
3514	227
3516	227
3516	228
3517	228
3517	229
3518	229
3518	231
3520	231
3520	232
3521	232
3521	233
3525	233
3525	234
3526	234
3526	235
3527	235
3527	236
3531	236
3531	237
3532	237
3532	238
3533	238
3533	239
3534	239
3534	240
3535	240
3535	241
3542	241
3542	242
3544	242
3544	243
3545	243
3545	244
3582	244
3582	243
3586	243
3586	242
3587	242
3587	241
3588	241
3588	240
3592	240
3592	239
3594	239
3594	238
3595	238
3595	237
3596	237
3596	236
3601	236
3601	235
3606	235
3606	234
3607	234
3607	233
3608	233
3608	232
3609	232
3609	231
3610	231
3610	230
3611	230
3611	227
3612	227
3612	226
3613	226
3613	225
3615	225
3615	224
3616	224
3616	223
3620	223
3620	222
3621	222
3621	218
3622	218
3622	211
3623	211
3623	209
3624	209
3624	207
3625	207
3625	204
3626	204
3626	203
3627	203
3627	202
3628	202
3628	201
3629	201
3629	200
3631	200
3631	177
3632	177
3632	176
3633	176
3633	175
3634	175
3634	174
3635	174
3635	170
3636	170
3636	169
3637	169
3637	168
3638	168
3638	158
3639	158
3639	156
3638	156
3638	155
3637	155
3637	152
3636	152
3636	151
3635	151
3635	125
3636	125
3636	124
3637	124
3637	123
3638	123
3638	122
3639	122
3639	121
3640	121
3640	120
3641	120
3641	119
3647	119
3647	118
3648	118
3648	117
3650	117
3650	115
3651	115
3651	114
3652	114
3652	113
3654	113
3654	112
3656	112
3656	111
3657	111
3657	110
3658	110
3658	108
3659	108
3659	107
3660	107
3660	106
3661	106
3661	105
3662	105
3662	104
3671	104
3671	103
3674	103
3674	102
3675	102
3675	101
3676	101
3676	100
3678	100
3678	99
3679	99
3679	98
3680	98
3680	97
3703	97
3703	98
3704	98
3704	99
3705	99
3705	100
3708	100
3708	101
3709	101
3709	102
3710	102
3710	107
3711	107
3711	108
3712	108
3712	109
3713	109
3713	110
3714	110
3714	111
3715	111
3715	112
3716	112
3716	113
3717	113
3717	114
3718	114
3718	115
3719	115
3719	116
3720	116
3720	117
3721	117
3721	118
3722	118
3722	119
3723	119
3723	120
3724	120
3724	121
3725	121
3725	122
3726	122
3726	123
3727	123
3727	124
3728	124
3728	125
3730	125
3730	126
3731	126
3731	127
3732	127
3732	129
3733	129
3733	130
3734	130
3734	132
3736	132
3736	133
3737	133
3737	134
3738	134
3738	136
3740	136
3740	137
3741	137
3741	138
3742	138
3742	143
3743	143
3743	144
3745	144
3745	145
3747	145
3747	146
3748	146
3748	147
3749	147
3749	148
3752	148
3752	149
3753	149
3753	150
3754	150
3754	152
3755	152
3755	153
3758	153
3758	154
3759	154
3759	155
3762	155
3762	156
3763	156
3763	157
3764	157
3764	159
3766	159
3766	160
3770	160
3770	161
3771	161
3771	162
3772	162
3772	164
3775	164
3775	165
3776	165
3776	166
3777	166
3777	167
3778	167
3778	168
3785	168
3785	169
3787	169
3787	170
3789	170
3789	171
3790	171
3790	172
3822	172
3822	171
3823	171
3823	170
3824	170
3824	169
3827	169
3827	168
3828	168
3828	167
3829	167
3829	166
3830	166
3830	165
3831	165
3831	164
3832	164
3832	163
3835	163
3835	162
3836	162
3836	161
3838	161
3838	160
3839	160
3839	158
3840	158
3840	157
3841	157
3841	156
3844	156
3844	155
3845	155
3845	154
3846	154
3846	153
3847	153
3847	152
3852	152
3852	150
3853	150
3853	149
3854	149
3854	148
3861	148
3861	144
3862	144
3862	143
3863	143
3863	142
3864	142
3864	141
3865	141
3865	140
3866	140
3866	139
3867	139
3867	138
3868	138
3868	137
3869	137
3869	136
3872	136
3872	135
3873	135
3873	134
3874	134
3874	133
3875	133
3875	132
3877	132
3877	131
3879	131
3879	130
3880	130
3880	129
3883	129
3883	128
3909	128
3909	126
3910	126
3910	125
3911	125
3911	124
3913	124
3913	123
3914	123
3914	122
3915	122
3915	121
3916	121
3916	120
3920	120
3920	119
3922	119
3922	118
3923	118
3923	117
3924	117
3924	116
3925	116
3925	115
3930	115
3930	114
3931	114
3931	113
3932	113
3932	112
3945	112
3945	106
3946	106
3946	87
3947	87
3947	86
3948	86
3948	84
3949	84
3949	75
3950	75
3950	73
3951	73
3951	72
3952	72
3952	68
3953	68
3953	67
3954	67
3954	66
3955	66
3955	65
3956	65
3956	62
3957	62
3957	59
3958	59
3958	54
3959	54
3959	53
3960	53
3960	50
3961	50
3961	48
3962	48
3962	47
3963	47
3963	46
3964	46
3964	45
3965	45
3965	43
3966	43
3966	42
3967	42
3967	41
3968	41
3968	40
3971	40
3971	38
3972	38
3972	37
3973	37
3973	36
3974	36
3974	35
3975	35
3975	34
3976	34
3976	33
3977	33
3977	32
3978	32
3978	30
3979	30
3979	29
3980	29
3980	28
3981	28
3981	27
3982	27
3982	22
3983	22
3983	21
3984	21
3984	19
3985	19
3985	18
3986	18
3986	17
3987	17
3987	16
3988	16
3988	15
3993	15
3993	14
3994	14
3994	13
4007	13
4007	12
4053	12
4053	4
4054	4
4054	2
4055	2
4055	1
4056	1
4056	0
4060	0
4060	1
4061	1
4061	2
4062	2
4062	7
4061	7
4061	15
4060	15
4060	17
4059	17
4059	18
4058	18
4058	19
4056	19
4056	20
4011	20
4011	21
3997	21
3997	22
3996	22
3996	23
3992	23
3992	25
3991	25
3991	26
3990	26
3990	30
3989	30
3989	31
3988	31
3988	33
3987	33
3987	34
3986	34
3986	35
3985	35
3985	37
3984	37
3984	38
3983	38
3983	39
3981	39
3981	41
3980	41
3980	42
3979	42
3979	43
3978	43
3978	45
3977	45
3977	46
3976	46
3976	47
3974	47
3974	48
3973	48
3973	51
3972	51
3972	52
3971	52
3971	53
3969	53
3969	54
3968	54
3968	58
3967	58
3967	59
3966	59
3966	62
3965	62
3965	66
3964	66
3964	70
3963	70
3963	71
3962	71
3962	72
3960	72
3960	75
3959	75
3959	76
3958	76
3958	79
3957	79
3957	87
3956	87
3956	91
3955	91
3955	92
3954	92
3954	110
3953	110
3953	117
3952	117
3952	118
3951	118
3951	119
3948	119
3948	120
3936	120
3936	121
3935	121
3935	122
3934	122
3934	123
3929	123
3929	125
3928	125
3928	126
3927	126
3927	127
3923	127
3923	128
3919	128
3919	129
3918	129
