661	467
662	467
662	468
661	468
661	475
662	475
662	476
663	476
663	477
664	477
664	478
663	478
663	481
664	481
664	483
665	483
665	485
666	485
666	487
667	487
667	489
668	489
668	492
669	492
669	495
670	495
670	499
669	499
669	500
668	500
668	501
667	501
667	505
668	505
668	506
667	506
667	513
666	513
666	519
665	519
665	521
666	521
666	522
665	522
665	523
666	523
666	524
665	524
665	534
664	534
664	537
663	537
663	547
664	547
664	552
665	552
665	553
666	553
666	557
667	557
667	559
668	559
668	560
669	560
669	561
670	561
670	562
679	562
679	563
680	563
680	562
686	562
686	561
687	561
687	562
691	562
691	563
692	563
692	564
694	564
694	565
695	565
695	564
696	564
696	565
704	565
704	566
706	566
706	567
709	567
709	568
710	568
710	569
713	569
713	570
714	570
714	571
715	571
715	572
716	572
716	573
718	573
718	575
719	575
719	576
721	576
721	575
724	575
724	576
730	576
730	577
733	577
733	579
735	579
735	580
736	580
736	582
737	582
737	583
738	583
738	584
742	584
742	583
743	583
743	584
754	584
754	585
755	585
755	586
756	586
756	587
762	587
762	586
766	586
766	585
770	585
770	584
771	584
771	583
772	583
772	582
774	582
774	581
776	581
776	580
777	580
777	579
778	579
778	578
779	578
779	576
781	576
781	574
782	574
782	572
783	572
783	571
784	571
784	570
786	570
786	567
787	567
787	568
789	568
789	567
791	567
791	566
794	566
794	565
795	565
795	564
796	564
796	562
799	562
799	561
803	561
803	562
805	562
805	561
806	561
806	562
811	562
811	559
812	559
812	550
813	550
813	541
814	541
814	540
813	540
813	537
814	537
814	536
813	536
813	535
814	535
814	519
815	519
815	518
814	518
814	517
815	517
815	516
814	516
814	507
815	507
815	493
816	493
816	490
817	490
817	488
818	488
818	487
819	487
819	486
820	486
820	485
821	485
821	484
823	484
823	483
825	483
825	481
826	481
826	480
827	480
827	477
828	477
828	476
829	476
829	475
830	475
830	474
832	474
832	473
835	473
835	472
837	472
837	466
838	466
838	458
839	458
839	455
840	455
840	453
841	453
841	450
842	450
842	449
843	449
843	448
844	448
844	447
845	447
845	446
846	446
846	445
847	445
847	444
850	444
850	443
851	443
851	444
862	444
862	442
863	442
863	441
864	441
864	440
866	440
866	439
868	439
868	438
870	438
870	439
874	439
874	432
875	432
875	430
876	430
876	429
877	429
877	428
878	428
878	427
879	427
879	426
880	426
880	425
882	425
882	424
884	424
884	420
885	420
885	418
886	418
886	415
887	415
887	414
888	414
888	413
887	413
887	410
888	410
888	408
889	408
889	407
891	407
891	406
892	406
892	404
894	404
894	402
895	402
895	398
896	398
896	394
897	394
897	390
898	390
898	389
899	389
899	387
900	387
900	385
901	385
901	384
904	384
904	383
906	383
906	382
909	382
909	381
917	381
917	382
920	382
920	383
921	383
921	384
923	384
923	386
924	386
924	387
925	387
925	388
927	388
927	390
928	390
928	392
929	392
929	393
930	393
930	395
931	395
931	401
932	401
932	402
931	402
931	409
932	409
932	410
933	410
933	413
934	413
934	414
935	414
935	415
937	415
937	417
938	417
938	418
944	418
944	419
946	419
946	420
948	420
948	421
950	421
950	422
952	422
952	424
954	424
954	426
955	426
955	428
956	428
956	432
957	432
957	435
956	435
956	436
957	436
957	439
956	439
956	445
957	445
957	446
956	446
956	449
955	449
955	450
956	450
956	451
955	451
955	452
956	452
956	463
958	463
958	464
957	464
957	465
958	465
958	468
957	468
957	470
958	470
958	472
959	472
959	473
960	473
960	476
961	476
961	480
962	480
962	482
963	482
963	481
965	481
965	480
966	480
966	479
967	479
967	478
970	478
970	476
973	476
973	475
974	475
974	476
977	476
977	477
980	477
980	478
981	478
981	479
983	479
983	480
991	480
991	481
992	481
992	482
993	482
993	483
994	483
994	484
995	484
995	486
996	486
996	487
997	487
997	488
998	488
998	489
1000	489
1000	490
1001	490
1001	489
1002	489
1002	490
1003	490
1003	489
1006	489
1006	488
1009	488
1009	487
1011	487
1011	488
1018	488
1018	482
1019	482
1019	474
1020	474
1020	473
1021	473
1021	472
1020	472
1020	471
1021	471
1021	470
1022	470
1022	468
1023	468
1023	467
1024	467
1024	465
1025	465
1025	464
1029	464
1029	463
1036	463
1036	462
1037	462
1037	463
1038	463
1038	462
1040	462
1040	461
1041	461
1041	459
1042	459
1042	458
1043	458
1043	453
1044	453
1044	444
1045	444
1045	442
1044	442
1044	441
1045	441
1045	437
1046	437
1046	432
1047	432
1047	430
1048	430
1048	428
1049	428
1049	427
1050	427
1050	426
1051	426
1051	425
1054	425
1054	424
1055	424
1055	423
1061	423
1061	424
1065	424
1065	422
1067	422
1067	421
1071	421
1071	420
1074	420
1074	418
1075	418
1075	419
1078	419
1078	418
1080	418
1080	417
1082	417
1082	416
1083	416
1083	415
1084	415
1084	414
1085	414
1085	413
1089	413
1089	412
1096	412
1096	411
1111	411
1111	412
1117	412
1117	413
1119	413
1119	415
1122	415
1122	417
1123	417
1123	418
1124	418
1124	420
1126	420
1126	421
1127	421
1127	422
1128	422
1128	423
1129	423
1129	425
1130	425
1130	428
1132	428
1132	430
1133	430
1133	433
1134	433
1134	434
1135	434
1135	437
1136	437
1136	439
1137	439
1137	440
1138	440
1138	442
1139	442
1139	443
1140	443
1140	445
1141	445
1141	446
1142	446
1142	448
1143	448
1143	449
1144	449
1144	450
1145	450
1145	453
1146	453
1146	456
1147	456
1147	459
1162	459
1162	461
1164	461
1164	463
1165	463
1165	464
1166	464
1166	465
1168	465
1168	466
1170	466
1170	465
1173	465
1173	466
1174	466
1174	468
1175	468
1175	472
1176	472
1176	473
1175	473
1175	474
1176	474
1176	475
1175	475
1175	478
1176	478
1176	480
1177	480
1177	481
1178	481
1178	482
1177	482
1177	487
1178	487
1178	498
1179	498
1179	508
1180	508
1180	509
1182	509
1182	510
1183	510
1183	511
1184	511
1184	513
1185	513
1185	514
1187	514
1187	516
1189	516
1189	517
1190	517
1190	518
1191	518
1191	519
1192	519
1192	520
1194	520
1194	521
1195	521
1195	522
1196	522
1196	528
1197	528
1197	533
1198	533
1198	534
1199	534
1199	537
1200	537
1200	539
1201	539
1201	541
1202	541
1202	544
1203	544
1203	547
1204	547
1204	556
1205	556
1205	557
1207	557
1207	555
1208	555
1208	554
1212	554
1212	555
1214	555
1214	556
1215	556
1215	558
1216	558
1216	562
1217	562
1217	563
1218	563
1218	564
1219	564
1219	565
1221	565
1221	566
1222	566
1222	567
1223	567
1223	569
1224	569
1224	570
1223	570
1223	575
1222	575
1222	576
1223	576
1223	595
1222	595
1222	597
1223	597
1223	600
1222	600
1222	601
1223	601
1223	618
1224	618
1224	619
1223	619
1223	628
1224	628
1224	632
1223	632
1223	635
1224	635
1224	639
1223	639
1223	640
1224	640
1224	643
1223	643
1223	644
1224	644
1224	651
1225	651
1225	658
1226	658
1226	662
1228	662
1228	664
1229	664
1229	665
1234	665
1234	666
1235	666
1235	667
1238	667
1238	669
1239	669
1239	668
1245	668
1245	669
1250	669
1250	668
1252	668
1252	669
1254	669
1254	668
1255	668
1255	669
1264	669
1264	668
1269	668
1269	667
1270	667
1270	668
1274	668
1274	669
1277	669
1277	668
1279	668
1279	669
1280	669
1280	668
1284	668
1284	667
1288	667
1288	666
1290	666
1290	665
1291	665
1291	664
1295	664
1295	663
1302	663
1302	664
1303	664
1303	663
1304	663
1304	664
1305	664
1305	663
1309	663
1309	662
1314	662
1314	660
1315	660
1315	657
1316	657
1316	654
1317	654
1317	652
1318	652
1318	650
1319	650
1319	649
1321	649
1321	648
1323	648
1323	647
1326	647
1326	645
1327	645
1327	643
1328	643
1328	642
1330	642
1330	641
1334	641
1334	640
1338	640
1338	639
1339	639
1339	638
1340	638
1340	637
1341	637
1341	636
1343	636
1343	635
1344	635
1344	636
1346	636
1346	635
1349	635
1349	634
1355	634
1355	633
1356	633
1356	630
1357	630
1357	629
1358	629
1358	626
1359	626
1359	624
1360	624
1360	623
1361	623
1361	619
1363	619
1363	614
1364	614
1364	612
1365	612
1365	609
1364	609
1364	606
1365	606
1365	591
1366	591
1366	588
1365	588
1365	585
1366	585
1366	583
1365	583
1365	576
1366	576
1366	573
1365	573
1365	570
1366	570
1366	567
1365	567
1365	560
1366	560
1366	558
1365	558
1365	556
1366	556
1366	555
1367	555
1367	542
1368	542
1368	538
1369	538
1369	537
1370	537
1370	535
1371	535
1371	533
1372	533
1372	531
1374	531
1374	529
1375	529
1375	528
1379	528
1379	527
1381	527
1381	525
1382	525
1382	524
1383	524
1383	521
1384	521
1384	520
1383	520
1383	519
1384	519
1384	518
1385	518
1385	514
1384	514
1384	502
1383	502
1383	500
1384	500
1384	497
1385	497
1385	494
1386	494
1386	492
1385	492
1385	491
1386	491
1386	490
1387	490
1387	480
1388	480
1388	478
1389	478
1389	477
1390	477
1390	476
1392	476
1392	472
1393	472
1393	470
1392	470
1392	469
1391	469
1391	466
1390	466
1390	463
1389	463
1389	462
1388	462
1388	461
1387	461
1387	459
1386	459
1386	457
1387	457
1387	456
1386	456
1386	452
1387	452
1387	451
1388	451
1388	450
1391	450
1391	449
1396	449
1396	448
1405	448
1405	449
1408	449
1408	450
1412	450
1412	451
1413	451
1413	452
1414	452
1414	453
1415	453
1415	454
1417	454
1417	455
1418	455
1418	457
1419	457
1419	459
1420	459
1420	460
1421	460
1421	461
1422	461
1422	462
1423	462
1423	464
1425	464
1425	465
1429	465
1429	464
1430	464
1430	465
1435	465
1435	464
1437	464
1437	463
1438	463
1438	464
1439	464
1439	463
1441	463
1441	461
1442	461
1442	460
1443	460
1443	450
1442	450
1442	446
1441	446
1441	445
1440	445
1440	442
1439	442
1439	441
1440	441
1440	437
1439	437
1439	428
1438	428
1438	416
1439	416
1439	415
1440	415
1440	413
1441	413
1441	414
1443	414
1443	413
1444	413
1444	412
1445	412
1445	411
1447	411
1447	410
1448	410
1448	409
1449	409
1449	408
1451	408
1451	407
1452	407
1452	406
1454	406
1454	405
1458	405
1458	404
1459	404
1459	402
1460	402
1460	401
1461	401
1461	400
1465	400
1465	401
1467	401
1467	404
1468	404
1468	405
1469	405
1469	406
1471	406
1471	411
1472	411
1472	412
1474	412
1474	413
1476	413
1476	415
1478	415
1478	417
1479	417
1479	422
1480	422
1480	431
1479	431
1479	432
1480	432
1480	433
1481	433
1481	435
1485	435
1485	436
1493	436
1493	435
1498	435
1498	436
1505	436
1505	437
1507	437
1507	438
1508	438
1508	440
1509	440
1509	441
1510	441
1510	444
1511	444
1511	446
1512	446
1512	450
1513	450
1513	452
1514	452
1514	458
1515	458
1515	475
1516	475
1516	476
1515	476
1515	478
1516	478
1516	479
1515	479
1515	481
1519	481
1519	482
1522	482
1522	483
1523	483
1523	485
1524	485
1524	487
1523	487
1523	488
1525	488
1525	489
1526	489
1526	491
1527	491
1527	492
1528	492
1528	493
1529	493
1529	495
1530	495
1530	494
1538	494
1538	493
1539	493
1539	492
1540	492
1540	491
1541	491
1541	490
1543	490
1543	489
1544	489
1544	488
1548	488
1548	489
1550	489
1550	490
1551	490
1551	491
1552	491
1552	492
1564	492
1564	491
1565	491
1565	492
1569	492
1569	493
1572	493
1572	494
1575	494
1575	495
1576	495
1576	496
1577	496
1577	497
1579	497
1579	498
1580	498
1580	497
1581	497
1581	496
1587	496
1587	497
1588	497
1588	499
1589	499
1589	500
1590	500
1590	502
1591	502
1591	504
1592	504
1592	506
1594	506
1594	509
1596	509
1596	510
1597	510
1597	511
1599	511
1599	512
1601	512
1601	513
1602	513
1602	514
1605	514
1605	515
1606	515
1606	516
1608	516
1608	517
1609	517
1609	518
1610	518
1610	519
1611	519
1611	520
1612	520
1612	522
1613	522
1613	523
1614	523
1614	532
1613	532
1613	539
1614	539
1614	540
1616	540
1616	541
1619	541
1619	540
1620	540
1620	539
1621	539
1621	538
1623	538
1623	537
1624	537
1624	536
1625	536
1625	534
1627	534
1627	533
1628	533
1628	532
1629	532
1629	531
1631	531
1631	530
1633	530
1633	529
1634	529
1634	528
1635	528
1635	525
1636	525
1636	524
1637	524
1637	517
1636	517
1636	512
1635	512
1635	507
1634	507
1634	504
1633	504
1633	500
1632	500
1632	496
1631	496
1631	492
1630	492
1630	488
1629	488
1629	485
1628	485
1628	484
1627	484
1627	482
1626	482
1626	479
1625	479
1625	478
1624	478
1624	467
1623	467
1623	465
1624	465
1624	462
1623	462
1623	459
1624	459
1624	457
1625	457
1625	456
1628	456
1628	455
1629	455
1629	454
1630	454
1630	453
1631	453
1631	451
1632	451
1632	450
1633	450
1633	447
1634	447
1634	445
1637	445
1637	444
1638	444
1638	443
1640	443
1640	442
1642	442
1642	441
1643	441
1643	440
1648	440
1648	439
1654	439
1654	438
1656	438
1656	439
1657	439
1657	438
1659	438
1659	439
1663	439
1663	440
1665	440
1665	441
1666	441
1666	444
1667	444
1667	447
1668	447
1668	450
1669	450
1669	454
1670	454
1670	458
1671	458
1671	460
1672	460
1672	462
1673	462
1673	463
1674	463
1674	465
1675	465
1675	467
1676	467
1676	469
1677	469
1677	470
1678	470
1678	474
1679	474
1679	475
1680	475
1680	477
1681	477
1681	478
1682	478
1682	479
1683	479
1683	478
1688	478
1688	479
1692	479
1692	478
1694	478
1694	477
1696	477
1696	476
1698	476
1698	475
1700	475
1700	474
1705	474
1705	473
1709	473
1709	472
1710	472
1710	471
1711	471
1711	470
1712	470
1712	469
1715	469
1715	468
1716	468
1716	466
1717	466
1717	461
1718	461
1718	459
1719	459
1719	457
1718	457
1718	456
1719	456
1719	454
1718	454
1718	453
1719	453
1719	448
1720	448
1720	447
1719	447
1719	445
1720	445
1720	444
1721	444
1721	441
1722	441
1722	440
1723	440
1723	435
1724	435
1724	432
1725	432
1725	431
1726	431
1726	430
1727	430
1727	429
1728	429
1728	428
1729	428
1729	426
1730	426
1730	425
1731	425
1731	424
1732	424
1732	423
1735	423
1735	422
1737	422
1737	421
1739	421
1739	420
1741	420
1741	419
1743	419
1743	418
1744	418
1744	417
1746	417
1746	416
1750	416
1750	415
1753	415
1753	414
1757	414
1757	413
1759	413
1759	412
1763	412
1763	411
1773	411
1773	410
1774	410
1774	409
1776	409
1776	410
1777	410
1777	409
1780	409
1780	408
1784	408
1784	406
1785	406
1785	405
1786	405
1786	404
1787	404
1787	403
1788	403
1788	402
1789	402
1789	400
1790	400
1790	399
1791	399
1791	397
1792	397
1792	396
1795	396
1795	395
1798	395
1798	394
1800	394
1800	393
1802	393
1802	392
1808	392
1808	393
1809	393
1809	392
1810	392
1810	393
1813	393
1813	394
1817	394
1817	395
1818	395
1818	394
1820	394
1820	395
1822	395
1822	396
1824	396
1824	397
1825	397
1825	398
1826	398
1826	399
1827	399
1827	403
1828	403
1828	406
1829	406
1829	408
1830	408
1830	409
1829	409
1829	413
1830	413
1830	414
1829	414
1829	415
1830	415
1830	416
1829	416
1829	418
1830	418
1830	420
1829	420
1829	421
1830	421
1830	441
1829	441
1829	442
1830	442
1830	443
1829	443
1829	444
1828	444
1828	445
1829	445
1829	446
1828	446
1828	448
1827	448
1827	453
1826	453
1826	462
1827	462
1827	464
1828	464
1828	465
1832	465
1832	466
1837	466
1837	467
1839	467
1839	469
1840	469
1840	470
1841	470
1841	471
1844	471
1844	472
1854	472
1854	471
1856	471
1856	472
1867	472
1867	473
1868	473
1868	472
1871	472
1871	473
1877	473
1877	472
1886	472
1886	471
1888	471
1888	470
1889	470
1889	469
1890	469
1890	468
1891	468
1891	467
1899	467
1899	466
1902	466
1902	465
1904	465
1904	466
1906	466
1906	465
1907	465
1907	464
1910	464
1910	463
1911	463
1911	462
1913	462
1913	461
1916	461
1916	460
1917	460
1917	459
1918	459
1918	458
1920	458
1920	457
1923	457
1923	456
1926	456
1926	455
1929	455
1929	454
1933	454
1933	453
1937	453
1937	451
1939	451
1939	450
1942	450
1942	449
1943	449
1943	448
1946	448
1946	447
1947	447
1947	446
1948	446
1948	445
1950	445
1950	444
1951	444
1951	441
1952	441
1952	440
1954	440
1954	439
1956	439
1956	440
1959	440
1959	441
1960	441
1960	440
1963	440
1963	438
1964	438
1964	437
1963	437
1963	436
1964	436
1964	434
1965	434
1965	429
1966	429
1966	426
1967	426
1967	424
1968	424
1968	422
1969	422
1969	420
1970	420
1970	417
1971	417
1971	414
1972	414
1972	412
1973	412
1973	411
1974	411
1974	410
1975	410
1975	409
1976	409
1976	408
1977	408
1977	407
1978	407
1978	406
1979	406
1979	405
1980	405
1980	404
1981	404
1981	403
1985	403
1985	402
1987	402
1987	401
1988	401
1988	399
1989	399
1989	398
1990	398
1990	397
1992	397
1992	396
1993	396
1993	395
1998	395
1998	394
2004	394
2004	395
2006	395
2006	396
2016	396
2016	397
2018	397
2018	396
2021	396
2021	395
2022	395
2022	394
2023	394
2023	392
2024	392
2024	387
2023	387
2023	383
2024	383
2024	381
2025	381
2025	380
2027	380
2027	379
2029	379
2029	378
2030	378
2030	374
2031	374
2031	369
2032	369
2032	365
2033	365
2033	364
2032	364
2032	363
2033	363
2033	362
2032	362
2032	358
2033	358
2033	346
2032	346
2032	343
2033	343
2033	339
2032	339
2032	336
2033	336
2033	327
2034	327
2034	323
2033	323
2033	317
2034	317
2034	311
2035	311
2035	305
2036	305
2036	304
2035	304
2035	295
2034	295
2034	288
2033	288
2033	285
2034	285
2034	277
2035	277
2035	275
2034	275
2034	274
2035	274
2035	266
2034	266
2034	265
2033	265
2033	261
2032	261
2032	258
2031	258
2031	256
2030	256
2030	254
2029	254
2029	249
2028	249
2028	239
2029	239
2029	238
2030	238
2030	237
2034	237
2034	236
2038	236
2038	235
2045	235
2045	234
2051	234
2051	235
2054	235
2054	237
2055	237
2055	238
2056	238
2056	239
2058	239
2058	240
2060	240
2060	241
2062	241
2062	243
2064	243
2064	244
2065	244
2065	246
2068	246
2068	247
2070	247
2070	248
2072	248
2072	249
2073	249
2073	250
2074	250
2074	251
2075	251
2075	252
2077	252
2077	254
2078	254
2078	256
2079	256
2079	259
2080	259
2080	260
2081	260
2081	261
2080	261
2080	262
2081	262
2081	265
2084	265
2084	266
2086	266
2086	267
2088	267
2088	268
2092	268
2092	269
2094	269
2094	275
2095	275
2095	278
2096	278
2096	279
2095	279
2095	285
2096	285
2096	286
2095	286
2095	287
2096	287
2096	296
2097	296
2097	297
2096	297
2096	298
2097	298
2097	300
2098	300
2098	302
2099	302
2099	303
2100	303
2100	305
2108	305
2108	306
2111	306
2111	307
2113	307
2113	308
2117	308
2117	307
2123	307
2123	308
2124	308
2124	309
2126	309
2126	308
2128	308
2128	309
2129	309
2129	308
2132	308
2132	309
2139	309
2139	308
2143	308
2143	307
2144	307
2144	306
2147	306
2147	305
2149	305
2149	304
2150	304
2150	302
2151	302
2151	301
2152	301
2152	300
2154	300
2154	299
2155	299
2155	297
2158	297
2158	295
2159	295
2159	293
2160	293
2160	292
2161	292
2161	290
2162	290
2162	288
2163	288
2163	286
2164	286
2164	279
2163	279
2163	277
2164	277
2164	275
2163	275
2163	267
2162	267
2162	266
2163	266
2163	263
2162	263
2162	256
2161	256
2161	251
2160	251
2160	248
2161	248
2161	247
2162	247
2162	245
2161	245
2161	244
2162	244
2162	242
2163	242
2163	240
2162	240
2162	238
2161	238
2161	237
2160	237
2160	236
2159	236
2159	233
2158	233
2158	232
2159	232
2159	225
2161	225
2161	223
2162	223
2162	222
2161	222
2161	220
2162	220
2162	217
2163	217
2163	216
2164	216
2164	214
2165	214
2165	213
2166	213
2166	212
2169	212
2169	210
2170	210
2170	209
2172	209
2172	208
2173	208
2173	207
2174	207
2174	206
2175	206
2175	198
2176	198
2176	195
2177	195
2177	193
2178	193
2178	192
2179	192
2179	190
2180	190
2180	187
2181	187
2181	186
2182	186
2182	185
2187	185
2187	186
2188	186
2188	187
2189	187
2189	185
2190	185
2190	182
2189	182
2189	180
2190	180
2190	177
2192	177
2192	176
2194	176
2194	175
2196	175
2196	176
2198	176
2198	177
2199	177
2199	178
2201	178
2201	180
2202	180
2202	184
2203	184
2203	185
2204	185
2204	186
2203	186
2203	187
2205	187
2205	191
2206	191
2206	193
2207	193
2207	196
2208	196
2208	200
2209	200
2209	203
2210	203
2210	204
2211	204
2211	205
2212	205
2212	206
2213	206
2213	207
2214	207
2214	209
2215	209
2215	212
2216	212
2216	220
2217	220
2217	223
2218	223
2218	226
2222	226
2222	227
2225	227
2225	228
2226	228
2226	229
2227	229
2227	230
2229	230
2229	231
2231	231
2231	230
2232	230
2232	231
2233	231
2233	232
2234	232
2234	234
2235	234
2235	236
2237	236
2237	238
2238	238
2238	239
2241	239
2241	240
2250	240
2250	241
2254	241
2254	242
2256	242
2256	243
2257	243
2257	246
2261	246
2261	247
2266	247
2266	248
2268	248
2268	247
2270	247
2270	246
2272	246
2272	245
2273	245
2273	244
2274	244
2274	242
2276	242
2276	241
2277	241
2277	240
2278	240
2278	234
2279	234
2279	226
2280	226
2280	222
2281	222
2281	219
2280	219
2280	218
2281	218
2281	217
2282	217
2282	212
2283	212
2283	208
2284	208
2284	205
2285	205
2285	199
2286	199
2286	197
2287	197
2287	195
2288	195
2288	194
2289	194
2289	192
2290	192
2290	191
2291	191
2291	190
2292	190
2292	187
2293	187
2293	186
2294	186
2294	183
2295	183
2295	182
2296	182
2296	181
2297	181
2297	180
2298	180
2298	179
2299	179
2299	178
2301	178
2301	177
2302	177
2302	176
2303	176
2303	169
2304	169
2304	168
2305	168
2305	167
2307	167
2307	164
2308	164
2308	162
2309	162
2309	157
2310	157
2310	154
2311	154
2311	151
2312	151
2312	150
2313	150
2313	147
2314	147
2314	141
2315	141
2315	138
2314	138
2314	136
2315	136
2315	134
2316	134
2316	131
2315	131
2315	123
2316	123
2316	120
2317	120
2317	119
2316	119
2316	112
2317	112
2317	110
2318	110
2318	108
2319	108
2319	105
2320	105
2320	104
2322	104
2322	102
2323	102
2323	101
2325	101
2325	100
2327	100
2327	99
2328	99
2328	98
2329	98
2329	97
2330	97
2330	96
2332	96
2332	95
2338	95
2338	94
2339	94
2339	95
2343	95
2343	94
2345	94
2345	93
2346	93
2346	92
2345	92
2345	90
2346	90
2346	88
2352	88
2352	89
2353	89
2353	92
2354	92
2354	94
2353	94
2353	95
2354	95
2354	97
2353	97
2353	98
2351	98
2351	99
2350	99
2350	100
2349	100
2349	101
2345	101
2345	102
2336	102
2336	103
2333	103
2333	105
2331	105
2331	106
2329	106
2329	107
2327	107
2327	108
2326	108
2326	110
2325	110
2325	111
2324	111
2324	112
2323	112
2323	114
2324	114
2324	115
2323	115
2323	119
2322	119
2322	121
2323	121
2323	126
2322	126
2322	141
2321	141
2321	144
2320	144
2320	145
2321	145
2321	146
2320	146
2320	150
2321	150
2321	151
2320	151
2320	152
2319	152
2319	153
2318	153
2318	155
2317	155
2317	157
2316	157
2316	160
2315	160
2315	164
2314	164
2314	168
2313	168
2313	170
2312	170
2312	173
2311	173
2311	174
2310	174
2310	177
2309	177
2309	180
2308	180
2308	181
2307	181
2307	183
2305	183
2305	184
2304	184
2304	185
2303	185
2303	186
2301	186
2301	188
2299	188
2299	194
2298	194
2298	195
2297	195
2297	196
2296	196
2296	197
2295	197
2295	198
2294	198
2294	200
2293	200
2293	202
2292	202
2292	207
2291	207
2291	209
2290	209
2290	212
2289	212
2289	214
2288	214
2288	218
2287	218
2287	226
2286	226
2286	230
2285	230
2285	239
2284	239
2284	244
2283	244
2283	246
2281	246
2281	247
2280	247
2280	248
2278	248
2278	250
2276	250
2276	252
2275	252
2275	253
2273	253
2273	254
2271	254
2271	255
2267	255
2267	254
2261	254
2261	255
2259	255
2259	254
2251	254
2251	252
2250	252
2250	250
2249	250
2249	247
2245	247
2245	248
2244	248
2244	247
2243	247
2243	248
2241	248
2241	247
2239	247
2239	245
2238	245
2238	244
2237	244
2237	243
2236	243
2236	242
2235	242
2235	241
2233	241
2233	240
2232	240
2232	241
2231	241
2231	240
2232	240
2232	239
2230	239
2230	238
2227	238
2227	237
2225	237
2225	236
2224	236
2224	235
2222	235
2222	234
2217	234
2217	233
2214	233
2214	232
2213	232
2213	226
2212	226
2212	223
2211	223
2211	222
2212	222
2212	221
2211	221
2211	219
2210	219
2210	214
2209	214
2209	213
2208	213
2208	210
2207	210
2207	209
2206	209
2206	208
2205	208
2205	206
2204	206
2204	204
2203	204
2203	201
2202	201
2202	198
2201	198
2201	195
2200	195
2200	194
2199	194
2199	192
2198	192
2198	190
2197	190
2197	189
2196	189
2196	191
2194	191
2194	192
2193	192
2193	193
2192	193
2192	194
2189	194
2189	195
2184	195
2184	196
2183	196
2183	199
2182	199
2182	203
2181	203
2181	207
2180	207
2180	210
2179	210
2179	211
2178	211
2178	213
2177	213
2177	214
2175	214
2175	215
2174	215
2174	216
2172	216
2172	218
2171	218
2171	219
2170	219
2170	220
2169	220
2169	223
2168	223
2168	224
2167	224
2167	227
2169	227
2169	228
2167	228
2167	232
2169	232
2169	233
2170	233
2170	241
2169	241
2169	246
2168	246
2168	248
2169	248
2169	249
2168	249
2168	252
2167	252
2167	254
2168	254
2168	255
2169	255
2169	257
2170	257
2170	259
2169	259
2169	265
2170	265
2170	276
2171	276
2171	287
2170	287
2170	289
2169	289
2169	290
2170	290
2170	291
2168	291
2168	293
2167	293
2167	295
2166	295
2166	297
2165	297
2165	298
2164	298
2164	299
2163	299
2163	300
2162	300
2162	301
2160	301
2160	303
2159	303
2159	304
2158	304
2158	305
2157	305
2157	306
2156	306
2156	307
2155	307
2155	308
2156	308
2156	309
2155	309
2155	310
2153	310
2153	312
2149	312
2149	311
2148	311
2148	312
2147	312
2147	313
2146	313
2146	314
2144	314
2144	315
2143	315
2143	314
2142	314
2142	315
2140	315
2140	316
2139	316
2139	315
2124	315
2124	314
2112	314
2112	313
2110	313
2110	314
2109	314
2109	313
2108	313
2108	312
2107	312
2107	313
2100	313
2100	312
2096	312
2096	311
2095	311
2095	310
2094	310
2094	308
2095	308
2095	306
2094	306
2094	304
2093	304
2093	303
2092	303
2092	301
2091	301
2091	300
2090	300
2090	291
2089	291
2089	290
2090	290
2090	287
2089	287
2089	277
2088	277
2088	276
2087	276
2087	275
2085	275
2085	274
2083	274
2083	273
2082	273
2082	272
2078	272
2078	271
2077	271
2077	270
2076	270
2076	267
2075	267
2075	264
2074	264
2074	263
2073	263
2073	260
2072	260
2072	258
2071	258
2071	257
2070	257
2070	256
2068	256
2068	255
2066	255
2066	254
2065	254
2065	253
2064	253
2064	254
2063	254
2063	253
2062	253
2062	252
2060	252
2060	249
2058	249
2058	248
2056	248
2056	247
2054	247
2054	246
2052	246
2052	244
2051	244
2051	243
2049	243
2049	242
2047	242
2047	241
2044	241
2044	242
2042	242
2042	243
2038	243
2038	244
2037	244
2037	246
2036	246
2036	245
2034	245
2034	246
2035	246
2035	248
2036	248
2036	250
2037	250
2037	252
2038	252
2038	256
2039	256
2039	257
2040	257
2040	258
2041	258
2041	262
2042	262
2042	265
2043	265
2043	268
2042	268
2042	273
2043	273
2043	274
2042	274
2042	277
2043	277
2043	278
2042	278
2042	280
2041	280
2041	291
2042	291
2042	295
2043	295
2043	306
2042	306
2042	312
2041	312
2041	316
2040	316
2040	331
2039	331
2039	334
2040	334
2040	337
2039	337
2039	341
2040	341
2040	343
2039	343
2039	345
2040	345
2040	351
2041	351
2041	354
2040	354
2040	355
2039	355
2039	358
2040	358
2040	359
2039	359
2039	360
2040	360
2040	362
2039	362
2039	372
2038	372
2038	374
2037	374
2037	379
2036	379
2036	381
2035	381
2035	384
2034	384
2034	385
2035	385
2035	386
2034	386
2034	387
2033	387
2033	389
2032	389
2032	391
2031	391
2031	394
2030	394
2030	397
2029	397
2029	398
2028	398
2028	399
2027	399
2027	400
2026	400
2026	401
2025	401
2025	402
2023	402
2023	403
2021	403
2021	404
2020	404
2020	403
2019	403
2019	404
2016	404
2016	403
2015	403
2015	404
2013	404
2013	403
2012	403
2012	404
2011	404
2011	403
2008	403
2008	404
2007	404
2007	403
2006	403
2006	404
2005	404
2005	403
2003	403
2003	402
1996	402
1996	403
1995	403
1995	404
1994	404
1994	405
1992	405
1992	407
1991	407
1991	408
1988	408
1988	409
1985	409
1985	410
1984	410
1984	411
1983	411
1983	412
1982	412
1982	413
1981	413
1981	414
1980	414
1980	415
1979	415
1979	416
1978	416
1978	419
1977	419
1977	420
1978	420
1978	421
1977	421
1977	425
1976	425
1976	427
1975	427
1975	428
1974	428
1974	429
1973	429
1973	430
1972	430
1972	436
1971	436
1971	438
1970	438
1970	440
1969	440
1969	443
1968	443
1968	445
1967	445
1967	447
1966	447
1966	448
1964	448
1964	449
1957	449
1957	450
1956	450
1956	451
1955	451
1955	450
1953	450
1953	451
1952	451
1952	452
1951	452
1951	453
1950	453
1950	454
1948	454
1948	455
1946	455
1946	456
1944	456
1944	457
1942	457
1942	458
1940	458
1940	459
1939	459
1939	458
1938	458
1938	459
1937	459
1937	460
1933	460
1933	461
1929	461
1929	462
1927	462
1927	463
1924	463
1924	464
1920	464
1920	466
1919	466
1919	465
1918	465
1918	466
1917	466
1917	467
1914	467
1914	468
1913	468
1913	469
1912	469
1912	471
1910	471
1910	472
1908	472
1908	473
1906	473
1906	474
1904	474
1904	473
1899	473
1899	474
1895	474
1895	475
1894	475
1894	476
1891	476
1891	477
1889	477
1889	478
1887	478
1887	479
1879	479
1879	480
1876	480
1876	481
1875	481
1875	480
1870	480
1870	479
1868	479
1868	480
1862	480
1862	479
1861	479
1861	480
1860	480
1860	479
1848	479
1848	478
1841	478
1841	477
1840	477
1840	476
1839	476
1839	475
1838	475
1838	474
1836	474
1836	473
1831	473
1831	472
1829	472
1829	473
1827	473
1827	472
1824	472
1824	471
1823	471
1823	469
1822	469
1822	468
1823	468
1823	467
1822	467
1822	465
1821	465
1821	463
1820	463
1820	458
1821	458
1821	451
1822	451
1822	449
1823	449
1823	446
1824	446
1824	439
1825	439
1825	432
1824	432
1824	421
1823	421
1823	412
1822	412
1822	407
1821	407
1821	406
1820	406
1820	405
1819	405
1819	404
1818	404
1818	402
1814	402
1814	401
1811	401
1811	400
1808	400
1808	401
1807	401
1807	400
1804	400
1804	401
1798	401
1798	402
1797	402
1797	403
1795	403
1795	406
1794	406
1794	409
1793	409
1793	411
1792	411
1792	413
1790	413
1790	414
1788	414
1788	415
1786	415
1786	416
1785	416
1785	415
1784	415
1784	416
1780	416
1780	417
1775	417
1775	418
1768	418
1768	419
1762	419
1762	420
1757	420
1757	421
1755	421
1755	422
1752	422
1752	423
1751	423
1751	424
1746	424
1746	425
1745	425
1745	426
1742	426
1742	427
1741	427
1741	428
1739	428
1739	429
1736	429
1736	430
1735	430
1735	432
1734	432
1734	433
1733	433
1733	434
1732	434
1732	435
1730	435
1730	436
1729	436
1729	443
1728	443
1728	445
1727	445
1727	448
1726	448
1726	457
1725	457
1725	460
1726	460
1726	461
1725	461
1725	462
1724	462
1724	466
1723	466
1723	469
1722	469
1722	472
1721	472
1721	473
1720	473
1720	474
1719	474
1719	475
1717	475
1717	476
1716	476
1716	477
1714	477
1714	478
1712	478
1712	479
1710	479
1710	480
1708	480
1708	482
1702	482
1702	483
1701	483
1701	482
1700	482
1700	483
1698	483
1698	484
1696	484
1696	485
1691	485
1691	486
1687	486
1687	487
1686	487
1686	486
1678	486
1678	485
1677	485
1677	484
1676	484
1676	479
1675	479
1675	478
1674	478
1674	476
1673	476
1673	474
1672	474
1672	472
1671	472
1671	470
1670	470
1670	469
1669	469
1669	467
1668	467
1668	465
1667	465
1667	464
1666	464
1666	462
1665	462
1665	460
1664	460
1664	456
1663	456
1663	455
1662	455
1662	454
1663	454
1663	453
1662	453
1662	451
1661	451
1661	450
1662	450
1662	449
1661	449
1661	447
1660	447
1660	446
1651	446
1651	447
1650	447
1650	448
1644	448
1644	449
1642	449
1642	450
1641	450
1641	451
1639	451
1639	452
1638	452
1638	456
1636	456
1636	457
1635	457
1635	459
1634	459
1634	460
1633	460
1633	461
1632	461
1632	462
1631	462
1631	466
1630	466
1630	470
1631	470
1631	471
1630	471
1630	472
1631	472
1631	476
1632	476
1632	479
1633	479
1633	480
1634	480
1634	482
1635	482
1635	484
1636	484
1636	487
1637	487
1637	493
1638	493
1638	496
1639	496
1639	497
1638	497
1638	498
1639	498
1639	500
1640	500
1640	503
1641	503
1641	506
1642	506
1642	507
1641	507
1641	508
1642	508
1642	509
1643	509
1643	514
1644	514
1644	515
1643	515
1643	516
1644	516
1644	517
1643	517
1643	519
1644	519
1644	523
1643	523
1643	527
1642	527
1642	530
1641	530
1641	531
1640	531
1640	532
1639	532
1639	533
1638	533
1638	534
1637	534
1637	535
1635	535
1635	536
1633	536
1633	537
1632	537
1632	538
1630	538
1630	540
1629	540
1629	541
1628	541
1628	542
1627	542
1627	543
1626	543
1626	544
1625	544
1625	545
1624	545
1624	546
1623	546
1623	547
1622	547
1622	548
1617	548
1617	549
1616	549
1616	548
1615	548
1615	549
1610	549
1610	548
1608	548
1608	546
1607	546
1607	543
1608	543
1608	541
1609	541
1609	534
1608	534
1608	533
1609	533
1609	531
1608	531
1608	525
1607	525
1607	524
1606	524
1606	523
1605	523
1605	522
1603	522
1603	521
1602	521
1602	520
1600	520
1600	519
1598	519
1598	518
1597	518
1597	517
1596	517
1596	516
1591	516
1591	515
1588	515
1588	513
1587	513
1587	510
1586	510
1586	507
1585	507
1585	504
1583	504
1583	505
1584	505
1584	506
1582	506
1582	505
1579	505
1579	504
1578	504
1578	503
1577	503
1577	502
1576	502
1576	501
1574	501
1574	500
1572	500
1572	499
1548	499
1548	498
1547	498
1547	496
1544	496
1544	497
1543	497
1543	499
1541	499
1541	500
1539	500
1539	501
1537	501
1537	502
1528	502
1528	501
1527	501
1527	496
1526	496
1526	495
1525	495
1525	494
1523	494
1523	492
1521	492
1521	491
1520	491
1520	490
1518	490
1518	489
1511	489
1511	490
1509	490
1509	489
1510	489
1510	488
1509	488
1509	483
1510	483
1510	474
1509	474
1509	460
1508	460
1508	453
1507	453
1507	450
1506	450
1506	449
1505	449
1505	447
1504	447
1504	446
1503	446
1503	445
1502	445
1502	443
1500	443
1500	442
1499	442
1499	443
1498	443
1498	442
1490	442
1490	443
1486	443
1486	442
1485	442
1485	443
1481	443
1481	444
1480	444
1480	443
1475	443
1475	442
1474	442
1474	436
1475	436
1475	434
1474	434
1474	433
1473	433
1473	431
1472	431
1472	426
1473	426
1473	423
1472	423
1472	421
1471	421
1471	419
1468	419
1468	418
1467	418
1467	419
1465	419
1465	418
1464	418
1464	417
1463	417
1463	415
1462	415
1462	411
1460	411
1460	412
1459	412
1459	413
1457	413
1457	414
1454	414
1454	415
1453	415
1453	416
1451	416
1451	417
1450	417
1450	419
1448	419
1448	420
1447	420
1447	421
1446	421
1446	422
1445	422
1445	428
1446	428
1446	438
1447	438
1447	442
1448	442
1448	446
1449	446
1449	448
1450	448
1450	455
1451	455
1451	456
1450	456
1450	458
1451	458
1451	459
1450	459
1450	460
1451	460
1451	463
1450	463
1450	464
1449	464
1449	466
1447	466
1447	468
1444	468
1444	469
1441	469
1441	470
1440	470
1440	471
1438	471
1438	472
1436	472
1436	473
1421	473
1421	472
1420	472
1420	470
1419	470
1419	468
1418	468
1418	467
1417	467
1417	465
1416	465
1416	463
1415	463
1415	462
1414	462
1414	461
1413	461
1413	460
1412	460
1412	459
1411	459
1411	458
1410	458
1410	457
1408	457
1408	456
1404	456
1404	457
1403	457
1403	456
1398	456
1398	457
1396	457
1396	462
1397	462
1397	464
1398	464
1398	467
1399	467
1399	479
1398	479
1398	480
1397	480
1397	481
1396	481
1396	482
1395	482
1395	483
1394	483
1394	486
1393	486
1393	497
1392	497
1392	499
1391	499
1391	509
1392	509
1392	517
1391	517
1391	523
1390	523
1390	526
1389	526
1389	527
1388	527
1388	529
1387	529
1387	531
1385	531
1385	532
1383	532
1383	533
1381	533
1381	534
1380	534
1380	535
1379	535
1379	536
1378	536
1378	537
1377	537
1377	538
1376	538
1376	540
1375	540
1375	542
1374	542
1374	547
1375	547
1375	548
1374	548
1374	556
1373	556
1373	561
1372	561
1372	563
1373	563
1373	570
1372	570
1372	571
1373	571
1373	577
1372	577
1372	582
1373	582
1373	585
1372	585
1372	589
1373	589
1373	593
1372	593
1372	606
1373	606
1373	608
1372	608
1372	615
1371	615
1371	618
1370	618
1370	620
1369	620
1369	623
1368	623
1368	625
1367	625
1367	626
1366	626
1366	629
1365	629
1365	634
1366	634
1366	638
1365	638
1365	639
1364	639
1364	640
1363	640
1363	641
1362	641
1362	642
1356	642
1356	641
1351	641
1351	642
1348	642
1348	643
1344	643
1344	644
1342	644
1342	645
1340	645
1340	646
1338	646
1338	647
1334	647
1334	648
1333	648
1333	650
1332	650
1332	651
1331	651
1331	653
1329	653
1329	654
1328	654
1328	653
1326	653
1326	654
1324	654
1324	656
1323	656
1323	657
1322	657
1322	659
1321	659
1321	665
1320	665
1320	666
1319	666
1319	667
1318	667
1318	668
1317	668
1317	669
1314	669
1314	670
1309	670
1309	671
1308	671
1308	670
1307	670
1307	671
1306	671
1306	670
1294	670
1294	672
1291	672
1291	673
1287	673
1287	674
1281	674
1281	675
1274	675
1274	674
1270	674
1270	675
1267	675
1267	676
1266	676
1266	677
1265	677
1265	678
1264	678
1264	677
1262	677
1262	676
1252	676
1252	675
1250	675
1250	676
1247	676
1247	675
1245	675
1245	676
1241	676
1241	675
1240	675
1240	676
1239	676
1239	675
1237	675
1237	674
1233	674
1233	673
1231	673
1231	671
1229	671
1229	670
1228	670
1228	671
1226	671
1226	670
1223	670
1223	669
1222	669
1222	667
1221	667
1221	665
1222	665
1222	664
1221	664
1221	658
1220	658
1220	652
1219	652
1219	647
1218	647
1218	642
1219	642
1219	641
1218	641
1218	638
1219	638
1219	637
1218	637
1218	636
1219	636
1219	633
1218	633
1218	630
1217	630
1217	629
1218	629
1218	616
1217	616
1217	613
1218	613
1218	605
1217	605
1217	599
1218	599
1218	595
1217	595
1217	575
1216	575
1216	574
1217	574
1217	573
1216	573
1216	570
1215	570
1215	569
1214	569
1214	568
1213	568
1213	569
1212	569
1212	568
1211	568
1211	567
1210	567
1210	565
1209	565
1209	563
1208	563
1208	564
1206	564
1206	565
1205	565
1205	566
1202	566
1202	565
1201	565
1201	564
1200	564
1200	563
1198	563
1198	553
1197	553
1197	551
1196	551
1196	550
1197	550
1197	548
1196	548
1196	544
1195	544
1195	542
1194	542
1194	541
1193	541
1193	539
1191	539
1191	537
1190	537
1190	527
1189	527
1189	526
1188	526
1188	525
1186	525
1186	524
1185	524
1185	523
1184	523
1184	521
1183	521
1183	519
1182	519
1182	518
1181	518
1181	517
1175	517
1175	516
1174	516
1174	515
1173	515
1173	509
1172	509
1172	507
1171	507
1171	505
1172	505
1172	503
1171	503
1171	502
1172	502
1172	500
1171	500
1171	499
1172	499
1172	495
1171	495
1171	490
1170	490
1170	488
1171	488
1171	486
1170	486
1170	483
1169	483
1169	478
1168	478
1168	477
1167	477
1167	476
1165	476
1165	475
1164	475
1164	474
1163	474
1163	473
1162	473
1162	469
1161	469
1161	468
1159	468
1159	467
1153	467
1153	466
1152	466
1152	467
1143	467
1143	466
1142	466
1142	463
1141	463
1141	462
1142	462
1142	461
1141	461
1141	458
1140	458
1140	456
1139	456
1139	454
1137	454
1137	452
1136	452
1136	450
1135	450
1135	449
1134	449
1134	448
1133	448
1133	446
1132	446
1132	445
1131	445
1131	441
1130	441
1130	440
1129	440
1129	438
1128	438
1128	436
1127	436
1127	434
1126	434
1126	432
1125	432
1125	430
1124	430
1124	429
1123	429
1123	427
1122	427
1122	425
1121	425
1121	423
1119	423
1119	421
1117	421
1117	420
1113	420
1113	419
1103	419
1103	418
1098	418
1098	419
1091	419
1091	420
1088	420
1088	421
1087	421
1087	422
1086	422
1086	423
1085	423
1085	424
1083	424
1083	425
1080	425
1080	426
1078	426
1078	428
1077	428
1077	429
1076	429
1076	430
1077	430
1077	431
1076	431
1076	432
1068	432
1068	431
1067	431
1067	430
1057	430
1057	431
1056	431
1056	432
1055	432
1055	433
1054	433
1054	434
1053	434
1053	435
1052	435
1052	438
1051	438
1051	450
1050	450
1050	453
1051	453
1051	454
1050	454
1050	458
1051	458
1051	459
1049	459
1049	461
1048	461
1048	462
1047	462
1047	463
1046	463
1046	466
1045	466
1045	467
1043	467
1043	468
1036	468
1036	469
1035	469
1035	470
1034	470
1034	469
1030	469
1030	470
1029	470
1029	471
1028	471
1028	472
1027	472
1027	473
1026	473
1026	479
1025	479
1025	487
1024	487
1024	494
1023	494
1023	495
1022	495
1022	496
1019	496
1019	497
1018	497
1018	496
1017	496
1017	497
1016	497
1016	496
1013	496
1013	495
1011	495
1011	496
1001	496
1001	497
997	497
997	496
995	496
995	495
994	495
994	494
993	494
993	492
992	492
992	490
991	490
991	489
988	489
988	487
986	487
986	488
985	488
985	489
984	489
984	490
983	490
983	489
984	489
984	488
985	488
985	486
983	486
983	485
982	485
982	484
981	484
981	483
976	483
976	484
973	484
973	485
974	485
974	486
970	486
970	487
969	487
969	488
968	488
968	489
967	489
967	491
966	491
966	492
960	492
960	491
959	491
959	490
958	490
958	487
957	487
957	486
956	486
956	485
955	485
955	482
954	482
954	476
953	476
953	473
952	473
952	468
951	468
951	462
950	462
950	460
949	460
949	458
950	458
950	456
949	456
949	445
950	445
950	441
949	441
949	440
950	440
950	433
949	433
949	431
948	431
948	429
943	429
943	428
940	428
940	427
939	427
939	426
936	426
936	425
934	425
934	424
932	424
932	422
931	422
931	420
930	420
930	419
929	419
929	418
928	418
928	417
927	417
927	416
926	416
926	412
925	412
925	411
924	411
924	406
923	406
923	404
924	404
924	399
923	399
923	397
922	397
922	395
921	395
921	394
920	394
920	392
919	392
919	391
916	391
916	390
912	390
912	389
911	389
911	390
907	390
907	391
906	391
906	392
907	392
907	393
906	393
906	392
905	392
905	394
904	394
904	395
903	395
903	401
902	401
902	407
901	407
901	408
900	408
900	410
899	410
899	411
897	411
897	412
895	412
895	413
894	413
894	415
893	415
893	416
892	416
892	427
891	427
891	428
889	428
889	430
886	430
886	431
885	431
885	432
884	432
884	433
883	433
883	436
881	436
881	440
880	440
880	442
879	442
879	443
878	443
878	445
877	445
877	446
875	446
875	447
873	447
873	446
872	446
872	447
871	447
871	446
870	446
870	448
868	448
868	449
865	449
865	450
860	450
860	451
859	451
859	450
854	450
854	451
853	451
853	450
850	450
850	451
849	451
849	452
848	452
848	453
847	453
847	455
846	455
846	456
845	456
845	457
846	457
846	459
845	459
845	461
844	461
844	471
843	471
843	473
844	473
844	476
843	476
843	477
842	477
842	478
841	478
841	479
840	479
840	480
835	480
835	481
834	481
834	482
833	482
833	484
832	484
832	485
831	485
831	487
830	487
830	488
829	488
829	489
826	489
826	490
824	490
824	492
823	492
823	494
822	494
822	498
821	498
821	500
822	500
822	501
821	501
821	502
822	502
822	504
821	504
821	507
822	507
822	508
821	508
821	521
820	521
820	543
819	543
819	554
818	554
818	557
817	557
817	565
816	565
816	566
815	566
815	567
814	567
814	568
804	568
804	567
803	567
803	568
801	568
801	569
800	569
800	570
801	570
801	571
798	571
798	572
796	572
796	573
793	573
793	574
791	574
791	575
788	575
788	577
787	577
787	578
786	578
786	580
785	580
785	582
784	582
784	583
783	583
783	584
782	584
782	585
781	585
781	587
779	587
779	588
778	588
778	589
777	589
777	590
773	590
773	591
772	591
772	592
770	592
770	593
771	593
771	594
768	594
768	593
767	593
767	594
765	594
765	596
764	596
764	597
765	597
765	598
763	598
763	599
762	599
762	600
761	600
761	601
759	601
759	600
757	600
757	599
756	599
756	595
754	595
754	594
752	594
752	593
750	593
750	592
747	592
747	591
738	591
738	590
737	590
737	589
736	589
736	588
735	588
735	587
734	587
734	589
735	589
735	590
736	590
736	591
737	591
737	593
738	593
738	595
739	595
739	596
740	596
740	597
741	597
741	599
742	599
742	600
743	600
743	601
744	601
744	603
745	603
745	604
746	604
746	607
748	607
748	608
749	608
749	609
750	609
750	610
751	610
751	612
754	612
754	616
755	616
755	619
754	619
754	618
753	618
753	620
751	620
751	619
749	619
749	618
746	618
746	616
745	616
745	615
744	615
744	613
742	613
742	612
741	612
741	610
740	610
740	609
739	609
739	607
738	607
738	606
737	606
737	604
736	604
736	602
735	602
735	601
734	601
734	600
733	600
733	598
732	598
732	597
731	597
731	602
732	602
732	604
731	604
731	606
732	606
732	627
733	627
733	635
734	635
734	637
735	637
735	643
734	643
734	644
729	644
729	643
728	643
728	642
727	642
727	635
726	635
726	634
727	634
727	631
726	631
726	611
725	611
725	610
726	610
726	609
725	609
725	608
726	608
726	607
725	607
725	606
726	606
726	599
724	599
724	600
722	600
722	602
720	602
720	604
718	604
718	605
717	605
717	606
716	606
716	607
715	607
715	608
714	608
714	609
712	609
712	610
708	610
708	609
706	609
706	607
705	607
705	606
706	606
706	605
708	605
708	604
709	604
709	603
710	603
710	602
711	602
711	601
713	601
713	600
714	600
714	599
715	599
715	598
716	598
716	597
717	597
717	596
718	596
718	595
720	595
720	594
721	594
721	593
722	593
722	592
723	592
723	591
725	591
725	590
726	590
726	589
727	589
727	588
728	588
728	587
734	587
734	586
732	586
732	585
731	585
731	584
727	584
727	583
719	583
719	582
718	582
718	583
717	583
717	582
716	582
716	581
715	581
715	579
713	579
713	578
712	578
712	577
711	577
711	576
708	576
708	575
706	575
706	574
704	574
704	573
700	573
700	572
694	572
694	571
692	571
692	570
689	570
689	569
685	569
685	570
683	570
683	569
676	569
676	570
671	570
671	569
667	569
667	568
666	568
666	567
664	567
664	566
662	566
662	565
661	565
661	563
660	563
660	559
659	559
659	557
658	557
658	553
657	553
657	549
656	549
656	543
657	543
657	542
656	542
656	540
657	540
657	536
658	536
658	527
659	527
659	526
658	526
658	525
659	525
659	513
660	513
660	511
659	511
659	510
660	510
660	508
661	508
661	507
660	507
660	504
661	504
661	500
662	500
662	497
663	497
663	493
662	493
662	490
661	490
661	489
660	489
660	486
659	486
659	485
658	485
658	484
657	484
657	482
656	482
656	481
655	481
655	476
654	476
654	463
653	463
653	459
652	459
652	454
651	454
651	453
650	453
650	452
651	452
651	449
650	449
650	445
649	445
649	443
648	443
648	441
647	441
647	439
646	439
646	436
645	436
645	427
644	427
644	426
645	426
645	424
644	424
644	421
645	421
645	420
644	420
644	416
642	416
642	417
641	417
641	416
642	416
642	415
641	415
641	412
640	412
640	411
639	411
639	409
638	409
638	405
637	405
637	403
636	403
636	401
635	401
635	399
634	399
634	397
632	397
632	396
628	396
628	395
626	395
626	390
625	390
625	387
624	387
624	385
623	385
623	383
622	383
622	381
621	381
621	379
619	379
619	378
618	378
618	376
617	376
617	373
615	373
615	370
614	370
614	368
613	368
613	366
612	366
612	365
611	365
611	364
610	364
610	362
609	362
609	360
608	360
608	358
607	358
607	357
606	357
606	355
605	355
605	354
604	354
604	352
603	352
603	350
602	350
602	349
601	349
601	346
600	346
600	344
599	344
599	343
597	343
597	341
596	341
596	342
595	342
595	341
594	341
594	342
589	342
589	341
587	341
587	340
585	340
585	338
586	338
586	336
587	336
587	334
588	334
588	332
580	332
580	331
574	331
574	333
572	333
572	334
571	334
571	335
570	335
570	336
569	336
569	337
564	337
564	336
563	336
563	335
562	335
562	336
559	336
559	335
558	335
558	336
556	336
556	335
552	335
552	336
550	336
550	337
549	337
549	338
548	338
548	340
547	340
547	341
546	341
546	342
545	342
545	343
541	343
541	344
538	344
538	345
535	345
535	346
529	346
529	348
527	348
527	349
526	349
526	350
525	350
525	352
524	352
524	354
523	354
523	355
522	355
522	356
521	356
521	357
516	357
516	358
515	358
515	359
514	359
514	361
513	361
513	362
514	362
514	363
513	363
513	365
512	365
512	366
511	366
511	367
510	367
510	368
507	368
507	369
506	369
506	370
505	370
505	371
504	371
504	372
503	372
503	376
502	376
502	374
501	374
501	375
500	375
500	376
499	376
499	375
497	375
497	376
492	376
492	377
487	377
487	378
486	378
486	377
483	377
483	378
482	378
482	379
478	379
478	380
466	380
466	378
465	378
465	376
464	376
464	375
463	375
463	373
462	373
462	372
461	372
461	369
457	369
457	368
456	368
456	369
452	369
452	368
451	368
451	369
450	369
450	370
448	370
448	369
447	369
447	370
446	370
446	371
445	371
445	372
440	372
440	371
428	371
428	370
427	370
427	367
426	367
426	366
425	366
425	364
423	364
423	362
422	362
422	361
419	361
419	360
416	360
416	359
415	359
415	358
414	358
414	349
413	349
413	346
412	346
412	345
411	345
411	343
410	343
410	342
409	342
409	341
408	341
408	340
407	340
407	339
406	339
406	338
402	338
402	337
398	337
398	336
397	336
397	335
396	335
396	333
394	333
394	332
393	332
393	331
389	331
389	332
387	332
387	331
386	331
386	330
385	330
385	329
383	329
383	326
382	326
382	325
381	325
381	324
379	324
379	323
375	323
375	322
374	322
374	320
373	320
373	319
372	319
372	318
371	318
371	314
369	314
369	313
368	313
368	312
367	312
367	311
366	311
366	309
365	309
365	305
364	305
364	304
363	304
363	302
361	302
361	301
360	301
360	300
359	300
359	299
358	299
358	298
357	298
357	297
348	297
348	296
347	296
347	295
346	295
346	292
347	292
347	290
346	290
346	289
347	289
347	278
346	278
346	272
345	272
345	264
346	264
346	262
345	262
345	260
346	260
346	255
345	255
345	254
346	254
346	251
347	251
347	245
348	245
348	236
349	236
349	230
348	230
348	228
347	228
347	226
346	226
346	225
344	225
344	224
343	224
343	225
335	225
335	226
334	226
334	225
332	225
332	224
324	224
324	223
322	223
322	222
321	222
321	221
313	221
313	220
310	220
310	219
308	219
308	220
305	220
305	221
304	221
304	222
303	222
303	223
301	223
301	224
298	224
298	225
295	225
295	224
294	224
294	225
293	225
293	224
292	224
292	225
290	225
290	226
287	226
287	225
282	225
282	226
281	226
281	225
279	225
279	226
278	226
278	227
275	227
275	230
274	230
274	232
272	232
272	233
271	233
271	235
269	235
269	236
267	236
267	235
266	235
266	236
261	236
261	237
260	237
260	236
253	236
253	237
250	237
250	238
249	238
249	239
238	239
238	240
230	240
230	239
227	239
227	238
226	238
226	237
225	237
225	236
224	236
224	235
223	235
223	234
221	234
221	233
220	233
220	232
219	232
219	231
218	231
218	230
217	230
217	229
216	229
216	228
215	228
215	227
206	227
206	225
205	225
205	222
203	222
203	220
200	220
200	219
197	219
197	218
196	218
196	216
195	216
195	214
194	214
194	212
192	212
192	211
191	211
191	209
189	209
189	208
186	208
186	207
184	207
184	208
179	208
179	205
178	205
178	202
176	202
176	200
175	200
175	182
174	182
174	181
173	181
173	179
172	179
172	177
171	177
171	175
170	175
170	174
169	174
169	173
167	173
167	172
166	172
166	171
165	171
165	170
164	170
164	169
165	169
165	168
164	168
164	167
165	167
165	162
164	162
164	160
163	160
163	156
162	156
162	152
161	152
161	149
160	149
160	148
159	148
159	145
158	145
158	142
157	142
157	136
156	136
156	135
153	135
153	136
146	136
146	135
145	135
145	131
146	131
146	129
147	129
147	126
148	126
148	123
149	123
149	122
150	122
150	121
149	121
149	120
148	120
148	117
147	117
147	116
146	116
146	115
145	115
145	114
143	114
143	113
142	113
142	111
141	111
141	110
140	110
140	109
137	109
137	107
135	107
135	106
133	106
133	105
117	105
117	104
112	104
112	103
110	103
110	102
109	102
109	101
106	101
106	100
104	100
104	99
102	99
102	98
98	98
98	97
96	97
96	95
94	95
94	94
93	94
93	93
92	93
92	92
91	92
91	91
85	91
85	88
91	88
91	89
98	89
98	90
99	90
99	89
100	89
100	90
103	90
103	91
104	91
104	92
106	92
106	93
109	93
109	94
111	94
111	95
112	95
112	96
116	96
116	97
118	97
118	98
128	98
128	97
129	97
129	98
133	98
133	99
137	99
137	100
139	100
139	101
141	101
141	102
142	102
142	103
144	103
144	104
145	104
145	103
146	103
146	105
147	105
147	106
148	106
148	107
149	107
149	108
150	108
150	109
153	109
153	110
152	110
152	112
153	112
153	113
156	113
156	114
157	114
157	115
158	115
158	120
159	120
159	121
158	121
158	123
159	123
159	124
157	124
157	126
156	126
156	127
155	127
155	128
157	128
157	129
160	129
160	130
164	130
164	132
165	132
165	135
166	135
166	136
165	136
165	141
166	141
166	145
167	145
167	146
168	146
168	150
169	150
169	153
170	153
170	160
171	160
171	164
172	164
172	167
174	167
174	169
175	169
175	171
176	171
176	172
177	172
177	174
178	174
178	175
179	175
179	177
180	177
180	178
182	178
182	180
183	180
183	181
184	181
184	182
183	182
183	185
182	185
182	197
183	197
183	199
189	199
189	198
190	198
190	199
191	199
191	200
192	200
192	201
194	201
194	202
196	202
196	205
198	205
198	208
199	208
199	209
200	209
200	211
201	211
201	212
203	212
203	213
205	213
205	214
206	214
206	215
207	215
207	216
208	216
208	217
209	217
209	219
212	219
212	220
216	220
216	221
217	221
217	220
218	220
218	222
219	222
219	223
220	223
220	224
221	224
221	225
222	225
222	226
223	226
223	228
225	228
225	230
227	230
227	232
229	232
229	233
233	233
233	232
242	232
242	231
245	231
245	230
253	230
253	229
256	229
256	230
257	230
257	229
260	229
260	230
261	230
261	229
263	229
263	228
268	228
268	227
267	227
267	226
268	226
268	227
269	227
269	226
270	226
270	224
271	224
271	223
272	223
272	222
274	222
274	221
275	221
275	220
277	220
277	219
278	219
278	218
280	218
280	217
281	217
281	218
292	218
292	217
298	217
298	216
301	216
301	215
302	215
302	214
304	214
304	213
306	213
306	212
312	212
312	213
322	213
322	214
324	214
324	215
326	215
326	216
333	216
333	217
337	217
337	216
338	216
338	217
341	217
341	216
343	216
343	217
348	217
348	219
349	219
349	220
350	220
350	221
352	221
352	223
353	223
353	224
354	224
354	225
355	225
355	227
356	227
356	228
357	228
357	229
358	229
358	231
359	231
359	232
358	232
358	234
357	234
357	237
355	237
355	242
356	242
356	243
355	243
355	244
354	244
354	248
353	248
353	258
352	258
352	259
353	259
353	260
352	260
352	269
353	269
353	270
352	270
352	280
353	280
353	282
352	282
352	283
353	283
353	289
356	289
356	290
359	290
359	291
362	291
362	295
364	295
364	296
365	296
365	297
366	297
366	299
367	299
367	300
368	300
368	299
370	299
370	300
369	300
369	302
370	302
370	303
371	303
371	305
372	305
372	307
373	307
373	308
374	308
374	310
376	310
376	312
378	312
378	314
379	314
379	315
380	315
380	316
382	316
382	317
383	317
383	319
385	319
385	321
387	321
387	323
393	323
393	324
395	324
395	325
396	325
396	326
397	326
397	327
398	327
398	328
400	328
400	329
405	329
405	331
407	331
407	332
408	332
408	334
409	334
409	335
410	335
410	336
411	336
411	335
412	335
412	336
413	336
413	337
414	337
414	339
417	339
417	340
418	340
418	341
419	341
419	342
420	342
420	344
419	344
419	345
420	345
420	350
421	350
421	353
422	353
422	354
424	354
424	356
425	356
425	357
426	357
426	358
427	358
427	360
428	360
428	361
429	361
429	363
430	363
430	364
432	364
432	363
440	363
440	362
442	362
442	361
443	361
443	362
444	362
444	361
445	361
445	360
447	360
447	361
452	361
452	362
455	362
455	361
459	361
459	362
463	362
463	363
464	363
464	364
467	364
467	365
469	365
469	366
468	366
468	369
469	369
469	371
470	371
470	372
472	372
472	373
477	373
477	372
480	372
480	371
484	371
484	370
489	370
489	369
491	369
491	368
492	368
492	369
493	369
493	368
498	368
498	366
500	366
500	365
501	365
501	364
502	364
502	363
504	363
504	362
506	362
506	359
507	359
507	358
508	358
508	355
509	355
509	354
510	354
510	352
512	352
512	351
514	351
514	350
516	350
516	349
518	349
518	348
519	348
519	347
521	347
521	344
522	344
522	343
523	343
523	342
525	342
525	341
526	341
526	340
528	340
528	339
531	339
531	338
533	338
533	337
538	337
538	336
541	336
541	335
542	335
542	334
543	334
543	332
544	332
544	331
545	331
545	330
547	330
547	329
548	329
548	328
551	328
551	327
552	327
552	328
556	328
556	329
558	329
558	328
563	328
563	329
567	329
567	328
568	328
568	327
569	327
569	326
570	326
570	325
571	325
571	324
576	324
576	325
580	325
580	324
584	324
584	323
585	323
585	324
587	324
587	323
589	323
589	325
591	325
591	326
592	326
592	327
593	327
593	328
595	328
595	329
596	329
596	330
597	330
597	332
598	332
598	333
599	333
599	334
600	334
600	335
601	335
601	336
603	336
603	338
604	338
604	340
605	340
605	342
606	342
606	344
607	344
607	345
608	345
608	347
609	347
609	350
610	350
610	351
611	351
611	353
612	353
612	355
614	355
614	357
613	357
613	358
615	358
615	359
616	359
616	361
617	361
617	362
618	362
618	365
619	365
619	367
620	367
620	368
621	368
621	371
622	371
622	373
624	373
624	374
625	374
625	375
626	375
626	376
627	376
627	377
628	377
628	378
629	378
629	380
630	380
630	383
631	383
631	385
632	385
632	388
633	388
633	389
636	389
636	390
637	390
637	391
639	391
639	394
640	394
640	397
641	397
641	399
642	399
642	400
643	400
643	403
644	403
644	405
645	405
645	407
646	407
646	410
647	410
647	412
649	412
649	413
650	413
650	414
651	414
651	425
652	425
652	426
651	426
651	428
652	428
652	432
653	432
653	434
652	434
652	435
653	435
653	437
654	437
654	439
655	439
655	442
656	442
656	444
657	444
657	446
658	446
658	453
659	453
659	458
660	458
660	463
661	463
