4274	282
4273	282
4273	283
4272	283
4272	284
4271	284
4271	285
4270	285
4270	288
4269	288
4269	292
4268	292
4268	298
4267	298
4267	299
4266	299
4266	303
4265	303
4265	304
4264	304
4264	315
4263	315
4263	316
4262	316
4262	322
4261	322
4261	323
4260	323
4260	334
4259	334
4259	335
4258	335
4258	344
4257	344
4257	345
4256	345
4256	346
4249	346
4249	347
4248	347
4248	348
4247	348
4247	349
4240	349
4240	350
4229	350
4229	351
4228	351
4228	352
4216	352
4216	353
4201	353
4201	354
4200	354
4200	355
4199	355
4199	356
4189	356
4189	357
4188	357
4188	358
4184	358
4184	359
4183	359
4183	360
4182	360
4182	361
4179	361
4179	362
4177	362
4177	363
4176	363
4176	364
4174	364
4174	365
4172	365
4172	367
4171	367
4171	368
4170	368
4170	370
4169	370
4169	371
4168	371
4168	372
4166	372
4166	373
4165	373
4165	375
4164	375
4164	376
4163	376
4163	377
4162	377
4162	379
4161	379
4161	380
4160	380
4160	381
4158	381
4158	383
4157	383
4157	395
4156	395
4156	399
4155	399
4155	400
4154	400
4154	407
4153	407
4153	408
4152	408
4152	412
4151	412
4151	413
4150	413
4150	416
4149	416
4149	420
4148	420
4148	421
4147	421
4147	422
4146	422
4146	423
4145	423
4145	427
4144	427
4144	428
4143	428
4143	430
4142	430
4142	434
4141	434
4141	436
4140	436
4140	437
4139	437
4139	439
4138	439
4138	440
4137	440
4137	448
4136	448
4136	452
4135	452
4135	453
4134	453
4134	454
4133	454
4133	458
4132	458
4132	459
4131	459
4131	460
4129	460
4129	462
4128	462
4128	463
4127	463
4127	464
4124	464
4124	465
4123	465
4123	466
4122	466
4122	467
4121	467
4121	492
4122	492
4122	514
4121	514
4121	519
4120	519
4120	520
4119	520
4119	521
4118	521
4118	534
4117	534
4117	535
4116	535
4116	564
4115	564
4115	565
4114	565
4114	566
4113	566
4113	567
4112	567
4112	568
4111	568
4111	569
4110	569
4110	570
4109	570
4109	571
4108	571
4108	572
4107	572
4107	573
4106	573
4106	574
4105	574
4105	575
4104	575
4104	576
4103	576
4103	577
4102	577
4102	580
4101	580
4101	581
4100	581
4100	583
4099	583
4099	584
4098	584
4098	585
4096	585
4096	588
4095	588
4095	589
4094	589
4094	595
4093	595
4093	596
4092	596
4092	598
4091	598
4091	599
4090	599
4090	604
4089	604
4089	612
4088	612
4088	613
4087	613
4087	614
4086	614
4086	618
4085	618
4085	619
4084	619
4084	620
4082	620
4082	621
4081	621
4081	622
4080	622
4080	626
4079	626
4079	627
4078	627
4078	628
4077	628
4077	631
4076	631
4076	632
4075	632
4075	633
4074	633
4074	634
4073	634
4073	640
4072	640
4072	642
4071	642
4071	643
4070	643
4070	644
4068	644
4068	646
4067	646
4067	647
4066	647
4066	648
4064	648
4064	649
4062	649
4062	651
4061	651
4061	652
4060	652
4060	654
4059	654
4059	655
4058	655
4058	656
4057	656
4057	660
4056	660
4056	667
4055	667
4055	668
4054	668
4054	675
4053	675
4053	676
4052	676
4052	678
4051	678
4051	679
4050	679
4050	680
4042	680
4042	681
4033	681
4033	682
4032	682
4032	683
4031	683
4031	684
4028	684
4028	685
4024	685
4024	686
4022	686
4022	687
4021	687
4021	688
4020	688
4020	689
4019	689
4019	690
4015	690
4015	691
4014	691
4014	692
4012	692
4012	693
4010	693
4010	694
4009	694
4009	695
4008	695
4008	696
4002	696
4002	697
4000	697
4000	698
3999	698
3999	699
3998	699
3998	700
3996	700
3996	701
3991	701
3991	702
3989	702
3989	703
3988	703
3988	704
3986	704
3986	705
3982	705
3982	706
3979	706
3979	707
3978	707
3978	708
3976	708
3976	709
3974	709
3974	711
3973	711
3973	712
3972	712
3972	713
3971	713
3971	714
3969	714
3969	715
3968	715
3968	716
3967	716
3967	717
3966	717
3966	718
3965	718
3965	719
3964	719
3964	720
3959	720
3959	721
3958	721
3958	726
3957	726
3957	727
3956	727
3956	728
3954	728
3954	730
3953	730
3953	732
3952	732
3952	734
3951	734
3951	735
3950	735
3950	736
3949	736
3949	737
3948	737
3948	738
3947	738
3947	739
3946	739
3946	740
3944	740
3944	741
3943	741
3943	742
3942	742
3942	743
3941	743
3941	744
3940	744
3940	746
3939	746
3939	747
3938	747
3938	758
3937	758
3937	762
3936	762
3936	767
3935	767
3935	768
3934	768
3934	769
3933	769
3933	782
3932	782
3932	790
3931	790
3931	791
3930	791
3930	792
3929	792
3929	794
3928	794
3928	795
3927	795
3927	796
3926	796
3926	797
3925	797
3925	802
3924	802
3924	803
3923	803
3923	804
3922	804
3922	806
3921	806
3921	807
3920	807
3920	816
3919	816
3919	817
3918	817
3918	819
3917	819
3917	839
3916	839
3916	843
3915	843
3915	844
3914	844
3914	845
3912	845
3912	847
3911	847
3911	848
3910	848
3910	850
3909	850
3909	851
3908	851
3908	855
3907	855
3907	856
3906	856
3906	860
3905	860
3905	862
3904	862
3904	863
3903	863
3903	864
3902	864
3902	865
3898	865
3898	866
3895	866
3895	867
3894	867
3894	868
3892	868
3892	876
3891	876
3891	877
3890	877
3890	878
3881	878
3881	877
3879	877
3879	876
3874	876
3874	875
3873	875
3873	874
3872	874
3872	873
3871	873
3871	868
3870	868
3870	867
3869	867
3869	866
3868	866
3868	865
3783	865
3783	866
3780	866
3780	867
3779	867
3779	868
3776	868
3776	869
3775	869
3775	870
3772	870
3772	871
3771	871
3771	872
3770	872
3770	873
3767	873
3767	874
3763	874
3763	875
3762	875
3762	876
3733	876
3733	877
3730	877
3730	878
3724	878
3724	879
3723	879
3723	880
3719	880
3719	882
3718	882
3718	883
3717	883
3717	884
3715	884
3715	885
3714	885
3714	886
3713	886
3713	887
3712	887
3712	888
3711	888
3711	890
3710	890
3710	891
3709	891
3709	892
3707	892
3707	894
3706	894
3706	895
3705	895
3705	896
3704	896
3704	898
3703	898
3703	899
3702	899
3702	900
3701	900
3701	901
3700	901
3700	903
3699	903
3699	906
3698	906
3698	907
3697	907
3697	910
3696	910
3696	912
3695	912
3695	915
3694	915
3694	916
3693	916
3693	920
3692	920
3692	926
3691	926
3691	963
3690	963
3690	964
3689	964
3689	972
3688	972
3688	976
3687	976
3687	978
3686	978
3686	979
3685	979
3685	980
3684	980
3684	990
3683	990
3683	991
3682	991
3682	992
3680	992
3680	995
3679	995
3679	996
3678	996
3678	997
3677	997
3677	999
3676	999
3676	1002
3675	1002
3675	1003
3674	1003
3674	1004
3672	1004
3672	1006
3671	1006
3671	1008
3670	1008
3670	1009
3669	1009
3669	1010
3667	1010
3667	1011
3666	1011
3666	1012
3665	1012
3665	1013
3663	1013
3663	1015
3662	1015
3662	1016
3661	1016
3661	1017
3660	1017
3660	1019
3659	1019
3659	1020
3658	1020
3658	1021
3657	1021
3657	1022
3656	1022
3656	1023
3655	1023
3655	1024
3654	1024
3654	1025
3653	1025
3653	1026
3651	1026
3651	1027
3650	1027
3650	1028
3649	1028
3649	1029
3647	1029
3647	1030
3646	1030
3646	1031
3645	1031
3645	1032
3644	1032
3644	1033
3643	1033
3643	1034
3642	1034
3642	1035
3641	1035
3641	1036
3640	1036
3640	1037
3639	1037
3639	1038
3636	1038
3636	1040
3635	1040
3635	1042
3634	1042
3634	1043
3633	1043
3633	1044
3631	1044
3631	1047
3630	1047
3630	1048
3629	1048
3629	1049
3628	1049
3628	1051
3627	1051
3627	1052
3626	1052
3626	1053
3625	1053
3625	1054
3624	1054
3624	1056
3623	1056
3623	1060
3622	1060
3622	1061
3621	1061
3621	1062
3620	1062
3620	1063
3619	1063
3619	1064
3618	1064
3618	1065
3617	1065
3617	1066
3616	1066
3616	1067
3615	1067
3615	1068
3614	1068
3614	1069
3613	1069
3613	1070
3612	1070
3612	1071
3611	1071
3611	1072
3610	1072
3610	1073
3609	1073
3609	1074
3608	1074
3608	1075
3607	1075
3607	1076
3606	1076
3606	1077
3605	1077
3605	1078
3604	1078
3604	1079
3603	1079
3603	1080
3599	1080
3599	1082
3598	1082
3598	1083
3597	1083
3597	1084
3591	1084
3591	1085
3563	1085
3563	1084
3558	1084
3558	1083
3557	1083
3557	1082
3556	1082
3556	1081
3549	1081
3549	1080
3543	1080
3543	1079
3542	1079
3542	1078
3529	1078
3529	1077
3528	1077
3528	1076
3516	1076
3516	1075
3515	1075
3515	1074
3514	1074
3514	1073
3502	1073
3502	1072
3498	1072
3498	1071
3497	1071
3497	1070
3494	1070
3494	1069
3478	1069
3478	1068
3477	1068
3477	1067
3476	1067
3476	1066
3450	1066
3450	1065
3437	1065
3437	1064
3435	1064
3435	1063
3434	1063
3434	1062
3431	1062
3431	1061
3423	1061
3423	1060
3422	1060
3422	1059
3421	1059
3421	1057
3418	1057
3418	1056
3414	1056
3414	1055
3413	1055
3413	1054
3412	1054
3412	1053
3406	1053
3406	1052
3405	1052
3405	1051
3404	1051
3404	1049
3395	1049
3395	1050
3391	1050
3391	1051
3390	1051
3390	1052
3389	1052
3389	1053
3388	1053
3388	1054
3387	1054
3387	1055
3386	1055
3386	1056
3385	1056
3385	1057
3384	1057
3384	1058
3383	1058
3383	1059
3382	1059
3382	1060
3381	1060
3381	1061
3380	1061
3380	1062
3379	1062
3379	1063
3378	1063
3378	1064
3376	1064
3376	1066
3375	1066
3375	1067
3374	1067
3374	1068
3373	1068
3373	1069
3372	1069
3372	1070
3371	1070
3371	1071
3370	1071
3370	1072
3363	1072
3363	1073
3362	1073
3362	1074
3361	1074
3361	1075
3360	1075
3360	1076
3359	1076
3359	1077
3355	1077
3355	1094
3356	1094
3356	1095
3357	1095
3357	1131
3356	1131
3356	1138
3355	1138
3355	1139
3354	1139
3354	1140
3353	1140
3353	1141
3349	1141
3349	1142
3348	1142
3348	1143
3347	1143
3347	1144
3346	1144
3346	1145
3345	1145
3345	1146
3344	1146
3344	1147
3343	1147
3343	1148
3342	1148
3342	1149
3341	1149
3341	1155
3340	1155
3340	1156
3339	1156
3339	1191
3338	1191
3338	1192
3337	1192
3337	1193
3336	1193
3336	1194
3335	1194
3335	1195
3334	1195
3334	1196
3333	1196
3333	1197
3331	1197
3331	1198
3328	1198
3328	1199
3327	1199
3327	1200
3323	1200
3323	1201
3322	1201
3322	1202
3321	1202
3321	1204
3320	1204
3320	1205
3319	1205
3319	1207
3318	1207
3318	1208
3317	1208
3317	1209
3316	1209
3316	1210
3315	1210
3315	1211
3314	1211
3314	1212
3311	1212
3311	1214
3310	1214
3310	1215
3309	1215
3309	1216
3308	1216
3308	1218
3307	1218
3307	1219
3306	1219
3306	1220
3303	1220
3303	1221
3300	1221
3300	1223
3299	1223
3299	1224
3298	1224
3298	1225
3219	1225
3219	1224
3215	1224
3215	1223
3214	1223
3214	1222
3200	1222
3200	1223
3199	1223
3199	1258
3198	1258
3198	1259
3197	1259
3197	1260
3193	1260
3193	1259
3192	1259
3192	1258
3191	1258
3191	1257
3190	1257
3190	1256
3189	1256
3189	1227
3190	1227
3190	1226
3189	1226
3189	1225
3188	1225
3188	1224
3186	1224
3186	1223
3185	1223
3185	1222
3184	1222
3184	1221
3183	1221
3183	1220
3182	1220
3182	1219
3181	1219
3181	1218
3179	1218
3179	1217
3178	1217
3178	1216
3177	1216
3177	1214
3174	1214
3174	1213
3173	1213
3173	1212
3130	1212
3130	1213
3129	1213
3129	1214
3095	1214
3095	1215
3094	1215
3094	1216
3093	1216
3093	1223
3092	1223
3092	1227
3091	1227
3091	1228
3090	1228
3090	1229
3089	1229
3089	1230
3088	1230
3088	1231
3087	1231
3087	1232
3086	1232
3086	1233
3085	1233
3085	1234
3084	1234
3084	1235
3083	1235
3083	1236
3082	1236
3082	1237
3079	1237
3079	1238
3078	1238
3078	1239
3077	1239
3077	1240
3074	1240
3074	1241
3073	1241
3073	1242
3070	1242
3070	1243
3069	1243
3069	1244
3068	1244
3068	1245
3067	1245
3067	1246
3063	1246
3063	1250
3062	1250
3062	1251
3061	1251
3061	1252
3030	1252
3030	1251
3029	1251
3029	1250
3028	1250
3028	1249
3021	1249
3021	1248
2984	1248
2984	1250
2983	1250
2983	1251
2982	1251
2982	1252
2981	1252
2981	1253
2978	1253
2978	1254
2975	1254
2975	1256
2974	1256
2974	1257
2973	1257
2973	1258
2968	1258
2968	1259
2967	1259
2967	1260
2965	1260
2965	1261
2954	1261
2954	1260
2953	1260
2953	1259
2952	1259
2952	1258
2944	1258
2944	1260
2943	1260
2943	1263
2944	1263
2944	1274
2945	1274
2945	1290
2946	1290
2946	1291
2947	1291
2947	1294
2948	1294
2948	1316
2947	1316
2947	1320
2946	1320
2946	1321
2945	1321
2945	1326
2944	1326
2944	1327
2943	1327
2943	1330
2942	1330
2942	1331
2941	1331
2941	1332
2940	1332
2940	1344
2939	1344
2939	1360
2938	1360
2938	1361
2937	1361
2937	1362
2936	1362
2936	1380
2935	1380
2935	1388
2934	1388
2934	1389
2933	1389
2933	1390
2926	1390
2926	1389
2925	1389
2925	1388
2924	1388
2924	1344
2925	1344
2925	1341
2926	1341
2926	1339
2927	1339
2927	1338
2928	1338
2928	1327
2929	1327
2929	1319
2930	1319
2930	1318
2931	1318
2931	1317
2932	1317
2932	1260
2933	1260
2933	1253
2931	1253
2931	1252
2930	1252
2930	1251
2929	1251
2929	1250
2925	1250
2925	1249
2923	1249
2923	1248
2918	1248
2918	1247
2917	1247
2917	1246
2916	1246
2916	1245
2915	1245
2915	1244
2914	1244
2914	1243
2913	1243
2913	1242
2908	1242
2908	1243
2907	1243
2907	1244
2897	1244
2897	1245
2895	1245
2895	1246
2892	1246
2892	1247
2891	1247
2891	1248
2890	1248
2890	1249
2878	1249
2878	1250
2877	1250
2877	1251
2876	1251
2876	1252
2875	1252
2875	1256
2874	1256
2874	1257
2873	1257
2873	1258
2872	1258
2872	1259
2871	1259
2871	1260
2870	1260
2870	1261
2869	1261
2869	1262
2867	1262
2867	1263
2866	1263
2866	1264
2865	1264
2865	1265
2864	1265
2864	1280
2863	1280
2863	1281
2862	1281
2862	1282
2847	1282
2847	1281
2846	1281
2846	1280
2843	1280
2843	1279
2842	1279
2842	1278
2841	1278
2841	1277
2838	1277
2838	1276
2837	1276
2837	1275
2836	1275
2836	1274
2830	1274
2830	1273
2826	1273
2826	1272
2823	1272
2823	1271
2822	1271
2822	1270
2821	1270
2821	1269
2810	1269
2810	1270
2809	1270
2809	1271
2808	1271
2808	1272
2807	1272
2807	1274
2806	1274
2806	1275
2805	1275
2805	1276
2804	1276
2804	1277
2803	1277
2803	1278
2802	1278
2802	1279
2801	1279
2801	1280
2800	1280
2800	1283
2799	1283
2799	1284
2798	1284
2798	1285
2797	1285
2797	1288
2796	1288
2796	1290
2795	1290
2795	1295
2794	1295
2794	1296
2793	1296
2793	1297
2792	1297
2792	1302
2791	1302
2791	1303
2790	1303
2790	1304
2789	1304
2789	1307
2788	1307
2788	1308
2787	1308
2787	1309
2784	1309
2784	1310
2783	1310
2783	1340
2782	1340
2782	1341
2781	1341
2781	1342
2780	1342
2780	1358
2779	1358
2779	1359
2778	1359
2778	1364
2777	1364
2777	1365
2776	1365
2776	1374
2775	1374
2775	1375
2774	1375
2774	1379
2773	1379
2773	1380
2772	1380
2772	1386
2771	1386
2771	1387
2770	1387
2770	1395
2769	1395
2769	1396
2768	1396
2768	1397
2767	1397
2767	1412
2766	1412
2766	1415
2765	1415
2765	1417
2764	1417
2764	1419
2763	1419
2763	1420
2762	1420
2762	1421
2759	1421
2759	1422
2758	1422
2758	1423
2757	1423
2757	1424
2756	1424
2756	1425
2755	1425
2755	1426
2754	1426
2754	1427
2753	1427
2753	1428
2750	1428
2750	1430
2749	1430
2749	1431
2748	1431
2748	1432
2746	1432
2746	1433
2745	1433
2745	1434
2743	1434
2743	1435
2742	1435
2742	1436
2740	1436
2740	1437
2734	1437
2734	1438
2733	1438
2733	1439
2732	1439
2732	1440
2730	1440
2730	1442
2729	1442
2729	1443
2728	1443
2728	1444
2720	1444
2720	1445
2716	1445
2716	1446
2715	1446
2715	1447
2714	1447
2714	1448
2710	1448
2710	1449
2709	1449
2709	1450
2707	1450
2707	1451
2706	1451
2706	1452
2705	1452
2705	1453
2704	1453
2704	1454
2703	1454
2703	1456
2702	1456
2702	1458
2701	1458
2701	1459
2700	1459
2700	1460
2698	1460
2698	1462
2697	1462
2697	1463
2696	1463
2696	1464
2690	1464
2690	1465
2689	1465
2689	1466
2682	1466
2682	1467
2681	1467
2681	1468
2678	1468
2678	1469
2640	1469
2640	1468
2639	1468
2639	1467
2638	1467
2638	1466
2630	1466
2630	1465
2626	1465
2626	1464
2621	1464
2621	1463
2620	1463
2620	1462
2613	1462
2613	1461
2612	1461
2612	1460
2590	1460
2590	1459
2589	1459
2589	1458
2588	1458
2588	1457
2580	1457
2580	1456
2574	1456
2574	1455
2573	1455
2573	1454
2572	1454
2572	1453
2571	1453
2571	1452
2570	1452
2570	1451
2569	1451
2569	1450
2568	1450
2568	1449
2567	1449
2567	1422
2566	1422
2566	1415
2565	1415
2565	1414
2564	1414
2564	1413
2563	1413
2563	1412
2562	1412
2562	1411
2561	1411
2561	1410
2560	1410
2560	1405
2559	1405
2559	1403
2558	1403
2558	1396
2557	1396
2557	1395
2556	1395
2556	1389
2555	1389
2555	1387
2554	1387
2554	1384
2553	1384
2553	1383
2552	1383
2552	1382
2551	1382
2551	1380
2549	1380
2549	1379
2548	1379
2548	1378
2547	1378
2547	1377
2546	1377
2546	1376
2512	1376
2512	1375
2511	1375
2511	1374
2505	1374
2505	1373
2504	1373
2504	1372
2501	1372
2501	1371
2500	1371
2500	1370
2497	1370
2497	1369
2496	1369
2496	1368
2493	1368
2493	1367
2492	1367
2492	1366
2491	1366
2491	1365
2490	1365
2490	1364
2489	1364
2489	1363
2488	1363
2488	1362
2487	1362
2487	1361
2486	1361
2486	1360
2485	1360
2485	1359
2484	1359
2484	1358
2482	1358
2482	1357
2481	1357
2481	1356
2480	1356
2480	1354
2479	1354
2479	1353
2477	1353
2477	1352
2476	1352
2476	1351
2475	1351
2475	1350
2474	1350
2474	1349
2473	1349
2473	1348
2472	1348
2472	1347
2471	1347
2471	1346
2470	1346
2470	1345
2469	1345
2469	1344
2468	1344
2468	1343
2467	1343
2467	1342
2466	1342
2466	1341
2465	1341
2465	1340
2464	1340
2464	1339
2463	1339
2463	1337
2462	1337
2462	1333
2461	1333
2461	1332
2460	1332
2460	1331
2459	1331
2459	1329
2458	1329
2458	1324
2457	1324
2457	1323
2456	1323
2456	1319
2455	1319
2455	1316
2453	1316
2453	1315
2452	1315
2452	1314
2451	1314
2451	1311
2450	1311
2450	1310
2449	1310
2449	1308
2448	1308
2448	1305
2447	1305
2447	1302
2446	1302
2446	1301
2445	1301
2445	1300
2444	1300
2444	1296
2440	1296
2440	1297
2439	1297
2439	1298
2438	1298
2438	1299
2437	1299
2437	1300
2435	1300
2435	1302
2434	1302
2434	1303
2433	1303
2433	1304
2432	1304
2432	1307
2431	1307
2431	1308
2430	1308
2430	1309
2429	1309
2429	1310
2428	1310
2428	1311
2427	1311
2427	1312
2426	1312
2426	1314
2425	1314
2425	1315
2424	1315
2424	1316
2422	1316
2422	1318
2421	1318
2421	1319
2420	1319
2420	1320
2418	1320
2418	1322
2417	1322
2417	1323
2416	1323
2416	1324
2414	1324
2414	1326
2413	1326
2413	1327
2412	1327
2412	1328
2410	1328
2410	1330
2409	1330
2409	1331
2408	1331
2408	1332
2407	1332
2407	1335
2406	1335
2406	1336
2405	1336
2405	1337
2403	1337
2403	1338
2402	1338
2402	1339
2401	1339
2401	1340
2398	1340
2398	1342
2397	1342
2397	1343
2396	1343
2396	1344
2395	1344
2395	1355
2394	1355
2394	1363
2393	1363
2393	1364
2392	1364
2392	1365
2391	1365
2391	1366
2390	1366
2390	1375
2389	1375
2389	1376
2388	1376
2388	1383
2387	1383
2387	1386
2386	1386
2386	1387
2385	1387
2385	1389
2384	1389
2384	1408
2383	1408
2383	1409
2382	1409
2382	1410
2370	1410
2370	1409
2357	1409
2357	1408
2356	1408
2356	1407
2355	1407
2355	1406
2281	1406
2281	1407
2280	1407
2280	1408
2270	1408
2270	1409
2232	1409
2232	1410
2231	1410
2231	1411
2230	1411
2230	1412
2229	1412
2229	1413
2228	1413
2228	1414
2227	1414
2227	1416
2226	1416
2226	1417
2225	1417
2225	1418
2222	1418
2222	1419
2221	1419
2221	1420
2220	1420
2220	1421
2182	1421
2182	1420
2181	1420
2181	1419
2180	1419
2180	1418
2177	1418
2177	1417
2174	1417
2174	1416
2172	1416
2172	1415
2171	1415
2171	1414
2170	1414
2170	1413
2166	1413
2166	1412
2165	1412
2165	1411
2164	1411
2164	1410
2163	1410
2163	1409
2162	1409
2162	1406
2161	1406
2161	1404
2160	1404
2160	1394
2161	1394
2161	1393
2162	1393
2162	1390
2163	1390
2163	1389
2164	1389
2164	1388
2165	1388
2165	1387
2166	1387
2166	1384
2167	1384
2167	1315
2166	1315
2166	1309
2165	1309
2165	1308
2164	1308
2164	1306
2163	1306
2163	1260
2162	1260
2162	1259
2161	1259
2161	1258
2160	1258
2160	1256
2159	1256
2159	1251
2158	1251
2158	1232
2150	1232
2150	1233
2148	1233
2148	1234
2147	1234
2147	1235
2146	1235
2146	1236
2139	1236
2139	1237
2138	1237
2138	1238
2126	1238
2126	1239
2125	1239
2125	1240
2124	1240
2124	1241
2117	1241
2117	1242
2110	1242
2110	1243
2109	1243
2109	1244
2108	1244
2108	1246
2107	1246
2107	1247
2106	1247
2106	1248
2101	1248
2101	1249
2100	1249
2100	1251
2099	1251
2099	1252
2098	1252
2098	1253
2096	1253
2096	1258
2095	1258
2095	1272
2094	1272
2094	1274
2093	1274
2093	1275
2092	1275
2092	1276
2090	1276
2090	1278
2089	1278
2089	1279
2088	1279
2088	1280
2085	1280
2085	1281
2084	1281
2084	1288
2083	1288
2083	1291
2082	1291
2082	1299
2081	1299
2081	1300
2080	1300
2080	1303
2079	1303
2079	1304
2078	1304
2078	1306
2077	1306
2077	1307
2076	1307
2076	1310
2075	1310
2075	1311
2074	1311
2074	1315
2073	1315
2073	1316
2072	1316
2072	1323
2071	1323
2071	1330
2070	1330
2070	1331
2069	1331
2069	1332
2066	1332
2066	1351
2065	1351
2065	1352
2064	1352
2064	1353
2061	1353
2061	1354
2053	1354
2053	1353
2046	1353
2046	1352
2036	1352
2036	1351
2035	1351
2035	1350
2034	1350
2034	1349
2030	1349
2030	1348
2029	1348
2029	1347
2028	1347
2028	1346
2026	1346
2026	1345
2021	1345
2021	1344
2018	1344
2018	1343
2017	1343
2017	1342
2016	1342
2016	1340
2013	1340
2013	1339
2012	1339
2012	1338
2010	1338
2010	1337
2006	1337
2006	1336
2005	1336
2005	1335
2004	1335
2004	1334
2003	1334
2003	1332
2002	1332
2002	1331
2001	1331
2001	1330
2000	1330
2000	1329
1999	1329
1999	1326
1998	1326
1998	1325
1997	1325
1997	1324
1996	1324
1996	1323
1995	1323
1995	1322
1994	1322
1994	1320
1990	1320
1990	1319
1989	1319
1989	1318
1982	1318
1982	1317
1976	1317
1976	1316
1975	1316
1975	1315
1974	1315
1974	1314
1973	1314
1973	1313
1972	1313
1972	1312
1970	1312
1970	1311
1969	1311
1969	1310
1968	1310
1968	1308
1962	1308
1962	1307
1961	1307
1961	1306
1958	1306
1958	1305
1954	1305
1954	1304
1953	1304
1953	1303
1952	1303
1952	1302
1950	1302
1950	1301
1944	1301
1944	1300
1943	1300
1943	1299
1942	1299
1942	1298
1930	1298
1930	1297
1928	1297
1928	1296
1927	1296
1927	1295
1926	1295
1926	1293
1925	1293
1925	1292
1924	1292
1924	1289
1923	1289
1923	1288
1922	1288
1922	1286
1921	1286
1921	1285
1920	1285
1920	1284
1918	1284
1918	1283
1917	1283
1917	1282
1916	1282
1916	1278
1915	1278
1915	1274
1914	1274
1914	1273
1913	1273
1913	1272
1912	1272
1912	1269
1909	1269
1909	1268
1908	1268
1908	1267
1907	1267
1907	1266
1906	1266
1906	1265
1905	1265
1905	1264
1901	1264
1901	1263
1900	1263
1900	1262
1899	1262
1899	1259
1898	1259
1898	1256
1897	1256
1897	1255
1896	1255
1896	1252
1894	1252
1894	1251
1893	1251
1893	1250
1892	1250
1892	1248
1891	1248
1891	1247
1890	1247
1890	1245
1889	1245
1889	1244
1888	1244
1888	1243
1887	1243
1887	1240
1885	1240
1885	1239
1884	1239
1884	1238
1883	1238
1883	1234
1882	1234
1882	1232
1881	1232
1881	1231
1880	1231
1880	1227
1879	1227
1879	1226
1878	1226
1878	1219
1877	1219
1877	1218
1876	1218
1876	1217
1858	1217
1858	1218
1857	1218
1857	1219
1856	1219
1856	1220
1852	1220
1852	1221
1848	1221
1848	1222
1847	1222
1847	1223
1846	1223
1846	1224
1826	1224
1826	1225
1824	1225
1824	1226
1823	1226
1823	1227
1822	1227
1822	1228
1820	1228
1820	1229
1817	1229
1817	1230
1814	1230
1814	1231
1813	1231
1813	1232
1801	1232
1801	1233
1800	1233
1800	1238
1799	1238
1799	1239
1798	1239
1798	1240
1797	1240
1797	1241
1796	1241
1796	1242
1795	1242
1795	1244
1794	1244
1794	1247
1793	1247
1793	1248
1792	1248
1792	1249
1791	1249
1791	1250
1790	1250
1790	1251
1789	1251
1789	1252
1788	1252
1788	1255
1787	1255
1787	1256
1786	1256
1786	1257
1780	1257
1780	1258
1779	1258
1779	1259
1778	1259
1778	1260
1773	1260
1773	1261
1772	1261
1772	1262
1770	1262
1770	1263
1768	1263
1768	1264
1765	1264
1765	1265
1764	1265
1764	1266
1762	1266
1762	1267
1761	1267
1761	1268
1760	1268
1760	1269
1730	1269
1730	1270
1729	1270
1729	1271
1728	1271
1728	1272
1726	1272
1726	1273
1724	1273
1724	1274
1722	1274
1722	1275
1721	1275
1721	1276
1720	1276
1720	1277
1719	1277
1719	1278
1718	1278
1718	1279
1717	1279
1717	1280
1716	1280
1716	1281
1713	1281
1713	1282
1694	1282
1694	1281
1692	1281
1692	1280
1685	1280
1685	1279
1684	1279
1684	1278
1681	1278
1681	1277
1680	1277
1680	1276
1674	1276
1674	1275
1673	1275
1673	1274
1670	1274
1670	1273
1669	1273
1669	1272
1661	1272
1661	1271
1659	1271
1659	1270
1657	1270
1657	1269
1656	1269
1656	1268
1646	1268
1646	1267
1645	1267
1645	1266
1630	1266
1630	1267
1629	1267
1629	1268
1628	1268
1628	1269
1601	1269
1601	1268
1592	1268
1592	1267
1591	1267
1591	1266
1590	1266
1590	1265
1589	1265
1589	1264
1584	1264
1584	1263
1583	1263
1583	1262
1582	1262
1582	1261
1581	1261
1581	1260
1580	1260
1580	1259
1579	1259
1579	1258
1577	1258
1577	1257
1573	1257
1573	1256
1572	1256
1572	1255
1571	1255
1571	1251
1570	1251
1570	1245
1569	1245
1569	1244
1568	1244
1568	1239
1567	1239
1567	1238
1566	1238
1566	1236
1565	1236
1565	1235
1564	1235
1564	1234
1563	1234
1563	1232
1562	1232
1562	1231
1561	1231
1561	1230
1560	1230
1560	1229
1559	1229
1559	1228
1557	1228
1557	1227
1556	1227
1556	1226
1555	1226
1555	1225
1554	1225
1554	1180
1552	1180
1552	1179
1551	1179
1551	1178
1550	1178
1550	1177
1548	1177
1548	1176
1544	1176
1544	1175
1543	1175
1543	1174
1542	1174
1542	1173
1528	1173
1528	1172
1522	1172
1522	1171
1521	1171
1521	1170
1516	1170
1516	1169
1512	1169
1512	1168
1511	1168
1511	1167
1510	1167
1510	1162
1509	1162
1509	1161
1508	1161
1508	1160
1506	1160
1506	1159
1505	1159
1505	1158
1504	1158
1504	1155
1503	1155
1503	1154
1501	1154
1501	1153
1500	1153
1500	1152
1499	1152
1499	1151
1498	1151
1498	1148
1497	1148
1497	1147
1496	1147
1496	1146
1495	1146
1495	1145
1493	1145
1493	1144
1492	1144
1492	1143
1491	1143
1491	1141
1490	1141
1490	1138
1489	1138
1489	1137
1488	1137
1488	1136
1487	1136
1487	1135
1486	1135
1486	1128
1485	1128
1485	1127
1484	1127
1484	1126
1483	1126
1483	1125
1482	1125
1482	1126
1479	1126
1479	1127
1478	1127
1478	1128
1476	1128
1476	1129
1475	1129
1475	1130
1468	1130
1468	1131
1467	1131
1467	1132
1466	1132
1466	1133
1464	1133
1464	1134
1462	1134
1462	1135
1461	1135
1461	1136
1460	1136
1460	1137
1440	1137
1440	1136
1438	1136
1438	1135
1437	1135
1437	1134
1436	1134
1436	1133
1435	1133
1435	1132
1434	1132
1434	1131
1433	1131
1433	1128
1432	1128
1432	1127
1431	1127
1431	1126
1430	1126
1430	1125
1422	1125
1422	1126
1420	1126
1420	1127
1419	1127
1419	1128
1402	1128
1402	1129
1400	1129
1400	1130
1389	1130
1389	1131
1388	1131
1388	1132
1382	1132
1382	1133
1381	1133
1381	1134
1380	1134
1380	1135
1379	1135
1379	1136
1372	1136
1372	1137
1366	1137
1366	1138
1365	1138
1365	1139
1364	1139
1364	1140
1361	1140
1361	1142
1360	1142
1360	1143
1359	1143
1359	1144
1355	1144
1355	1145
1307	1145
1307	1144
1303	1144
1303	1143
1302	1143
1302	1142
1301	1142
1301	1121
1300	1121
1300	1120
1299	1120
1299	1119
1298	1119
1298	1118
1297	1118
1297	1114
1291	1114
1291	1113
1290	1113
1290	1112
1289	1112
1289	1111
1288	1111
1288	1109
1287	1109
1287	1108
1286	1108
1286	1107
1285	1107
1285	1106
1284	1106
1284	1104
1283	1104
1283	1103
1282	1103
1282	1102
1280	1102
1280	1101
1279	1101
1279	1100
1278	1100
1278	1094
1277	1094
1277	1092
1276	1092
1276	1091
1275	1091
1275	1090
1274	1090
1274	1086
1273	1086
1273	1082
1271	1082
1271	1081
1270	1081
1270	1080
1269	1080
1269	1077
1268	1077
1268	1076
1267	1076
1267	1075
1266	1075
1266	1071
1265	1071
1265	1069
1264	1069
1264	1068
1263	1068
1263	1067
1262	1067
1262	1066
1261	1066
1261	1065
1259	1065
1259	1064
1258	1064
1258	1063
1257	1063
1257	1062
1246	1062
1246	1061
1245	1061
1245	1060
1244	1060
1244	1059
1243	1059
1243	1058
1236	1058
1236	1057
1235	1057
1235	1056
1232	1056
1232	1055
1231	1055
1231	1054
1230	1054
1230	1053
1229	1053
1229	1052
1228	1052
1228	1051
1227	1051
1227	1050
1226	1050
1226	1049
1225	1049
1225	1047
1224	1047
1224	1046
1223	1046
1223	1045
1220	1045
1220	1044
1218	1044
1218	1043
1217	1043
1217	1042
1216	1042
1216	1041
1215	1041
1215	1040
1212	1040
1212	1039
1211	1039
1211	1038
1210	1038
1210	1037
1159	1037
1159	1036
1146	1036
1146	1035
1145	1035
1145	1034
1143	1034
1143	1033
1138	1033
1138	1032
1135	1032
1135	1031
1134	1031
1134	1030
1133	1030
1133	1029
1126	1029
1126	1028
1118	1028
1118	1027
1117	1027
1117	1026
1114	1026
1114	1025
1110	1025
1110	1024
1108	1024
1108	1023
1107	1023
1107	1022
1104	1022
1104	1021
1103	1021
1103	1020
1102	1020
1102	1019
1101	1019
1101	1016
1100	1016
1100	1015
1099	1015
1099	1014
1098	1014
1098	1013
1097	1013
1097	1010
1068	1010
1068	1009
1067	1009
1067	1008
1066	1008
1066	1007
1065	1007
1065	1006
1064	1006
1064	1004
1063	1004
1063	1003
1062	1003
1062	1002
1061	1002
1061	997
1058	997
1058	996
1057	996
1057	995
1056	995
1056	993
1054	993
1054	992
1052	992
1052	991
1051	991
1051	990
1050	990
1050	989
1048	989
1048	988
1047	988
1047	987
1046	987
1046	985
1045	985
1045	984
1044	984
1044	983
1043	983
1043	982
1042	982
1042	981
1040	981
1040	980
1039	980
1039	979
1038	979
1038	978
1037	978
1037	976
1036	976
1036	975
1035	975
1035	974
1034	974
1034	965
1033	965
1033	962
1028	962
1028	963
1027	963
1027	964
1023	964
1023	965
1022	965
1022	966
1021	966
1021	967
1020	967
1020	968
1019	968
1019	969
1013	969
1013	970
1012	970
1012	971
1011	971
1011	972
1009	972
1009	974
1008	974
1008	978
1007	978
1007	979
1006	979
1006	982
1005	982
1005	983
1004	983
1004	984
1003	984
1003	985
988	985
988	984
983	984
983	983
982	983
982	982
981	982
981	981
980	981
980	980
979	980
979	979
978	979
978	978
975	978
975	977
972	977
972	976
970	976
970	975
969	975
969	974
968	974
968	973
967	973
967	972
966	972
966	971
965	971
965	968
964	968
964	967
963	967
963	966
962	966
962	963
961	963
961	962
960	962
960	961
959	961
959	960
956	960
956	959
955	959
955	958
954	958
954	957
953	957
953	956
952	956
952	954
951	954
951	953
950	953
950	952
947	952
947	951
946	951
946	950
945	950
945	949
944	949
944	948
943	948
943	947
942	947
942	946
941	946
941	945
940	945
940	942
935	942
935	941
934	941
934	940
933	940
933	939
932	939
932	937
931	937
931	936
926	936
926	935
925	935
925	934
924	934
924	933
922	933
922	932
921	932
921	931
920	931
920	930
919	930
919	929
918	929
918	928
914	928
914	927
913	927
913	926
912	926
912	925
911	925
911	924
909	924
909	923
908	923
908	922
907	922
907	920
903	920
903	919
902	919
902	918
900	918
900	917
899	917
899	916
890	916
890	915
889	915
889	914
883	914
883	913
882	913
882	912
871	912
871	911
870	911
870	910
869	910
869	909
866	909
866	908
865	908
865	907
864	907
864	906
860	906
860	905
858	905
858	904
856	904
856	903
855	903
855	902
852	902
852	901
848	901
848	900
847	900
847	899
846	899
846	898
845	898
845	897
844	897
844	896
843	896
843	895
842	895
842	894
839	894
839	893
835	893
835	892
808	892
808	893
807	893
807	894
780	894
780	893
779	893
779	892
774	892
774	891
773	891
773	890
772	890
772	889
763	889
763	888
759	888
759	887
758	887
758	886
757	886
757	885
755	885
755	884
748	884
748	883
747	883
747	882
744	882
744	881
743	881
743	880
739	880
739	879
738	879
738	878
730	878
730	877
727	877
727	876
726	876
726	875
725	875
725	874
724	874
724	873
722	873
722	872
721	872
721	871
720	871
720	869
719	869
719	868
718	868
718	867
717	867
717	862
716	862
716	861
715	861
715	860
714	860
714	859
713	859
713	858
712	858
712	857
711	857
711	856
710	856
710	851
709	851
709	850
708	850
708	849
703	849
703	848
702	848
702	847
701	847
701	846
700	846
700	845
699	845
699	844
698	844
698	843
697	843
697	842
696	842
696	841
695	841
695	840
694	840
694	839
693	839
693	838
692	838
692	837
691	837
691	836
690	836
690	835
689	835
689	833
688	833
688	831
687	831
687	830
686	830
686	829
685	829
685	828
670	828
670	827
669	827
669	826
658	826
658	825
656	825
656	824
652	824
652	823
651	823
651	822
650	822
650	821
649	821
649	820
647	820
647	819
646	819
646	818
645	818
645	815
644	815
644	814
643	814
643	813
642	813
642	812
641	812
641	810
640	810
640	809
639	809
639	808
636	808
636	807
635	807
635	806
627	806
627	805
614	805
614	804
612	804
612	803
611	803
611	802
578	802
578	801
575	801
575	800
574	800
574	799
573	799
573	798
571	798
571	797
568	797
568	796
564	796
564	795
563	795
563	794
559	794
559	793
558	793
558	792
556	792
556	791
555	791
555	790
552	790
552	789
551	789
551	788
550	788
550	787
549	787
549	786
548	786
548	785
547	785
547	784
546	784
546	783
545	783
545	782
544	782
544	781
543	781
543	780
542	780
542	779
541	779
541	778
540	778
540	777
539	777
539	776
536	776
536	775
535	775
535	774
534	774
534	773
533	773
533	772
532	772
532	771
531	771
531	770
530	770
530	769
528	769
528	768
527	768
527	767
526	767
526	766
524	766
524	765
523	765
523	764
522	764
522	763
521	763
521	760
520	760
520	759
519	759
519	758
518	758
518	757
515	757
515	756
508	756
508	755
507	755
507	754
502	754
502	753
501	753
501	752
498	752
498	751
497	751
497	750
494	750
494	749
490	749
490	748
487	748
487	747
486	747
486	746
485	746
485	745
482	745
482	744
481	744
481	743
480	743
480	742
479	742
479	741
476	741
476	740
475	740
475	739
474	739
474	738
471	738
471	737
470	737
470	736
469	736
469	735
468	735
468	734
467	734
467	733
466	733
466	732
465	732
465	730
463	730
463	729
462	729
462	728
459	728
459	727
458	727
458	726
455	726
455	725
431	725
431	724
423	724
423	723
422	723
422	722
421	722
421	721
420	721
420	719
419	719
419	718
418	718
418	703
419	703
419	702
420	702
420	699
421	699
421	698
422	698
422	697
423	697
423	696
424	696
424	674
425	674
425	672
426	672
426	670
427	670
427	669
428	669
428	660
429	660
429	654
430	654
430	653
431	653
431	652
432	652
432	617
433	617
433	613
434	613
434	611
435	611
435	609
436	609
436	599
437	599
437	597
438	597
438	583
437	583
437	582
390	582
390	581
382	581
382	580
381	580
381	579
380	579
380	578
372	578
372	577
371	577
371	576
368	576
368	575
367	575
367	574
366	574
366	570
365	570
365	568
364	568
364	567
363	567
363	566
362	566
362	564
361	564
361	558
360	558
360	547
359	547
359	546
358	546
358	545
356	545
356	544
352	544
352	543
351	543
351	542
350	542
350	524
347	524
347	523
346	523
346	522
345	522
345	513
344	513
344	508
343	508
343	507
342	507
342	506
341	506
341	505
340	505
340	504
335	504
335	503
334	503
334	502
333	502
333	500
332	500
332	499
331	499
331	498
330	498
330	495
329	495
329	494
328	494
328	493
327	493
327	492
326	492
326	491
325	491
325	490
324	490
324	481
323	481
323	480
322	480
322	479
321	479
321	477
320	477
320	475
319	475
319	474
318	474
318	473
317	473
317	469
314	469
314	468
308	468
308	467
307	467
307	466
306	466
306	465
305	465
305	446
304	446
304	433
303	433
303	432
302	432
302	430
301	430
301	429
300	429
300	428
299	428
299	427
298	427
298	423
297	423
297	422
296	422
296	421
295	421
295	420
294	420
294	419
293	419
293	418
292	418
292	417
291	417
291	416
290	416
290	415
289	415
289	414
288	414
288	413
287	413
287	412
286	412
286	407
285	407
285	406
284	406
284	402
283	402
283	401
282	401
282	400
281	400
281	396
280	396
280	393
278	393
278	392
277	392
277	391
276	391
276	390
267	390
267	389
266	389
266	388
265	388
265	384
264	384
264	383
263	383
263	382
262	382
262	322
261	322
261	284
260	284
260	283
259	283
259	282
258	282
258	274
256	274
256	273
255	273
255	272
254	272
254	271
253	271
253	267
252	267
252	264
251	264
251	263
250	263
250	262
249	262
249	261
248	261
248	259
247	259
247	258
246	258
246	257
245	257
245	256
244	256
244	255
243	255
243	254
242	254
242	253
241	253
241	252
238	252
238	251
237	251
237	250
236	250
236	249
224	249
224	248
220	248
220	247
219	247
219	246
215	246
215	245
214	245
214	244
212	244
212	243
211	243
211	242
210	242
210	241
209	241
209	240
207	240
207	239
206	239
206	238
205	238
205	237
204	237
204	236
203	236
203	235
202	235
202	207
201	207
201	206
200	206
200	205
199	205
199	204
198	204
198	203
197	203
197	200
196	200
196	199
195	199
195	198
194	198
194	197
193	197
193	195
192	195
192	179
191	179
191	178
190	178
190	177
189	177
189	163
188	163
188	160
187	160
187	159
185	159
185	158
183	158
183	157
181	157
181	156
178	156
178	155
177	155
177	154
171	154
171	153
170	153
170	152
167	152
167	151
166	151
166	150
164	150
164	149
123	149
123	148
122	148
122	147
121	147
121	146
115	146
115	145
108	145
108	144
107	144
107	143
106	143
106	142
105	142
105	141
104	141
104	140
102	140
102	139
101	139
101	138
100	138
100	137
94	137
94	136
92	136
92	135
91	135
91	134
90	134
90	133
60	133
60	132
59	132
59	131
58	131
58	127
59	127
59	126
60	126
60	125
94	125
94	126
95	126
95	127
96	127
96	128
97	128
97	129
105	129
105	130
106	130
106	131
107	131
107	132
108	132
108	133
109	133
109	134
110	134
110	135
111	135
111	136
112	136
112	137
118	137
118	138
124	138
124	139
125	139
125	140
126	140
126	141
167	141
167	142
171	142
171	143
172	143
172	144
173	144
173	145
175	145
175	146
180	146
180	147
181	147
181	148
184	148
184	149
186	149
186	150
188	150
188	151
190	151
190	152
191	152
191	153
193	153
193	154
194	154
194	155
195	155
195	156
196	156
196	159
197	159
197	174
198	174
198	175
199	175
199	176
200	176
200	192
202	192
202	193
203	193
203	194
204	194
204	195
205	195
205	198
206	198
206	199
207	199
207	200
208	200
208	203
209	203
209	204
210	204
210	231
211	231
211	232
212	232
212	233
214	233
214	234
216	234
216	235
217	235
217	236
218	236
218	237
219	237
219	238
223	238
223	239
224	239
224	240
227	240
227	241
241	241
241	242
242	242
242	243
243	243
243	244
247	244
247	245
248	245
248	246
249	246
249	249
250	249
250	250
251	250
251	251
252	251
252	252
253	252
253	254
254	254
254	255
255	255
255	256
256	256
256	257
257	257
257	258
258	258
258	259
259	259
259	260
260	260
260	263
261	263
261	266
262	266
262	267
263	267
263	268
264	268
264	270
265	270
265	271
266	271
266	278
267	278
267	279
268	279
268	280
269	280
269	318
270	318
270	377
271	377
271	378
272	378
272	379
273	379
273	382
282	382
282	383
283	383
283	384
284	384
284	386
286	386
286	387
287	387
287	388
288	388
288	392
289	392
289	397
290	397
290	398
291	398
291	399
292	399
292	402
293	402
293	404
294	404
294	408
295	408
295	409
298	409
298	410
299	410
299	411
300	411
300	414
301	414
301	415
302	415
302	416
303	416
303	417
304	417
304	418
305	418
305	419
306	419
306	424
307	424
307	425
308	425
308	426
310	426
310	427
311	427
311	428
312	428
312	442
313	442
313	460
318	460
318	461
322	461
322	462
323	462
323	463
324	463
324	464
325	464
325	470
326	470
326	471
327	471
327	472
328	472
328	474
329	474
329	476
330	476
330	477
331	477
331	478
332	478
332	487
333	487
333	488
334	488
334	489
335	489
335	490
336	490
336	491
337	491
337	492
338	492
338	493
339	493
339	494
340	494
340	495
341	495
341	496
344	496
344	497
346	497
346	498
347	498
347	499
348	499
348	500
349	500
349	501
350	501
350	502
351	502
351	503
352	503
352	510
353	510
353	516
355	516
355	517
356	517
356	518
357	518
357	519
358	519
358	536
359	536
359	537
361	537
361	538
363	538
363	539
364	539
364	540
365	540
365	541
366	541
366	542
367	542
367	543
368	543
368	555
369	555
369	560
370	560
370	561
371	561
371	562
372	562
372	563
373	563
373	567
374	567
374	569
375	569
375	570
384	570
384	571
386	571
386	572
387	572
387	573
393	573
393	574
442	574
442	575
443	575
443	576
444	576
444	578
445	578
445	579
446	579
446	600
445	600
445	602
444	602
444	612
443	612
443	614
442	614
442	616
441	616
441	620
440	620
440	655
439	655
439	656
438	656
438	658
437	658
437	663
436	663
436	672
435	672
435	673
434	673
434	675
433	675
433	676
432	676
432	700
431	700
431	701
430	701
430	702
429	702
429	703
428	703
428	706
427	706
427	707
426	707
426	715
427	715
427	716
435	716
435	717
458	717
458	718
462	718
462	719
463	719
463	720
466	720
466	721
467	721
467	722
468	722
468	723
470	723
470	724
471	724
471	725
472	725
472	727
473	727
473	729
475	729
475	730
478	730
478	731
479	731
479	732
480	732
480	733
482	733
482	734
484	734
484	735
485	735
485	736
486	736
486	737
489	737
489	738
490	738
490	739
491	739
491	740
494	740
494	741
497	741
497	742
500	742
500	743
501	743
501	744
504	744
504	745
506	745
506	746
512	746
512	747
513	747
513	748
519	748
519	749
522	749
522	750
523	750
523	751
524	751
524	752
525	752
525	753
526	753
526	754
527	754
527	755
528	755
528	756
529	756
529	759
530	759
530	760
531	760
531	761
534	761
534	762
535	762
535	763
536	763
536	764
537	764
537	765
539	765
539	766
540	766
540	767
541	767
541	768
542	768
542	769
544	769
544	770
546	770
546	771
547	771
547	772
548	772
548	775
549	775
549	776
550	776
550	777
552	777
552	778
553	778
553	779
554	779
554	780
555	780
555	781
556	781
556	782
559	782
559	783
560	783
560	784
561	784
561	785
563	785
563	786
568	786
568	787
569	787
569	788
572	788
572	789
574	789
574	790
576	790
576	791
577	791
577	792
578	792
578	793
582	793
582	794
614	794
614	795
615	795
615	796
617	796
617	797
630	797
630	798
638	798
638	799
639	799
639	800
643	800
643	801
644	801
644	802
645	802
645	803
646	803
646	805
647	805
647	806
650	806
650	807
651	807
651	808
652	808
652	812
653	812
653	813
654	813
654	814
656	814
656	815
657	815
657	816
659	816
659	817
661	817
661	818
672	818
672	819
673	819
673	820
689	820
689	821
690	821
690	822
691	822
691	823
692	823
692	824
693	824
693	825
694	825
694	826
695	826
695	827
696	827
696	830
697	830
697	832
698	832
698	833
699	833
699	834
702	834
702	835
703	835
703	836
704	836
704	837
706	837
706	838
707	838
707	839
708	839
708	841
713	841
713	842
714	842
714	843
715	843
715	844
716	844
716	846
717	846
717	847
718	847
718	853
719	853
719	854
720	854
720	855
721	855
721	856
722	856
722	857
723	857
723	858
724	858
724	859
725	859
725	864
726	864
726	865
727	865
727	866
728	866
728	867
729	867
729	868
730	868
730	869
733	869
733	870
743	870
743	871
744	871
744	872
746	872
746	873
747	873
747	874
751	874
751	875
752	875
752	876
758	876
758	877
762	877
762	878
763	878
763	879
764	879
764	880
767	880
767	881
775	881
775	882
776	882
776	883
777	883
777	884
782	884
782	885
783	885
783	886
803	886
803	885
804	885
804	884
839	884
839	885
842	885
842	886
846	886
846	887
847	887
847	888
848	888
848	889
850	889
850	890
851	890
851	891
852	891
852	893
855	893
855	894
858	894
858	895
859	895
859	896
861	896
861	897
863	897
863	898
868	898
868	899
870	899
870	900
871	900
871	901
872	901
872	902
873	902
873	903
874	903
874	904
885	904
885	905
886	905
886	906
892	906
892	907
893	907
893	908
903	908
903	909
904	909
904	910
906	910
906	911
907	911
907	912
910	912
910	913
912	913
912	914
913	914
913	915
914	915
914	917
915	917
915	918
916	918
916	919
917	919
917	920
921	920
921	921
922	921
922	922
923	922
923	923
924	923
924	924
925	924
925	925
929	925
929	926
930	926
930	927
931	927
931	928
934	928
934	929
935	929
935	930
936	930
936	931
937	931
937	932
938	932
938	933
939	933
939	934
943	934
943	935
944	935
944	936
945	936
945	937
946	937
946	938
947	938
947	939
948	939
948	940
949	940
949	941
950	941
950	942
951	942
951	943
952	943
952	944
953	944
953	945
955	945
955	946
956	946
956	947
957	947
957	948
958	948
958	949
959	949
959	950
960	950
960	952
963	952
963	953
964	953
964	954
966	954
966	955
967	955
967	956
968	956
968	958
969	958
969	960
970	960
970	962
971	962
971	963
972	963
972	964
973	964
973	968
975	968
975	969
978	969
978	970
982	970
982	971
983	971
983	972
984	972
984	974
985	974
985	975
986	975
986	976
991	976
991	977
998	977
998	974
999	974
999	973
1000	973
1000	970
1001	970
1001	969
1002	969
1002	968
1003	968
1003	967
1004	967
1004	966
1005	966
1005	965
1006	965
1006	963
1007	963
1007	962
1008	962
1008	961
1014	961
1014	960
1015	960
1015	959
1016	959
1016	958
1017	958
1017	957
1019	957
1019	956
1022	956
1022	955
1023	955
1023	954
1038	954
1038	955
1039	955
1039	956
1040	956
1040	958
1041	958
1041	962
1042	962
1042	969
1043	969
1043	970
1044	970
1044	971
1045	971
1045	974
1048	974
1048	975
1049	975
1049	976
1050	976
1050	978
1051	978
1051	979
1052	979
1052	980
1053	980
1053	982
1056	982
1056	983
1057	983
1057	984
1058	984
1058	985
1059	985
1059	986
1060	986
1060	987
1061	987
1061	988
1062	988
1062	989
1066	989
1066	990
1067	990
1067	991
1068	991
1068	992
1069	992
1069	997
1070	997
1070	998
1071	998
1071	999
1072	999
1072	1002
1100	1002
1100	1003
1101	1003
1101	1004
1103	1004
1103	1005
1104	1005
1104	1006
1105	1006
1105	1009
1106	1009
1106	1010
1107	1010
1107	1011
1108	1011
1108	1012
1109	1012
1109	1014
1112	1014
1112	1015
1113	1015
1113	1016
1114	1016
1114	1017
1117	1017
1117	1018
1120	1018
1120	1019
1121	1019
1121	1020
1129	1020
1129	1021
1137	1021
1137	1022
1138	1022
1138	1023
1139	1023
1139	1024
1142	1024
1142	1025
1146	1025
1146	1026
1148	1026
1148	1027
1149	1027
1149	1028
1163	1028
1163	1029
1214	1029
1214	1030
1215	1030
1215	1031
1216	1031
1216	1032
1219	1032
1219	1033
1220	1033
1220	1034
1221	1034
1221	1035
1222	1035
1222	1036
1223	1036
1223	1037
1226	1037
1226	1038
1227	1038
1227	1039
1228	1039
1228	1040
1229	1040
1229	1041
1230	1041
1230	1042
1231	1042
1231	1043
1232	1043
1232	1044
1233	1044
1233	1045
1234	1045
1234	1046
1235	1046
1235	1047
1236	1047
1236	1048
1239	1048
1239	1049
1240	1049
1240	1050
1248	1050
1248	1051
1249	1051
1249	1052
1250	1052
1250	1054
1263	1054
1263	1055
1264	1055
1264	1056
1265	1056
1265	1057
1267	1057
1267	1058
1268	1058
1268	1059
1269	1059
1269	1062
1270	1062
1270	1063
1271	1063
1271	1064
1272	1064
1272	1066
1273	1066
1273	1068
1274	1068
1274	1072
1275	1072
1275	1073
1276	1073
1276	1074
1277	1074
1277	1076
1278	1076
1278	1077
1279	1077
1279	1078
1280	1078
1280	1079
1281	1079
1281	1082
1282	1082
1282	1085
1283	1085
1283	1086
1284	1086
1284	1088
1285	1088
1285	1091
1286	1091
1286	1096
1288	1096
1288	1097
1289	1097
1289	1098
1290	1098
1290	1099
1291	1099
1291	1100
1292	1100
1292	1101
1294	1101
1294	1102
1295	1102
1295	1103
1296	1103
1296	1106
1300	1106
1300	1107
1301	1107
1301	1108
1302	1108
1302	1109
1303	1109
1303	1110
1304	1110
1304	1111
1305	1111
1305	1113
1307	1113
1307	1114
1308	1114
1308	1115
1309	1115
1309	1136
1311	1136
1311	1137
1351	1137
1351	1136
1354	1136
1354	1135
1355	1135
1355	1134
1356	1134
1356	1133
1357	1133
1357	1132
1361	1132
1361	1131
1362	1131
1362	1130
1363	1130
1363	1129
1369	1129
1369	1128
1375	1128
1375	1127
1376	1127
1376	1126
1377	1126
1377	1125
1379	1125
1379	1124
1385	1124
1385	1123
1386	1123
1386	1122
1397	1122
1397	1121
1399	1121
1399	1120
1416	1120
1416	1119
1417	1119
1417	1118
1418	1118
1418	1117
1434	1117
1434	1118
1435	1118
1435	1119
1436	1119
1436	1120
1437	1120
1437	1121
1438	1121
1438	1122
1439	1122
1439	1123
1440	1123
1440	1124
1441	1124
1441	1126
1442	1126
1442	1127
1443	1127
1443	1128
1444	1128
1444	1129
1457	1129
1457	1128
1458	1128
1458	1127
1459	1127
1459	1126
1460	1126
1460	1124
1461	1124
1461	1123
1462	1123
1462	1122
1472	1122
1472	1119
1473	1119
1473	1118
1474	1118
1474	1117
1489	1117
1489	1118
1490	1118
1490	1119
1491	1119
1491	1122
1492	1122
1492	1123
1493	1123
1493	1124
1494	1124
1494	1132
1495	1132
1495	1133
1496	1133
1496	1134
1497	1134
1497	1135
1498	1135
1498	1137
1499	1137
1499	1138
1500	1138
1500	1139
1501	1139
1501	1140
1504	1140
1504	1141
1505	1141
1505	1142
1506	1142
1506	1146
1508	1146
1508	1147
1509	1147
1509	1148
1510	1148
1510	1151
1511	1151
1511	1152
1512	1152
1512	1153
1513	1153
1513	1154
1514	1154
1514	1155
1515	1155
1515	1157
1516	1157
1516	1158
1517	1158
1517	1159
1518	1159
1518	1161
1520	1161
1520	1162
1526	1162
1526	1163
1527	1163
1527	1164
1532	1164
1532	1165
1545	1165
1545	1166
1546	1166
1546	1167
1547	1167
1547	1168
1551	1168
1551	1169
1553	1169
1553	1170
1554	1170
1554	1171
1555	1171
1555	1172
1558	1172
1558	1173
1560	1173
1560	1174
1561	1174
1561	1175
1562	1175
1562	1220
1564	1220
1564	1221
1565	1221
1565	1222
1566	1222
1566	1223
1567	1223
1567	1225
1568	1225
1568	1226
1569	1226
1569	1227
1570	1227
1570	1228
1572	1228
1572	1229
1573	1229
1573	1230
1574	1230
1574	1234
1575	1234
1575	1235
1576	1235
1576	1241
1577	1241
1577	1242
1578	1242
1578	1248
1579	1248
1579	1249
1580	1249
1580	1250
1582	1250
1582	1251
1583	1251
1583	1252
1584	1252
1584	1253
1586	1253
1586	1254
1587	1254
1587	1255
1588	1255
1588	1256
1593	1256
1593	1257
1594	1257
1594	1258
1595	1258
1595	1260
1604	1260
1604	1261
1622	1261
1622	1260
1623	1260
1623	1259
1624	1259
1624	1258
1648	1258
1648	1259
1649	1259
1649	1260
1659	1260
1659	1261
1660	1261
1660	1262
1662	1262
1662	1263
1664	1263
1664	1264
1672	1264
1672	1265
1673	1265
1673	1266
1676	1266
1676	1267
1677	1267
1677	1268
1684	1268
1684	1269
1685	1269
1685	1270
1689	1270
1689	1271
1690	1271
1690	1272
1695	1272
1695	1273
1697	1273
1697	1274
1710	1274
1710	1273
1711	1273
1711	1272
1712	1272
1712	1271
1713	1271
1713	1270
1715	1270
1715	1269
1716	1269
1716	1268
1717	1268
1717	1267
1718	1267
1718	1266
1720	1266
1720	1265
1722	1265
1722	1264
1723	1264
1723	1263
1724	1263
1724	1262
1725	1262
1725	1261
1756	1261
1756	1260
1757	1260
1757	1259
1758	1259
1758	1258
1761	1258
1761	1257
1762	1257
1762	1256
1765	1256
1765	1255
1767	1255
1767	1254
1769	1254
1769	1253
1770	1253
1770	1252
1775	1252
1775	1251
1776	1251
1776	1250
1777	1250
1777	1249
1780	1249
1780	1248
1781	1248
1781	1247
1782	1247
1782	1246
1783	1246
1783	1244
1784	1244
1784	1243
1785	1243
1785	1242
1786	1242
1786	1240
1787	1240
1787	1238
1788	1238
1788	1237
1789	1237
1789	1236
1791	1236
1791	1234
1792	1234
1792	1228
1793	1228
1793	1227
1794	1227
1794	1226
1796	1226
1796	1225
1797	1225
1797	1224
1809	1224
1809	1223
1810	1223
1810	1222
1814	1222
1814	1221
1816	1221
1816	1220
1817	1220
1817	1219
1818	1219
1818	1218
1820	1218
1820	1217
1823	1217
1823	1216
1842	1216
1842	1215
1843	1215
1843	1214
1844	1214
1844	1213
1848	1213
1848	1212
1851	1212
1851	1211
1852	1211
1852	1210
1854	1210
1854	1209
1880	1209
1880	1210
1881	1210
1881	1211
1882	1211
1882	1213
1883	1213
1883	1214
1884	1214
1884	1215
1885	1215
1885	1216
1886	1216
1886	1222
1887	1222
1887	1223
1888	1223
1888	1226
1889	1226
1889	1227
1890	1227
1890	1231
1891	1231
1891	1233
1892	1233
1892	1234
1893	1234
1893	1235
1894	1235
1894	1236
1895	1236
1895	1238
1896	1238
1896	1239
1897	1239
1897	1240
1898	1240
1898	1243
1899	1243
1899	1244
1900	1244
1900	1246
1902	1246
1902	1247
1903	1247
1903	1248
1904	1248
1904	1250
1905	1250
1905	1251
1906	1251
1906	1255
1907	1255
1907	1256
1908	1256
1908	1257
1909	1257
1909	1258
1910	1258
1910	1259
1911	1259
1911	1260
1912	1260
1912	1261
1916	1261
1916	1262
1917	1262
1917	1263
1918	1263
1918	1265
1919	1265
1919	1266
1920	1266
1920	1269
1921	1269
1921	1270
1922	1270
1922	1271
1923	1271
1923	1275
1924	1275
1924	1277
1925	1277
1925	1278
1926	1278
1926	1280
1927	1280
1927	1281
1928	1281
1928	1282
1929	1282
1929	1283
1930	1283
1930	1285
1931	1285
1931	1286
1932	1286
1932	1287
1933	1287
1933	1288
1934	1288
1934	1290
1948	1290
1948	1291
1949	1291
1949	1292
1950	1292
1950	1293
1953	1293
1953	1294
1956	1294
1956	1295
1957	1295
1957	1296
1958	1296
1958	1297
1961	1297
1961	1298
1965	1298
1965	1299
1966	1299
1966	1300
1972	1300
1972	1301
1973	1301
1973	1302
1974	1302
1974	1303
1975	1303
1975	1304
1976	1304
1976	1306
1978	1306
1978	1307
1979	1307
1979	1308
1980	1308
1980	1309
1985	1309
1985	1310
1993	1310
1993	1311
1994	1311
1994	1312
2000	1312
2000	1313
2001	1313
2001	1314
2002	1314
2002	1318
2003	1318
2003	1319
2004	1319
2004	1320
2005	1320
2005	1321
2006	1321
2006	1322
2007	1322
2007	1325
2008	1325
2008	1326
2009	1326
2009	1327
2010	1327
2010	1328
2011	1328
2011	1329
2013	1329
2013	1330
2016	1330
2016	1331
2017	1331
2017	1332
2020	1332
2020	1333
2021	1333
2021	1334
2022	1334
2022	1335
2023	1335
2023	1336
2024	1336
2024	1337
2029	1337
2029	1338
2031	1338
2031	1339
2032	1339
2032	1340
2033	1340
2033	1341
2037	1341
2037	1342
2038	1342
2038	1343
2039	1343
2039	1344
2049	1344
2049	1345
2056	1345
2056	1346
2058	1346
2058	1329
2059	1329
2059	1328
2060	1328
2060	1326
2061	1326
2061	1325
2062	1325
2062	1324
2063	1324
2063	1320
2064	1320
2064	1311
2065	1311
2065	1310
2066	1310
2066	1308
2067	1308
2067	1307
2068	1307
2068	1302
2069	1302
2069	1301
2070	1301
2070	1300
2072	1300
2072	1296
2073	1296
2073	1295
2074	1295
2074	1288
2075	1288
2075	1284
2076	1284
2076	1278
2077	1278
2077	1276
2078	1276
2078	1275
2079	1275
2079	1274
2080	1274
2080	1273
2081	1273
2081	1272
2083	1272
2083	1271
2084	1271
2084	1270
2085	1270
2085	1269
2086	1269
2086	1268
2087	1268
2087	1254
2088	1254
2088	1250
2089	1250
2089	1249
2090	1249
2090	1248
2091	1248
2091	1247
2092	1247
2092	1244
2093	1244
2093	1243
2094	1243
2094	1242
2095	1242
2095	1241
2097	1241
2097	1240
2100	1240
2100	1239
2101	1239
2101	1238
2102	1238
2102	1237
2103	1237
2103	1236
2104	1236
2104	1235
2105	1235
2105	1234
2114	1234
2114	1233
2120	1233
2120	1232
2121	1232
2121	1231
2122	1231
2122	1230
2135	1230
2135	1229
2136	1229
2136	1228
2141	1228
2141	1227
2142	1227
2142	1226
2143	1226
2143	1225
2147	1225
2147	1224
2163	1224
2163	1225
2164	1225
2164	1226
2165	1226
2165	1227
2166	1227
2166	1248
2167	1248
2167	1252
2168	1252
2168	1253
2169	1253
2169	1254
2170	1254
2170	1255
2171	1255
2171	1303
2172	1303
2172	1305
2173	1305
2173	1306
2174	1306
2174	1312
2175	1312
2175	1387
2174	1387
2174	1390
2173	1390
2173	1391
2172	1391
2172	1392
2171	1392
2171	1394
2170	1394
2170	1396
2169	1396
2169	1397
2168	1397
2168	1401
2169	1401
2169	1402
2170	1402
2170	1405
2173	1405
2173	1406
2174	1406
2174	1407
2175	1407
2175	1408
2177	1408
2177	1409
2180	1409
2180	1410
2184	1410
2184	1411
2185	1411
2185	1412
2186	1412
2186	1413
2216	1413
2216	1412
2217	1412
2217	1411
2218	1411
2218	1410
2221	1410
2221	1409
2222	1409
2222	1408
2223	1408
2223	1407
2224	1407
2224	1406
2225	1406
2225	1405
2226	1405
2226	1404
2227	1404
2227	1403
2228	1403
2228	1402
2229	1402
2229	1401
2267	1401
2267	1400
2276	1400
2276	1399
2277	1399
2277	1398
2358	1398
2358	1399
2359	1399
2359	1400
2360	1400
2360	1401
2373	1401
2373	1402
2376	1402
2376	1386
2377	1386
2377	1384
2378	1384
2378	1383
2379	1383
2379	1380
2380	1380
2380	1373
2381	1373
2381	1371
2382	1371
2382	1362
2383	1362
2383	1360
2384	1360
2384	1359
2385	1359
2385	1358
2386	1358
2386	1352
2387	1352
2387	1341
2388	1341
2388	1339
2389	1339
2389	1338
2390	1338
2390	1336
2391	1336
2391	1334
2392	1334
2392	1333
2393	1333
2393	1332
2397	1332
2397	1331
2398	1331
2398	1330
2399	1330
2399	1327
2400	1327
2400	1326
2401	1326
2401	1325
2402	1325
2402	1323
2403	1323
2403	1322
2404	1322
2404	1321
2405	1321
2405	1320
2407	1320
2407	1319
2408	1319
2408	1318
2409	1318
2409	1317
2411	1317
2411	1315
2412	1315
2412	1314
2413	1314
2413	1313
2414	1313
2414	1312
2415	1312
2415	1311
2416	1311
2416	1310
2417	1310
2417	1309
2418	1309
2418	1308
2419	1308
2419	1307
2420	1307
2420	1306
2421	1306
2421	1305
2423	1305
2423	1303
2424	1303
2424	1299
2425	1299
2425	1298
2426	1298
2426	1297
2427	1297
2427	1296
2428	1296
2428	1295
2429	1295
2429	1294
2430	1294
2430	1293
2431	1293
2431	1292
2432	1292
2432	1291
2433	1291
2433	1290
2434	1290
2434	1289
2437	1289
2437	1288
2449	1288
2449	1289
2450	1289
2450	1290
2451	1290
2451	1291
2452	1291
2452	1297
2453	1297
2453	1298
2454	1298
2454	1299
2455	1299
2455	1302
2456	1302
2456	1305
2457	1305
2457	1306
2458	1306
2458	1307
2459	1307
2459	1308
2460	1308
2460	1309
2461	1309
2461	1310
2462	1310
2462	1312
2463	1312
2463	1315
2464	1315
2464	1318
2465	1318
2465	1319
2466	1319
2466	1326
2468	1326
2468	1327
2469	1327
2469	1328
2470	1328
2470	1334
2471	1334
2471	1336
2472	1336
2472	1337
2473	1337
2473	1338
2474	1338
2474	1339
2475	1339
2475	1340
2477	1340
2477	1341
2478	1341
2478	1342
2479	1342
2479	1344
2480	1344
2480	1345
2484	1345
2484	1346
2485	1346
2485	1347
2486	1347
2486	1348
2487	1348
2487	1350
2488	1350
2488	1351
2489	1351
2489	1352
2490	1352
2490	1353
2491	1353
2491	1354
2492	1354
2492	1356
2493	1356
2493	1357
2497	1357
2497	1358
2498	1358
2498	1359
2499	1359
2499	1361
2500	1361
2500	1362
2505	1362
2505	1363
2506	1363
2506	1364
2507	1364
2507	1365
2508	1365
2508	1366
2516	1366
2516	1367
2517	1367
2517	1368
2550	1368
2550	1369
2551	1369
2551	1370
2552	1370
2552	1372
2557	1372
2557	1373
2558	1373
2558	1374
2559	1374
2559	1378
2560	1378
2560	1379
2561	1379
2561	1380
2562	1380
2562	1384
2563	1384
2563	1386
2564	1386
2564	1391
2565	1391
2565	1392
2566	1392
2566	1400
2567	1400
2567	1402
2568	1402
2568	1406
2569	1406
2569	1407
2570	1407
2570	1408
2571	1408
2571	1409
2572	1409
2572	1410
2573	1410
2573	1411
2574	1411
2574	1419
2575	1419
2575	1445
2577	1445
2577	1446
2578	1446
2578	1447
2579	1447
2579	1448
2583	1448
2583	1449
2593	1449
2593	1450
2594	1450
2594	1451
2595	1451
2595	1452
2616	1452
2616	1453
2617	1453
2617	1454
2623	1454
2623	1455
2624	1455
2624	1456
2629	1456
2629	1457
2634	1457
2634	1458
2641	1458
2641	1459
2642	1459
2642	1460
2643	1460
2643	1461
2675	1461
2675	1460
2676	1460
2676	1459
2677	1459
2677	1458
2686	1458
2686	1457
2687	1457
2687	1456
2691	1456
2691	1455
2692	1455
2692	1454
2693	1454
2693	1453
2695	1453
2695	1451
2696	1451
2696	1448
2697	1448
2697	1447
2698	1447
2698	1446
2699	1446
2699	1445
2701	1445
2701	1444
2702	1444
2702	1443
2703	1443
2703	1442
2704	1442
2704	1441
2707	1441
2707	1440
2711	1440
2711	1439
2712	1439
2712	1438
2713	1438
2713	1437
2717	1437
2717	1436
2722	1436
2722	1435
2723	1435
2723	1434
2724	1434
2724	1433
2725	1433
2725	1432
2727	1432
2727	1431
2728	1431
2728	1430
2731	1430
2731	1429
2737	1429
2737	1428
2739	1428
2739	1427
2740	1427
2740	1426
2741	1426
2741	1425
2742	1425
2742	1424
2743	1424
2743	1423
2744	1423
2744	1422
2745	1422
2745	1421
2747	1421
2747	1420
2748	1420
2748	1419
2749	1419
2749	1418
2750	1418
2750	1417
2753	1417
2753	1416
2754	1416
2754	1415
2755	1415
2755	1414
2756	1414
2756	1413
2757	1413
2757	1412
2758	1412
2758	1409
2759	1409
2759	1394
2760	1394
2760	1393
2761	1393
2761	1392
2762	1392
2762	1383
2763	1383
2763	1382
2764	1382
2764	1375
2765	1375
2765	1374
2766	1374
2766	1372
2767	1372
2767	1371
2768	1371
2768	1362
2769	1362
2769	1360
2770	1360
2770	1356
2771	1356
2771	1355
2772	1355
2772	1339
2773	1339
2773	1338
2774	1338
2774	1337
2775	1337
2775	1307
2776	1307
2776	1303
2777	1303
2777	1302
2778	1302
2778	1300
2779	1300
2779	1298
2780	1298
2780	1297
2781	1297
2781	1296
2784	1296
2784	1293
2785	1293
2785	1292
2786	1292
2786	1291
2787	1291
2787	1284
2788	1284
2788	1283
2789	1283
2789	1280
2790	1280
2790	1279
2791	1279
2791	1278
2792	1278
2792	1277
2793	1277
2793	1275
2794	1275
2794	1274
2795	1274
2795	1273
2796	1273
2796	1272
2797	1272
2797	1271
2798	1271
2798	1270
2799	1270
2799	1269
2800	1269
2800	1268
2801	1268
2801	1267
2802	1267
2802	1266
2803	1266
2803	1265
2804	1265
2804	1264
2805	1264
2805	1263
2806	1263
2806	1262
2807	1262
2807	1261
2826	1261
2826	1262
2827	1262
2827	1263
2828	1263
2828	1264
2830	1264
2830	1265
2834	1265
2834	1266
2839	1266
2839	1267
2840	1267
2840	1268
2841	1268
2841	1269
2846	1269
2846	1270
2847	1270
2847	1271
2848	1271
2848	1272
2850	1272
2850	1273
2851	1273
2851	1274
2856	1274
2856	1261
2857	1261
2857	1260
2858	1260
2858	1259
2859	1259
2859	1258
2860	1258
2860	1256
2861	1256
2861	1255
2862	1255
2862	1254
2864	1254
2864	1253
2865	1253
2865	1252
2866	1252
2866	1251
2867	1251
2867	1248
2868	1248
2868	1247
2869	1247
2869	1246
2870	1246
2870	1244
2871	1244
2871	1243
2872	1243
2872	1242
2874	1242
2874	1241
2887	1241
2887	1240
2888	1240
2888	1239
2889	1239
2889	1238
2892	1238
2892	1237
2893	1237
2893	1236
2904	1236
2904	1235
2905	1235
2905	1234
2918	1234
2918	1235
2919	1235
2919	1236
2920	1236
2920	1237
2921	1237
2921	1238
2922	1238
2922	1239
2923	1239
2923	1240
2926	1240
2926	1241
2928	1241
2928	1242
2933	1242
2933	1243
2934	1243
2934	1244
2935	1244
2935	1245
2939	1245
2939	1246
2940	1246
2940	1247
2941	1247
2941	1250
2955	1250
2955	1251
2956	1251
2956	1252
2957	1252
2957	1253
2961	1253
2961	1252
2962	1252
2962	1251
2963	1251
2963	1250
2968	1250
2968	1249
2969	1249
2969	1248
2970	1248
2970	1247
2971	1247
2971	1246
2975	1246
2975	1245
2977	1245
2977	1244
2978	1244
2978	1243
2979	1243
2979	1242
2980	1242
2980	1241
2981	1241
2981	1240
2982	1240
2982	1239
2986	1239
2986	1240
3025	1240
3025	1241
3033	1241
3033	1242
3034	1242
3034	1243
3035	1243
3035	1244
3055	1244
3055	1243
3056	1243
3056	1241
3057	1241
3057	1240
3058	1240
3058	1239
3059	1239
3059	1238
3063	1238
3063	1236
3064	1236
3064	1235
3065	1235
3065	1234
3070	1234
3070	1233
3071	1233
3071	1232
3073	1232
3073	1231
3074	1231
3074	1230
3075	1230
3075	1229
3077	1229
3077	1228
3078	1228
3078	1227
3079	1227
3079	1226
3081	1226
3081	1225
3082	1225
3082	1223
3083	1223
3083	1222
3084	1222
3084	1219
3085	1219
3085	1211
3086	1211
3086	1210
3087	1210
3087	1209
3088	1209
3088	1208
3089	1208
3089	1207
3090	1207
3090	1206
3126	1206
3126	1205
3127	1205
3127	1204
3178	1204
3178	1205
3179	1205
3179	1206
3181	1206
3181	1207
3182	1207
3182	1208
3183	1208
3183	1210
3185	1210
3185	1211
3186	1211
3186	1212
3187	1212
3187	1213
3189	1213
3189	1214
3190	1214
3190	1215
3191	1215
3191	1216
3194	1216
3194	1215
3195	1215
3195	1214
3217	1214
3217	1215
3218	1215
3218	1216
3222	1216
3222	1217
3293	1217
3293	1216
3294	1216
3294	1215
3295	1215
3295	1214
3296	1214
3296	1213
3300	1213
3300	1212
3301	1212
3301	1211
3302	1211
3302	1210
3303	1210
3303	1209
3304	1209
3304	1208
3305	1208
3305	1207
3306	1207
3306	1206
3307	1206
3307	1205
3308	1205
3308	1204
3309	1204
3309	1203
3310	1203
3310	1202
3311	1202
3311	1201
3313	1201
3313	1199
3314	1199
3314	1198
3315	1198
3315	1197
3316	1197
3316	1196
3317	1196
3317	1195
3318	1195
3318	1194
3319	1194
3319	1193
3320	1193
3320	1192
3324	1192
3324	1191
3325	1191
3325	1190
3326	1190
3326	1189
3330	1189
3330	1188
3331	1188
3331	1153
3332	1153
3332	1152
3333	1152
3333	1146
3334	1146
3334	1145
3335	1145
3335	1143
3336	1143
3336	1142
3337	1142
3337	1141
3339	1141
3339	1140
3340	1140
3340	1139
3341	1139
3341	1138
3342	1138
3342	1137
3343	1137
3343	1136
3344	1136
3344	1135
3345	1135
3345	1134
3346	1134
3346	1133
3348	1133
3348	1128
3349	1128
3349	1099
3348	1099
3348	1098
3347	1098
3347	1072
3348	1072
3348	1071
3349	1071
3349	1070
3352	1070
3352	1069
3356	1069
3356	1067
3357	1067
3357	1066
3358	1066
3358	1065
3359	1065
3359	1064
3366	1064
3366	1063
3367	1063
3367	1062
3368	1062
3368	1061
3369	1061
3369	1060
3370	1060
3370	1059
3371	1059
3371	1058
3372	1058
3372	1057
3373	1057
3373	1056
3374	1056
3374	1055
3375	1055
3375	1054
3376	1054
3376	1053
3377	1053
3377	1052
3378	1052
3378	1051
3379	1051
3379	1050
3380	1050
3380	1049
3381	1049
3381	1048
3382	1048
3382	1047
3383	1047
3383	1046
3384	1046
3384	1044
3385	1044
3385	1043
3386	1043
3386	1042
3392	1042
3392	1041
3408	1041
3408	1042
3409	1042
3409	1043
3410	1043
3410	1044
3411	1044
3411	1045
3415	1045
3415	1046
3416	1046
3416	1047
3417	1047
3417	1048
3421	1048
3421	1049
3426	1049
3426	1050
3427	1050
3427	1051
3428	1051
3428	1053
3434	1053
3434	1054
3437	1054
3437	1055
3438	1055
3438	1056
3440	1056
3440	1057
3454	1057
3454	1058
3479	1058
3479	1059
3480	1059
3480	1060
3481	1060
3481	1061
3498	1061
3498	1062
3502	1062
3502	1063
3503	1063
3503	1064
3505	1064
3505	1065
3519	1065
3519	1066
3520	1066
3520	1067
3521	1067
3521	1068
3531	1068
3531	1069
3532	1069
3532	1070
3546	1070
3546	1071
3547	1071
3547	1072
3553	1072
3553	1073
3560	1073
3560	1074
3561	1074
3561	1075
3562	1075
3562	1076
3567	1076
3567	1077
3587	1077
3587	1076
3593	1076
3593	1075
3594	1075
3594	1074
3595	1074
3595	1073
3596	1073
3596	1072
3600	1072
3600	1071
3601	1071
3601	1070
3602	1070
3602	1069
3603	1069
3603	1067
3604	1067
3604	1066
3605	1066
3605	1065
3606	1065
3606	1064
3608	1064
3608	1063
3609	1063
3609	1062
3610	1062
3610	1061
3611	1061
3611	1060
3612	1060
3612	1059
3613	1059
3613	1058
3614	1058
3614	1057
3615	1057
3615	1053
3616	1053
3616	1051
3617	1051
3617	1048
3618	1048
3618	1047
3619	1047
3619	1046
3620	1046
3620	1044
3621	1044
3621	1043
3622	1043
3622	1042
3623	1042
3623	1041
3624	1041
3624	1040
3625	1040
3625	1039
3626	1039
3626	1038
3627	1038
3627	1037
3628	1037
3628	1034
3629	1034
3629	1033
3630	1033
3630	1032
3631	1032
3631	1031
3632	1031
3632	1030
3633	1030
3633	1029
3636	1029
3636	1028
3637	1028
3637	1027
3638	1027
3638	1026
3639	1026
3639	1025
3640	1025
3640	1023
3641	1023
3641	1022
3642	1022
3642	1021
3646	1021
3646	1020
3647	1020
3647	1019
3648	1019
3648	1017
3649	1017
3649	1016
3650	1016
3650	1015
3651	1015
3651	1014
3652	1014
3652	1013
3653	1013
3653	1012
3654	1012
3654	1011
3655	1011
3655	1009
3656	1009
3656	1008
3657	1008
3657	1007
3658	1007
3658	1006
3659	1006
3659	1005
3660	1005
3660	1004
3661	1004
3661	1003
3662	1003
3662	1002
3664	1002
3664	1000
3665	1000
3665	999
3666	999
3666	998
3667	998
3667	997
3668	997
3668	996
3669	996
3669	992
3670	992
3670	991
3671	991
3671	990
3672	990
3672	989
3673	989
3673	988
3674	988
3674	987
3675	987
3675	986
3676	986
3676	976
3677	976
3677	975
3678	975
3678	974
3679	974
3679	973
3680	973
3680	969
3681	969
3681	960
3682	960
3682	959
3683	959
3683	923
3684	923
3684	917
3685	917
3685	912
3686	912
3686	911
3687	911
3687	909
3688	909
3688	907
3689	907
3689	902
3690	902
3690	901
3691	901
3691	900
3692	900
3692	897
3693	897
3693	895
3694	895
3694	894
3695	894
3695	893
3696	893
3696	891
3697	891
3697	890
3698	890
3698	889
3699	889
3699	888
3700	888
3700	887
3701	887
3701	886
3702	886
3702	885
3703	885
3703	884
3704	884
3704	883
3705	883
3705	882
3706	882
3706	881
3707	881
3707	880
3708	880
3708	879
3709	879
3709	878
3711	878
3711	876
3712	876
3712	875
3713	875
3713	874
3714	874
3714	873
3715	873
3715	872
3717	872
3717	871
3721	871
3721	870
3727	870
3727	869
3730	869
3730	868
3758	868
3758	867
3759	867
3759	866
3764	866
3764	865
3766	865
3766	864
3768	864
3768	863
3769	863
3769	862
3772	862
3772	861
3773	861
3773	860
3776	860
3776	859
3777	859
3777	858
3779	858
3779	857
3873	857
3873	858
3874	858
3874	859
3875	859
3875	860
3876	860
3876	862
3877	862
3877	863
3878	863
3878	864
3879	864
3879	868
3883	868
3883	869
3884	869
3884	863
3885	863
3885	862
3886	862
3886	861
3887	861
3887	860
3890	860
3890	859
3891	859
3891	858
3895	858
3895	857
3898	857
3898	852
3899	852
3899	851
3900	851
3900	848
3901	848
3901	847
3902	847
3902	844
3903	844
3903	843
3904	843
3904	841
3905	841
3905	840
3906	840
3906	839
3907	839
3907	838
3908	838
3908	835
3909	835
3909	816
3910	816
3910	814
3911	814
3911	813
3912	813
3912	804
3913	804
3913	803
3914	803
3914	800
3915	800
3915	799
3916	799
3916	798
3917	798
3917	792
3918	792
3918	791
3919	791
3919	790
3921	790
3921	787
3922	787
3922	786
3923	786
3923	785
3924	785
3924	778
3925	778
3925	764
3926	764
3926	763
3927	763
3927	762
3928	762
3928	759
3929	759
3929	755
3930	755
3930	743
3931	743
3931	742
3932	742
3932	741
3933	741
3933	740
3934	740
3934	739
3935	739
3935	738
3936	738
3936	737
3937	737
3937	736
3938	736
3938	735
3939	735
3939	734
3940	734
3940	733
3941	733
3941	732
3942	732
3942	731
3943	731
3943	730
3944	730
3944	729
3945	729
3945	727
3946	727
3946	724
3947	724
3947	723
3948	723
3948	722
3949	722
3949	721
3950	721
3950	718
3951	718
3951	717
3952	717
3952	716
3953	716
3953	715
3954	715
3954	714
3955	714
3955	713
3956	713
3956	712
3960	712
3960	711
3961	711
3961	710
3962	710
3962	709
3964	709
3964	708
3965	708
3965	707
3966	707
3966	706
3967	706
3967	704
3968	704
3968	703
3969	703
3969	702
3970	702
3970	701
3973	701
3973	700
3974	700
3974	699
3975	699
3975	698
3979	698
3979	697
3983	697
3983	696
3985	696
3985	695
3986	695
3986	694
3988	694
3988	693
3992	693
3992	692
3995	692
3995	691
3996	691
3996	690
3997	690
3997	689
3999	689
3999	688
4005	688
4005	687
4006	687
4006	686
4007	686
4007	685
4009	685
4009	684
4010	684
4010	683
4011	683
4011	682
4016	682
4016	681
4017	681
4017	680
4018	680
4018	679
4019	679
4019	678
4021	678
4021	677
4025	677
4025	676
4028	676
4028	675
4029	675
4029	674
4030	674
4030	673
4038	673
4038	672
4045	672
4045	671
4046	671
4046	664
4047	664
4047	663
4048	663
4048	657
4049	657
4049	653
4050	653
4050	652
4051	652
4051	651
4052	651
4052	648
4053	648
4053	647
4054	647
4054	646
4055	646
4055	644
4056	644
4056	643
4057	643
4057	642
4059	642
4059	641
4061	641
4061	639
4062	639
4062	638
4063	638
4063	637
4064	637
4064	636
4065	636
4065	631
4066	631
4066	630
4067	630
4067	629
4068	629
4068	628
4069	628
4069	625
4070	625
4070	623
4071	623
4071	622
4072	622
4072	619
4073	619
4073	617
4074	617
4074	616
4075	616
4075	615
4076	615
4076	614
4077	614
4077	613
4078	613
4078	610
4079	610
4079	608
4080	608
4080	607
4081	607
4081	600
4082	600
4082	595
4083	595
4083	594
4084	594
4084	592
4085	592
4085	591
4086	591
4086	586
4087	586
4087	584
4088	584
4088	581
4089	581
4089	580
4090	580
4090	579
4091	579
4091	578
4092	578
4092	577
4094	577
4094	572
4095	572
4095	571
4096	571
4096	570
4097	570
4097	568
4098	568
4098	567
4099	567
4099	566
4102	566
4102	565
4103	565
4103	564
4104	564
4104	563
4105	563
4105	562
4106	562
4106	561
4108	561
4108	532
4109	532
4109	531
4110	531
4110	518
4111	518
4111	517
4112	517
4112	516
4113	516
4113	511
4114	511
4114	495
4113	495
4113	463
4114	463
4114	462
4115	462
4115	461
4116	461
4116	460
4117	460
4117	459
4118	459
4118	458
4120	458
4120	457
4121	457
4121	456
4122	456
4122	455
4123	455
4123	454
4124	454
4124	453
4125	453
4125	451
4126	451
4126	450
4127	450
4127	449
4128	449
4128	445
4129	445
4129	437
4130	437
4130	436
4131	436
4131	434
4132	434
4132	433
4133	433
4133	431
4134	431
4134	427
4135	427
4135	424
4136	424
4136	423
4137	423
4137	420
4138	420
4138	419
4139	419
4139	418
4140	418
4140	417
4141	417
4141	412
4142	412
4142	410
4143	410
4143	409
4144	409
4144	404
4145	404
4145	403
4146	403
4146	395
4147	395
4147	394
4148	394
4148	391
4149	391
4149	380
4150	380
4150	378
4151	378
4151	377
4152	377
4152	376
4153	376
4153	375
4154	375
4154	374
4155	374
4155	373
4156	373
4156	372
4157	372
4157	369
4158	369
4158	368
4159	368
4159	367
4160	367
4160	366
4161	366
4161	365
4163	365
4163	364
4164	364
4164	361
4165	361
4165	360
4166	360
4166	359
4167	359
4167	358
4169	358
4169	357
4171	357
4171	356
4173	356
4173	355
4174	355
4174	354
4175	354
4175	353
4178	353
4178	352
4179	352
4179	351
4180	351
4180	350
4185	350
4185	349
4186	349
4186	348
4187	348
4187	347
4191	347
4191	348
4194	348
4194	347
4195	347
4195	346
4196	346
4196	345
4212	345
4212	344
4225	344
4225	343
4226	343
4226	342
4237	342
4237	341
4241	341
4241	340
4242	340
4242	339
4243	339
4243	338
4250	338
4250	331
4251	331
4251	330
4252	330
4252	319
4253	319
4253	318
4254	318
4254	312
4255	312
4255	311
4256	311
4256	300
4257	300
4257	299
4258	299
4258	295
4259	295
4259	294
4260	294
4260	289
4261	289
4261	284
4262	284
4262	282
4263	282
4263	281
4264	281
4264	280
4265	280
4265	279
4266	279
4266	276
4267	276
4267	275
4268	275
4268	272
4269	272
4269	263
4270	263
4270	262
4271	262
4271	261
4272	261
4272	255
4273	255
4273	254
4274	254
4274	253
4275	253
4275	252
4276	252
4276	249
4277	249
4277	248
4278	248
4278	247
4279	247
4279	246
4280	246
4280	220
4281	220
4281	219
4282	219
4282	218
4286	218
4286	219
4287	219
4287	220
4288	220
4288	251
4287	251
4287	252
4286	252
4286	253
4284	253
4284	256
4283	256
4283	257
4282	257
4282	258
4281	258
4281	259
4280	259
4280	264
4279	264
4279	265
4278	265
4278	266
4277	266
4277	271
4276	271
4276	279
4275	279
4275	280
4274	280
