342	513
343	513
343	514
344	514
344	526
343	526
343	529
342	529
342	532
341	532
341	536
340	536
340	537
341	537
341	538
340	538
340	550
339	550
339	551
340	551
340	563
341	563
341	564
340	564
340	576
341	576
341	583
342	583
342	585
341	585
341	604
342	604
342	606
341	606
341	612
340	612
340	613
341	613
341	616
342	616
342	617
341	617
341	618
342	618
342	622
343	622
343	631
344	631
344	643
345	643
345	645
344	645
344	647
345	647
345	648
348	648
348	649
367	649
367	648
369	648
369	649
371	649
371	648
375	648
375	647
380	647
380	648
383	648
383	647
394	647
394	648
395	648
395	647
397	647
397	648
401	648
401	649
417	649
417	650
421	650
421	651
423	651
423	652
424	652
424	653
425	653
425	654
426	654
426	655
427	655
427	657
428	657
428	658
429	658
429	660
431	660
431	662
432	662
432	663
433	663
433	664
434	664
434	665
435	665
435	667
436	667
436	668
437	668
437	669
448	669
448	670
455	670
455	671
456	671
456	670
457	670
457	671
459	671
459	672
468	672
468	674
471	674
471	677
472	677
472	678
474	678
474	680
475	680
475	685
476	685
476	688
475	688
475	691
476	691
476	696
477	696
477	698
478	698
478	699
479	699
479	704
480	704
480	706
481	706
481	707
483	707
483	709
484	709
484	710
488	710
488	711
492	711
492	710
496	710
496	711
497	711
497	710
499	710
499	711
505	711
505	712
510	712
510	713
511	713
511	712
515	712
515	710
516	710
516	708
517	708
517	706
518	706
518	705
519	705
519	703
520	703
520	702
521	702
521	699
522	699
522	698
523	698
523	697
524	697
524	696
525	696
525	695
530	695
530	694
532	694
532	693
533	693
533	692
534	692
534	691
536	691
536	690
537	690
537	689
539	689
539	688
540	688
540	687
541	687
541	686
543	686
543	685
554	685
554	684
562	684
562	683
564	683
564	684
565	684
565	686
564	686
564	690
563	690
563	695
562	695
562	696
563	696
563	698
564	698
564	700
567	700
567	703
568	703
568	710
569	710
569	714
570	714
570	716
569	716
569	718
570	718
570	720
569	720
569	722
570	722
570	725
569	725
569	739
568	739
568	749
569	749
569	751
572	751
572	752
574	752
574	753
578	753
578	755
577	755
577	761
578	761
578	763
577	763
577	770
576	770
576	772
575	772
575	773
576	773
576	776
577	776
577	777
578	777
578	778
580	778
580	777
583	777
583	778
587	778
587	779
588	779
588	778
589	778
589	779
590	779
590	778
592	778
592	781
593	781
593	782
600	782
600	783
603	783
603	782
604	782
604	781
606	781
606	780
607	780
607	779
611	779
611	778
613	778
613	777
621	777
621	778
624	778
624	779
626	779
626	780
629	780
629	781
630	781
630	782
631	782
631	783
632	783
632	784
633	784
633	785
634	785
634	788
635	788
635	789
636	789
636	791
637	791
637	794
638	794
638	798
639	798
639	815
638	815
638	818
637	818
637	828
636	828
636	833
635	833
635	835
634	835
634	840
633	840
633	841
635	841
635	842
636	842
636	843
638	843
638	844
639	844
639	843
644	843
644	842
646	842
646	843
649	843
649	844
651	844
651	845
655	845
655	846
656	846
656	847
658	847
658	848
659	848
659	849
660	849
660	850
661	850
661	851
663	851
663	853
664	853
664	855
665	855
665	858
666	858
666	860
667	860
667	861
669	861
669	862
671	862
671	863
672	863
672	865
673	865
673	866
676	866
676	867
677	867
677	866
681	866
681	865
683	865
683	863
684	863
684	861
685	861
685	859
686	859
686	857
685	857
685	856
686	856
686	850
685	850
685	849
686	849
686	845
687	845
687	843
688	843
688	842
689	842
689	840
690	840
690	839
691	839
691	837
692	837
692	836
693	836
693	835
694	835
694	834
695	834
695	833
696	833
696	832
697	832
697	830
698	830
698	828
710	828
710	829
713	829
713	831
715	831
715	832
716	832
716	834
717	834
717	835
718	835
718	836
719	836
719	837
720	837
720	838
725	838
725	840
726	840
726	841
727	841
727	842
729	842
729	843
730	843
730	842
731	842
731	841
735	841
735	842
737	842
737	843
739	843
739	844
741	844
741	845
743	845
743	846
745	846
745	847
747	847
747	848
749	848
749	849
751	849
751	850
752	850
752	851
753	851
753	852
755	852
755	853
757	853
757	854
758	854
758	855
760	855
760	857
762	857
762	859
763	859
763	860
765	860
765	861
766	861
766	862
769	862
769	860
770	860
770	859
775	859
775	860
779	860
779	859
789	859
789	860
793	860
793	861
794	861
794	862
799	862
799	861
804	861
804	862
805	862
805	861
811	861
811	860
812	860
812	861
814	861
814	862
824	862
824	861
827	861
827	859
829	859
829	858
830	858
830	857
831	857
831	856
832	856
832	855
833	855
833	853
835	853
835	852
838	852
838	851
839	851
839	850
840	850
840	849
841	849
841	846
840	846
840	844
841	844
841	843
842	843
842	839
843	839
843	837
844	837
844	835
846	835
846	834
847	834
847	835
852	835
852	834
863	834
863	835
866	835
866	836
868	836
868	835
870	835
870	836
877	836
877	835
887	835
887	836
890	836
890	837
893	837
893	838
896	838
896	839
897	839
897	840
898	840
898	841
899	841
899	846
900	846
900	851
899	851
899	857
898	857
898	858
899	858
899	867
898	867
898	874
897	874
897	876
898	876
898	883
897	883
897	884
898	884
898	886
897	886
897	892
896	892
896	896
897	896
897	897
898	897
898	898
902	898
902	899
905	899
905	898
906	898
906	899
908	899
908	900
911	900
911	901
913	901
913	902
914	902
914	903
915	903
915	904
916	904
916	906
917	906
917	907
918	907
918	908
919	908
919	909
920	909
920	912
921	912
921	916
920	916
920	918
919	918
919	920
920	920
920	922
921	922
921	923
930	923
930	924
931	924
931	925
932	925
932	926
933	926
933	925
935	925
935	926
937	926
937	925
939	925
939	924
944	924
944	923
946	923
946	924
948	924
948	923
950	923
950	922
953	922
953	921
956	921
956	920
960	920
960	919
961	919
961	920
964	920
964	921
966	921
966	920
973	920
973	918
974	918
974	916
975	916
975	913
976	913
976	909
979	909
979	908
977	908
977	907
979	907
979	906
980	906
980	905
981	905
981	904
983	904
983	903
985	903
985	902
986	902
986	901
990	901
990	900
992	900
992	898
993	898
993	896
994	896
994	895
995	895
995	893
996	893
996	892
997	892
997	891
998	891
998	890
999	890
999	889
1000	889
1000	888
1001	888
1001	887
1002	887
1002	883
1003	883
1003	880
1004	880
1004	878
1005	878
1005	875
1006	875
1006	874
1008	874
1008	873
1009	873
1009	871
1010	871
1010	869
1011	869
1011	868
1014	868
1014	866
1013	866
1013	865
1014	865
1014	861
1015	861
1015	859
1014	859
1014	857
1015	857
1015	856
1019	856
1019	855
1021	855
1021	854
1027	854
1027	855
1030	855
1030	856
1033	856
1033	857
1035	857
1035	858
1036	858
1036	859
1037	859
1037	860
1046	860
1046	861
1049	861
1049	862
1053	862
1053	863
1055	863
1055	864
1056	864
1056	865
1057	865
1057	866
1058	866
1058	867
1059	867
1059	868
1060	868
1060	870
1061	870
1061	871
1062	871
1062	872
1064	872
1064	873
1065	873
1065	875
1066	875
1066	876
1067	876
1067	877
1069	877
1069	879
1071	879
1071	882
1072	882
1072	885
1073	885
1073	886
1074	886
1074	888
1075	888
1075	889
1076	889
1076	890
1075	890
1075	894
1076	894
1076	896
1078	896
1078	897
1079	897
1079	901
1078	901
1078	902
1077	902
1077	905
1078	905
1078	906
1079	906
1079	907
1087	907
1087	906
1088	906
1088	905
1089	905
1089	904
1090	904
1090	903
1092	903
1092	902
1095	902
1095	900
1096	900
1096	899
1098	899
1098	898
1102	898
1102	897
1105	897
1105	898
1107	898
1107	897
1109	897
1109	898
1114	898
1114	899
1119	899
1119	900
1121	900
1121	899
1141	899
1141	900
1148	900
1148	901
1149	901
1149	900
1150	900
1150	901
1156	901
1156	902
1157	902
1157	901
1159	901
1159	902
1161	902
1161	901
1163	901
1163	902
1166	902
1166	903
1168	903
1168	904
1171	904
1171	905
1175	905
1175	906
1176	906
1176	907
1180	907
1180	908
1184	908
1184	909
1189	909
1189	910
1190	910
1190	912
1191	912
1191	913
1194	913
1194	914
1197	914
1197	915
1201	915
1201	916
1205	916
1205	913
1206	913
1206	910
1205	910
1205	898
1206	898
1206	891
1207	891
1207	887
1208	887
1208	884
1209	884
1209	883
1210	883
1210	882
1213	882
1213	880
1216	880
1216	879
1217	879
1217	878
1220	878
1220	877
1225	877
1225	878
1227	878
1227	879
1230	879
1230	878
1232	878
1232	877
1233	877
1233	876
1242	876
1242	875
1246	875
1246	874
1247	874
1247	875
1249	875
1249	874
1257	874
1257	875
1266	875
1266	876
1267	876
1267	875
1268	875
1268	876
1271	876
1271	875
1272	875
1272	876
1278	876
1278	875
1279	875
1279	876
1280	876
1280	875
1282	875
1282	874
1286	874
1286	873
1289	873
1289	872
1292	872
1292	871
1295	871
1295	870
1298	870
1298	869
1301	869
1301	868
1305	868
1305	867
1309	867
1309	866
1310	866
1310	865
1311	865
1311	866
1314	866
1314	865
1320	865
1320	866
1327	866
1327	867
1329	867
1329	868
1331	868
1331	869
1337	869
1337	870
1340	870
1340	871
1345	871
1345	872
1346	872
1346	873
1347	873
1347	874
1348	874
1348	877
1353	877
1353	878
1356	878
1356	879
1357	879
1357	877
1358	877
1358	878
1360	878
1360	879
1368	879
1368	880
1371	880
1371	879
1372	879
1372	880
1373	880
1373	879
1374	879
1374	880
1382	880
1382	879
1384	879
1384	878
1388	878
1388	877
1391	877
1391	878
1392	878
1392	877
1394	877
1394	878
1401	878
1401	877
1403	877
1403	872
1404	872
1404	871
1405	871
1405	870
1406	870
1406	869
1407	869
1407	868
1408	868
1408	867
1409	867
1409	865
1410	865
1410	864
1409	864
1409	863
1410	863
1410	860
1411	860
1411	858
1412	858
1412	856
1413	856
1413	854
1414	854
1414	853
1415	853
1415	851
1416	851
1416	850
1418	850
1418	849
1419	849
1419	848
1422	848
1422	847
1424	847
1424	846
1426	846
1426	845
1427	845
1427	844
1431	844
1431	843
1437	843
1437	842
1439	842
1439	843
1440	843
1440	842
1443	842
1443	843
1444	843
1444	841
1447	841
1447	840
1448	840
1448	839
1451	839
1451	838
1458	838
1458	839
1461	839
1461	840
1466	840
1466	841
1472	841
1472	843
1475	843
1475	844
1476	844
1476	845
1477	845
1477	846
1478	846
1478	847
1479	847
1479	848
1480	848
1480	849
1481	849
1481	850
1486	850
1486	851
1487	851
1487	852
1488	852
1488	851
1489	851
1489	854
1490	854
1490	856
1492	856
1492	857
1496	857
1496	858
1495	858
1495	862
1496	862
1496	864
1498	864
1498	865
1502	865
1502	864
1504	864
1504	863
1509	863
1509	864
1516	864
1516	863
1520	863
1520	864
1521	864
1521	863
1527	863
1527	862
1530	862
1530	861
1535	861
1535	860
1538	860
1538	859
1542	859
1542	861
1540	861
1540	862
1538	862
1538	863
1536	863
1536	864
1534	864
1534	867
1533	867
1533	869
1530	869
1530	870
1529	870
1529	871
1528	871
1528	875
1529	875
1529	876
1530	876
1530	877
1532	877
1532	876
1534	876
1534	875
1535	875
1535	874
1536	874
1536	873
1537	873
1537	871
1540	871
1540	870
1542	870
1542	876
1543	876
1543	878
1542	878
1542	892
1541	892
1541	897
1540	897
1540	899
1538	899
1538	903
1537	903
1537	904
1538	904
1538	905
1539	905
1539	908
1543	908
1543	907
1546	907
1546	904
1547	904
1547	894
1548	894
1548	875
1547	875
1547	874
1548	874
1548	866
1549	866
1549	867
1552	867
1552	868
1554	868
1554	869
1559	869
1559	870
1563	870
1563	871
1565	871
1565	872
1569	872
1569	870
1570	870
1570	865
1569	865
1569	864
1567	864
1567	863
1565	863
1565	864
1564	864
1564	863
1561	863
1561	862
1556	862
1556	861
1554	861
1554	860
1550	860
1550	859
1549	859
1549	858
1548	858
1548	856
1549	856
1549	855
1551	855
1551	854
1552	854
1552	852
1553	852
1553	851
1555	851
1555	850
1556	850
1556	849
1557	849
1557	848
1559	848
1559	847
1560	847
1560	846
1561	846
1561	845
1563	845
1563	844
1565	844
1565	843
1567	843
1567	842
1569	842
1569	841
1570	841
1570	840
1571	840
1571	839
1573	839
1573	838
1574	838
1574	837
1575	837
1575	835
1576	835
1576	832
1577	832
1577	831
1578	831
1578	829
1579	829
1579	828
1580	828
1580	826
1581	826
1581	825
1583	825
1583	824
1584	824
1584	822
1586	822
1586	821
1587	821
1587	820
1589	820
1589	819
1592	819
1592	818
1595	818
1595	817
1596	817
1596	816
1597	816
1597	815
1598	815
1598	814
1601	814
1601	812
1602	812
1602	811
1603	811
1603	808
1604	808
1604	806
1605	806
1605	803
1604	803
1604	802
1605	802
1605	801
1604	801
1604	800
1603	800
1603	799
1602	799
1602	796
1601	796
1601	795
1602	795
1602	794
1601	794
1601	792
1600	792
1600	790
1601	790
1601	788
1600	788
1600	763
1601	763
1601	761
1600	761
1600	759
1601	759
1601	758
1600	758
1600	757
1601	757
1601	752
1602	752
1602	749
1603	749
1603	748
1604	748
1604	746
1605	746
1605	745
1606	745
1606	743
1607	743
1607	741
1609	741
1609	738
1611	738
1611	737
1612	737
1612	736
1617	736
1617	737
1619	737
1619	736
1620	736
1620	735
1621	735
1621	736
1623	736
1623	735
1627	735
1627	736
1628	736
1628	739
1629	739
1629	740
1632	740
1632	741
1633	741
1633	740
1639	740
1639	741
1643	741
1643	742
1648	742
1648	744
1649	744
1649	746
1650	746
1650	747
1651	747
1651	749
1652	749
1652	750
1653	750
1653	751
1654	751
1654	752
1657	752
1657	753
1658	753
1658	755
1659	755
1659	757
1660	757
1660	759
1661	759
1661	761
1662	761
1662	763
1663	763
1663	765
1664	765
1664	767
1665	767
1665	769
1666	769
1666	772
1667	772
1667	775
1668	775
1668	777
1669	777
1669	779
1670	779
1670	781
1672	781
1672	782
1673	782
1673	783
1675	783
1675	784
1678	784
1678	785
1681	785
1681	786
1682	786
1682	785
1684	785
1684	784
1685	784
1685	780
1686	780
1686	776
1687	776
1687	775
1688	775
1688	774
1689	774
1689	773
1694	773
1694	772
1702	772
1702	771
1709	771
1709	770
1712	770
1712	769
1721	769
1721	770
1724	770
1724	771
1726	771
1726	772
1729	772
1729	773
1730	773
1730	774
1731	774
1731	775
1732	775
1732	776
1733	776
1733	777
1735	777
1735	778
1739	778
1739	779
1741	779
1741	780
1742	780
1742	781
1747	781
1747	782
1750	782
1750	783
1751	783
1751	782
1752	782
1752	783
1756	783
1756	784
1760	784
1760	785
1761	785
1761	786
1762	786
1762	787
1767	787
1767	786
1770	786
1770	785
1771	785
1771	786
1772	786
1772	785
1773	785
1773	786
1776	786
1776	787
1777	787
1777	786
1778	786
1778	787
1782	787
1782	788
1783	788
1783	789
1787	789
1787	790
1788	790
1788	789
1789	789
1789	790
1795	790
1795	791
1798	791
1798	790
1800	790
1800	791
1806	791
1806	790
1813	790
1813	789
1816	789
1816	788
1817	788
1817	787
1818	787
1818	785
1819	785
1819	784
1820	784
1820	782
1822	782
1822	780
1823	780
1823	777
1824	777
1824	776
1825	776
1825	774
1827	774
1827	773
1829	773
1829	772
1831	772
1831	771
1832	771
1832	770
1835	770
1835	769
1838	769
1838	770
1839	770
1839	769
1849	769
1849	768
1852	768
1852	767
1853	767
1853	765
1854	765
1854	763
1855	763
1855	759
1856	759
1856	757
1857	757
1857	755
1858	755
1858	754
1859	754
1859	746
1860	746
1860	737
1859	737
1859	731
1858	731
1858	720
1857	720
1857	704
1858	704
1858	699
1859	699
1859	696
1860	696
1860	694
1861	694
1861	692
1862	692
1862	691
1864	691
1864	689
1865	689
1865	687
1877	687
1877	686
1878	686
1878	681
1879	681
1879	678
1880	678
1880	674
1881	674
1881	669
1880	669
1880	668
1881	668
1881	664
1880	664
1880	661
1879	661
1879	656
1880	656
1880	652
1879	652
1879	651
1880	651
1880	650
1879	650
1879	647
1878	647
1878	646
1877	646
1877	643
1876	643
1876	640
1875	640
1875	635
1874	635
1874	630
1875	630
1875	629
1874	629
1874	627
1873	627
1873	626
1874	626
1874	624
1875	624
1875	621
1874	621
1874	615
1875	615
1875	613
1876	613
1876	612
1877	612
1877	609
1878	609
1878	608
1879	608
1879	605
1881	605
1881	604
1880	604
1880	602
1882	602
1882	601
1887	601
1887	602
1889	602
1889	603
1893	603
1893	604
1894	604
1894	605
1899	605
1899	606
1901	606
1901	607
1902	607
1902	608
1903	608
1903	609
1904	609
1904	610
1906	610
1906	611
1907	611
1907	612
1910	612
1910	613
1913	613
1913	614
1915	614
1915	615
1919	615
1919	616
1922	616
1922	617
1924	617
1924	618
1925	618
1925	619
1926	619
1926	620
1928	620
1928	621
1929	621
1929	620
1931	620
1931	621
1934	621
1934	620
1937	620
1937	621
1939	621
1939	622
1940	622
1940	623
1941	623
1941	622
1943	622
1943	623
1947	623
1947	622
1949	622
1949	623
1953	623
1953	624
1956	624
1956	625
1958	625
1958	626
1960	626
1960	627
1961	627
1961	628
1965	628
1965	629
1969	629
1969	628
1972	628
1972	629
1978	629
1978	628
1982	628
1982	627
1984	627
1984	626
1985	626
1985	625
1986	625
1986	622
1987	622
1987	621
1988	621
1988	620
1990	620
1990	619
1992	619
1992	618
1993	618
1993	617
1994	617
1994	616
1995	616
1995	615
1996	615
1996	613
1998	613
1998	612
1999	612
1999	611
2000	611
2000	610
2001	610
2001	609
2002	609
2002	607
2003	607
2003	606
2005	606
2005	603
2006	603
2006	602
2007	602
2007	601
2008	601
2008	599
2009	599
2009	596
2010	596
2010	595
2011	595
2011	594
2013	594
2013	593
2014	593
2014	592
2016	592
2016	591
2019	591
2019	590
2021	590
2021	589
2025	589
2025	588
2030	588
2030	587
2035	587
2035	586
2039	586
2039	585
2043	585
2043	584
2048	584
2048	583
2063	583
2063	582
2064	582
2064	580
2065	580
2065	579
2066	579
2066	577
2067	577
2067	574
2068	574
2068	570
2069	570
2069	566
2070	566
2070	563
2069	563
2069	562
2070	562
2070	559
2069	559
2069	553
2068	553
2068	543
2067	543
2067	540
2068	540
2068	534
2067	534
2067	533
2068	533
2068	532
2067	532
2067	531
2068	531
2068	528
2067	528
2067	520
2068	520
2068	514
2067	514
2067	513
2068	513
2068	510
2069	510
2069	508
2068	508
2068	505
2069	505
2069	504
2068	504
2068	502
2069	502
2069	500
2068	500
2068	499
2069	499
2069	492
2070	492
2070	490
2071	490
2071	484
2072	484
2072	478
2071	478
2071	477
2072	477
2072	475
2073	475
2073	471
2074	471
2074	467
2075	467
2075	465
2085	465
2085	466
2087	466
2087	467
2091	467
2091	468
2094	468
2094	469
2097	469
2097	470
2101	470
2101	471
2104	471
2104	472
2105	472
2105	471
2106	471
2106	472
2110	472
2110	473
2113	473
2113	474
2115	474
2115	475
2124	475
2124	476
2146	476
2146	477
2147	477
2147	476
2148	476
2148	477
2150	477
2150	476
2164	476
2164	475
2165	475
2165	476
2166	476
2166	474
2167	474
2167	473
2168	473
2168	472
2170	472
2170	471
2171	471
2171	470
2172	470
2172	469
2173	469
2173	467
2174	467
2174	465
2175	465
2175	461
2176	461
2176	457
2177	457
2177	456
2176	456
2176	455
2177	455
2177	452
2178	452
2178	451
2177	451
2177	448
2178	448
2178	431
2179	431
2179	429
2180	429
2180	426
2181	426
2181	421
2182	421
2182	420
2183	420
2183	419
2184	419
2184	418
2185	418
2185	417
2186	417
2186	416
2187	416
2187	415
2188	415
2188	413
2190	413
2190	412
2191	412
2191	411
2192	411
2192	410
2194	410
2194	409
2195	409
2195	408
2196	408
2196	407
2198	407
2198	406
2199	406
2199	405
2202	405
2202	404
2203	404
2203	403
2204	403
2204	401
2205	401
2205	399
2206	399
2206	398
2207	398
2207	396
2208	396
2208	395
2209	395
2209	394
2210	394
2210	391
2211	391
2211	379
2212	379
2212	378
2211	378
2211	372
2210	372
2210	371
2211	371
2211	364
2212	364
2212	355
2213	355
2213	351
2214	351
2214	350
2215	350
2215	349
2216	349
2216	348
2217	348
2217	347
2219	347
2219	346
2221	346
2221	345
2223	345
2223	344
2224	344
2224	343
2225	343
2225	342
2228	342
2228	341
2229	341
2229	340
2230	340
2230	339
2234	339
2234	338
2236	338
2236	339
2237	339
2237	340
2239	340
2239	341
2241	341
2241	342
2243	342
2243	343
2244	343
2244	344
2246	344
2246	345
2248	345
2248	346
2251	346
2251	347
2258	347
2258	348
2260	348
2260	347
2264	347
2264	348
2265	348
2265	347
2266	347
2266	348
2267	348
2267	347
2270	347
2270	346
2272	346
2272	345
2275	345
2275	344
2277	344
2277	343
2278	343
2278	342
2279	342
2279	341
2280	341
2280	340
2282	340
2282	339
2283	339
2283	338
2284	338
2284	337
2285	337
2285	336
2286	336
2286	334
2287	334
2287	329
2286	329
2286	325
2287	325
2287	321
2288	321
2288	320
2289	320
2289	317
2291	317
2291	316
2290	316
2290	313
2291	313
2291	312
2292	312
2292	307
2293	307
2293	303
2294	303
2294	302
2295	302
2295	300
2296	300
2296	299
2301	299
2301	298
2302	298
2302	299
2303	299
2303	298
2306	298
2306	297
2308	297
2308	296
2310	296
2310	295
2312	295
2312	294
2314	294
2314	293
2316	293
2316	292
2322	292
2322	291
2323	291
2323	292
2333	292
2333	291
2336	291
2336	290
2337	290
2337	289
2339	289
2339	287
2342	287
2342	286
2343	286
2343	285
2344	285
2344	284
2345	284
2345	283
2346	283
2346	282
2347	282
2347	274
2348	274
2348	269
2347	269
2347	267
2348	267
2348	264
2349	264
2349	262
2350	262
2350	261
2351	261
2351	260
2352	260
2352	259
2353	259
2353	258
2355	258
2355	257
2358	257
2358	256
2359	256
2359	255
2362	255
2362	254
2367	254
2367	253
2369	253
2369	252
2371	252
2371	251
2373	251
2373	250
2378	250
2378	249
2379	249
2379	248
2380	248
2380	247
2381	247
2381	245
2382	245
2382	243
2383	243
2383	240
2384	240
2384	239
2385	239
2385	236
2386	236
2386	233
2385	233
2385	232
2386	232
2386	225
2387	225
2387	221
2388	221
2388	220
2389	220
2389	216
2388	216
2388	214
2389	214
2389	213
2390	213
2390	209
2391	209
2391	199
2392	199
2392	189
2393	189
2393	184
2394	184
2394	181
2393	181
2393	176
2392	176
2392	158
2391	158
2391	157
2392	157
2392	156
2391	156
2391	155
2392	155
2392	151
2391	151
2391	142
2390	142
2390	139
2391	139
2391	130
2392	130
2392	127
2391	127
2391	126
2392	126
2392	123
2393	123
2393	120
2394	120
2394	118
2395	118
2395	116
2396	116
2396	114
2398	114
2398	113
2399	113
2399	112
2401	112
2401	111
2403	111
2403	109
2405	109
2405	108
2406	108
2406	107
2407	107
2407	106
2408	106
2408	105
2411	105
2411	104
2416	104
2416	103
2420	103
2420	102
2429	102
2429	101
2430	101
2430	95
2428	95
2428	94
2427	94
2427	90
2426	90
2426	86
2425	86
2425	85
2424	85
2424	84
2423	84
2423	80
2422	80
2422	79
2421	79
2421	80
2420	80
2420	82
2419	82
2419	87
2418	87
2418	90
2419	90
2419	93
2420	93
2420	94
2421	94
2421	96
2419	96
2419	97
2412	97
2412	98
2409	98
2409	99
2407	99
2407	100
2406	100
2406	101
2405	101
2405	102
2403	102
2403	104
2402	104
2402	105
2400	105
2400	106
2399	106
2399	107
2395	107
2395	108
2394	108
2394	109
2391	109
2391	111
2390	111
2390	112
2389	112
2389	118
2388	118
2388	120
2387	120
2387	124
2386	124
2386	128
2385	128
2385	135
2384	135
2384	138
2383	138
2383	139
2384	139
2384	147
2385	147
2385	152
2386	152
2386	153
2385	153
2385	159
2386	159
2386	160
2385	160
2385	161
2386	161
2386	168
2385	168
2385	169
2386	169
2386	179
2387	179
2387	191
2386	191
2386	199
2385	199
2385	200
2386	200
2386	202
2385	202
2385	205
2384	205
2384	206
2385	206
2385	210
2384	210
2384	212
2383	212
2383	214
2384	214
2384	215
2383	215
2383	217
2382	217
2382	220
2381	220
2381	228
2380	228
2380	233
2381	233
2381	234
2380	234
2380	236
2379	236
2379	237
2378	237
2378	238
2379	238
2379	239
2378	239
2378	241
2377	241
2377	242
2376	242
2376	244
2375	244
2375	243
2373	243
2373	244
2371	244
2371	245
2369	245
2369	246
2366	246
2366	247
2364	247
2364	248
2362	248
2362	249
2358	249
2358	250
2354	250
2354	251
2352	251
2352	252
2350	252
2350	253
2348	253
2348	254
2347	254
2347	255
2346	255
2346	256
2345	256
2345	258
2344	258
2344	261
2343	261
2343	263
2342	263
2342	270
2341	270
2341	278
2340	278
2340	281
2336	281
2336	282
2335	282
2335	283
2333	283
2333	284
2327	284
2327	285
2320	285
2320	286
2312	286
2312	287
2311	287
2311	288
2309	288
2309	289
2308	289
2308	290
2307	290
2307	291
2305	291
2305	292
2301	292
2301	291
2297	291
2297	292
2295	292
2295	293
2292	293
2292	294
2291	294
2291	295
2290	295
2290	298
2289	298
2289	299
2288	299
2288	301
2287	301
2287	305
2286	305
2286	308
2285	308
2285	312
2284	312
2284	314
2283	314
2283	317
2282	317
2282	320
2281	320
2281	323
2280	323
2280	334
2278	334
2278	336
2277	336
2277	337
2275	337
2275	338
2272	338
2272	339
2268	339
2268	340
2267	340
2267	341
2254	341
2254	340
2249	340
2249	339
2248	339
2248	338
2247	338
2247	337
2245	337
2245	336
2244	336
2244	335
2242	335
2242	334
2240	334
2240	333
2239	333
2239	332
2237	332
2237	331
2232	331
2232	332
2229	332
2229	333
2228	333
2228	334
2226	334
2226	335
2224	335
2224	336
2223	336
2223	337
2221	337
2221	338
2220	338
2220	339
2217	339
2217	340
2215	340
2215	341
2213	341
2213	342
2212	342
2212	343
2211	343
2211	344
2210	344
2210	346
2209	346
2209	347
2208	347
2208	349
2207	349
2207	354
2206	354
2206	360
2205	360
2205	363
2206	363
2206	364
2205	364
2205	368
2204	368
2204	369
2205	369
2205	370
2204	370
2204	371
2205	371
2205	374
2204	374
2204	377
2205	377
2205	385
2204	385
2204	386
2205	386
2205	389
2204	389
2204	391
2203	391
2203	393
2202	393
2202	394
2201	394
2201	396
2200	396
2200	398
2197	398
2197	399
2196	399
2196	400
2195	400
2195	401
2193	401
2193	402
2190	402
2190	404
2188	404
2188	406
2186	406
2186	408
2185	408
2185	409
2184	409
2184	410
2182	410
2182	411
2181	411
2181	412
2180	412
2180	413
2179	413
2179	414
2178	414
2178	415
2177	415
2177	417
2176	417
2176	419
2175	419
2175	420
2174	420
2174	425
2173	425
2173	430
2172	430
2172	447
2171	447
2171	451
2170	451
2170	457
2169	457
2169	460
2168	460
2168	463
2167	463
2167	465
2166	465
2166	466
2165	466
2165	467
2164	467
2164	468
2163	468
2163	469
2162	469
2162	468
2161	468
2161	469
2152	469
2152	470
2151	470
2151	469
2147	469
2147	470
2140	470
2140	469
2133	469
2133	468
2132	468
2132	469
2127	469
2127	468
2121	468
2121	467
2120	467
2120	468
2118	468
2118	467
2113	467
2113	466
2111	466
2111	465
2107	465
2107	464
2104	464
2104	463
2099	463
2099	462
2095	462
2095	461
2092	461
2092	460
2089	460
2089	459
2086	459
2086	458
2085	458
2085	457
2084	457
2084	456
2083	456
2083	457
2077	457
2077	456
2075	456
2075	455
2072	455
2072	456
2071	456
2071	457
2070	457
2070	460
2069	460
2069	463
2068	463
2068	466
2067	466
2067	469
2066	469
2066	475
2065	475
2065	476
2066	476
2066	478
2065	478
2065	485
2064	485
2064	489
2063	489
2063	495
2062	495
2062	497
2061	497
2061	498
2062	498
2062	505
2061	505
2061	507
2062	507
2062	508
2061	508
2061	549
2062	549
2062	556
2063	556
2063	558
2062	558
2062	559
2063	559
2063	564
2062	564
2062	565
2063	565
2063	566
2062	566
2062	569
2063	569
2063	571
2062	571
2062	572
2061	572
2061	574
2060	574
2060	575
2054	575
2054	576
2051	576
2051	577
2046	577
2046	578
2041	578
2041	579
2033	579
2033	580
2031	580
2031	581
2027	581
2027	582
2023	582
2023	583
2019	583
2019	584
2016	584
2016	585
2012	585
2012	586
2011	586
2011	587
2009	587
2009	588
2008	588
2008	589
2007	589
2007	590
2006	590
2006	592
2005	592
2005	593
2004	593
2004	595
2003	595
2003	597
2002	597
2002	599
2001	599
2001	601
2000	601
2000	602
1999	602
1999	603
1998	603
1998	604
1997	604
1997	605
1996	605
1996	606
1995	606
1995	607
1993	607
1993	609
1991	609
1991	611
1990	611
1990	612
1989	612
1989	614
1988	614
1988	613
1987	613
1987	614
1986	614
1986	615
1985	615
1985	616
1983	616
1983	618
1982	618
1982	619
1980	619
1980	621
1979	621
1979	622
1977	622
1977	623
1965	623
1965	622
1962	622
1962	621
1958	621
1958	620
1956	620
1956	619
1955	619
1955	618
1951	618
1951	617
1949	617
1949	618
1948	618
1948	617
1946	617
1946	616
1939	616
1939	615
1936	615
1936	614
1935	614
1935	613
1933	613
1933	614
1932	614
1932	613
1927	613
1927	612
1925	612
1925	611
1923	611
1923	610
1920	610
1920	609
1919	609
1919	608
1914	608
1914	607
1911	607
1911	606
1910	606
1910	605
1908	605
1908	604
1907	604
1907	603
1906	603
1906	602
1905	602
1905	601
1904	601
1904	600
1901	600
1901	599
1897	599
1897	598
1894	598
1894	597
1892	597
1892	596
1890	596
1890	595
1889	595
1889	596
1888	596
1888	595
1886	595
1886	594
1882	594
1882	593
1876	593
1876	594
1875	594
1875	600
1874	600
1874	603
1873	603
1873	604
1872	604
1872	606
1871	606
1871	607
1870	607
1870	608
1869	608
1869	612
1868	612
1868	617
1867	617
1867	629
1866	629
1866	630
1867	630
1867	634
1868	634
1868	636
1869	636
1869	638
1868	638
1868	640
1869	640
1869	644
1870	644
1870	646
1871	646
1871	648
1872	648
1872	651
1873	651
1873	653
1874	653
1874	671
1875	671
1875	675
1874	675
1874	677
1873	677
1873	679
1865	679
1865	680
1863	680
1863	681
1862	681
1862	682
1861	682
1861	683
1860	683
1860	684
1859	684
1859	685
1857	685
1857	687
1856	687
1856	688
1855	688
1855	691
1854	691
1854	693
1853	693
1853	696
1852	696
1852	702
1851	702
1851	717
1852	717
1852	721
1851	721
1851	723
1852	723
1852	724
1853	724
1853	725
1852	725
1852	732
1853	732
1853	740
1854	740
1854	741
1853	741
1853	743
1854	743
1854	745
1853	745
1853	751
1852	751
1852	752
1851	752
1851	756
1850	756
1850	758
1849	758
1849	759
1848	759
1848	762
1847	762
1847	763
1845	763
1845	764
1844	764
1844	763
1842	763
1842	764
1835	764
1835	763
1833	763
1833	764
1832	764
1832	763
1830	763
1830	765
1828	765
1828	766
1826	766
1826	767
1825	767
1825	768
1823	768
1823	770
1822	770
1822	771
1820	771
1820	773
1819	773
1819	774
1818	774
1818	775
1817	775
1817	777
1816	777
1816	780
1815	780
1815	781
1814	781
1814	782
1813	782
1813	783
1809	783
1809	784
1803	784
1803	785
1802	785
1802	784
1798	784
1798	783
1787	783
1787	782
1786	782
1786	783
1783	783
1783	782
1778	782
1778	781
1774	781
1774	780
1772	780
1772	779
1769	779
1769	778
1768	778
1768	779
1764	779
1764	780
1761	780
1761	779
1760	779
1760	778
1758	778
1758	777
1754	777
1754	776
1749	776
1749	775
1744	775
1744	774
1742	774
1742	773
1740	773
1740	772
1737	772
1737	771
1736	771
1736	770
1733	770
1733	768
1729	768
1729	767
1728	767
1728	766
1726	766
1726	765
1723	765
1723	764
1718	764
1718	763
1712	763
1712	764
1708	764
1708	765
1705	765
1705	766
1696	766
1696	767
1691	767
1691	768
1685	768
1685	769
1684	769
1684	770
1683	770
1683	771
1682	771
1682	772
1681	772
1681	773
1680	773
1680	774
1678	774
1678	776
1675	776
1675	775
1673	775
1673	774
1672	774
1672	773
1671	773
1671	768
1670	768
1670	765
1669	765
1669	763
1668	763
1668	761
1667	761
1667	759
1666	759
1666	757
1665	757
1665	755
1664	755
1664	754
1663	754
1663	752
1662	752
1662	751
1661	751
1661	748
1660	748
1660	747
1658	747
1658	746
1657	746
1657	745
1655	745
1655	744
1654	744
1654	742
1653	742
1653	740
1652	740
1652	739
1650	739
1650	738
1649	738
1649	737
1648	737
1648	736
1647	736
1647	734
1641	734
1641	733
1640	733
1640	734
1638	734
1638	733
1634	733
1634	732
1632	732
1632	731
1631	731
1631	730
1629	730
1629	729
1624	729
1624	728
1622	728
1622	729
1620	729
1620	730
1611	730
1611	731
1609	731
1609	732
1607	732
1607	733
1606	733
1606	734
1605	734
1605	735
1604	735
1604	736
1603	736
1603	738
1602	738
1602	739
1601	739
1601	740
1600	740
1600	741
1599	741
1599	743
1598	743
1598	744
1597	744
1597	747
1596	747
1596	750
1595	750
1595	756
1594	756
1594	757
1595	757
1595	762
1594	762
1594	766
1593	766
1593	773
1594	773
1594	775
1593	775
1593	777
1594	777
1594	781
1593	781
1593	783
1594	783
1594	784
1593	784
1593	785
1594	785
1594	791
1595	791
1595	794
1596	794
1596	796
1595	796
1595	797
1596	797
1596	800
1597	800
1597	803
1598	803
1598	808
1597	808
1597	809
1596	809
1596	810
1595	810
1595	811
1593	811
1593	812
1590	812
1590	813
1589	813
1589	814
1585	814
1585	815
1583	815
1583	816
1582	816
1582	817
1581	817
1581	818
1580	818
1580	819
1578	819
1578	820
1577	820
1577	821
1576	821
1576	823
1575	823
1575	824
1574	824
1574	825
1573	825
1573	826
1572	826
1572	830
1571	830
1571	833
1570	833
1570	835
1567	835
1567	836
1566	836
1566	837
1565	837
1565	838
1564	838
1564	839
1561	839
1561	840
1560	840
1560	841
1559	841
1559	842
1557	842
1557	843
1556	843
1556	844
1553	844
1553	845
1552	845
1552	846
1551	846
1551	847
1550	847
1550	848
1549	848
1549	849
1548	849
1548	850
1547	850
1547	851
1545	851
1545	852
1544	852
1544	853
1540	853
1540	854
1539	854
1539	855
1535	855
1535	856
1527	856
1527	857
1521	857
1521	858
1519	858
1519	857
1518	857
1518	858
1517	858
1517	857
1515	857
1515	858
1513	858
1513	857
1511	857
1511	856
1510	856
1510	854
1508	854
1508	853
1504	853
1504	854
1502	854
1502	855
1498	855
1498	854
1499	854
1499	850
1498	850
1498	848
1496	848
1496	847
1492	847
1492	848
1491	848
1491	846
1490	846
1490	845
1487	845
1487	844
1484	844
1484	843
1482	843
1482	842
1480	842
1480	841
1479	841
1479	840
1481	840
1481	839
1476	839
1476	838
1474	838
1474	839
1473	839
1473	838
1472	838
1472	837
1473	837
1473	836
1472	836
1472	835
1470	835
1470	834
1469	834
1469	835
1463	835
1463	834
1462	834
1462	833
1456	833
1456	832
1448	832
1448	833
1445	833
1445	834
1440	834
1440	835
1429	835
1429	836
1428	836
1428	837
1426	837
1426	838
1425	838
1425	839
1423	839
1423	840
1422	840
1422	841
1420	841
1420	842
1417	842
1417	843
1415	843
1415	844
1414	844
1414	845
1413	845
1413	846
1411	846
1411	847
1410	847
1410	848
1409	848
1409	851
1408	851
1408	853
1407	853
1407	855
1406	855
1406	858
1405	858
1405	862
1404	862
1404	865
1403	865
1403	866
1402	866
1402	867
1400	867
1400	868
1399	868
1399	870
1398	870
1398	873
1396	873
1396	872
1395	872
1395	873
1394	873
1394	872
1393	872
1393	873
1384	873
1384	872
1383	872
1383	873
1378	873
1378	874
1373	874
1373	873
1372	873
1372	874
1371	874
1371	873
1366	873
1366	872
1358	872
1358	871
1354	871
1354	872
1353	872
1353	871
1351	871
1351	870
1349	870
1349	869
1346	869
1346	867
1345	867
1345	866
1343	866
1343	865
1341	865
1341	863
1339	863
1339	862
1336	862
1336	863
1335	863
1335	862
1332	862
1332	861
1328	861
1328	860
1320	860
1320	859
1311	859
1311	860
1310	860
1310	859
1309	859
1309	860
1302	860
1302	861
1298	861
1298	862
1296	862
1296	863
1294	863
1294	864
1292	864
1292	865
1289	865
1289	866
1286	866
1286	867
1284	867
1284	868
1275	868
1275	869
1272	869
1272	870
1268	870
1268	871
1265	871
1265	870
1255	870
1255	869
1239	869
1239	870
1231	870
1231	869
1229	869
1229	870
1223	870
1223	871
1222	871
1222	870
1221	870
1221	871
1219	871
1219	872
1215	872
1215	873
1214	873
1214	874
1210	874
1210	875
1209	875
1209	876
1207	876
1207	877
1205	877
1205	878
1204	878
1204	879
1203	879
1203	881
1202	881
1202	882
1201	882
1201	885
1200	885
1200	892
1199	892
1199	900
1198	900
1198	901
1199	901
1199	907
1195	907
1195	906
1194	906
1194	904
1193	904
1193	903
1190	903
1190	902
1181	902
1181	901
1180	901
1180	902
1179	902
1179	901
1176	901
1176	900
1172	900
1172	899
1169	899
1169	898
1165	898
1165	897
1162	897
1162	896
1160	896
1160	895
1159	895
1159	896
1154	896
1154	895
1153	895
1153	896
1152	896
1152	895
1147	895
1147	894
1144	894
1144	893
1143	893
1143	894
1142	894
1142	893
1134	893
1134	892
1108	892
1108	891
1101	891
1101	892
1096	892
1096	893
1093	893
1093	894
1092	894
1092	895
1091	895
1091	896
1088	896
1088	894
1086	894
1086	893
1085	893
1085	890
1084	890
1084	888
1082	888
1082	887
1080	887
1080	885
1081	885
1081	883
1080	883
1080	880
1077	880
1077	879
1076	879
1076	877
1075	877
1075	876
1074	876
1074	874
1073	874
1073	872
1071	872
1071	871
1070	871
1070	870
1069	870
1069	869
1068	869
1068	867
1067	867
1067	866
1066	866
1066	865
1064	865
1064	864
1063	864
1063	861
1062	861
1062	860
1061	860
1061	859
1059	859
1059	858
1057	858
1057	857
1056	857
1056	856
1053	856
1053	855
1048	855
1048	854
1045	854
1045	853
1038	853
1038	852
1037	852
1037	851
1035	851
1035	850
1033	850
1033	849
1031	849
1031	848
1027	848
1027	849
1025	849
1025	848
1020	848
1020	849
1019	849
1019	848
1018	848
1018	849
1014	849
1014	850
1013	850
1013	851
1010	851
1010	852
1009	852
1009	853
1007	853
1007	854
1006	854
1006	855
1005	855
1005	857
1004	857
1004	858
1003	858
1003	863
1004	863
1004	865
1005	865
1005	866
1004	866
1004	868
1003	868
1003	869
1002	869
1002	870
1001	870
1001	872
1000	872
1000	873
999	873
999	875
998	875
998	876
997	876
997	879
996	879
996	885
993	885
993	886
992	886
992	888
990	888
990	889
989	889
989	892
986	892
986	891
985	891
985	892
984	892
984	893
983	893
983	894
982	894
982	895
981	895
981	896
979	896
979	899
978	899
978	900
977	900
977	901
974	901
974	902
973	902
973	903
972	903
972	904
971	904
971	905
970	905
970	909
969	909
969	911
968	911
968	912
965	912
965	911
964	911
964	912
963	912
963	913
962	913
962	914
957	914
957	915
952	915
952	916
949	916
949	917
946	917
946	918
942	918
942	917
941	917
941	918
934	918
934	917
933	917
933	918
931	918
931	917
930	917
930	918
929	918
929	917
927	917
927	916
926	916
926	915
925	915
925	909
924	909
924	906
923	906
923	902
922	902
922	901
921	901
921	900
920	900
920	899
919	899
919	898
918	898
918	897
916	897
916	896
915	896
915	895
914	895
914	894
912	894
912	893
911	893
911	892
910	892
910	893
908	893
908	892
906	892
906	891
903	891
903	890
902	890
902	889
903	889
903	871
904	871
904	866
903	866
903	864
904	864
904	856
905	856
905	852
906	852
906	851
905	851
905	849
906	849
906	843
905	843
905	841
904	841
904	840
903	840
903	838
902	838
902	837
901	837
901	835
898	835
898	833
897	833
897	832
896	832
896	830
892	830
892	829
888	829
888	828
877	828
877	829
872	829
872	828
864	828
864	827
858	827
858	826
854	826
854	827
844	827
844	828
841	828
841	830
840	830
840	832
839	832
839	833
838	833
838	834
837	834
837	839
836	839
836	841
835	841
835	845
834	845
834	847
833	847
833	848
831	848
831	849
829	849
829	851
828	851
828	852
827	852
827	853
825	853
825	854
824	854
824	855
822	855
822	854
821	854
821	855
811	855
811	854
810	854
810	855
809	855
809	854
806	854
806	855
800	855
800	854
798	854
798	855
792	855
792	854
788	854
788	852
787	852
787	853
781	853
781	852
779	852
779	853
778	853
778	852
777	852
777	853
772	853
772	852
768	852
768	851
762	851
762	852
761	852
761	854
760	854
760	853
759	853
759	852
757	852
757	851
756	851
756	850
754	850
754	849
753	849
753	848
752	848
752	847
750	847
750	845
748	845
748	844
747	844
747	842
745	842
745	841
743	841
743	840
741	840
741	839
740	839
740	838
739	838
739	837
736	837
736	836
735	836
735	835
731	835
731	834
728	834
728	833
725	833
725	832
723	832
723	831
722	831
722	830
720	830
720	829
719	829
719	828
718	828
718	827
717	827
717	826
716	826
716	825
715	825
715	824
714	824
714	823
712	823
712	822
710	822
710	821
697	821
697	822
696	822
696	823
695	823
695	824
694	824
694	825
693	825
693	828
692	828
692	829
691	829
691	830
690	830
690	832
689	832
689	833
687	833
687	836
686	836
686	837
684	837
684	839
683	839
683	840
682	840
682	842
681	842
681	846
680	846
680	849
679	849
679	858
676	858
676	856
674	856
674	854
672	854
672	853
671	853
671	852
670	852
670	851
669	851
669	850
668	850
668	849
667	849
667	847
666	847
666	846
665	846
665	845
664	845
664	844
663	844
663	843
662	843
662	842
661	842
661	841
659	841
659	840
657	840
657	839
655	839
655	838
652	838
652	837
649	837
649	836
648	836
648	837
647	837
647	836
641	836
641	827
642	827
642	821
643	821
643	818
645	818
645	817
644	817
644	805
645	805
645	804
644	804
644	797
643	797
643	794
642	794
642	793
643	793
643	791
642	791
642	788
641	788
641	786
640	786
640	784
639	784
639	782
638	782
638	781
637	781
637	779
636	779
636	777
635	777
635	775
633	775
633	774
631	774
631	773
627	773
627	772
626	772
626	773
623	773
623	772
621	772
621	771
615	771
615	770
614	770
614	771
611	771
611	772
607	772
607	773
604	773
604	774
602	774
602	775
601	775
601	776
599	776
599	775
592	775
592	774
591	774
591	772
589	772
589	771
584	771
584	770
583	770
583	771
580	771
580	756
581	756
581	755
582	755
582	753
583	753
583	752
584	752
584	748
585	748
585	744
583	744
583	747
582	747
582	750
581	750
581	746
580	746
580	744
578	744
578	743
574	743
574	732
575	732
575	722
576	722
576	717
575	717
575	716
576	716
576	715
575	715
575	712
574	712
574	700
575	700
575	696
573	696
573	695
571	695
571	694
569	694
569	691
570	691
570	688
571	688
571	687
570	687
570	686
571	686
571	681
572	681
572	680
573	680
573	681
574	681
574	680
575	680
575	679
576	679
576	677
577	677
577	676
576	676
576	673
577	673
577	672
576	672
576	673
573	673
573	671
575	671
575	670
573	670
573	669
572	669
572	670
571	670
571	669
567	669
567	672
566	672
566	676
559	676
559	675
558	675
558	676
555	676
555	677
552	677
552	678
544	678
544	679
540	679
540	680
538	680
538	681
537	681
537	682
536	682
536	683
535	683
535	684
534	684
534	685
532	685
532	686
530	686
530	687
529	687
529	688
526	688
526	689
524	689
524	690
521	690
521	691
520	691
520	692
518	692
518	693
516	693
516	696
515	696
515	699
514	699
514	701
513	701
513	702
512	702
512	704
511	704
511	705
501	705
501	704
492	704
492	703
489	703
489	698
488	698
488	697
484	697
484	692
483	692
483	685
482	685
482	682
481	682
481	680
480	680
480	676
479	676
479	674
478	674
478	673
477	673
477	672
478	672
478	670
477	670
477	668
476	668
476	666
475	666
475	665
474	665
474	664
469	664
469	665
467	665
467	664
464	664
464	665
463	665
463	664
460	664
460	663
458	663
458	664
457	664
457	663
456	663
456	664
450	664
450	663
446	663
446	662
439	662
439	660
438	660
438	659
437	659
437	658
436	658
436	657
435	657
435	655
434	655
434	654
433	654
433	651
431	651
431	649
430	649
430	648
429	648
429	646
428	646
428	647
427	647
427	645
424	645
424	644
422	644
422	643
419	643
419	642
418	642
418	643
417	643
417	642
402	642
402	641
397	641
397	640
392	640
392	641
390	641
390	640
387	640
387	641
370	641
370	642
350	642
350	640
349	640
349	630
348	630
348	623
347	623
347	622
348	622
348	621
347	621
347	619
346	619
346	618
347	618
347	615
346	615
346	613
347	613
347	605
346	605
346	592
347	592
347	582
346	582
346	581
347	581
347	579
346	579
346	577
347	577
347	576
346	576
346	565
345	565
345	564
346	564
346	562
345	562
345	552
346	552
346	538
347	538
347	532
348	532
348	529
349	529
349	525
350	525
350	515
351	515
351	512
350	512
350	510
349	510
349	509
348	509
348	507
347	507
347	505
346	505
346	503
345	503
345	502
343	502
343	501
340	501
340	500
338	500
338	499
337	499
337	498
331	498
331	497
324	497
324	498
323	498
323	497
322	497
322	498
315	498
315	497
309	497
309	498
306	498
306	499
303	499
303	500
298	500
298	501
297	501
297	500
295	500
295	501
292	501
292	500
291	500
291	501
290	501
290	500
283	500
283	501
279	501
279	502
276	502
276	501
275	501
275	502
273	502
273	501
264	501
264	499
263	499
263	498
264	498
264	497
261	497
261	496
259	496
259	495
258	495
258	496
257	496
257	495
253	495
253	477
254	477
254	475
253	475
253	474
254	474
254	473
253	473
253	471
254	471
254	470
255	470
255	469
254	469
254	468
255	468
255	466
256	466
256	462
257	462
257	460
258	460
258	455
257	455
257	452
256	452
256	451
255	451
255	450
254	450
254	449
252	449
252	448
251	448
251	447
242	447
242	446
241	446
241	447
240	447
240	448
237	448
237	447
233	447
233	446
231	446
231	444
232	444
232	439
233	439
233	432
234	432
234	428
233	428
233	422
232	422
232	420
231	420
231	419
230	419
230	418
229	418
229	417
228	417
228	416
224	416
224	415
220	415
220	414
218	414
218	413
216	413
216	412
215	412
215	411
212	411
212	410
210	410
210	409
208	409
208	408
207	408
207	406
205	406
205	405
200	405
200	400
199	400
199	398
198	398
198	397
199	397
199	396
198	396
198	393
197	393
197	392
196	392
196	387
195	387
195	386
194	386
194	385
195	385
195	384
194	384
194	377
195	377
195	376
194	376
194	373
193	373
193	370
192	370
192	367
193	367
193	360
194	360
194	355
193	355
193	354
194	354
194	340
193	340
193	339
194	339
194	334
195	334
195	333
194	333
194	328
195	328
195	322
196	322
196	315
197	315
197	314
196	314
196	308
194	308
194	307
193	307
193	306
192	306
192	305
191	305
191	302
192	302
192	301
191	301
191	298
190	298
190	296
189	296
189	295
188	295
188	294
187	294
187	293
186	293
186	292
182	292
182	293
177	293
177	292
168	292
168	291
167	291
167	280
168	280
168	274
169	274
169	273
168	273
168	272
169	272
169	271
170	271
170	265
171	265
171	260
172	260
172	258
173	258
173	253
174	253
174	252
173	252
173	250
172	250
172	251
167	251
167	250
166	250
166	249
164	249
164	248
162	248
162	247
161	247
161	245
162	245
162	238
163	238
163	230
162	230
162	229
161	229
161	228
156	228
156	227
151	227
151	225
150	225
150	224
146	224
146	225
145	225
145	226
144	226
144	228
143	228
143	229
136	229
136	228
135	228
135	227
134	227
134	226
133	226
133	224
132	224
132	222
131	222
131	221
125	221
125	218
124	218
124	216
123	216
123	214
122	214
122	212
121	212
121	210
119	210
119	208
113	208
113	207
112	207
112	203
111	203
111	189
112	189
112	181
113	181
113	179
112	179
112	174
111	174
111	170
112	170
112	166
111	166
111	165
112	165
112	164
111	164
111	162
109	162
109	161
102	161
102	160
100	160
100	148
99	148
99	144
100	144
100	143
99	143
99	142
100	142
100	135
101	135
101	127
102	127
102	119
103	119
103	112
104	112
104	108
103	108
103	106
104	106
104	103
103	103
103	99
101	99
101	98
99	98
99	97
88	97
88	96
82	96
82	94
83	94
83	93
82	93
82	91
83	91
83	86
84	86
84	74
83	74
83	72
84	72
84	71
83	71
83	62
81	62
81	61
80	61
80	60
78	60
78	59
76	59
76	58
73	58
73	57
67	57
67	55
64	55
64	54
63	54
63	55
60	55
60	54
59	54
59	55
58	55
58	56
54	56
54	55
52	55
52	56
49	56
49	58
48	58
48	59
49	59
49	61
51	61
51	62
53	62
53	63
56	63
56	64
73	64
73	65
75	65
75	66
76	66
76	68
77	68
77	79
78	79
78	82
77	82
77	84
76	84
76	88
77	88
77	91
76	91
76	97
75	97
75	99
74	99
74	100
75	100
75	102
76	102
76	103
80	103
80	102
81	102
81	103
84	103
84	102
85	102
85	103
89	103
89	104
96	104
96	110
97	110
97	112
96	112
96	123
95	123
95	128
94	128
94	131
93	131
93	135
94	135
94	138
93	138
93	142
92	142
92	144
93	144
93	145
94	145
94	146
93	146
93	151
94	151
94	153
93	153
93	160
94	160
94	162
93	162
93	165
94	165
94	166
100	166
100	167
105	167
105	169
106	169
106	175
105	175
105	176
106	176
106	179
105	179
105	183
106	183
106	184
105	184
105	197
104	197
104	200
105	200
105	202
106	202
106	210
107	210
107	214
108	214
108	215
110	215
110	214
112	214
112	215
115	215
115	216
116	216
116	218
117	218
117	220
118	220
118	221
119	221
119	225
120	225
120	227
126	227
126	228
128	228
128	229
129	229
129	230
130	230
130	232
131	232
131	233
132	233
132	235
135	235
135	236
136	236
136	235
140	235
140	236
142	236
142	235
146	235
146	236
147	236
147	234
156	234
156	240
155	240
155	241
156	241
156	242
155	242
155	244
154	244
154	246
153	246
153	249
154	249
154	252
153	252
153	256
154	256
154	257
159	257
159	258
160	258
160	256
161	256
161	257
164	257
164	256
165	256
165	257
166	257
166	260
165	260
165	266
164	266
164	270
163	270
163	274
162	274
162	276
161	276
161	290
162	290
162	291
161	291
161	292
160	292
160	293
159	293
159	295
158	295
158	297
159	297
159	298
165	298
165	299
166	299
166	298
167	298
167	299
168	299
168	298
169	298
169	299
170	299
170	298
171	298
171	299
172	299
172	298
177	298
177	299
183	299
183	301
184	301
184	307
183	307
183	308
185	308
185	309
186	309
186	310
188	310
188	312
190	312
190	322
189	322
189	324
188	324
188	327
187	327
187	329
188	329
188	330
187	330
187	331
188	331
188	361
187	361
187	362
188	362
188	364
187	364
187	369
186	369
186	370
187	370
187	373
188	373
188	382
189	382
189	391
190	391
190	393
191	393
191	396
192	396
192	398
193	398
193	400
194	400
194	404
195	404
195	411
196	411
196	412
204	412
204	413
205	413
205	415
206	415
206	416
210	416
210	417
211	417
211	418
213	418
213	420
214	420
214	421
217	421
217	422
220	422
220	421
221	421
221	422
224	422
224	423
225	423
225	424
226	424
226	426
227	426
227	438
226	438
226	441
225	441
225	444
224	444
224	445
225	445
225	446
224	446
224	447
225	447
225	449
224	449
224	451
225	451
225	453
233	453
233	454
235	454
235	453
236	453
236	454
248	454
248	455
250	455
250	456
251	456
251	462
250	462
250	465
249	465
249	469
248	469
248	472
247	472
247	480
248	480
248	495
247	495
247	496
248	496
248	497
247	497
247	502
248	502
248	503
250	503
250	502
257	502
257	503
261	503
261	505
262	505
262	506
264	506
264	508
266	508
266	507
268	507
268	508
282	508
282	507
285	507
285	506
286	506
286	507
287	507
287	506
288	506
288	507
292	507
292	508
298	508
298	507
303	507
303	506
306	506
306	505
308	505
308	504
315	504
315	505
323	505
323	504
325	504
325	503
326	503
326	504
333	504
333	505
336	505
336	506
338	506
338	507
339	507
339	508
340	508
340	509
341	509
341	511
342	511
