2280	231
2279	231
2279	232
2278	232
2278	233
2275	233
2275	234
2274	234
2274	235
2269	235
2269	236
2266	236
2266	237
2264	237
2264	238
2263	238
2263	239
2262	239
2262	240
2261	240
2261	241
2253	241
2253	242
2252	242
2252	243
2247	243
2247	244
2246	244
2246	245
2244	245
2244	246
2243	246
2243	247
2240	247
2240	248
2238	248
2238	249
2234	249
2234	250
2232	250
2232	251
2231	251
2231	252
2230	252
2230	253
2228	253
2228	254
2227	254
2227	255
2225	255
2225	256
2224	256
2224	257
2223	257
2223	258
2222	258
2222	261
2221	261
2221	262
2220	262
2220	263
2219	263
2219	280
2220	280
2220	293
2221	293
2221	294
2222	294
2222	301
2223	301
2223	302
2224	302
2224	303
2225	303
2225	305
2226	305
2226	307
2227	307
2227	310
2228	310
2228	311
2229	311
2229	312
2230	312
2230	317
2231	317
2231	321
2232	321
2232	323
2233	323
2233	327
2234	327
2234	353
2233	353
2233	379
2232	379
2232	381
2231	381
2231	383
2230	383
2230	385
2229	385
2229	386
2228	386
2228	387
2227	387
2227	388
2226	388
2226	389
2225	389
2225	390
2224	390
2224	391
2222	391
2222	392
2220	392
2220	393
2218	393
2218	394
2217	394
2217	395
2214	395
2214	396
2212	396
2212	397
2210	397
2210	398
2209	398
2209	399
2208	399
2208	400
2204	400
2204	401
2202	401
2202	402
2201	402
2201	403
2199	403
2199	404
2198	404
2198	405
2196	405
2196	406
2195	406
2195	407
2194	407
2194	408
2192	408
2192	409
2190	409
2190	410
2188	410
2188	411
2187	411
2187	412
2186	412
2186	437
2187	437
2187	438
2188	438
2188	439
2189	439
2189	441
2190	441
2190	444
2191	444
2191	445
2192	445
2192	460
2193	460
2193	461
2194	461
2194	475
2195	475
2195	476
2196	476
2196	478
2197	478
2197	479
2198	479
2198	482
2199	482
2199	483
2200	483
2200	484
2201	484
2201	485
2202	485
2202	490
2203	490
2203	491
2204	491
2204	549
2205	549
2205	554
2206	554
2206	561
2207	561
2207	562
2208	562
2208	566
2207	566
2207	567
2208	567
2208	573
2209	573
2209	574
2210	574
2210	579
2211	579
2211	599
2210	599
2210	600
2209	600
2209	601
2208	601
2208	602
2207	602
2207	603
2205	603
2205	604
2202	604
2202	605
2194	605
2194	606
2188	606
2188	607
2182	607
2182	608
2179	608
2179	609
2178	609
2178	610
2171	610
2171	611
2170	611
2170	612
2168	612
2168	613
2167	613
2167	614
2163	614
2163	615
2162	615
2162	616
2152	616
2152	617
2148	617
2148	618
2140	618
2140	619
2139	619
2139	620
2135	620
2135	621
2134	621
2134	622
2126	622
2126	623
2120	623
2120	624
2119	624
2119	625
2118	625
2118	626
2112	626
2112	627
2110	627
2110	628
2108	628
2108	629
2104	629
2104	630
2102	630
2102	631
2101	631
2101	632
2099	632
2099	633
2098	633
2098	634
2096	634
2096	635
2095	635
2095	636
2093	636
2093	637
2092	637
2092	638
2091	638
2091	639
2090	639
2090	647
2091	647
2091	648
2092	648
2092	654
2093	654
2093	656
2094	656
2094	657
2095	657
2095	658
2096	658
2096	660
2097	660
2097	662
2098	662
2098	696
2097	696
2097	698
2096	698
2096	701
2095	701
2095	706
2094	706
2094	711
2093	711
2093	722
2092	722
2092	723
2091	723
2091	724
2085	724
2085	723
2084	723
2084	722
2083	722
2083	721
2082	721
2082	751
2083	751
2083	758
2084	758
2084	762
2085	762
2085	766
2086	766
2086	768
2087	768
2087	772
2088	772
2088	774
2089	774
2089	781
2090	781
2090	787
2091	787
2091	788
2092	788
2092	791
2094	791
2094	792
2095	792
2095	793
2096	793
2096	794
2097	794
2097	798
2098	798
2098	808
2097	808
2097	813
2096	813
2096	818
2095	818
2095	819
2094	819
2094	844
2093	844
2093	849
2092	849
2092	860
2091	860
2091	861
2090	861
2090	862
2085	862
2085	863
2084	863
2084	864
2074	864
2074	865
2061	865
2061	866
2060	866
2060	867
2058	867
2058	868
2052	868
2052	869
2050	869
2050	870
2030	870
2030	869
2029	869
2029	868
2022	868
2022	867
2021	867
2021	866
2020	866
2020	865
2017	865
2017	864
2016	864
2016	863
2015	863
2015	862
2014	862
2014	861
2012	861
2012	860
2010	860
2010	859
2009	859
2009	858
2008	858
2008	857
2006	857
2006	856
2005	856
2005	855
2004	855
2004	854
2002	854
2002	853
2001	853
2001	852
2000	852
2000	851
1998	851
1998	850
1997	850
1997	849
1996	849
1996	848
1992	848
1992	847
1991	847
1991	846
1989	846
1989	845
1979	845
1979	844
1976	844
1976	843
1974	843
1974	842
1973	842
1973	841
1972	841
1972	840
1971	840
1971	839
1970	839
1970	838
1969	838
1969	837
1966	837
1966	836
1965	836
1965	835
1963	835
1963	834
1962	834
1962	833
1961	833
1961	832
1959	832
1959	831
1957	831
1957	830
1955	830
1955	829
1954	829
1954	828
1952	828
1952	827
1949	827
1949	826
1948	826
1948	825
1947	825
1947	824
1946	824
1946	823
1942	823
1942	822
1941	822
1941	821
1939	821
1939	820
1929	820
1929	821
1928	821
1928	822
1927	822
1927	823
1926	823
1926	824
1925	824
1925	825
1924	825
1924	828
1923	828
1923	829
1922	829
1922	830
1921	830
1921	832
1920	832
1920	835
1919	835
1919	856
1918	856
1918	858
1917	858
1917	859
1916	859
1916	860
1915	860
1915	862
1914	862
1914	900
1913	900
1913	903
1912	903
1912	907
1911	907
1911	923
1910	923
1910	924
1909	924
1909	925
1904	925
1904	924
1903	924
1903	923
1902	923
1902	922
1901	922
1901	921
1900	921
1900	920
1897	920
1897	933
1898	933
1898	938
1899	938
1899	950
1900	950
1900	954
1901	954
1901	970
1900	970
1900	971
1899	971
1899	972
1898	972
1898	973
1897	973
1897	974
1878	974
1878	975
1877	975
1877	976
1869	976
1869	977
1868	977
1868	978
1861	978
1861	979
1854	979
1854	980
1845	980
1845	981
1844	981
1844	982
1841	982
1841	983
1838	983
1838	984
1814	984
1814	983
1813	983
1813	982
1812	982
1812	959
1811	959
1811	958
1810	958
1810	953
1809	953
1809	952
1808	952
1808	949
1807	949
1807	947
1806	947
1806	945
1805	945
1805	943
1804	943
1804	940
1803	940
1803	939
1802	939
1802	937
1801	937
1801	936
1800	936
1800	935
1799	935
1799	934
1798	934
1798	933
1797	933
1797	932
1796	932
1796	931
1795	931
1795	930
1794	930
1794	928
1793	928
1793	927
1792	927
1792	926
1785	926
1785	927
1784	927
1784	928
1782	928
1782	929
1781	929
1781	930
1780	930
1780	931
1778	931
1778	932
1776	932
1776	933
1772	933
1772	934
1770	934
1770	935
1769	935
1769	936
1768	936
1768	937
1766	937
1766	938
1764	938
1764	939
1763	939
1763	940
1759	940
1759	941
1758	941
1758	942
1757	942
1757	943
1756	943
1756	944
1755	944
1755	945
1754	945
1754	946
1752	946
1752	947
1750	947
1750	948
1749	948
1749	949
1748	949
1748	950
1746	950
1746	951
1745	951
1745	952
1742	952
1742	954
1741	954
1741	955
1740	955
1740	958
1739	958
1739	960
1738	960
1738	961
1737	961
1737	1012
1736	1012
1736	1013
1735	1013
1735	1014
1713	1014
1713	1015
1712	1015
1712	1016
1711	1016
1711	1017
1710	1017
1710	1018
1705	1018
1705	1019
1704	1019
1704	1020
1701	1020
1701	1021
1700	1021
1700	1022
1684	1022
1684	1021
1682	1021
1682	1020
1680	1020
1680	1019
1679	1019
1679	1018
1678	1018
1678	1017
1677	1017
1677	1016
1676	1016
1676	1014
1675	1014
1675	1013
1674	1013
1674	1010
1673	1010
1673	1009
1672	1009
1672	1008
1671	1008
1671	1007
1670	1007
1670	1003
1669	1003
1669	1002
1668	1002
1668	1001
1667	1001
1667	1000
1666	1000
1666	997
1665	997
1665	996
1664	996
1664	995
1663	995
1663	993
1662	993
1662	992
1660	992
1660	991
1659	991
1659	990
1658	990
1658	989
1657	989
1657	988
1656	988
1656	987
1654	987
1654	986
1650	986
1650	985
1648	985
1648	984
1646	984
1646	983
1644	983
1644	982
1642	982
1642	981
1641	981
1641	980
1637	980
1637	979
1636	979
1636	978
1634	978
1634	977
1633	977
1633	976
1632	976
1632	975
1631	975
1631	974
1620	974
1620	975
1618	975
1618	976
1615	976
1615	977
1614	977
1614	978
1611	978
1611	979
1610	979
1610	980
1597	980
1597	979
1595	979
1595	978
1594	978
1594	977
1593	977
1593	976
1592	976
1592	975
1591	975
1591	974
1590	974
1590	971
1589	971
1589	970
1588	970
1588	969
1587	969
1587	968
1586	968
1586	967
1585	967
1585	966
1584	966
1584	965
1583	965
1583	964
1582	964
1582	960
1581	960
1581	959
1580	959
1580	957
1579	957
1579	956
1578	956
1578	955
1577	955
1577	954
1576	954
1576	952
1572	952
1572	953
1571	953
1571	956
1570	956
1570	958
1569	958
1569	959
1568	959
1568	960
1567	960
1567	961
1566	961
1566	962
1562	962
1562	964
1561	964
1561	966
1560	966
1560	968
1559	968
1559	970
1558	970
1558	974
1557	974
1557	975
1556	975
1556	976
1555	976
1555	977
1554	977
1554	978
1553	978
1553	992
1552	992
1552	996
1551	996
1551	997
1550	997
1550	1022
1549	1022
1549	1023
1548	1023
1548	1024
1547	1024
1547	1026
1546	1026
1546	1028
1545	1028
1545	1029
1544	1029
1544	1030
1542	1030
1542	1031
1503	1031
1503	1032
1490	1032
1490	1033
1488	1033
1488	1034
1440	1034
1440	1033
1439	1033
1439	1032
1404	1032
1404	1031
1403	1031
1403	1030
1402	1030
1402	1028
1401	1028
1401	1027
1400	1027
1400	1012
1399	1012
1399	1010
1398	1010
1398	1005
1397	1005
1397	1000
1396	1000
1396	998
1392	998
1392	997
1391	997
1391	996
1390	996
1390	995
1389	995
1389	994
1388	994
1388	992
1387	992
1387	991
1386	991
1386	989
1385	989
1385	988
1384	988
1384	980
1383	980
1383	979
1381	979
1381	978
1380	978
1380	977
1376	977
1376	976
1375	976
1375	975
1374	975
1374	974
1372	974
1372	973
1370	973
1370	972
1368	972
1368	971
1366	971
1366	970
1365	970
1365	969
1363	969
1363	968
1359	968
1359	967
1356	967
1356	966
1355	966
1355	965
1351	965
1351	964
1338	964
1338	965
1336	965
1336	966
1305	966
1305	967
1304	967
1304	968
1303	968
1303	969
1302	969
1302	971
1301	971
1301	973
1300	973
1300	975
1299	975
1299	976
1298	976
1298	977
1297	977
1297	978
1296	978
1296	979
1295	979
1295	980
1294	980
1294	985
1293	985
1293	992
1292	992
1292	995
1291	995
1291	996
1290	996
1290	997
1289	997
1289	998
1288	998
1288	999
1286	999
1286	1000
1285	1000
1285	1001
1253	1001
1253	1000
1251	1000
1251	999
1247	999
1247	998
1246	998
1246	997
1244	997
1244	996
1243	996
1243	995
1241	995
1241	994
1239	994
1239	993
1233	993
1233	994
1231	994
1231	1023
1230	1023
1230	1027
1229	1027
1229	1028
1228	1028
1228	1029
1223	1029
1223	1028
1221	1028
1221	1027
1219	1027
1219	1026
1218	1026
1218	1025
1217	1025
1217	1024
1216	1024
1216	1023
1215	1023
1215	1021
1214	1021
1214	1019
1213	1019
1213	1017
1212	1017
1212	1016
1211	1016
1211	1014
1210	1014
1210	1013
1207	1013
1207	1012
1206	1012
1206	1011
1201	1011
1201	1010
1200	1010
1200	1009
1186	1009
1186	1010
1185	1010
1185	1011
1184	1011
1184	1012
1181	1012
1181	1013
1180	1013
1180	1014
1179	1014
1179	1015
1177	1015
1177	1018
1176	1018
1176	1019
1175	1019
1175	1020
1161	1020
1161	1019
1160	1019
1160	1018
1159	1018
1159	1017
1158	1017
1158	1016
1157	1016
1157	1011
1156	1011
1156	1010
1155	1010
1155	1009
1151	1009
1151	1008
1150	1008
1150	1007
1148	1007
1148	1006
1147	1006
1147	1005
1141	1005
1141	1004
1140	1004
1140	1003
1137	1003
1137	1002
1135	1002
1135	1001
1133	1001
1133	1000
1132	1000
1132	999
1131	999
1131	998
1129	998
1129	997
1127	997
1127	996
1126	996
1126	995
1125	995
1125	994
1124	994
1124	993
1123	993
1123	992
1119	992
1119	991
1118	991
1118	990
1117	990
1117	989
1114	989
1114	988
1113	988
1113	987
1111	987
1111	986
1109	986
1109	985
1108	985
1108	984
1107	984
1107	983
1105	983
1105	982
1104	982
1104	981
1102	981
1102	980
1101	980
1101	979
1096	979
1096	978
1095	978
1095	977
1090	977
1090	976
1089	976
1089	975
1085	975
1085	974
1084	974
1084	973
1081	973
1081	972
1080	972
1080	971
1079	971
1079	970
1076	970
1076	969
1073	969
1073	968
1071	968
1071	967
1070	967
1070	966
1068	966
1068	965
1066	965
1066	964
1065	964
1065	963
1063	963
1063	962
1061	962
1061	961
1059	961
1059	960
1058	960
1058	959
1033	959
1033	958
1032	958
1032	957
1022	957
1022	956
1019	956
1019	955
1015	955
1015	954
1013	954
1013	953
991	953
991	952
989	952
989	951
985	951
985	950
983	950
983	949
981	949
981	948
980	948
980	947
979	947
979	945
978	945
978	944
975	944
975	945
973	945
973	946
971	946
971	947
951	947
951	946
950	946
950	945
947	945
947	944
946	944
946	943
945	943
945	942
944	942
944	941
943	941
943	940
942	940
942	939
941	939
941	938
940	938
940	937
939	937
939	934
938	934
938	933
937	933
937	932
936	932
936	931
935	931
935	929
934	929
934	928
933	928
933	927
932	927
932	926
931	926
931	924
930	924
930	922
929	922
929	921
928	921
928	920
927	920
927	918
926	918
926	917
925	917
925	916
924	916
924	915
923	915
923	912
922	912
922	911
921	911
921	909
920	909
920	908
919	908
919	907
918	907
918	906
917	906
917	903
916	903
916	901
915	901
915	899
914	899
914	898
913	898
913	895
912	895
912	893
911	893
911	891
910	891
910	890
909	890
909	888
908	888
908	887
907	887
907	886
906	886
906	885
905	885
905	883
904	883
904	881
903	881
903	880
902	880
902	878
901	878
901	876
900	876
900	875
899	875
899	874
898	874
898	873
897	873
897	867
896	867
896	863
895	863
895	860
894	860
894	850
893	850
893	846
892	846
892	845
891	845
891	844
890	844
890	843
889	843
889	842
887	842
887	841
885	841
885	840
884	840
884	839
883	839
883	838
882	838
882	837
878	837
878	836
877	836
877	835
873	835
873	834
833	834
833	835
830	835
830	836
829	836
829	837
826	837
826	838
825	838
825	839
824	839
824	840
823	840
823	841
821	841
821	842
820	842
820	843
819	843
819	844
818	844
818	845
816	845
816	846
815	846
815	848
814	848
814	849
813	849
813	851
812	851
812	852
811	852
811	854
810	854
810	855
809	855
809	856
808	856
808	857
806	857
806	858
805	858
805	859
799	859
799	860
797	860
797	861
792	861
792	862
761	862
761	861
757	861
757	860
756	860
756	859
755	859
755	858
754	858
754	857
751	857
751	856
750	856
750	855
746	855
746	854
745	854
745	853
744	853
744	852
743	852
743	851
742	851
742	850
741	850
741	849
739	849
739	848
738	848
738	847
737	847
737	846
734	846
734	845
733	845
733	844
732	844
732	843
729	843
729	842
728	842
728	841
726	841
726	840
725	840
725	839
722	839
722	838
721	838
721	837
720	837
720	836
719	836
719	835
714	835
714	834
712	834
712	833
711	833
711	832
707	832
707	831
706	831
706	830
705	830
705	829
693	829
693	828
692	828
692	827
684	827
684	826
683	826
683	825
680	825
680	824
679	824
679	823
677	823
677	822
676	822
676	821
673	821
673	820
671	820
671	819
669	819
669	818
668	818
668	817
665	817
665	816
663	816
663	815
662	815
662	814
661	814
661	813
658	813
658	812
657	812
657	811
655	811
655	810
654	810
654	809
653	809
653	808
652	808
652	807
651	807
651	806
650	806
650	805
648	805
648	804
647	804
647	803
646	803
646	802
645	802
645	801
644	801
644	800
643	800
643	798
642	798
642	797
640	797
640	796
639	796
639	795
638	795
638	794
637	794
637	793
636	793
636	792
635	792
635	791
634	791
634	790
633	790
633	789
632	789
632	788
631	788
631	787
629	787
629	786
628	786
628	785
627	785
627	784
626	784
626	783
625	783
625	781
624	781
624	780
623	780
623	779
622	779
622	778
621	778
621	777
620	777
620	776
619	776
619	774
615	774
615	773
606	773
606	774
604	774
604	775
599	775
599	776
595	776
595	777
593	777
593	778
590	778
590	779
576	779
576	778
568	778
568	777
564	777
564	776
561	776
561	775
560	775
560	774
559	774
559	773
557	773
557	772
555	772
555	771
554	771
554	770
553	770
553	769
552	769
552	768
549	768
549	767
548	767
548	766
547	766
547	765
546	765
546	764
545	764
545	763
544	763
544	762
543	762
543	761
542	761
542	760
541	760
541	759
540	759
540	758
539	758
539	757
536	757
536	756
535	756
535	755
533	755
533	754
532	754
532	753
529	753
529	752
523	752
523	751
521	751
521	750
518	750
518	749
517	749
517	748
514	748
514	747
512	747
512	746
511	746
511	745
509	745
509	744
506	744
506	743
505	743
505	742
503	742
503	741
499	741
499	740
498	740
498	739
497	739
497	738
496	738
496	737
495	737
495	736
494	736
494	735
493	735
493	734
491	734
491	733
490	733
490	732
489	732
489	730
488	730
488	729
487	729
487	728
486	728
486	727
485	727
485	724
484	724
484	723
483	723
483	722
482	722
482	721
481	721
481	719
480	719
480	717
479	717
479	715
478	715
478	714
477	714
477	713
476	713
476	712
475	712
475	710
474	710
474	708
473	708
473	705
472	705
472	703
471	703
471	700
470	700
470	699
469	699
469	697
468	697
468	696
467	696
467	693
466	693
466	692
465	692
465	691
464	691
464	690
463	690
463	687
462	687
462	686
461	686
461	667
462	667
462	663
463	663
463	648
462	648
462	639
461	639
461	630
460	630
460	629
459	629
459	627
458	627
458	617
457	617
457	614
456	614
456	605
455	605
455	598
454	598
454	597
453	597
453	593
452	593
452	591
451	591
451	586
450	586
450	585
449	585
449	580
448	580
448	579
447	579
447	578
427	578
427	579
426	579
426	580
423	580
423	581
421	581
421	582
400	582
400	583
399	583
399	584
357	584
357	583
356	583
356	582
353	582
353	581
352	581
352	580
350	580
350	579
349	579
349	578
348	578
348	577
347	577
347	556
348	556
348	549
349	549
349	478
348	478
348	477
347	477
347	467
346	467
346	460
345	460
345	459
344	459
344	430
337	430
337	429
331	429
331	428
320	428
320	427
318	427
318	426
311	426
311	425
305	425
305	424
292	424
292	423
291	423
291	422
286	422
286	421
282	421
282	420
281	420
281	419
280	419
280	418
278	418
278	417
277	417
277	416
276	416
276	415
275	415
275	414
274	414
274	393
273	393
273	392
270	392
270	391
268	391
268	390
266	390
266	389
265	389
265	388
258	388
258	387
257	387
257	386
254	386
254	385
253	385
253	384
252	384
252	383
250	383
250	382
248	382
248	381
247	381
247	380
246	380
246	377
245	377
245	376
244	376
244	374
243	374
243	368
242	368
242	366
241	366
241	363
240	363
240	362
239	362
239	359
238	359
238	357
237	357
237	355
236	355
236	354
234	354
234	353
233	353
233	352
232	352
232	351
231	351
231	350
230	350
230	348
228	348
228	347
227	347
227	346
226	346
226	345
225	345
225	344
224	344
224	332
223	332
223	331
222	331
222	319
221	319
221	313
220	313
220	301
219	301
219	300
218	300
218	296
217	296
217	295
216	295
216	294
215	294
215	287
214	287
214	279
213	279
213	273
212	273
212	259
208	259
208	258
207	258
207	257
205	257
205	258
203	258
203	259
202	259
202	260
189	260
189	259
184	259
184	258
179	258
179	257
176	257
176	256
174	256
174	255
172	255
172	254
171	254
171	253
160	253
160	252
158	252
158	251
157	251
157	250
156	250
156	243
155	243
155	242
154	242
154	239
153	239
153	235
152	235
152	229
151	229
151	228
150	228
150	221
149	221
149	218
148	218
148	184
147	184
147	183
146	183
146	182
145	182
145	181
144	181
144	180
132	180
132	179
128	179
128	178
126	178
126	177
125	177
125	176
124	176
124	174
123	174
123	173
122	173
122	125
121	125
121	122
120	122
120	121
119	121
119	106
118	106
118	96
117	96
117	95
116	95
116	90
115	90
115	86
114	86
114	84
113	84
113	64
114	64
114	63
115	63
115	62
119	62
119	63
120	63
120	64
121	64
121	80
122	80
122	82
123	82
123	87
124	87
124	92
125	92
125	93
126	93
126	103
127	103
127	117
128	117
128	119
129	119
129	122
130	122
130	169
131	169
131	170
132	170
132	171
136	171
136	172
148	172
148	173
149	173
149	174
150	174
150	175
152	175
152	176
153	176
153	177
154	177
154	178
155	178
155	180
156	180
156	215
157	215
157	218
158	218
158	224
159	224
159	225
160	225
160	232
161	232
161	236
162	236
162	238
163	238
163	239
164	239
164	245
174	245
174	246
175	246
175	247
178	247
178	248
179	248
179	249
182	249
182	250
187	250
187	251
192	251
192	252
198	252
198	251
199	251
199	250
202	250
202	249
210	249
210	250
212	250
212	251
216	251
216	252
218	252
218	253
219	253
219	254
220	254
220	270
221	270
221	275
222	275
222	284
223	284
223	290
224	290
224	292
225	292
225	293
226	293
226	297
227	297
227	298
228	298
228	310
229	310
229	315
230	315
230	327
231	327
231	329
232	329
232	340
233	340
233	341
234	341
234	342
235	342
235	343
236	343
236	344
237	344
237	345
238	345
238	346
239	346
239	347
240	347
240	348
242	348
242	349
243	349
243	350
244	350
244	352
245	352
245	353
246	353
246	356
247	356
247	359
248	359
248	360
249	360
249	363
250	363
250	364
251	364
251	371
252	371
252	373
253	373
253	374
254	374
254	375
255	375
255	376
256	376
256	377
257	377
257	378
260	378
260	379
261	379
261	380
268	380
268	381
269	381
269	382
271	382
271	383
273	383
273	384
278	384
278	385
279	385
279	386
280	386
280	388
281	388
281	390
282	390
282	410
283	410
283	411
285	411
285	412
286	412
286	413
289	413
289	414
294	414
294	415
295	415
295	416
308	416
308	417
314	417
314	418
321	418
321	419
323	419
323	420
334	420
334	421
340	421
340	422
346	422
346	421
347	421
347	420
348	420
348	419
352	419
352	420
353	420
353	421
354	421
354	427
353	427
353	428
352	428
352	455
353	455
353	456
354	456
354	463
355	463
355	474
356	474
356	475
357	475
357	552
356	552
356	560
355	560
355	572
356	572
356	573
357	573
357	574
359	574
359	575
360	575
360	576
396	576
396	575
397	575
397	574
418	574
418	573
420	573
420	572
422	572
422	571
423	571
423	570
451	570
451	571
452	571
452	572
453	572
453	573
454	573
454	574
455	574
455	575
456	575
456	576
457	576
457	581
458	581
458	582
459	582
459	588
460	588
460	590
461	590
461	593
462	593
462	594
463	594
463	602
464	602
464	611
465	611
465	614
466	614
466	624
467	624
467	625
468	625
468	626
469	626
469	636
470	636
470	645
471	645
471	667
470	667
470	670
469	670
469	682
470	682
470	683
471	683
471	687
472	687
472	688
473	688
473	689
474	689
474	690
475	690
475	693
476	693
476	694
477	694
477	696
478	696
478	697
479	697
479	699
480	699
480	702
481	702
481	705
482	705
482	707
483	707
483	709
484	709
484	710
485	710
485	711
486	711
486	712
487	712
487	714
488	714
488	716
489	716
489	718
491	718
491	719
492	719
492	720
493	720
493	723
494	723
494	724
495	724
495	725
496	725
496	726
497	726
497	728
498	728
498	729
500	729
500	730
501	730
501	731
502	731
502	732
503	732
503	733
506	733
506	734
508	734
508	735
509	735
509	736
512	736
512	737
514	737
514	738
515	738
515	739
517	739
517	740
521	740
521	741
522	741
522	742
524	742
524	743
526	743
526	744
533	744
533	745
535	745
535	746
536	746
536	747
539	747
539	748
540	748
540	749
543	749
543	750
545	750
545	751
546	751
546	752
547	752
547	755
548	755
548	756
550	756
550	757
551	757
551	758
552	758
552	759
553	759
553	760
555	760
555	761
557	761
557	762
558	762
558	763
559	763
559	764
560	764
560	765
562	765
562	766
563	766
563	767
564	767
564	768
567	768
567	769
571	769
571	770
579	770
579	771
587	771
587	770
590	770
590	769
592	769
592	768
596	768
596	767
601	767
601	766
603	766
603	765
619	765
619	766
622	766
622	767
623	767
623	768
624	768
624	769
625	769
625	770
626	770
626	771
627	771
627	772
628	772
628	773
629	773
629	774
630	774
630	775
631	775
631	776
632	776
632	777
633	777
633	779
635	779
635	780
636	780
636	781
637	781
637	782
638	782
638	783
639	783
639	784
640	784
640	785
641	785
641	786
642	786
642	787
643	787
643	788
644	788
644	789
646	789
646	790
647	790
647	791
648	791
648	792
649	792
649	793
650	793
650	794
651	794
651	796
652	796
652	797
654	797
654	798
655	798
655	799
656	799
656	800
657	800
657	801
658	801
658	802
659	802
659	803
660	803
660	804
661	804
661	805
664	805
664	806
665	806
665	807
667	807
667	808
668	808
668	809
671	809
671	810
673	810
673	811
675	811
675	812
677	812
677	813
679	813
679	814
680	814
680	815
682	815
682	816
683	816
683	817
686	817
686	818
687	818
687	819
695	819
695	820
696	820
696	821
709	821
709	822
710	822
710	823
711	823
711	824
715	824
715	825
716	825
716	826
718	826
718	827
722	827
722	828
723	828
723	829
725	829
725	830
726	830
726	831
728	831
728	832
729	832
729	833
731	833
731	834
732	834
732	835
735	835
735	836
736	836
736	837
737	837
737	838
740	838
740	839
741	839
741	840
742	840
742	841
744	841
744	842
746	842
746	843
747	843
747	844
748	844
748	845
749	845
749	846
750	846
750	847
753	847
753	848
754	848
754	849
757	849
757	850
758	850
758	851
760	851
760	852
761	852
761	853
765	853
765	854
789	854
789	853
794	853
794	852
796	852
796	851
800	851
800	850
801	850
801	849
803	849
803	848
804	848
804	847
805	847
805	846
806	846
806	845
807	845
807	842
808	842
808	841
809	841
809	840
810	840
810	839
811	839
811	838
813	838
813	837
815	837
815	836
816	836
816	835
817	835
817	834
818	834
818	833
820	833
820	832
821	832
821	831
822	831
822	830
823	830
823	829
824	829
824	828
825	828
825	827
830	827
830	826
877	826
877	827
881	827
881	828
882	828
882	829
885	829
885	830
886	830
886	831
887	831
887	832
888	832
888	833
890	833
890	834
892	834
892	835
893	835
893	836
895	836
895	837
897	837
897	838
898	838
898	839
899	839
899	841
900	841
900	842
901	842
901	847
902	847
902	857
903	857
903	859
904	859
904	864
905	864
905	869
906	869
906	870
907	870
907	871
908	871
908	873
909	873
909	875
910	875
910	877
911	877
911	878
912	878
912	879
913	879
913	881
914	881
914	883
915	883
915	884
916	884
916	885
917	885
917	887
918	887
918	888
919	888
919	890
920	890
920	892
921	892
921	894
922	894
922	896
923	896
923	898
924	898
924	899
925	899
925	903
927	903
927	904
928	904
928	905
929	905
929	908
930	908
930	909
931	909
931	911
932	911
932	912
933	912
933	914
934	914
934	915
935	915
935	917
936	917
936	918
937	918
937	919
938	919
938	921
939	921
939	922
940	922
940	923
941	923
941	924
942	924
942	925
943	925
943	928
944	928
944	929
945	929
945	930
946	930
946	931
947	931
947	933
948	933
948	934
949	934
949	935
950	935
950	936
951	936
951	937
954	937
954	938
955	938
955	939
968	939
968	938
969	938
969	937
971	937
971	936
981	936
981	937
983	937
983	938
984	938
984	939
985	939
985	941
987	941
987	942
988	942
988	943
992	943
992	944
994	944
994	945
1016	945
1016	946
1018	946
1018	947
1023	947
1023	948
1025	948
1025	949
1036	949
1036	950
1037	950
1037	951
1061	951
1061	952
1062	952
1062	953
1064	953
1064	954
1066	954
1066	955
1068	955
1068	956
1069	956
1069	957
1071	957
1071	958
1073	958
1073	959
1074	959
1074	960
1076	960
1076	961
1079	961
1079	962
1082	962
1082	963
1083	963
1083	964
1084	964
1084	965
1088	965
1088	966
1089	966
1089	967
1092	967
1092	968
1093	968
1093	969
1099	969
1099	970
1100	970
1100	971
1104	971
1104	972
1105	972
1105	973
1108	973
1108	974
1109	974
1109	975
1111	975
1111	976
1112	976
1112	977
1113	977
1113	978
1114	978
1114	979
1116	979
1116	980
1117	980
1117	981
1120	981
1120	982
1122	982
1122	983
1123	983
1123	984
1126	984
1126	985
1127	985
1127	986
1128	986
1128	987
1130	987
1130	988
1131	988
1131	989
1132	989
1132	990
1134	990
1134	991
1135	991
1135	992
1136	992
1136	993
1138	993
1138	994
1140	994
1140	995
1143	995
1143	996
1145	996
1145	997
1150	997
1150	998
1151	998
1151	999
1153	999
1153	1000
1154	1000
1154	1001
1160	1001
1160	1002
1161	1002
1161	1003
1162	1003
1162	1004
1163	1004
1163	1006
1164	1006
1164	1007
1165	1007
1165	1012
1169	1012
1169	1011
1170	1011
1170	1010
1171	1010
1171	1009
1172	1009
1172	1008
1173	1008
1173	1007
1174	1007
1174	1006
1175	1006
1175	1005
1178	1005
1178	1004
1180	1004
1180	1003
1181	1003
1181	1002
1182	1002
1182	1001
1204	1001
1204	1002
1205	1002
1205	1003
1209	1003
1209	1004
1210	1004
1210	1005
1213	1005
1213	1006
1214	1006
1214	1007
1216	1007
1216	1008
1217	1008
1217	1009
1218	1009
1218	1010
1219	1010
1219	1012
1220	1012
1220	1013
1221	1013
1221	1015
1222	1015
1222	1017
1223	1017
1223	989
1224	989
1224	988
1225	988
1225	987
1227	987
1227	986
1230	986
1230	985
1242	985
1242	986
1244	986
1244	987
1247	987
1247	988
1248	988
1248	989
1250	989
1250	990
1251	990
1251	991
1255	991
1255	992
1257	992
1257	993
1282	993
1282	992
1283	992
1283	991
1284	991
1284	989
1285	989
1285	982
1286	982
1286	976
1287	976
1287	975
1288	975
1288	974
1289	974
1289	973
1290	973
1290	972
1291	972
1291	971
1292	971
1292	969
1293	969
1293	968
1294	968
1294	966
1295	966
1295	965
1296	965
1296	964
1297	964
1297	963
1298	963
1298	962
1299	962
1299	961
1300	961
1300	960
1301	960
1301	959
1302	959
1302	958
1333	958
1333	957
1335	957
1335	956
1354	956
1354	957
1358	957
1358	958
1359	958
1359	959
1362	959
1362	960
1366	960
1366	961
1368	961
1368	962
1369	962
1369	963
1371	963
1371	964
1373	964
1373	965
1375	965
1375	966
1378	966
1378	967
1379	967
1379	968
1380	968
1380	969
1384	969
1384	970
1385	970
1385	971
1387	971
1387	972
1388	972
1388	973
1389	973
1389	974
1390	974
1390	975
1394	975
1394	976
1395	976
1395	977
1396	977
1396	981
1395	981
1395	982
1394	982
1394	983
1393	983
1393	984
1394	984
1394	988
1395	988
1395	989
1396	989
1396	990
1399	990
1399	991
1400	991
1400	992
1401	992
1401	993
1402	993
1402	994
1403	994
1403	995
1404	995
1404	997
1405	997
1405	1002
1406	1002
1406	1006
1407	1006
1407	1008
1408	1008
1408	1023
1409	1023
1409	1024
1443	1024
1443	1025
1444	1025
1444	1026
1485	1026
1485	1025
1487	1025
1487	1024
1500	1024
1500	1023
1539	1023
1539	1021
1540	1021
1540	1018
1541	1018
1541	1017
1542	1017
1542	993
1543	993
1543	992
1544	992
1544	989
1545	989
1545	974
1546	974
1546	972
1547	972
1547	971
1548	971
1548	970
1549	970
1549	969
1550	969
1550	967
1551	967
1551	965
1552	965
1552	963
1553	963
1553	961
1554	961
1554	958
1555	958
1555	957
1556	957
1556	956
1558	956
1558	955
1559	955
1559	954
1562	954
1562	953
1563	953
1563	950
1564	950
1564	947
1565	947
1565	946
1566	946
1566	945
1567	945
1567	944
1580	944
1580	945
1581	945
1581	946
1582	946
1582	947
1583	947
1583	948
1584	948
1584	949
1585	949
1585	950
1586	950
1586	952
1587	952
1587	954
1588	954
1588	956
1589	956
1589	957
1590	957
1590	960
1591	960
1591	961
1592	961
1592	962
1593	962
1593	963
1594	963
1594	964
1595	964
1595	965
1596	965
1596	966
1597	966
1597	967
1598	967
1598	970
1599	970
1599	971
1600	971
1600	972
1607	972
1607	971
1608	971
1608	970
1610	970
1610	969
1611	969
1611	968
1615	968
1615	967
1616	967
1616	966
1635	966
1635	967
1636	967
1636	968
1637	968
1637	969
1638	969
1638	970
1640	970
1640	971
1641	971
1641	972
1645	972
1645	973
1646	973
1646	974
1648	974
1648	975
1649	975
1649	976
1651	976
1651	977
1654	977
1654	978
1658	978
1658	979
1660	979
1660	980
1661	980
1661	981
1662	981
1662	982
1663	982
1663	983
1664	983
1664	984
1665	984
1665	985
1666	985
1666	986
1667	986
1667	987
1668	987
1668	988
1669	988
1669	989
1670	989
1670	990
1671	990
1671	991
1672	991
1672	992
1673	992
1673	994
1674	994
1674	996
1675	996
1675	997
1676	997
1676	999
1677	999
1677	1000
1678	1000
1678	1003
1679	1003
1679	1004
1680	1004
1680	1006
1681	1006
1681	1007
1682	1007
1682	1010
1683	1010
1683	1011
1684	1011
1684	1012
1685	1012
1685	1013
1687	1013
1687	1014
1697	1014
1697	1013
1698	1013
1698	1012
1701	1012
1701	1011
1702	1011
1702	1010
1706	1010
1706	1009
1707	1009
1707	1008
1708	1008
1708	1007
1710	1007
1710	1006
1729	1006
1729	958
1730	958
1730	957
1731	957
1731	954
1732	954
1732	951
1733	951
1733	950
1734	950
1734	949
1735	949
1735	948
1736	948
1736	946
1737	946
1737	945
1738	945
1738	944
1742	944
1742	943
1743	943
1743	942
1744	942
1744	941
1745	941
1745	940
1747	940
1747	939
1749	939
1749	938
1750	938
1750	937
1751	937
1751	936
1752	936
1752	935
1753	935
1753	934
1755	934
1755	933
1756	933
1756	932
1759	932
1759	931
1761	931
1761	930
1763	930
1763	929
1764	929
1764	928
1766	928
1766	927
1767	927
1767	926
1769	926
1769	925
1773	925
1773	924
1775	924
1775	923
1776	923
1776	922
1777	922
1777	921
1778	921
1778	920
1781	920
1781	919
1782	919
1782	918
1797	918
1797	919
1798	919
1798	920
1799	920
1799	922
1800	922
1800	923
1801	923
1801	924
1802	924
1802	926
1803	926
1803	927
1804	927
1804	928
1805	928
1805	929
1806	929
1806	930
1807	930
1807	931
1808	931
1808	932
1809	932
1809	933
1810	933
1810	935
1811	935
1811	936
1812	936
1812	940
1813	940
1813	942
1814	942
1814	944
1815	944
1815	946
1816	946
1816	949
1817	949
1817	950
1818	950
1818	955
1819	955
1819	956
1820	956
1820	976
1834	976
1834	975
1838	975
1838	974
1840	974
1840	973
1842	973
1842	972
1844	972
1844	971
1848	971
1848	972
1851	972
1851	971
1858	971
1858	970
1864	970
1864	969
1865	969
1865	968
1873	968
1873	967
1874	967
1874	966
1893	966
1893	957
1892	957
1892	954
1891	954
1891	942
1890	942
1890	936
1889	936
1889	916
1890	916
1890	915
1891	915
1891	914
1893	914
1893	913
1894	913
1894	912
1903	912
1903	904
1904	904
1904	900
1905	900
1905	897
1906	897
1906	858
1907	858
1907	855
1908	855
1908	854
1909	854
1909	853
1910	853
1910	852
1911	852
1911	832
1912	832
1912	829
1913	829
1913	827
1914	827
1914	825
1915	825
1915	824
1916	824
1916	820
1917	820
1917	819
1918	819
1918	818
1920	818
1920	817
1921	817
1921	816
1922	816
1922	815
1923	815
1923	814
1924	814
1924	813
1925	813
1925	812
1942	812
1942	813
1944	813
1944	814
1945	814
1945	815
1950	815
1950	816
1951	816
1951	817
1952	817
1952	818
1953	818
1953	819
1956	819
1956	820
1957	820
1957	821
1958	821
1958	822
1960	822
1960	823
1962	823
1962	824
1964	824
1964	825
1965	825
1965	826
1966	826
1966	827
1968	827
1968	828
1969	828
1969	829
1973	829
1973	830
1974	830
1974	831
1975	831
1975	832
1976	832
1976	833
1977	833
1977	834
1978	834
1978	835
1980	835
1980	836
1982	836
1982	837
1992	837
1992	838
1995	838
1995	839
1996	839
1996	840
1999	840
1999	841
2001	841
2001	842
2002	842
2002	843
2003	843
2003	844
2006	844
2006	845
2007	845
2007	846
2008	846
2008	848
2009	848
2009	849
2011	849
2011	850
2012	850
2012	851
2013	851
2013	852
2016	852
2016	853
2017	853
2017	854
2018	854
2018	855
2019	855
2019	856
2020	856
2020	857
2024	857
2024	858
2026	858
2026	859
2027	859
2027	860
2032	860
2032	861
2033	861
2033	862
2047	862
2047	861
2049	861
2049	860
2054	860
2054	859
2057	859
2057	858
2058	858
2058	857
2071	857
2071	856
2079	856
2079	855
2080	855
2080	854
2084	854
2084	846
2085	846
2085	841
2086	841
2086	816
2087	816
2087	815
2088	815
2088	810
2089	810
2089	805
2090	805
2090	801
2089	801
2089	798
2088	798
2088	797
2086	797
2086	796
2085	796
2085	795
2084	795
2084	793
2083	793
2083	792
2082	792
2082	784
2081	784
2081	777
2080	777
2080	775
2079	775
2079	771
2078	771
2078	769
2077	769
2077	766
2076	766
2076	761
2075	761
2075	754
2074	754
2074	710
2075	710
2075	709
2076	709
2076	708
2084	708
2084	709
2085	709
2085	708
2086	708
2086	703
2087	703
2087	698
2088	698
2088	695
2089	695
2089	693
2090	693
2090	665
2089	665
2089	664
2088	664
2088	662
2087	662
2087	661
2086	661
2086	659
2085	659
2085	658
2084	658
2084	653
2083	653
2083	652
2082	652
2082	635
2083	635
2083	634
2084	634
2084	632
2085	632
2085	631
2086	631
2086	630
2088	630
2088	629
2090	629
2090	628
2092	628
2092	627
2093	627
2093	626
2095	626
2095	625
2096	625
2096	624
2098	624
2098	623
2099	623
2099	622
2101	622
2101	621
2105	621
2105	620
2107	620
2107	619
2109	619
2109	618
2115	618
2115	617
2116	617
2116	616
2117	616
2117	615
2123	615
2123	614
2130	614
2130	613
2132	613
2132	612
2136	612
2136	611
2137	611
2137	610
2145	610
2145	609
2149	609
2149	608
2159	608
2159	607
2160	607
2160	606
2164	606
2164	605
2165	605
2165	604
2166	604
2166	603
2167	603
2167	602
2175	602
2175	601
2176	601
2176	600
2179	600
2179	599
2184	599
2184	598
2191	598
2191	597
2193	597
2193	596
2197	596
2197	597
2199	597
2199	596
2201	596
2201	595
2203	595
2203	582
2202	582
2202	578
2201	578
2201	577
2200	577
2200	571
2199	571
2199	570
2198	570
2198	558
2197	558
2197	552
2196	552
2196	495
2195	495
2195	494
2194	494
2194	490
2193	490
2193	489
2192	489
2192	486
2191	486
2191	485
2190	485
2190	482
2189	482
2189	481
2188	481
2188	479
2187	479
2187	478
2186	478
2186	464
2185	464
2185	463
2184	463
2184	448
2183	448
2183	447
2182	447
2182	444
2181	444
2181	443
2180	443
2180	442
2179	442
2179	441
2178	441
2178	408
2179	408
2179	407
2180	407
2180	406
2181	406
2181	405
2182	405
2182	404
2183	404
2183	403
2184	403
2184	402
2187	402
2187	401
2189	401
2189	400
2190	400
2190	399
2192	399
2192	398
2193	398
2193	397
2195	397
2195	396
2196	396
2196	395
2198	395
2198	394
2199	394
2199	393
2201	393
2201	392
2204	392
2204	391
2206	391
2206	390
2207	390
2207	389
2209	389
2209	388
2211	388
2211	387
2214	387
2214	386
2215	386
2215	385
2217	385
2217	384
2218	384
2218	383
2220	383
2220	382
2221	382
2221	381
2222	381
2222	380
2223	380
2223	378
2224	378
2224	376
2225	376
2225	350
2226	350
2226	330
2225	330
2225	326
2224	326
2224	325
2223	325
2223	320
2222	320
2222	316
2221	316
2221	315
2220	315
2220	314
2219	314
2219	310
2218	310
2218	308
2217	308
2217	307
2216	307
2216	306
2215	306
2215	305
2214	305
2214	298
2213	298
2213	297
2212	297
2212	283
2211	283
2211	260
2212	260
2212	258
2213	258
2213	257
2214	257
2214	254
2215	254
2215	253
2216	253
2216	252
2217	252
2217	251
2218	251
2218	250
2219	250
2219	249
2220	249
2220	248
2221	248
2221	247
2224	247
2224	246
2225	246
2225	245
2227	245
2227	244
2228	244
2228	243
2229	243
2229	242
2231	242
2231	241
2234	241
2234	240
2237	240
2237	239
2239	239
2239	238
2240	238
2240	237
2243	237
2243	236
2244	236
2244	235
2249	235
2249	234
2250	234
2250	233
2258	233
2258	232
2259	232
2259	231
2260	231
2260	230
2261	230
2261	229
2263	229
2263	228
2266	228
2266	227
2270	227
2270	226
2271	226
2271	225
2274	225
2274	224
2275	224
2275	223
2276	223
2276	222
2282	222
2282	223
2283	223
2283	224
2284	224
2284	228
2283	228
2283	229
2282	229
2282	230
2280	230
