833	926
832	926
832	947
831	947
831	955
830	955
830	959
831	959
831	961
830	961
830	962
831	962
831	963
830	963
830	966
829	966
829	967
828	967
828	971
829	971
829	975
828	975
828	977
829	977
829	985
830	985
830	987
829	987
829	994
830	994
830	995
831	995
831	996
835	996
835	997
838	997
838	996
839	996
839	997
840	997
840	999
841	999
841	1000
842	1000
842	1001
843	1001
843	1004
844	1004
844	1006
845	1006
845	1019
846	1019
846	1021
847	1021
847	1023
846	1023
846	1024
847	1024
847	1027
848	1027
848	1028
847	1028
847	1034
846	1034
846	1037
847	1037
847	1041
846	1041
846	1042
847	1042
847	1051
848	1051
848	1057
847	1057
847	1062
846	1062
846	1063
847	1063
847	1064
848	1064
848	1065
852	1065
852	1064
859	1064
859	1063
862	1063
862	1064
867	1064
867	1065
871	1065
871	1066
876	1066
876	1067
877	1067
877	1068
878	1068
878	1069
879	1069
879	1070
880	1070
880	1071
881	1071
881	1072
883	1072
883	1074
884	1074
884	1075
885	1075
885	1076
887	1076
887	1077
888	1077
888	1078
889	1078
889	1079
890	1079
890	1080
891	1080
891	1081
893	1081
893	1083
894	1083
894	1084
895	1084
895	1085
897	1085
897	1087
898	1087
898	1089
899	1089
899	1091
900	1091
900	1092
902	1092
902	1093
913	1093
913	1095
914	1095
914	1096
916	1096
916	1095
918	1095
918	1096
928	1096
928	1097
931	1097
931	1099
932	1099
932	1100
935	1100
935	1101
937	1101
937	1102
942	1102
942	1103
943	1103
943	1104
945	1104
945	1103
946	1103
946	1104
947	1104
947	1105
948	1105
948	1106
950	1106
950	1107
952	1107
952	1108
957	1108
957	1107
959	1107
959	1106
961	1106
961	1105
962	1105
962	1104
966	1104
966	1103
967	1103
967	1102
971	1102
971	1101
972	1101
972	1100
974	1100
974	1098
975	1098
975	1097
976	1097
976	1096
977	1096
977	1095
978	1095
978	1094
980	1094
980	1092
981	1092
981	1093
982	1093
982	1091
985	1091
985	1090
988	1090
988	1089
991	1089
991	1088
998	1088
998	1087
1000	1087
1000	1086
1002	1086
1002	1085
1007	1085
1007	1084
1010	1084
1010	1083
1012	1083
1012	1082
1013	1082
1013	1081
1016	1081
1016	1080
1019	1080
1019	1079
1021	1079
1021	1078
1023	1078
1023	1077
1024	1077
1024	1076
1025	1076
1025	1075
1026	1075
1026	1074
1027	1074
1027	1073
1028	1073
1028	1071
1029	1071
1029	1070
1030	1070
1030	1069
1032	1069
1032	1067
1033	1067
1033	1065
1034	1065
1034	1063
1035	1063
1035	1062
1036	1062
1036	1061
1038	1061
1038	1060
1039	1060
1039	1059
1040	1059
1040	1058
1041	1058
1041	1057
1043	1057
1043	1055
1044	1055
1044	1054
1046	1054
1046	1053
1047	1053
1047	1052
1050	1052
1050	1051
1053	1051
1053	1052
1057	1052
1057	1053
1060	1053
1060	1052
1064	1052
1064	1051
1066	1051
1066	1050
1069	1050
1069	1049
1071	1049
1071	1048
1072	1048
1072	1047
1074	1047
1074	1045
1075	1045
1075	1044
1077	1044
1077	1043
1078	1043
1078	1041
1079	1041
1079	1039
1080	1039
1080	1036
1081	1036
1081	1035
1082	1035
1082	1034
1083	1034
1083	1033
1084	1033
1084	1032
1085	1032
1085	1031
1086	1031
1086	1028
1087	1028
1087	1027
1088	1027
1088	1026
1089	1026
1089	1024
1090	1024
1090	1022
1091	1022
1091	1019
1092	1019
1092	1018
1093	1018
1093	1016
1095	1016
1095	1013
1096	1013
1096	1012
1097	1012
1097	1010
1098	1010
1098	1009
1100	1009
1100	1006
1102	1006
1102	1007
1103	1007
1103	1005
1107	1005
1107	1004
1108	1004
1108	1002
1106	1002
1106	1003
1103	1003
1103	1004
1102	1004
1102	1005
1098	1005
1098	1006
1097	1006
1097	1008
1096	1008
1096	1009
1095	1009
1095	1010
1094	1010
1094	1012
1092	1012
1092	1015
1090	1015
1090	1017
1089	1017
1089	1019
1088	1019
1088	1020
1087	1020
1087	1022
1086	1022
1086	1023
1085	1023
1085	1024
1084	1024
1084	1025
1083	1025
1083	1028
1082	1028
1082	1029
1081	1029
1081	1030
1080	1030
1080	1031
1079	1031
1079	1033
1078	1033
1078	1034
1076	1034
1076	1036
1075	1036
1075	1037
1074	1037
1074	1038
1073	1038
1073	1039
1072	1039
1072	1040
1071	1040
1071	1041
1070	1041
1070	1042
1069	1042
1069	1043
1068	1043
1068	1044
1067	1044
1067	1045
1065	1045
1065	1046
1061	1046
1061	1047
1055	1047
1055	1046
1053	1046
1053	1047
1051	1047
1051	1046
1050	1046
1050	1047
1045	1047
1045	1048
1044	1048
1044	1049
1043	1049
1043	1050
1042	1050
1042	1051
1040	1051
1040	1052
1037	1052
1037	1053
1036	1053
1036	1054
1035	1054
1035	1055
1034	1055
1034	1056
1033	1056
1033	1057
1032	1057
1032	1058
1031	1058
1031	1060
1030	1060
1030	1061
1029	1061
1029	1062
1028	1062
1028	1065
1027	1065
1027	1066
1026	1066
1026	1068
1025	1068
1025	1069
1024	1069
1024	1070
1023	1070
1023	1071
1021	1071
1021	1072
1020	1072
1020	1073
1019	1073
1019	1074
1017	1074
1017	1075
1014	1075
1014	1076
1012	1076
1012	1077
1010	1077
1010	1078
1007	1078
1007	1079
1006	1079
1006	1080
998	1080
998	1081
994	1081
994	1082
993	1082
993	1083
991	1083
991	1082
990	1082
990	1083
986	1083
986	1084
983	1084
983	1085
982	1085
982	1086
980	1086
980	1085
979	1085
979	1086
977	1086
977	1087
976	1087
976	1089
974	1089
974	1090
973	1090
973	1091
971	1091
971	1092
970	1092
970	1093
968	1093
968	1096
965	1096
965	1097
962	1097
962	1098
961	1098
961	1097
959	1097
959	1098
957	1098
957	1099
955	1099
955	1100
953	1100
953	1099
950	1099
950	1097
949	1097
949	1096
945	1096
945	1095
941	1095
941	1096
937	1096
937	1095
934	1095
934	1094
932	1094
932	1093
931	1093
931	1091
930	1091
930	1089
928	1089
928	1088
923	1088
923	1089
913	1089
913	1088
912	1088
912	1087
911	1087
911	1086
910	1086
910	1085
902	1085
902	1084
901	1084
901	1082
899	1082
899	1080
896	1080
896	1077
894	1077
894	1076
893	1076
893	1075
892	1075
892	1074
890	1074
890	1073
889	1073
889	1071
888	1071
888	1070
886	1070
886	1069
885	1069
885	1067
883	1067
883	1066
882	1066
882	1065
881	1065
881	1064
880	1064
880	1062
878	1062
878	1061
874	1061
874	1059
872	1059
872	1058
870	1058
870	1057
867	1057
867	1056
865	1056
865	1055
860	1055
860	1056
854	1056
854	1053
853	1053
853	1048
852	1048
852	1046
853	1046
853	1044
852	1044
852	1037
851	1037
851	1034
852	1034
852	1021
851	1021
851	1012
850	1012
850	1010
849	1010
849	1009
850	1009
850	1006
849	1006
849	1004
850	1004
850	1000
849	1000
849	998
848	998
848	996
847	996
847	994
846	994
846	993
845	993
845	992
844	992
844	991
839	991
839	990
838	990
838	989
835	989
835	988
834	988
834	985
835	985
835	983
834	983
834	981
835	981
835	973
834	973
834	972
835	972
835	966
836	966
836	960
835	960
835	953
836	953
836	950
837	950
837	948
836	948
836	946
837	946
837	938
836	938
836	933
837	933
837	926
838	926
838	919
837	919
837	918
838	918
838	915
837	915
837	913
838	913
838	906
839	906
839	902
838	902
838	897
837	897
837	895
838	895
838	894
837	894
837	893
838	893
838	892
837	892
837	889
838	889
838	885
839	885
839	880
838	880
838	878
839	878
839	875
838	875
838	873
839	873
839	867
838	867
838	864
837	864
837	863
836	863
836	862
832	862
832	860
831	860
831	859
830	859
830	857
829	857
829	856
828	856
828	857
825	857
825	856
822	856
822	855
821	855
821	854
808	854
808	855
803	855
803	856
801	856
801	857
797	857
797	858
786	858
786	859
783	859
783	860
781	860
781	859
780	859
780	860
777	860
777	859
772	859
772	858
769	858
769	859
764	859
764	860
763	860
763	859
762	859
762	858
761	858
761	857
758	857
758	855
757	855
757	854
755	854
755	852
754	852
754	850
752	850
752	849
751	849
751	850
744	850
744	851
743	851
743	850
742	850
742	851
741	851
741	850
739	850
739	851
738	851
738	850
737	850
737	851
735	851
735	852
733	852
733	853
732	853
732	852
731	852
731	853
725	853
725	852
723	852
723	853
721	853
721	852
717	852
717	853
715	853
715	852
714	852
714	853
710	853
710	852
706	852
706	851
704	851
704	852
692	852
692	851
691	851
691	852
690	852
690	853
688	853
688	852
686	852
686	851
685	851
685	850
681	850
681	851
676	851
676	852
675	852
675	851
671	851
671	852
670	852
670	851
667	851
667	850
668	850
668	849
655	849
655	848
656	848
656	847
654	847
654	845
653	845
653	844
652	844
652	843
649	843
649	842
648	842
648	843
646	843
646	842
644	842
644	841
643	841
643	840
636	840
636	839
628	839
628	840
627	840
627	839
626	839
626	840
625	840
625	839
624	839
624	838
623	838
623	837
622	837
622	835
618	835
618	836
611	836
611	837
610	837
610	836
609	836
609	832
608	832
608	831
607	831
607	830
606	830
606	829
605	829
605	828
602	828
602	822
603	822
603	820
602	820
602	817
603	817
603	816
602	816
602	814
603	814
603	813
601	813
601	808
602	808
602	806
601	806
601	805
602	805
602	804
603	804
603	801
602	801
602	795
601	795
601	794
600	794
600	793
602	793
602	788
601	788
601	787
602	787
602	785
601	785
601	783
600	783
600	781
601	781
601	780
600	780
600	779
601	779
601	778
600	778
600	777
599	777
599	776
598	776
598	774
597	774
597	771
595	771
595	768
594	768
594	767
592	767
592	766
591	766
591	765
589	765
589	764
584	764
584	765
582	765
582	764
580	764
580	765
574	765
574	764
573	764
573	765
570	765
570	766
569	766
569	765
566	765
566	766
552	766
552	767
545	767
545	768
542	768
542	767
539	767
539	768
536	768
536	767
535	767
535	768
534	768
534	769
530	769
530	770
523	770
523	769
521	769
521	768
520	768
520	767
512	767
512	764
514	764
514	762
512	762
512	761
513	761
513	755
512	755
512	754
514	754
514	753
513	753
513	752
512	752
512	751
513	751
513	747
512	747
512	732
511	732
511	729
512	729
512	728
511	728
511	725
512	725
512	723
513	723
513	722
512	722
512	719
511	719
511	718
512	718
512	717
510	717
510	714
507	714
507	713
506	713
506	712
505	712
505	713
498	713
498	714
497	714
497	715
495	715
495	716
493	716
493	717
492	717
492	718
490	718
490	717
489	717
489	718
488	718
488	717
487	717
487	716
488	716
488	705
487	705
487	701
488	701
488	697
487	697
487	690
488	690
488	688
487	688
487	685
488	685
488	674
489	674
489	673
488	673
488	665
489	665
489	664
488	664
488	661
489	661
489	655
488	655
488	654
489	654
489	651
488	651
488	650
489	650
489	648
488	648
488	646
489	646
489	639
488	639
488	638
487	638
487	636
486	636
486	634
483	634
483	630
481	630
481	631
478	631
478	630
476	630
476	631
474	631
474	630
470	630
470	629
468	629
468	630
460	630
460	631
459	631
459	630
457	630
457	632
448	632
448	633
443	633
443	632
437	632
437	631
436	631
436	632
430	632
430	631
416	631
416	632
408	632
408	631
404	631
404	630
402	630
402	631
400	631
400	630
399	630
399	629
398	629
398	630
397	630
397	628
398	628
398	626
396	626
396	625
394	625
394	624
392	624
392	623
390	623
390	621
389	621
389	620
388	620
388	619
387	619
387	618
386	618
386	617
380	617
380	616
379	616
379	617
375	617
375	616
374	616
374	617
372	617
372	615
371	615
371	611
370	611
370	610
371	610
371	608
370	608
370	607
369	607
369	605
370	605
370	600
369	600
369	599
370	599
370	597
369	597
369	576
370	576
370	574
369	574
369	570
368	570
368	568
369	568
369	567
370	567
370	564
369	564
369	561
368	561
368	560
369	560
369	555
368	555
368	548
369	548
369	544
368	544
368	543
367	543
367	541
368	541
368	540
367	540
367	538
368	538
368	534
367	534
367	533
368	533
368	528
367	528
367	527
366	527
366	524
367	524
367	523
368	523
368	514
367	514
367	507
368	507
368	504
367	504
367	502
366	502
366	501
365	501
365	500
364	500
364	499
363	499
363	498
361	498
361	496
359	496
359	495
357	495
357	492
356	492
356	491
355	491
355	492
354	492
354	491
352	491
352	490
350	490
350	491
345	491
345	492
338	492
338	491
334	491
334	492
327	492
327	491
325	491
325	492
323	492
323	491
319	491
319	492
314	492
314	491
313	491
313	488
312	488
312	487
313	487
313	486
312	486
312	485
311	485
311	484
312	484
312	478
311	478
311	477
312	477
312	471
311	471
311	467
312	467
312	464
311	464
311	463
312	463
312	461
311	461
311	459
312	459
312	458
311	458
311	457
310	457
310	456
311	456
311	452
310	452
310	451
309	451
309	449
310	449
310	447
308	447
308	445
306	445
306	443
304	443
304	442
302	442
302	441
300	441
300	439
297	439
297	438
296	438
296	437
294	437
294	436
295	436
295	428
293	428
293	427
292	427
292	426
291	426
291	425
290	425
290	424
289	424
289	422
287	422
287	421
285	421
285	422
282	422
282	423
281	423
281	424
280	424
280	425
275	425
275	422
276	422
276	421
274	421
274	420
273	420
273	418
274	418
274	411
273	411
273	404
274	404
274	403
273	403
273	401
272	401
272	397
271	397
271	395
272	395
272	393
271	393
271	384
270	384
270	382
271	382
271	375
270	375
270	369
269	369
269	368
268	368
268	366
267	366
267	364
265	364
265	363
263	363
263	362
262	362
262	359
261	359
261	357
260	357
260	356
258	356
258	355
256	355
256	353
251	353
251	352
250	352
250	353
246	353
246	354
244	354
244	355
239	355
239	354
235	354
235	353
234	353
234	352
233	352
233	351
229	351
229	349
225	349
225	348
222	348
222	349
217	349
217	350
214	350
214	352
212	352
212	353
211	353
211	352
210	352
210	353
207	353
207	354
198	354
198	355
197	355
197	354
195	354
195	355
186	355
186	354
183	354
183	355
180	355
180	354
178	354
178	353
176	353
176	354
175	354
175	353
158	353
158	351
157	351
157	348
156	348
156	346
155	346
155	344
153	344
153	341
152	341
152	339
150	339
150	338
147	338
147	337
141	337
141	338
140	338
140	337
128	337
128	336
127	336
127	335
120	335
120	336
119	336
119	335
118	335
118	334
117	334
117	335
116	335
116	334
112	334
112	333
111	333
111	332
110	332
110	331
109	331
109	329
108	329
108	327
107	327
107	326
105	326
105	325
103	325
103	324
101	324
101	323
100	323
100	322
99	322
99	320
98	320
98	318
96	318
96	316
94	316
94	313
93	313
93	310
92	310
92	307
91	307
91	305
90	305
90	302
88	302
88	300
87	300
87	297
79	297
79	298
78	298
78	297
75	297
75	296
71	296
71	297
69	297
69	296
59	296
59	295
50	295
50	294
49	294
49	292
47	292
47	289
48	289
48	288
47	288
47	286
46	286
46	285
45	285
45	284
44	284
44	282
43	282
43	281
42	281
42	282
40	282
40	284
41	284
41	289
42	289
42	293
43	293
43	298
44	298
44	302
48	302
48	303
49	303
49	302
51	302
51	303
61	303
61	304
62	304
62	303
64	303
64	304
66	304
66	303
72	303
72	304
78	304
78	305
79	305
79	304
80	304
80	305
82	305
82	306
83	306
83	309
84	309
84	311
85	311
85	313
86	313
86	315
87	315
87	318
89	318
89	321
90	321
90	325
92	325
92	326
94	326
94	328
95	328
95	329
96	329
96	330
98	330
98	331
101	331
101	333
102	333
102	334
104	334
104	336
105	336
105	338
107	338
107	340
108	340
108	341
110	341
110	342
112	342
112	343
113	343
113	342
115	342
115	343
119	343
119	342
120	342
120	343
123	343
123	344
135	344
135	345
137	345
137	344
141	344
141	345
142	345
142	344
147	344
147	347
149	347
149	348
150	348
150	352
151	352
151	354
152	354
152	355
153	355
153	357
154	357
154	358
157	358
157	359
160	359
160	360
168	360
168	361
169	361
169	360
173	360
173	361
174	361
174	360
178	360
178	361
181	361
181	360
182	360
182	361
186	361
186	360
189	360
189	361
193	361
193	360
201	360
201	361
202	361
202	360
209	360
209	359
210	359
210	358
217	358
217	357
219	357
219	356
221	356
221	354
223	354
223	355
227	355
227	357
229	357
229	358
230	358
230	359
232	359
232	360
234	360
234	361
242	361
242	362
244	362
244	361
245	361
245	362
246	362
246	361
247	361
247	360
248	360
248	361
254	361
254	363
256	363
256	365
257	365
257	366
258	366
258	368
260	368
260	369
261	369
261	370
262	370
262	372
263	372
263	385
264	385
264	387
265	387
265	391
264	391
264	394
263	394
263	395
264	395
264	397
265	397
265	399
266	399
266	404
267	404
267	408
268	408
268	412
269	412
269	414
270	414
270	417
269	417
269	419
270	419
270	428
271	428
271	430
272	430
272	431
276	431
276	430
282	430
282	428
286	428
286	430
287	430
287	433
289	433
289	436
290	436
290	438
291	438
291	442
292	442
292	443
291	443
291	445
290	445
290	446
289	446
289	447
288	447
288	449
289	449
289	450
290	450
290	451
295	451
295	450
297	450
297	449
299	449
299	448
302	448
302	449
304	449
304	450
305	450
305	452
306	452
306	457
307	457
307	478
306	478
306	489
305	489
305	490
307	490
307	492
306	492
306	494
307	494
307	500
308	500
308	501
310	501
310	502
312	502
312	501
313	501
313	500
314	500
314	499
316	499
316	498
318	498
318	499
321	499
321	498
322	498
322	499
326	499
326	498
327	498
327	499
328	499
328	498
331	498
331	499
333	499
333	500
334	500
334	499
336	499
336	500
337	500
337	499
344	499
344	498
350	498
350	499
351	499
351	498
353	498
353	499
354	499
354	501
355	501
355	502
356	502
356	503
357	503
357	504
358	504
358	505
359	505
359	514
360	514
360	521
361	521
361	532
362	532
362	533
361	533
361	535
362	535
362	541
363	541
363	546
362	546
362	552
363	552
363	569
364	569
364	571
363	571
363	574
364	574
364	577
363	577
363	578
364	578
364	579
363	579
363	594
362	594
362	596
363	596
363	602
364	602
364	604
365	604
365	607
364	607
364	608
365	608
365	619
366	619
366	621
367	621
367	622
368	622
368	623
369	623
369	624
371	624
371	623
372	623
372	624
377	624
377	623
379	623
379	624
382	624
382	625
384	625
384	626
386	626
386	627
387	627
387	628
388	628
388	630
390	630
390	631
392	631
392	632
393	632
393	633
394	633
394	634
396	634
396	635
398	635
398	636
400	636
400	637
401	637
401	636
403	636
403	637
405	637
405	638
410	638
410	639
419	639
419	638
420	638
420	639
421	639
421	638
422	638
422	639
426	639
426	638
428	638
428	639
430	639
430	638
432	638
432	639
440	639
440	638
441	638
441	639
449	639
449	638
450	638
450	637
455	637
455	636
457	636
457	637
461	637
461	636
462	636
462	637
465	637
465	636
466	636
466	637
470	637
470	636
471	636
471	637
473	637
473	638
477	638
477	639
478	639
478	640
479	640
479	642
482	642
482	644
481	644
481	645
483	645
483	651
484	651
484	655
483	655
483	660
484	660
484	661
483	661
483	662
484	662
484	665
483	665
483	675
482	675
482	679
483	679
483	682
482	682
482	690
481	690
481	696
482	696
482	698
481	698
481	701
482	701
482	721
481	721
481	724
485	724
485	725
492	725
492	724
498	724
498	723
499	723
499	722
500	722
500	723
501	723
501	722
500	722
500	721
503	721
503	722
504	722
504	723
505	723
505	726
506	726
506	738
505	738
505	739
506	739
506	742
507	742
507	743
506	743
506	744
507	744
507	754
506	754
506	755
507	755
507	762
508	762
508	764
507	764
507	768
506	768
506	769
507	769
507	775
508	775
508	776
509	776
509	777
513	777
513	776
514	776
514	775
520	775
520	776
523	776
523	777
525	777
525	778
529	778
529	777
532	777
532	775
535	775
535	774
540	774
540	773
545	773
545	774
554	774
554	773
555	773
555	774
556	774
556	773
557	773
557	774
562	774
562	773
569	773
569	772
580	772
580	771
582	771
582	772
584	772
584	771
586	771
586	772
587	772
587	773
589	773
589	774
590	774
590	776
591	776
591	779
592	779
592	781
593	781
593	784
594	784
594	785
595	785
595	806
596	806
596	810
597	810
597	812
596	812
596	813
597	813
597	821
596	821
596	824
597	824
597	829
596	829
596	831
595	831
595	836
602	836
602	837
605	837
605	840
606	840
606	841
607	841
607	843
609	843
609	844
612	844
612	843
620	843
620	844
622	844
622	845
623	845
623	846
625	846
625	847
633	847
633	848
634	848
634	847
644	847
644	848
648	848
648	849
649	849
649	850
650	850
650	851
652	851
652	852
653	852
653	853
654	853
654	854
655	854
655	855
665	855
665	856
667	856
667	857
672	857
672	858
685	858
685	859
688	859
688	860
694	860
694	859
695	859
695	860
696	860
696	859
697	859
697	860
701	860
701	859
707	859
707	858
708	858
708	859
711	859
711	860
713	860
713	861
715	861
715	860
734	860
734	859
736	859
736	857
741	857
741	856
742	856
742	855
743	855
743	856
744	856
744	857
745	857
745	856
748	856
748	857
749	857
749	856
750	856
750	857
754	857
754	859
756	859
756	860
757	860
757	862
759	862
759	863
760	863
760	864
761	864
761	865
764	865
764	866
770	866
770	865
772	865
772	866
774	866
774	865
782	865
782	866
783	866
783	865
784	865
784	866
786	866
786	865
787	865
787	864
788	864
788	865
791	865
791	864
793	864
793	865
794	865
794	864
803	864
803	862
806	862
806	861
808	861
808	860
813	860
813	859
814	859
814	860
818	860
818	861
820	861
820	862
824	862
824	863
827	863
827	864
828	864
828	865
829	865
829	866
830	866
830	867
831	867
831	868
833	868
833	878
834	878
834	883
833	883
833	888
832	888
832	890
833	890
833	891
832	891
832	894
833	894
833	897
832	897
832	899
833	899
833	902
832	902
832	906
833	906
833	917
832	917
832	918
833	918
1990	1295
1989	1295
1989	1311
1990	1311
1990	1313
1991	1313
1991	1314
1992	1314
1992	1315
1993	1315
1993	1314
1994	1314
1994	1315
1996	1315
1996	1316
1997	1316
1997	1317
1998	1317
1998	1318
2000	1318
2000	1319
2001	1319
2001	1320
2002	1320
2002	1323
2003	1323
2003	1324
2007	1324
2007	1325
2010	1325
2010	1326
2012	1326
2012	1328
2013	1328
2013	1327
2016	1327
2016	1326
2018	1326
2018	1325
2019	1325
2019	1324
2021	1324
2021	1323
2022	1323
2022	1322
2023	1322
2023	1321
2024	1321
2024	1320
2026	1320
2026	1319
2029	1319
2029	1318
2031	1318
2031	1317
2034	1317
2034	1316
2038	1316
2038	1315
2042	1315
2042	1314
2045	1314
2045	1313
2046	1313
2046	1312
2049	1312
2049	1311
2052	1311
2052	1310
2056	1310
2056	1309
2063	1309
2063	1308
2081	1308
2081	1305
2084	1305
2084	1304
2083	1304
2083	1299
2084	1299
2084	1298
2085	1298
2085	1297
2084	1297
2084	1298
2083	1298
2083	1289
2084	1289
2084	1281
2085	1281
2085	1277
2086	1277
2086	1275
2087	1275
2087	1273
2088	1273
2088	1271
2089	1271
2089	1269
2090	1269
2090	1268
2091	1268
2091	1267
2092	1267
2092	1265
2094	1265
2094	1264
2095	1264
2095	1261
2096	1261
2096	1259
2097	1259
2097	1255
2095	1255
2095	1254
2096	1254
2096	1248
2095	1248
2095	1247
2096	1247
2096	1244
2097	1244
2097	1242
2098	1242
2098	1240
2099	1240
2099	1239
2100	1239
2100	1237
2101	1237
2101	1235
2102	1235
2102	1234
2103	1234
2103	1233
2104	1233
2104	1231
2105	1231
2105	1230
2106	1230
2106	1229
2107	1229
2107	1227
2108	1227
2108	1226
2111	1226
2111	1225
2113	1225
2113	1224
2115	1224
2115	1223
2118	1223
2118	1222
2119	1222
2119	1221
2120	1221
2120	1220
2122	1220
2122	1219
2123	1219
2123	1218
2125	1218
2125	1217
2126	1217
2126	1216
2130	1216
2130	1215
2132	1215
2132	1214
2134	1214
2134	1213
2135	1213
2135	1212
2138	1212
2138	1211
2146	1211
2146	1210
2147	1210
2147	1209
2148	1209
2148	1207
2150	1207
2150	1206
2151	1206
2151	1205
2153	1205
2153	1203
2155	1203
2155	1202
2156	1202
2156	1201
2157	1201
2157	1200
2158	1200
2158	1199
2159	1199
2159	1197
2160	1197
2160	1194
2161	1194
2161	1192
2162	1192
2162	1191
2163	1191
2163	1190
2164	1190
2164	1188
2167	1188
2167	1187
2168	1187
2168	1186
2169	1186
2169	1185
2171	1185
2171	1184
2172	1184
2172	1183
2175	1183
2175	1182
2177	1182
2177	1181
2178	1181
2178	1180
2181	1180
2181	1179
2184	1179
2184	1178
2187	1178
2187	1177
2192	1177
2192	1176
2198	1176
2198	1177
2201	1177
2201	1178
2203	1178
2203	1179
2204	1179
2204	1180
2205	1180
2205	1181
2206	1181
2206	1182
2205	1182
2205	1183
2208	1183
2208	1184
2209	1184
2209	1185
2214	1185
2214	1186
2216	1186
2216	1187
2217	1187
2217	1188
2218	1188
2218	1190
2219	1190
2219	1192
2220	1192
2220	1199
2219	1199
2219	1200
2218	1200
2218	1201
2217	1201
2217	1205
2218	1205
2218	1206
2220	1206
2220	1208
2219	1208
2219	1209
2218	1209
2218	1210
2217	1210
2217	1232
2218	1232
2218	1233
2222	1233
2222	1232
2223	1232
2223	1213
2224	1213
2224	1212
2225	1212
2225	1211
2226	1211
2226	1207
2227	1207
2227	1206
2228	1206
2228	1205
2229	1205
2229	1198
2230	1198
2230	1197
2231	1197
2231	1196
2232	1196
2232	1189
2231	1189
2231	1188
2225	1188
2225	1187
2224	1187
2224	1185
2223	1185
2223	1183
2222	1183
2222	1182
2221	1182
2221	1181
2219	1181
2219	1180
2217	1180
2217	1179
2215	1179
2215	1178
2214	1178
2214	1177
2213	1177
2213	1176
2209	1176
2209	1175
2208	1175
2208	1174
2207	1174
2207	1173
2206	1173
2206	1172
2205	1172
2205	1171
2204	1171
2204	1170
2197	1170
2197	1171
2196	1171
2196	1173
2181	1173
2181	1174
2180	1174
2180	1175
2176	1175
2176	1176
2174	1176
2174	1177
2173	1177
2173	1178
2170	1178
2170	1179
2168	1179
2168	1181
2166	1181
2166	1182
2164	1182
2164	1184
2162	1184
2162	1185
2160	1185
2160	1187
2159	1187
2159	1188
2158	1188
2158	1189
2157	1189
2157	1190
2156	1190
2156	1191
2155	1191
2155	1193
2154	1193
2154	1194
2153	1194
2153	1196
2152	1196
2152	1197
2151	1197
2151	1198
2150	1198
2150	1199
2149	1199
2149	1200
2146	1200
2146	1201
2144	1201
2144	1203
2142	1203
2142	1204
2141	1204
2141	1206
2138	1206
2138	1207
2134	1207
2134	1208
2132	1208
2132	1209
2129	1209
2129	1210
2127	1210
2127	1211
2125	1211
2125	1212
2123	1212
2123	1213
2121	1213
2121	1214
2119	1214
2119	1215
2118	1215
2118	1216
2115	1216
2115	1217
2113	1217
2113	1218
2111	1218
2111	1219
2109	1219
2109	1220
2108	1220
2108	1221
2106	1221
2106	1222
2105	1222
2105	1221
2104	1221
2104	1223
2103	1223
2103	1224
2101	1224
2101	1225
2099	1225
2099	1227
2098	1227
2098	1229
2097	1229
2097	1230
2096	1230
2096	1231
2095	1231
2095	1234
2093	1234
2093	1235
2092	1235
2092	1236
2091	1236
2091	1246
2090	1246
2090	1250
2089	1250
2089	1252
2090	1252
2090	1255
2089	1255
2089	1260
2088	1260
2088	1261
2087	1261
2087	1264
2086	1264
2086	1265
2084	1265
2084	1267
2083	1267
2083	1268
2082	1268
2082	1269
2081	1269
2081	1271
2080	1271
2080	1273
2079	1273
2079	1274
2078	1274
2078	1279
2077	1279
2077	1285
2076	1285
2076	1286
2075	1286
2075	1287
2076	1287
2076	1297
2075	1297
2075	1300
2074	1300
2074	1301
2073	1301
2073	1302
2062	1302
2062	1303
2056	1303
2056	1304
2054	1304
2054	1305
2050	1305
2050	1306
2046	1306
2046	1307
2045	1307
2045	1308
2044	1308
2044	1309
2043	1309
2043	1308
2040	1308
2040	1309
2039	1309
2039	1310
2034	1310
2034	1311
2030	1311
2030	1312
2028	1312
2028	1313
2027	1313
2027	1314
2025	1314
2025	1315
2024	1315
2024	1316
2022	1316
2022	1318
2020	1318
2020	1319
2019	1319
2019	1320
2018	1320
2018	1321
2017	1321
2017	1322
2014	1322
2014	1321
2009	1321
2009	1320
2008	1320
2008	1319
2004	1319
2004	1318
2003	1318
2003	1316
2002	1316
2002	1315
2001	1315
2001	1314
2000	1314
2000	1313
1999	1313
1999	1312
1998	1312
1998	1310
1997	1310
1997	1309
1995	1309
1995	1308
1994	1308
1994	1296
1995	1296
1995	1286
1994	1286
1994	1285
1995	1285
1995	1277
1996	1277
1996	1271
1995	1271
1995	1270
1996	1270
1996	1267
1997	1267
1997	1262
1996	1262
1996	1260
1998	1260
1998	1258
1997	1258
1997	1257
1996	1257
1996	1256
1997	1256
1997	1242
1996	1242
1996	1231
1995	1231
1995	1228
1994	1228
1994	1225
1993	1225
1993	1224
1992	1224
1992	1223
1991	1223
1991	1221
1990	1221
1990	1218
1989	1218
1989	1216
1988	1216
1988	1215
1987	1215
1987	1214
1985	1214
1985	1213
1983	1213
1983	1212
1982	1212
1982	1211
1981	1211
1981	1210
1978	1210
1978	1209
1977	1209
1977	1208
1974	1208
1974	1207
1967	1207
1967	1206
1966	1206
1966	1207
1964	1207
1964	1205
1957	1205
1957	1204
1956	1204
1956	1202
1954	1202
1954	1200
1953	1200
1953	1197
1952	1197
1952	1195
1951	1195
1951	1194
1950	1194
1950	1193
1949	1193
1949	1192
1947	1192
1947	1191
1946	1191
1946	1190
1945	1190
1945	1189
1943	1189
1943	1188
1942	1188
1942	1187
1941	1187
1941	1186
1940	1186
1940	1185
1936	1185
1936	1184
1935	1184
1935	1183
1933	1183
1933	1182
1931	1182
1931	1181
1927	1181
1927	1182
1926	1182
1926	1183
1922	1183
1922	1182
1916	1182
1916	1181
1911	1181
1911	1180
1910	1180
1910	1179
1909	1179
1909	1180
1903	1180
1903	1179
1900	1179
1900	1180
1899	1180
1899	1181
1898	1181
1898	1182
1893	1182
1893	1183
1892	1183
1892	1184
1888	1184
1888	1185
1887	1185
1887	1186
1885	1186
1885	1187
1883	1187
1883	1188
1882	1188
1882	1189
1881	1189
1881	1190
1880	1190
1880	1191
1878	1191
1878	1192
1877	1192
1877	1193
1876	1193
1876	1194
1874	1194
1874	1196
1873	1196
1873	1197
1872	1197
1872	1198
1871	1198
1871	1200
1869	1200
1869	1202
1868	1202
1868	1206
1867	1206
1867	1210
1866	1210
1866	1215
1865	1215
1865	1225
1866	1225
1866	1226
1865	1226
1865	1227
1864	1227
1864	1232
1865	1232
1865	1233
1861	1233
1861	1234
1853	1234
1853	1235
1851	1235
1851	1236
1850	1236
1850	1237
1847	1237
1847	1238
1844	1238
1844	1239
1842	1239
1842	1240
1841	1240
1841	1241
1838	1241
1838	1242
1836	1242
1836	1243
1834	1243
1834	1244
1833	1244
1833	1245
1831	1245
1831	1246
1830	1246
1830	1247
1828	1247
1828	1248
1826	1248
1826	1249
1824	1249
1824	1250
1823	1250
1823	1251
1822	1251
1822	1252
1821	1252
1821	1253
1820	1253
1820	1254
1819	1254
1819	1255
1818	1255
1818	1257
1817	1257
1817	1258
1816	1258
1816	1260
1815	1260
1815	1262
1814	1262
1814	1263
1813	1263
1813	1264
1811	1264
1811	1265
1810	1265
1810	1267
1809	1267
1809	1269
1808	1269
1808	1271
1807	1271
1807	1272
1806	1272
1806	1273
1805	1273
1805	1274
1804	1274
1804	1276
1802	1276
1802	1277
1798	1277
1798	1276
1786	1276
1786	1275
1784	1275
1784	1274
1782	1274
1782	1273
1779	1273
1779	1272
1774	1272
1774	1271
1772	1271
1772	1272
1771	1272
1771	1271
1770	1271
1770	1272
1767	1272
1767	1271
1760	1271
1760	1270
1759	1270
1759	1271
1758	1271
1758	1270
1756	1270
1756	1269
1753	1269
1753	1268
1752	1268
1752	1266
1751	1266
1751	1265
1750	1265
1750	1264
1749	1264
1749	1262
1748	1262
1748	1261
1747	1261
1747	1258
1745	1258
1745	1257
1744	1257
1744	1256
1743	1256
1743	1254
1741	1254
1741	1253
1740	1253
1740	1252
1739	1252
1739	1251
1738	1251
1738	1250
1737	1250
1737	1249
1736	1249
1736	1248
1735	1248
1735	1247
1733	1247
1733	1246
1731	1246
1731	1245
1730	1245
1730	1244
1728	1244
1728	1243
1727	1243
1727	1241
1726	1241
1726	1239
1725	1239
1725	1238
1724	1238
1724	1237
1723	1237
1723	1236
1722	1236
1722	1235
1721	1235
1721	1232
1720	1232
1720	1231
1719	1231
1719	1230
1718	1230
1718	1229
1717	1229
1717	1227
1716	1227
1716	1224
1715	1224
1715	1223
1714	1223
1714	1222
1712	1222
1712	1220
1711	1220
1711	1219
1710	1219
1710	1218
1708	1218
1708	1217
1706	1217
1706	1215
1703	1215
1703	1214
1702	1214
1702	1204
1701	1204
1701	1202
1702	1202
1702	1198
1703	1198
1703	1190
1702	1190
1702	1186
1703	1186
1703	1180
1702	1180
1702	1179
1703	1179
1703	1178
1702	1178
1702	1175
1701	1175
1701	1173
1700	1173
1700	1166
1699	1166
1699	1164
1698	1164
1698	1161
1697	1161
1697	1160
1696	1160
1696	1158
1694	1158
1694	1157
1692	1157
1692	1156
1691	1156
1691	1155
1689	1155
1689	1154
1688	1154
1688	1153
1685	1153
1685	1152
1683	1152
1683	1151
1682	1151
1682	1150
1681	1150
1681	1151
1680	1151
1680	1150
1667	1150
1667	1151
1664	1151
1664	1152
1652	1152
1652	1153
1650	1153
1650	1152
1648	1152
1648	1153
1645	1153
1645	1154
1644	1154
1644	1155
1641	1155
1641	1156
1640	1156
1640	1157
1638	1157
1638	1158
1637	1158
1637	1159
1635	1159
1635	1160
1634	1160
1634	1163
1633	1163
1633	1164
1632	1164
1632	1165
1631	1165
1631	1166
1630	1166
1630	1168
1629	1168
1629	1169
1628	1169
1628	1173
1627	1173
1627	1176
1626	1176
1626	1178
1624	1178
1624	1180
1625	1180
1625	1185
1624	1185
1624	1187
1623	1187
1623	1189
1620	1189
1620	1190
1617	1190
1617	1191
1616	1191
1616	1194
1614	1194
1614	1195
1613	1195
1613	1196
1612	1196
1612	1198
1611	1198
1611	1199
1610	1199
1610	1201
1609	1201
1609	1202
1608	1202
1608	1204
1607	1204
1607	1206
1606	1206
1606	1209
1605	1209
1605	1215
1603	1215
1603	1219
1602	1219
1602	1220
1601	1220
1601	1222
1600	1222
1600	1224
1598	1224
1598	1227
1597	1227
1597	1228
1596	1228
1596	1229
1595	1229
1595	1231
1594	1231
1594	1232
1593	1232
1593	1234
1592	1234
1592	1235
1591	1235
1591	1236
1592	1236
1592	1237
1591	1237
1591	1239
1592	1239
1592	1240
1591	1240
1591	1241
1590	1241
1590	1242
1589	1242
1589	1244
1588	1244
1588	1247
1587	1247
1587	1248
1585	1248
1585	1250
1584	1250
1584	1251
1582	1251
1582	1252
1580	1252
1580	1253
1578	1253
1578	1254
1577	1254
1577	1253
1574	1253
1574	1254
1571	1254
1571	1255
1569	1255
1569	1253
1566	1253
1566	1254
1562	1254
1562	1253
1560	1253
1560	1252
1554	1252
1554	1251
1553	1251
1553	1249
1550	1249
1550	1250
1549	1250
1549	1249
1546	1249
1546	1248
1545	1248
1545	1247
1539	1247
1539	1246
1535	1246
1535	1247
1533	1247
1533	1246
1531	1246
1531	1245
1528	1245
1528	1244
1525	1244
1525	1243
1524	1243
1524	1242
1523	1242
1523	1241
1522	1241
1522	1240
1521	1240
1521	1239
1518	1239
1518	1238
1516	1238
1516	1236
1517	1236
1517	1235
1516	1235
1516	1233
1515	1233
1515	1226
1514	1226
1514	1224
1513	1224
1513	1223
1512	1223
1512	1220
1511	1220
1511	1219
1510	1219
1510	1218
1511	1218
1511	1217
1509	1217
1509	1215
1508	1215
1508	1212
1506	1212
1506	1211
1505	1211
1505	1209
1504	1209
1504	1207
1503	1207
1503	1203
1502	1203
1502	1201
1501	1201
1501	1200
1500	1200
1500	1197
1499	1197
1499	1196
1498	1196
1498	1193
1497	1193
1497	1192
1496	1192
1496	1190
1495	1190
1495	1189
1494	1189
1494	1188
1493	1188
1493	1186
1492	1186
1492	1185
1491	1185
1491	1184
1490	1184
1490	1183
1488	1183
1488	1182
1487	1182
1487	1181
1486	1181
1486	1180
1485	1180
1485	1177
1481	1177
1481	1175
1480	1175
1480	1174
1476	1174
1476	1173
1475	1173
1475	1153
1474	1153
1474	1149
1473	1149
1473	1144
1474	1144
1474	1143
1473	1143
1473	1138
1474	1138
1474	1137
1473	1137
1473	1136
1474	1136
1474	1134
1473	1134
1473	1133
1474	1133
1474	1127
1473	1127
1473	1125
1474	1125
1474	1123
1473	1123
1473	1119
1472	1119
1472	1116
1471	1116
1471	1110
1472	1110
1472	1106
1471	1106
1471	1105
1472	1105
1472	1104
1475	1104
1475	1103
1476	1103
1476	1101
1474	1101
1474	1100
1473	1100
1473	1098
1472	1098
1472	1099
1470	1099
1470	1098
1468	1098
1468	1097
1466	1097
1466	1098
1455	1098
1455	1097
1453	1097
1453	1098
1452	1098
1452	1097
1450	1097
1450	1098
1446	1098
1446	1099
1445	1099
1445	1100
1443	1100
1443	1101
1442	1101
1442	1102
1441	1102
1441	1104
1437	1104
1437	1106
1436	1106
1436	1107
1435	1107
1435	1109
1434	1109
1434	1110
1433	1110
1433	1111
1432	1111
1432	1112
1431	1112
1431	1113
1430	1113
1430	1114
1429	1114
1429	1115
1428	1115
1428	1116
1427	1116
1427	1118
1426	1118
1426	1119
1424	1119
1424	1120
1422	1120
1422	1121
1421	1121
1421	1122
1420	1122
1420	1123
1419	1123
1419	1125
1416	1125
1416	1127
1415	1127
1415	1128
1414	1128
1414	1129
1413	1129
1413	1130
1412	1130
1412	1132
1411	1132
1411	1134
1410	1134
1410	1136
1409	1136
1409	1137
1408	1137
1408	1138
1406	1138
1406	1142
1405	1142
1405	1144
1404	1144
1404	1146
1403	1146
1403	1148
1402	1148
1402	1149
1401	1149
1401	1150
1402	1150
1402	1156
1401	1156
1401	1158
1394	1158
1394	1160
1393	1160
1393	1161
1390	1161
1390	1163
1388	1163
1388	1164
1387	1164
1387	1165
1386	1165
1386	1166
1385	1166
1385	1167
1384	1167
1384	1168
1382	1168
1382	1169
1381	1169
1381	1170
1379	1170
1379	1171
1378	1171
1378	1172
1377	1172
1377	1173
1375	1173
1375	1174
1374	1174
1374	1175
1372	1175
1372	1176
1371	1176
1371	1178
1370	1178
1370	1179
1369	1179
1369	1180
1367	1180
1367	1184
1366	1184
1366	1185
1365	1185
1365	1187
1364	1187
1364	1190
1363	1190
1363	1193
1362	1193
1362	1194
1363	1194
1363	1195
1362	1195
1362	1197
1361	1197
1361	1208
1360	1208
1360	1209
1361	1209
1361	1213
1360	1213
1360	1214
1361	1214
1361	1217
1362	1217
1362	1219
1361	1219
1361	1221
1362	1221
1362	1225
1361	1225
1361	1227
1362	1227
1362	1230
1361	1230
1361	1231
1362	1231
1362	1247
1363	1247
1363	1251
1362	1251
1362	1252
1363	1252
1363	1255
1362	1255
1362	1257
1363	1257
1363	1262
1362	1262
1362	1263
1361	1263
1361	1264
1360	1264
1360	1266
1356	1266
1356	1267
1355	1267
1355	1268
1348	1268
1348	1269
1342	1269
1342	1270
1332	1270
1332	1269
1330	1269
1330	1268
1328	1268
1328	1269
1327	1269
1327	1268
1324	1268
1324	1267
1321	1267
1321	1266
1320	1266
1320	1267
1319	1267
1319	1268
1318	1268
1318	1267
1317	1267
1317	1265
1315	1265
1315	1264
1312	1264
1312	1265
1309	1265
1309	1266
1305	1266
1305	1265
1304	1265
1304	1264
1303	1264
1303	1263
1299	1263
1299	1261
1297	1261
1297	1260
1294	1260
1294	1259
1289	1259
1289	1258
1285	1258
1285	1257
1284	1257
1284	1256
1281	1256
1281	1255
1280	1255
1280	1254
1277	1254
1277	1253
1276	1253
1276	1254
1275	1254
1275	1253
1274	1253
1274	1252
1266	1252
1266	1253
1262	1253
1262	1252
1256	1252
1256	1253
1251	1253
1251	1252
1250	1252
1250	1251
1249	1251
1249	1250
1248	1250
1248	1249
1246	1249
1246	1248
1243	1248
1243	1247
1241	1247
1241	1246
1240	1246
1240	1245
1238	1245
1238	1244
1236	1244
1236	1243
1235	1243
1235	1241
1234	1241
1234	1239
1231	1239
1231	1238
1229	1238
1229	1237
1226	1237
1226	1236
1224	1236
1224	1235
1222	1235
1222	1234
1221	1234
1221	1233
1219	1233
1219	1232
1216	1232
1216	1231
1215	1231
1215	1230
1214	1230
1214	1229
1210	1229
1210	1228
1208	1228
1208	1227
1207	1227
1207	1226
1205	1226
1205	1225
1203	1225
1203	1224
1202	1224
1202	1223
1201	1223
1201	1222
1197	1222
1197	1219
1196	1219
1196	1218
1164	1218
1164	1214
1165	1214
1165	1198
1166	1198
1166	1197
1165	1197
1165	1195
1166	1195
1166	1194
1165	1194
1165	1190
1166	1190
1166	1185
1165	1185
1165	1182
1167	1182
1167	1180
1166	1180
1166	1178
1165	1178
1165	1170
1166	1170
1166	1167
1165	1167
1165	1165
1166	1165
1166	1162
1165	1162
1165	1158
1166	1158
1166	1149
1167	1149
1167	1148
1166	1148
1166	1145
1165	1145
1165	1144
1166	1144
1166	1143
1165	1143
1165	1136
1166	1136
1166	1121
1165	1121
1165	1116
1166	1116
1166	1113
1165	1113
1165	1108
1166	1108
1166	1106
1165	1106
1165	1101
1164	1101
1164	1098
1165	1098
1165	1088
1164	1088
1164	1087
1163	1087
1163	1086
1162	1086
1162	1085
1163	1085
1163	1082
1164	1082
1164	1080
1163	1080
1163	1079
1164	1079
1164	1074
1163	1074
1163	1067
1164	1067
1164	1065
1163	1065
1163	1055
1162	1055
1162	1053
1161	1053
1161	1052
1162	1052
1162	1051
1161	1051
1161	1047
1162	1047
1162	1043
1161	1043
1161	1034
1162	1034
1162	1033
1161	1033
1161	1031
1162	1031
1162	1030
1161	1030
1161	1016
1162	1016
1162	1014
1161	1014
1161	1008
1160	1008
1160	1006
1159	1006
1159	1005
1158	1005
1158	1004
1159	1004
1159	1002
1160	1002
1160	998
1159	998
1159	988
1158	988
1158	987
1157	987
1157	986
1158	986
1158	985
1157	985
1157	984
1156	984
1156	981
1155	981
1155	980
1156	980
1156	979
1155	979
1155	978
1154	978
1154	977
1153	977
1153	974
1152	974
1152	973
1151	973
1151	971
1150	971
1150	970
1148	970
1148	969
1144	969
1144	970
1143	970
1143	971
1141	971
1141	972
1140	972
1140	975
1135	975
1135	976
1134	976
1134	978
1131	978
1131	979
1130	979
1130	980
1127	980
1127	981
1124	981
1124	982
1121	982
1121	983
1120	983
1120	985
1119	985
1119	986
1117	986
1117	987
1116	987
1116	990
1115	990
1115	991
1116	991
1116	992
1117	992
1117	993
1121	993
1121	992
1122	992
1122	991
1123	991
1123	990
1133	990
1133	989
1134	989
1134	988
1135	988
1135	987
1136	987
1136	986
1137	986
1137	985
1138	985
1138	984
1139	984
1139	983
1140	983
1140	982
1141	982
1141	981
1142	981
1142	980
1143	980
1143	981
1149	981
1149	983
1150	983
1150	990
1149	990
1149	991
1151	991
1151	997
1152	997
1152	1001
1151	1001
1151	1010
1152	1010
1152	1012
1153	1012
1153	1013
1152	1013
1152	1014
1153	1014
1153	1026
1152	1026
1152	1028
1153	1028
1153	1039
1154	1039
1154	1041
1153	1041
1153	1043
1154	1043
1154	1050
1155	1050
1155	1051
1154	1051
1154	1057
1155	1057
1155	1063
1156	1063
1156	1065
1155	1065
1155	1068
1156	1068
1156	1071
1157	1071
1157	1072
1156	1072
1156	1078
1157	1078
1157	1082
1156	1082
1156	1083
1157	1083
1157	1099
1158	1099
1158	1119
1159	1119
1159	1122
1158	1122
1158	1123
1157	1123
1157	1124
1158	1124
1158	1125
1159	1125
1159	1132
1158	1132
1158	1134
1159	1134
1159	1156
1160	1156
1160	1180
1161	1180
1161	1186
1160	1186
1160	1187
1161	1187
1161	1203
1159	1203
1159	1204
1158	1204
1158	1223
1159	1223
1159	1224
1166	1224
1166	1225
1173	1225
1173	1224
1181	1224
1181	1225
1182	1225
1182	1224
1184	1224
1184	1225
1187	1225
1187	1224
1190	1224
1190	1225
1193	1225
1193	1226
1196	1226
1196	1227
1198	1227
1198	1228
1200	1228
1200	1229
1202	1229
1202	1231
1205	1231
1205	1232
1206	1232
1206	1233
1208	1233
1208	1234
1210	1234
1210	1235
1213	1235
1213	1236
1217	1236
1217	1238
1219	1238
1219	1239
1220	1239
1220	1240
1222	1240
1222	1241
1224	1241
1224	1243
1225	1243
1225	1244
1226	1244
1226	1245
1229	1245
1229	1246
1231	1246
1231	1247
1233	1247
1233	1248
1235	1248
1235	1249
1236	1249
1236	1250
1238	1250
1238	1251
1239	1251
1239	1252
1241	1252
1241	1253
1242	1253
1242	1255
1244	1255
1244	1257
1246	1257
1246	1258
1248	1258
1248	1260
1252	1260
1252	1261
1253	1261
1253	1260
1261	1260
1261	1259
1266	1259
1266	1260
1267	1260
1267	1259
1268	1259
1268	1260
1269	1260
1269	1259
1276	1259
1276	1260
1278	1260
1278	1261
1281	1261
1281	1262
1282	1262
1282	1263
1283	1263
1283	1264
1286	1264
1286	1265
1287	1265
1287	1264
1288	1264
1288	1265
1289	1265
1289	1266
1294	1266
1294	1267
1297	1267
1297	1268
1300	1268
1300	1269
1301	1269
1301	1270
1304	1270
1304	1271
1307	1271
1307	1272
1309	1272
1309	1271
1310	1271
1310	1272
1312	1272
1312	1273
1314	1273
1314	1274
1318	1274
1318	1275
1320	1275
1320	1274
1321	1274
1321	1275
1325	1275
1325	1276
1334	1276
1334	1275
1339	1275
1339	1274
1341	1274
1341	1275
1342	1275
1342	1274
1358	1274
1358	1273
1359	1273
1359	1274
1364	1274
1364	1273
1366	1273
1366	1272
1367	1272
1367	1270
1368	1270
1368	1268
1369	1268
1369	1258
1370	1258
1370	1257
1369	1257
1369	1252
1368	1252
1368	1239
1367	1239
1367	1238
1368	1238
1368	1234
1369	1234
1369	1233
1368	1233
1368	1230
1367	1230
1367	1229
1368	1229
1368	1220
1369	1220
1369	1219
1368	1219
1368	1217
1367	1217
1367	1215
1368	1215
1368	1212
1367	1212
1367	1204
1368	1204
1368	1203
1367	1203
1367	1201
1368	1201
1368	1195
1369	1195
1369	1192
1370	1192
1370	1190
1371	1190
1371	1188
1372	1188
1372	1186
1373	1186
1373	1184
1374	1184
1374	1183
1375	1183
1375	1182
1376	1182
1376	1183
1378	1183
1378	1180
1380	1180
1380	1178
1383	1178
1383	1177
1384	1177
1384	1176
1385	1176
1385	1175
1386	1175
1386	1173
1388	1173
1388	1172
1389	1172
1389	1171
1391	1171
1391	1170
1392	1170
1392	1169
1393	1169
1393	1168
1395	1168
1395	1167
1396	1167
1396	1166
1403	1166
1403	1167
1406	1167
1406	1166
1407	1166
1407	1165
1408	1165
1408	1164
1409	1164
1409	1163
1410	1163
1410	1158
1409	1158
1409	1157
1408	1157
1408	1153
1409	1153
1409	1151
1408	1151
1408	1150
1409	1150
1409	1148
1410	1148
1410	1144
1412	1144
1412	1141
1413	1141
1413	1140
1414	1140
1414	1138
1415	1138
1415	1137
1416	1137
1416	1135
1417	1135
1417	1134
1418	1134
1418	1132
1419	1132
1419	1131
1420	1131
1420	1130
1422	1130
1422	1129
1423	1129
1423	1127
1425	1127
1425	1125
1426	1125
1426	1124
1428	1124
1428	1123
1430	1123
1430	1122
1431	1122
1431	1121
1432	1121
1432	1119
1433	1119
1433	1118
1434	1118
1434	1116
1435	1116
1435	1115
1436	1115
1436	1114
1438	1114
1438	1113
1439	1113
1439	1111
1440	1111
1440	1110
1442	1110
1442	1108
1444	1108
1444	1107
1445	1107
1445	1105
1446	1105
1446	1104
1447	1104
1447	1103
1448	1103
1448	1102
1450	1102
1450	1101
1451	1101
1451	1102
1453	1102
1453	1101
1454	1101
1454	1102
1466	1102
1466	1103
1469	1103
1469	1105
1468	1105
1468	1106
1467	1106
1467	1107
1468	1107
1468	1109
1467	1109
1467	1112
1468	1112
1468	1116
1469	1116
1469	1120
1470	1120
1470	1144
1469	1144
1469	1145
1470	1145
1470	1150
1471	1150
1471	1151
1470	1151
1470	1152
1471	1152
1471	1162
1470	1162
1470	1172
1469	1172
1469	1174
1468	1174
1468	1177
1470	1177
1470	1180
1477	1180
1477	1181
1480	1181
1480	1182
1482	1182
1482	1183
1484	1183
1484	1184
1486	1184
1486	1186
1487	1186
1487	1187
1488	1187
1488	1189
1489	1189
1489	1190
1490	1190
1490	1191
1491	1191
1491	1192
1492	1192
1492	1194
1493	1194
1493	1195
1494	1195
1494	1197
1495	1197
1495	1201
1496	1201
1496	1202
1497	1202
1497	1206
1498	1206
1498	1207
1499	1207
1499	1210
1500	1210
1500	1212
1501	1212
1501	1214
1502	1214
1502	1215
1503	1215
1503	1216
1504	1216
1504	1217
1505	1217
1505	1219
1506	1219
1506	1220
1507	1220
1507	1221
1508	1221
1508	1224
1509	1224
1509	1227
1510	1227
1510	1231
1511	1231
1511	1234
1512	1234
1512	1237
1513	1237
1513	1239
1514	1239
1514	1242
1513	1242
1513	1243
1514	1243
1514	1244
1515	1244
1515	1246
1516	1246
1516	1247
1519	1247
1519	1248
1520	1248
1520	1249
1522	1249
1522	1251
1526	1251
1526	1252
1533	1252
1533	1253
1536	1253
1536	1254
1552	1254
1552	1255
1553	1255
1553	1256
1558	1256
1558	1257
1560	1257
1560	1258
1562	1258
1562	1259
1564	1259
1564	1260
1569	1260
1569	1261
1574	1261
1574	1262
1575	1262
1575	1261
1579	1261
1579	1260
1582	1260
1582	1259
1584	1259
1584	1258
1589	1258
1589	1257
1590	1257
1590	1255
1592	1255
1592	1253
1593	1253
1593	1252
1594	1252
1594	1247
1595	1247
1595	1245
1596	1245
1596	1244
1595	1244
1595	1243
1596	1243
1596	1242
1597	1242
1597	1239
1598	1239
1598	1237
1599	1237
1599	1235
1600	1235
1600	1233
1601	1233
1601	1232
1602	1232
1602	1229
1603	1229
1603	1228
1604	1228
1604	1227
1605	1227
1605	1226
1606	1226
1606	1225
1607	1225
1607	1224
1608	1224
1608	1222
1609	1222
1609	1220
1610	1220
1610	1219
1611	1219
1611	1216
1612	1216
1612	1212
1613	1212
1613	1207
1614	1207
1614	1206
1615	1206
1615	1205
1616	1205
1616	1203
1617	1203
1617	1201
1618	1201
1618	1200
1619	1200
1619	1199
1620	1199
1620	1198
1625	1198
1625	1197
1626	1197
1626	1196
1627	1196
1627	1195
1628	1195
1628	1194
1629	1194
1629	1192
1630	1192
1630	1188
1631	1188
1631	1183
1632	1183
1632	1180
1633	1180
1633	1176
1634	1176
1634	1173
1635	1173
1635	1169
1637	1169
1637	1168
1638	1168
1638	1166
1639	1166
1639	1165
1640	1165
1640	1163
1643	1163
1643	1162
1646	1162
1646	1161
1648	1161
1648	1160
1652	1160
1652	1159
1654	1159
1654	1158
1655	1158
1655	1159
1656	1159
1656	1158
1659	1158
1659	1157
1662	1157
1662	1158
1668	1158
1668	1157
1670	1157
1670	1156
1673	1156
1673	1157
1678	1157
1678	1156
1680	1156
1680	1157
1684	1157
1684	1158
1685	1158
1685	1157
1686	1157
1686	1158
1687	1158
1687	1160
1691	1160
1691	1163
1692	1163
1692	1164
1693	1164
1693	1167
1694	1167
1694	1169
1695	1169
1695	1172
1697	1172
1697	1178
1698	1178
1698	1181
1697	1181
1697	1187
1698	1187
1698	1193
1699	1193
1699	1194
1698	1194
1698	1198
1697	1198
1697	1199
1696	1199
1696	1201
1697	1201
1697	1202
1695	1202
1695	1203
1696	1203
1696	1207
1697	1207
1697	1214
1696	1214
1696	1216
1695	1216
1695	1218
1696	1218
1696	1220
1697	1220
1697	1221
1702	1221
1702	1222
1704	1222
1704	1223
1705	1223
1705	1224
1706	1224
1706	1225
1707	1225
1707	1226
1709	1226
1709	1227
1710	1227
1710	1229
1712	1229
1712	1231
1713	1231
1713	1232
1714	1232
1714	1234
1716	1234
1716	1235
1717	1235
1717	1236
1718	1236
1718	1238
1719	1238
1719	1240
1720	1240
1720	1241
1721	1241
1721	1243
1722	1243
1722	1244
1724	1244
1724	1246
1725	1246
1725	1248
1726	1248
1726	1249
1727	1249
1727	1250
1728	1250
1728	1251
1729	1251
1729	1250
1731	1250
1731	1251
1734	1251
1734	1252
1735	1252
1735	1253
1736	1253
1736	1254
1737	1254
1737	1255
1739	1255
1739	1257
1740	1257
1740	1259
1741	1259
1741	1260
1742	1260
1742	1261
1743	1261
1743	1263
1744	1263
1744	1264
1745	1264
1745	1265
1746	1265
1746	1267
1747	1267
1747	1268
1748	1268
1748	1270
1749	1270
1749	1272
1750	1272
1750	1273
1751	1273
1751	1274
1752	1274
1752	1273
1753	1273
1753	1274
1759	1274
1759	1275
1761	1275
1761	1276
1762	1276
1762	1275
1763	1275
1763	1276
1764	1276
1764	1275
1765	1275
1765	1276
1769	1276
1769	1275
1770	1275
1770	1276
1776	1276
1776	1277
1777	1277
1777	1276
1780	1276
1780	1277
1781	1277
1781	1276
1782	1276
1782	1277
1787	1277
1787	1278
1788	1278
1788	1279
1789	1279
1789	1280
1804	1280
1804	1279
1805	1279
1805	1277
1806	1277
1806	1276
1807	1276
1807	1275
1808	1275
1808	1273
1810	1273
1810	1271
1811	1271
1811	1270
1812	1270
1812	1268
1813	1268
1813	1267
1815	1267
1815	1265
1816	1265
1816	1263
1817	1263
1817	1262
1818	1262
1818	1261
1819	1261
1819	1259
1820	1259
1820	1258
1821	1258
1821	1257
1822	1257
1822	1256
1823	1256
1823	1255
1824	1255
1824	1254
1825	1254
1825	1253
1826	1253
1826	1252
1828	1252
1828	1251
1830	1251
1830	1250
1832	1250
1832	1249
1833	1249
1833	1248
1835	1248
1835	1247
1838	1247
1838	1246
1840	1246
1840	1245
1844	1245
1844	1243
1846	1243
1846	1242
1848	1242
1848	1241
1850	1241
1850	1240
1854	1240
1854	1239
1858	1239
1858	1240
1864	1240
1864	1241
1865	1241
1865	1242
1868	1242
1868	1243
1869	1243
1869	1242
1870	1242
1870	1241
1871	1241
1871	1238
1872	1238
1872	1237
1871	1237
1871	1236
1872	1236
1872	1235
1871	1235
1871	1231
1872	1231
1872	1218
1873	1218
1873	1214
1874	1214
1874	1213
1873	1213
1873	1211
1874	1211
1874	1208
1875	1208
1875	1206
1876	1206
1876	1204
1879	1204
1879	1203
1880	1203
1880	1201
1883	1201
1883	1199
1884	1199
1884	1198
1885	1198
1885	1197
1886	1197
1886	1195
1888	1195
1888	1194
1889	1194
1889	1192
1891	1192
1891	1191
1893	1191
1893	1190
1894	1190
1894	1189
1896	1189
1896	1188
1898	1188
1898	1187
1900	1187
1900	1188
1902	1188
1902	1187
1904	1187
1904	1186
1907	1186
1907	1187
1918	1187
1918	1188
1921	1188
1921	1187
1922	1187
1922	1188
1928	1188
1928	1189
1932	1189
1932	1190
1935	1190
1935	1189
1936	1189
1936	1191
1939	1191
1939	1192
1940	1192
1940	1193
1942	1193
1942	1194
1943	1194
1943	1195
1944	1195
1944	1196
1945	1196
1945	1197
1947	1197
1947	1201
1948	1201
1948	1202
1949	1202
1949	1203
1950	1203
1950	1206
1949	1206
1949	1209
1950	1209
1950	1210
1951	1210
1951	1211
1961	1211
1961	1212
1964	1212
1964	1213
1966	1213
1966	1214
1975	1214
1975	1215
1977	1215
1977	1216
1980	1216
1980	1217
1981	1217
1981	1218
1982	1218
1982	1219
1983	1219
1983	1221
1984	1221
1984	1222
1985	1222
1985	1223
1986	1223
1986	1224
1987	1224
1987	1225
1988	1225
1988	1227
1989	1227
1989	1231
1990	1231
1990	1233
1991	1233
1991	1237
1992	1237
1992	1240
1991	1240
1991	1242
1992	1242
1992	1255
1991	1255
1991	1259
1992	1259
1992	1262
1991	1262
1991	1264
1992	1264
1992	1265
1993	1265
1993	1266
1992	1266
1992	1268
1991	1268
1991	1278
1990	1278
1990	1282
1991	1282
1991	1283
1990	1283
2467	1268
2468	1268
2468	1272
2467	1272
2467	1278
2466	1278
2466	1281
2465	1281
2465	1283
2464	1283
2464	1284
2463	1284
2463	1285
2460	1285
2460	1286
2459	1286
2459	1287
2457	1287
2457	1288
2456	1288
2456	1289
2454	1289
2454	1290
2453	1290
2453	1291
2452	1291
2452	1292
2451	1292
2451	1293
2446	1293
2446	1294
2444	1294
2444	1295
2443	1295
2443	1294
2442	1294
2442	1295
2441	1295
2441	1296
2438	1296
2438	1297
2436	1297
2436	1298
2434	1298
2434	1299
2433	1299
2433	1298
2432	1298
2432	1300
2426	1300
2426	1301
2424	1301
2424	1302
2420	1302
2420	1303
2415	1303
2415	1304
2409	1304
2409	1305
2408	1305
2408	1304
2407	1304
2407	1305
2404	1305
2404	1304
2403	1304
2403	1303
2401	1303
2401	1302
2398	1302
2398	1303
2397	1303
2397	1304
2393	1304
2393	1303
2389	1303
2389	1302
2385	1302
2385	1301
2384	1301
2384	1300
2380	1300
2380	1299
2377	1299
2377	1298
2375	1298
2375	1297
2374	1297
2374	1296
2367	1296
2367	1295
2364	1295
2364	1294
2362	1294
2362	1293
2361	1293
2361	1292
2358	1292
2358	1291
2356	1291
2356	1290
2355	1290
2355	1289
2351	1289
2351	1288
2349	1288
2349	1287
2346	1287
2346	1286
2341	1286
2341	1285
2332	1285
2332	1286
2330	1286
2330	1285
2326	1285
2326	1286
2320	1286
2320	1287
2317	1287
2317	1288
2314	1288
2314	1287
2311	1287
2311	1286
2307	1286
2307	1285
2306	1285
2306	1284
2305	1284
2305	1282
2303	1282
2303	1281
2301	1281
2301	1280
2298	1280
2298	1278
2296	1278
2296	1275
2295	1275
2295	1274
2294	1274
2294	1273
2293	1273
2293	1272
2292	1272
2292	1271
2291	1271
2291	1270
2290	1270
2290	1269
2289	1269
2289	1268
2285	1268
2285	1267
2284	1267
2284	1266
2280	1266
2280	1265
2278	1265
2278	1264
2277	1264
2277	1263
2272	1263
2272	1264
2271	1264
2271	1262
2264	1262
2264	1261
2263	1261
2263	1260
2262	1260
2262	1259
2261	1259
2261	1258
2260	1258
2260	1256
2259	1256
2259	1255
2258	1255
2258	1253
2257	1253
2257	1252
2256	1252
2256	1251
2255	1251
2255	1250
2254	1250
2254	1249
2252	1249
2252	1248
2250	1248
2250	1247
2249	1247
2249	1246
2247	1246
2247	1245
2245	1245
2245	1244
2243	1244
2243	1243
2241	1243
2241	1242
2238	1242
2238	1241
2234	1241
2234	1240
2232	1240
2232	1239
2230	1239
2230	1238
2226	1238
2226	1237
2224	1237
2224	1236
2222	1236
2222	1235
2217	1235
2217	1234
2215	1234
2215	1229
2214	1229
2214	1219
2213	1219
2213	1214
2214	1214
2214	1213
2213	1213
2213	1210
2212	1210
2212	1209
2211	1209
2211	1208
2213	1208
2213	1205
2214	1205
2214	1201
2215	1201
2215	1199
2214	1199
2214	1198
2213	1198
2213	1197
2210	1197
2210	1198
2209	1198
2209	1201
2210	1201
2210	1203
2211	1203
2211	1206
2210	1206
2210	1207
2209	1207
2209	1212
2212	1212
2212	1218
2211	1218
2211	1227
2212	1227
2212	1229
2211	1229
2211	1231
2212	1231
2212	1237
2213	1237
2213	1238
2223	1238
2223	1239
2226	1239
2226	1240
2228	1240
2228	1241
2229	1241
2229	1242
2230	1242
2230	1243
2232	1243
2232	1244
2234	1244
2234	1245
2239	1245
2239	1246
2242	1246
2242	1247
2244	1247
2244	1248
2246	1248
2246	1249
2248	1249
2248	1250
2250	1250
2250	1251
2252	1251
2252	1252
2253	1252
2253	1253
2254	1253
2254	1254
2256	1254
2256	1256
2257	1256
2257	1257
2258	1257
2258	1258
2259	1258
2259	1259
2260	1259
2260	1261
2261	1261
2261	1262
2262	1262
2262	1264
2264	1264
2264	1265
2270	1265
2270	1266
2278	1266
2278	1267
2279	1267
2279	1268
2281	1268
2281	1269
2283	1269
2283	1270
2284	1270
2284	1271
2285	1271
2285	1272
2287	1272
2287	1273
2288	1273
2288	1274
2289	1274
2289	1275
2290	1275
2290	1276
2293	1276
2293	1278
2295	1278
2295	1281
2298	1281
2298	1284
2299	1284
2299	1285
2302	1285
2302	1286
2303	1286
2303	1287
2305	1287
2305	1288
2306	1288
2306	1289
2307	1289
2307	1290
2308	1290
2308	1291
2311	1291
2311	1292
2313	1292
2313	1293
2314	1293
2314	1294
2316	1294
2316	1295
2320	1295
2320	1294
2322	1294
2322	1293
2325	1293
2325	1292
2332	1292
2332	1291
2343	1291
2343	1292
2347	1292
2347	1293
2349	1293
2349	1294
2352	1294
2352	1295
2354	1295
2354	1296
2355	1296
2355	1297
2358	1297
2358	1298
2360	1298
2360	1299
2362	1299
2362	1300
2365	1300
2365	1301
2366	1301
2366	1302
2369	1302
2369	1303
2375	1303
2375	1304
2377	1304
2377	1305
2381	1305
2381	1306
2384	1306
2384	1307
2388	1307
2388	1308
2392	1308
2392	1309
2395	1309
2395	1310
2396	1310
2396	1311
2398	1311
2398	1312
2399	1312
2399	1311
2400	1311
2400	1312
2404	1312
2404	1313
2405	1313
2405	1312
2411	1312
2411	1311
2414	1311
2414	1310
2415	1310
2415	1309
2419	1309
2419	1308
2425	1308
2425	1307
2429	1307
2429	1306
2431	1306
2431	1305
2435	1305
2435	1304
2438	1304
2438	1303
2440	1303
2440	1302
2441	1302
2441	1301
2442	1301
2442	1300
2448	1300
2448	1299
2450	1299
2450	1298
2452	1298
2452	1297
2453	1297
2453	1296
2454	1296
2454	1295
2456	1295
2456	1294
2458	1294
2458	1293
2460	1293
2460	1292
2461	1292
2461	1291
2463	1291
2463	1290
2465	1290
2465	1289
2466	1289
2466	1288
2468	1288
2468	1286
2469	1286
2469	1285
2470	1285
2470	1283
2471	1283
2471	1281
2472	1281
2472	1271
2471	1271
2471	1270
2472	1270
2472	1268
2471	1268
2471	1247
2472	1247
2472	1241
2473	1241
2473	1240
2474	1240
2474	1239
2475	1239
2475	1237
2476	1237
2476	1236
2477	1236
2477	1235
2478	1235
2478	1233
2479	1233
2479	1232
2480	1232
2480	1230
2482	1230
2482	1228
2483	1228
2483	1227
2485	1227
2485	1226
2486	1226
2486	1225
2487	1225
2487	1224
2490	1224
2490	1223
2496	1223
2496	1224
2497	1224
2497	1223
2505	1223
2505	1222
2509	1222
2509	1221
2512	1221
2512	1222
2513	1222
2513	1221
2516	1221
2516	1222
2517	1222
2517	1221
2519	1221
2519	1223
2520	1223
2520	1224
2523	1224
2523	1225
2525	1225
2525	1224
2526	1224
2526	1223
2527	1223
2527	1218
2526	1218
2526	1217
2527	1217
2527	1216
2526	1216
2526	1209
2525	1209
2525	1193
2524	1193
2524	1178
2523	1178
2523	1175
2524	1175
2524	1172
2523	1172
2523	1171
2524	1171
2524	1169
2523	1169
2523	1168
2524	1168
2524	1167
2523	1167
2523	1159
2522	1159
2522	1151
2521	1151
2521	1147
2522	1147
2522	1143
2523	1143
2523	1142
2524	1142
2524	1136
2523	1136
2523	1135
2524	1135
2524	1131
2525	1131
2525	1128
2526	1128
2526	1125
2527	1125
2527	1123
2528	1123
2528	1121
2529	1121
2529	1120
2531	1120
2531	1119
2532	1119
2532	1117
2534	1117
2534	1115
2542	1115
2542	1114
2552	1114
2552	1113
2553	1113
2553	1115
2555	1115
2555	1114
2558	1114
2558	1115
2559	1115
2559	1114
2561	1114
2561	1115
2566	1115
2566	1116
2569	1116
2569	1117
2571	1117
2571	1118
2573	1118
2573	1119
2577	1119
2577	1120
2579	1120
2579	1121
2582	1121
2582	1122
2584	1122
2584	1123
2585	1123
2585	1124
2586	1124
2586	1125
2589	1125
2589	1126
2591	1126
2591	1125
2600	1125
2600	1124
2602	1124
2602	1123
2607	1123
2607	1122
2609	1122
2609	1121
2612	1121
2612	1119
2613	1119
2613	1118
2615	1118
2615	1117
2616	1117
2616	1116
2619	1116
2619	1115
2620	1115
2620	1114
2622	1114
2622	1113
2624	1113
2624	1112
2626	1112
2626	1111
2628	1111
2628	1110
2631	1110
2631	1109
2632	1109
2632	1108
2633	1108
2633	1107
2635	1107
2635	1106
2636	1106
2636	1104
2637	1104
2637	1103
2639	1103
2639	1101
2641	1101
2641	1100
2642	1100
2642	1099
2645	1099
2645	1098
2648	1098
2648	1097
2651	1097
2651	1096
2653	1096
2653	1095
2659	1095
2659	1094
2664	1094
2664	1093
2670	1093
2670	1092
2672	1092
2672	1093
2674	1093
2674	1092
2680	1092
2680	1093
2681	1093
2681	1092
2686	1092
2686	1093
2691	1093
2691	1092
2694	1092
2694	1093
2700	1093
2700	1094
2701	1094
2701	1093
2702	1093
2702	1094
2710	1094
2710	1095
2712	1095
2712	1096
2715	1096
2715	1097
2717	1097
2717	1096
2720	1096
2720	1097
2721	1097
2721	1098
2723	1098
2723	1099
2724	1099
2724	1100
2725	1100
2725	1101
2789	1101
2789	1103
2790	1103
2790	1102
2791	1102
2791	1101
2795	1101
2795	1102
2796	1102
2796	1103
2797	1103
2797	1104
2801	1104
2801	1105
2802	1105
2802	1121
2803	1121
2803	1122
2804	1122
2804	1123
2805	1123
2805	1129
2803	1129
2803	1127
2801	1127
2801	1123
2800	1123
2800	1119
2799	1119
2799	1118
2798	1118
2798	1114
2797	1114
2797	1113
2796	1113
2796	1110
2795	1110
2795	1109
2794	1109
2794	1113
2793	1113
2793	1117
2794	1117
2794	1119
2795	1119
2795	1122
2796	1122
2796	1125
2797	1125
2797	1127
2795	1127
2795	1129
2796	1129
2796	1130
2797	1130
2797	1131
2798	1131
2798	1132
2801	1132
2801	1133
2802	1133
2802	1134
2803	1134
2803	1135
2804	1135
2804	1136
2806	1136
2806	1134
2807	1134
2807	1135
2808	1135
2808	1136
2809	1136
2809	1137
2813	1137
2813	1136
2814	1136
2814	1134
2815	1134
2815	1133
2816	1133
2816	1132
2820	1132
2820	1131
2822	1131
2822	1130
2823	1130
2823	1129
2824	1129
2824	1128
2825	1128
2825	1127
2826	1127
2826	1126
2827	1126
2827	1125
2829	1125
2829	1124
2830	1124
2830	1123
2831	1123
2831	1122
2833	1122
2833	1121
2834	1121
2834	1120
2835	1120
2835	1119
2836	1119
2836	1118
2837	1118
2837	1117
2839	1117
2839	1116
2840	1116
2840	1115
2841	1115
2841	1114
2842	1114
2842	1112
2843	1112
2843	1111
2844	1111
2844	1109
2845	1109
2845	1107
2846	1107
2846	1104
2847	1104
2847	1101
2848	1101
2848	1100
2849	1100
2849	1099
2848	1099
2848	1098
2849	1098
2849	1097
2850	1097
2850	1092
2851	1092
2851	1088
2852	1088
2852	1084
2853	1084
2853	1080
2854	1080
2854	1077
2855	1077
2855	1076
2854	1076
2854	1074
2855	1074
2855	1068
2854	1068
2854	1058
2853	1058
2853	1054
2852	1054
2852	1051
2851	1051
2851	1047
2850	1047
2850	1043
2849	1043
2849	1016
2850	1016
2850	1011
2851	1011
2851	1003
2852	1003
2852	998
2853	998
2853	994
2854	994
2854	992
2855	992
2855	989
2856	989
2856	988
2857	988
2857	978
2858	978
2858	973
2859	973
2859	969
2860	969
2860	968
2861	968
2861	967
2860	967
2860	965
2861	965
2861	963
2862	963
2862	962
2863	962
2863	960
2864	960
2864	959
2865	959
2865	958
2866	958
2866	957
2868	957
2868	956
2870	956
2870	955
2872	955
2872	954
2877	954
2877	953
2882	953
2882	954
2884	954
2884	955
2885	955
2885	956
2888	956
2888	957
2889	957
2889	958
2890	958
2890	959
2891	959
2891	960
2892	960
2892	962
2893	962
2893	963
2894	963
2894	965
2896	965
2896	966
2902	966
2902	967
2907	967
2907	968
2909	968
2909	969
2912	969
2912	970
2913	970
2913	969
2915	969
2915	970
2916	970
2916	972
2917	972
2917	973
2918	973
2918	974
2920	974
2920	975
2922	975
2922	977
2923	977
2923	979
2925	979
2925	980
2926	980
2926	981
2927	981
2927	982
2928	982
2928	983
2929	983
2929	985
2930	985
2930	986
2931	986
2931	987
2936	987
2936	986
2939	986
2939	987
2940	987
2940	986
2942	986
2942	987
2945	987
2945	988
2946	988
2946	989
2948	989
2948	990
2950	990
2950	991
2951	991
2951	992
2952	992
2952	994
2953	994
2953	995
2954	995
2954	997
2956	997
2956	998
2960	998
2960	999
2964	999
2964	1000
2969	1000
2969	1001
2974	1001
2974	1002
2975	1002
2975	1001
2977	1001
2977	1002
2981	1002
2981	1003
2986	1003
2986	1004
2987	1004
2987	1003
2991	1003
2991	1002
2992	1002
2992	1003
2999	1003
2999	1002
3000	1002
3000	1003
3002	1003
3002	1002
3003	1002
3003	1003
3004	1003
3004	1002
3005	1002
3005	1003
3006	1003
3006	1002
3024	1002
3024	1001
3033	1001
3033	1000
3035	1000
3035	999
3036	999
3036	997
3037	997
3037	996
3039	996
3039	995
3040	995
3040	994
3041	994
3041	993
3042	993
3042	992
3043	992
3043	991
3044	991
3044	990
3045	990
3045	989
3046	989
3046	988
3047	988
3047	987
3048	987
3048	984
3049	984
3049	983
3050	983
3050	981
3051	981
3051	979
3052	979
3052	978
3053	978
3053	976
3054	976
3054	973
3055	973
3055	972
3056	972
3056	970
3057	970
3057	967
3058	967
3058	964
3059	964
3059	961
3060	961
3060	958
3061	958
3061	956
3062	956
3062	952
3063	952
3063	948
3064	948
3064	945
3065	945
3065	940
3066	940
3066	935
3067	935
3067	930
3068	930
3068	924
3069	924
3069	922
3068	922
3068	920
3069	920
3069	918
3070	918
3070	917
3071	917
3071	913
3072	913
3072	910
3074	910
3074	903
3075	903
3075	900
3076	900
3076	896
3077	896
3077	892
3078	892
3078	890
3079	890
3079	888
3078	888
3078	887
3080	887
3080	880
3079	880
3079	878
3080	878
3080	873
3081	873
3081	869
3080	869
3080	867
3081	867
3081	866
3080	866
3080	856
3079	856
3079	848
3078	848
3078	846
3077	846
3077	845
3078	845
3078	843
3077	843
3077	838
3078	838
3078	837
3077	837
3077	832
3078	832
3078	827
3079	827
3079	824
3080	824
3080	820
3081	820
3081	819
3080	819
3080	818
3081	818
3081	816
3082	816
3082	810
3081	810
3081	804
3080	804
3080	803
3079	803
3079	800
3077	800
3077	798
3076	798
3076	795
3075	795
3075	792
3074	792
3074	791
3075	791
3075	789
3074	789
3074	787
3073	787
3073	775
3074	775
3074	769
3075	769
3075	764
3076	764
3076	760
3077	760
3077	753
3078	753
3078	750
3077	750
3077	743
3078	743
3078	739
3079	739
3079	735
3080	735
3080	732
3081	732
3081	727
3082	727
3082	726
3083	726
3083	723
3085	723
3085	719
3086	719
3086	717
3087	717
3087	715
3088	715
3088	714
3090	714
3090	713
3092	713
3092	712
3093	712
3093	711
3095	711
3095	710
3096	710
3096	709
3106	709
3106	710
3107	710
3107	711
3109	711
3109	712
3112	712
3112	714
3115	714
3115	715
3117	715
3117	716
3118	716
3118	717
3119	717
3119	718
3120	718
3120	719
3121	719
3121	720
3123	720
3123	721
3124	721
3124	722
3125	722
3125	723
3126	723
3126	724
3127	724
3127	725
3129	725
3129	726
3131	726
3131	727
3132	727
3132	728
3133	728
3133	729
3134	729
3134	730
3136	730
3136	731
3137	731
3137	732
3138	732
3138	733
3139	733
3139	734
3140	734
3140	735
3142	735
3142	736
3146	736
3146	737
3150	737
3150	738
3154	738
3154	739
3157	739
3157	740
3161	740
3161	741
3162	741
3162	742
3164	742
3164	743
3165	743
3165	744
3166	744
3166	745
3167	745
3167	746
3168	746
3168	747
3169	747
3169	749
3172	749
3172	750
3174	750
3174	751
3175	751
3175	752
3178	752
3178	753
3179	753
3179	754
3180	754
3180	755
3184	755
3184	756
3187	756
3187	755
3194	755
3194	756
3200	756
3200	757
3205	757
3205	758
3206	758
3206	757
3208	757
3208	756
3209	756
3209	755
3210	755
3210	753
3209	753
3209	752
3210	752
3210	748
3209	748
3209	747
3210	747
3210	742
3209	742
3209	741
3210	741
3210	738
3209	738
3209	735
3210	735
3210	734
3209	734
3209	730
3208	730
3208	729
3209	729
3209	728
3208	728
3208	722
3207	722
3207	721
3208	721
3208	718
3207	718
3207	717
3208	717
3208	708
3209	708
3209	707
3211	707
3211	705
3212	705
3212	704
3213	704
3213	702
3215	702
3215	699
3216	699
3216	697
3217	697
3217	696
3218	696
3218	695
3219	695
3219	694
3220	694
3220	693
3221	693
3221	692
3222	692
3222	691
3223	691
3223	690
3224	690
3224	689
3225	689
3225	688
3226	688
3226	687
3228	687
3228	684
3230	684
3230	683
3232	683
3232	682
3234	682
3234	681
3237	681
3237	680
3240	680
3240	681
3241	681
3241	680
3248	680
3248	679
3251	679
3251	680
3254	680
3254	681
3256	681
3256	682
3258	682
3258	683
3262	683
3262	684
3263	684
3263	685
3264	685
3264	684
3268	684
3268	683
3270	683
3270	682
3271	682
3271	683
3273	683
3273	682
3276	682
3276	681
3278	681
3278	677
3279	677
3279	674
3280	674
3280	671
3281	671
3281	668
3280	668
3280	667
3281	667
3281	664
3280	664
3280	660
3281	660
3281	658
3280	658
3280	652
3281	652
3281	651
3280	651
3280	645
3279	645
3279	631
3280	631
3280	629
3279	629
3279	627
3278	627
3278	624
3277	624
3277	623
3278	623
3278	622
3277	622
3277	611
3276	611
3276	606
3277	606
3277	603
3278	603
3278	596
3279	596
3279	593
3280	593
3280	589
3281	589
3281	587
3283	587
3283	586
3286	586
3286	584
3287	584
3287	583
3288	583
3288	581
3289	581
3289	579
3290	579
3290	577
3291	577
3291	574
3292	574
3292	572
3293	572
3293	569
3294	569
3294	565
3295	565
3295	564
3298	564
3298	563
3300	563
3300	562
3302	562
3302	561
3306	561
3306	560
3308	560
3308	559
3314	559
3314	558
3316	558
3316	559
3318	559
3318	558
3324	558
3324	557
3325	557
3325	558
3328	558
3328	559
3329	559
3329	558
3331	558
3331	559
3335	559
3335	560
3339	560
3339	561
3344	561
3344	560
3348	560
3348	561
3350	561
3350	560
3351	560
3351	561
3355	561
3355	560
3357	560
3357	561
3360	561
3360	560
3362	560
3362	561
3364	561
3364	560
3365	560
3365	559
3368	559
3368	558
3370	558
3370	557
3371	557
3371	556
3373	556
3373	555
3375	555
3375	554
3376	554
3376	553
3377	553
3377	552
3379	552
3379	551
3381	551
3381	550
3384	550
3384	549
3386	549
3386	548
3390	548
3390	547
3392	547
3392	546
3394	546
3394	545
3395	545
3395	544
3397	544
3397	543
3399	543
3399	542
3402	542
3402	541
3403	541
3403	540
3405	540
3405	539
3407	539
3407	538
3410	538
3410	537
3411	537
3411	536
3413	536
3413	535
3415	535
3415	533
3416	533
3416	532
3418	532
3418	531
3419	531
3419	530
3420	530
3420	529
3421	529
3421	527
3422	527
3422	526
3423	526
3423	524
3424	524
3424	523
3425	523
3425	522
3426	522
3426	520
3427	520
3427	519
3428	519
3428	518
3429	518
3429	513
3430	513
3430	512
3429	512
3429	510
3430	510
3430	505
3431	505
3431	497
3432	497
3432	490
3433	490
3433	487
3434	487
3434	483
3435	483
3435	471
3436	471
3436	470
3435	470
3435	465
3436	465
3436	464
3435	464
3435	454
3434	454
3434	451
3433	451
3433	450
3434	450
3434	449
3435	449
3435	448
3433	448
3433	444
3432	444
3432	443
3433	443
3433	441
3432	441
3432	397
3433	397
3433	395
3434	395
3434	394
3432	394
3432	387
3433	387
3433	376
3432	376
3432	374
3433	374
3433	368
3434	368
3434	367
3433	367
3433	364
3434	364
3434	363
3433	363
3433	362
3434	362
3434	354
3433	354
3433	352
3434	352
3434	351
3433	351
3433	348
3432	348
3432	347
3433	347
3433	333
3434	333
3434	332
3433	332
3433	329
3434	329
3434	326
3435	326
3435	321
3436	321
3436	319
3437	319
3437	315
3438	315
3438	311
3439	311
3439	309
3440	309
3440	308
3439	308
3439	307
3440	307
3440	306
3441	306
3441	303
3442	303
3442	299
3443	299
3443	295
3444	295
3444	293
3446	293
3446	290
3447	290
3447	288
3448	288
3448	287
3449	287
3449	285
3450	285
3450	284
3451	284
3451	285
3455	285
3455	284
3457	284
3457	283
3459	283
3459	282
3460	282
3460	280
3461	280
3461	279
3462	279
3462	278
3463	278
3463	277
3464	277
3464	276
3468	276
3468	275
3470	275
3470	274
3474	274
3474	273
3476	273
3476	272
3477	272
3477	271
3478	271
3478	270
3479	270
3479	269
3482	269
3482	268
3483	268
3483	267
3484	267
3484	266
3485	266
3485	265
3486	265
3486	264
3488	264
3488	262
3490	262
3490	261
3492	261
3492	260
3493	260
3493	259
3495	259
3495	258
3496	258
3496	257
3498	257
3498	256
3499	256
3499	255
3500	255
3500	253
3501	253
3501	252
3502	252
3502	251
3503	251
3503	250
3504	250
3504	248
3505	248
3505	247
3506	247
3506	246
3507	246
3507	245
3508	245
3508	244
3509	244
3509	243
3511	243
3511	242
3512	242
3512	241
3513	241
3513	240
3514	240
3514	239
3515	239
3515	238
3517	238
3517	237
3518	237
3518	236
3520	236
3520	235
3521	235
3521	234
3522	234
3522	233
3523	233
3523	232
3525	232
3525	231
3526	231
3526	230
3527	230
3527	229
3528	229
3528	228
3529	228
3529	227
3530	227
3530	226
3531	226
3531	225
3534	225
3534	223
3536	223
3536	222
3537	222
3537	221
3538	221
3538	220
3539	220
3539	219
3541	219
3541	217
3542	217
3542	216
3543	216
3543	215
3544	215
3544	214
3545	214
3545	213
3546	213
3546	211
3547	211
3547	210
3548	210
3548	209
3549	209
3549	208
3550	208
3550	207
3552	207
3552	204
3553	204
3553	202
3555	202
3555	201
3556	201
3556	200
3557	200
3557	198
3558	198
3558	197
3559	197
3559	196
3560	196
3560	194
3562	194
3562	193
3563	193
3563	190
3564	190
3564	189
3566	189
3566	188
3567	188
3567	186
3568	186
3568	185
3569	185
3569	183
3570	183
3570	179
3571	179
3571	178
3572	178
3572	175
3573	175
3573	173
3572	173
3572	169
3573	169
3573	168
3572	168
3572	167
3573	167
3573	166
3574	166
3574	161
3575	161
3575	160
3574	160
3574	154
3575	154
3575	151
3576	151
3576	146
3577	146
3577	143
3578	143
3578	142
3579	142
3579	141
3580	141
3580	140
3581	140
3581	138
3582	138
3582	137
3584	137
3584	136
3585	136
3585	135
3591	135
3591	134
3593	134
3593	135
3594	135
3594	133
3597	133
3597	132
3599	132
3599	131
3601	131
3601	130
3603	130
3603	129
3604	129
3604	128
3607	128
3607	125
3608	125
3608	124
3610	124
3610	123
3612	123
3612	122
3613	122
3613	118
3611	118
3611	117
3610	117
3610	116
3608	116
3608	117
3607	117
3607	118
3606	118
3606	119
3605	119
3605	120
3604	120
3604	121
3603	121
3603	122
3604	122
3604	123
3603	123
3603	124
3600	124
3600	125
3599	125
3599	126
3596	126
3596	127
3595	127
3595	128
3594	128
3594	129
3590	129
3590	128
3589	128
3589	129
3588	129
3588	130
3581	130
3581	131
3580	131
3580	132
3579	132
3579	133
3578	133
3578	134
3577	134
3577	135
3576	135
3576	138
3574	138
3574	139
3572	139
3572	142
3571	142
3571	144
3570	144
3570	147
3569	147
3569	149
3568	149
3568	157
3567	157
3567	159
3568	159
3568	160
3567	160
3567	162
3568	162
3568	163
3567	163
3567	165
3568	165
3568	167
3567	167
3567	171
3566	171
3566	174
3565	174
3565	175
3564	175
3564	181
3563	181
3563	182
3560	182
3560	183
3558	183
3558	182
3556	182
3556	184
3557	184
3557	187
3556	187
3556	188
3555	188
3555	190
3554	190
3554	192
3553	192
3553	194
3552	194
3552	195
3551	195
3551	196
3550	196
3550	197
3548	197
3548	198
3547	198
3547	200
3546	200
3546	201
3545	201
3545	202
3544	202
3544	203
3543	203
3543	204
3542	204
3542	205
3541	205
3541	207
3540	207
3540	208
3539	208
3539	210
3538	210
3538	212
3537	212
3537	213
3536	213
3536	214
3535	214
3535	215
3533	215
3533	216
3531	216
3531	218
3529	218
3529	219
3528	219
3528	221
3525	221
3525	223
3524	223
3524	225
3523	225
3523	226
3522	226
3522	227
3521	227
3521	228
3520	228
3520	229
3519	229
3519	230
3518	230
3518	231
3516	231
3516	232
3514	232
3514	233
3513	233
3513	234
3512	234
3512	235
3511	235
3511	236
3509	236
3509	237
3508	237
3508	238
3506	238
3506	239
3505	239
3505	240
3504	240
3504	241
3503	241
3503	242
3501	242
3501	244
3500	244
3500	246
3499	246
3499	247
3498	247
3498	248
3497	248
3497	250
3496	250
3496	251
3494	251
3494	252
3493	252
3493	253
3492	253
3492	254
3490	254
3490	255
3489	255
3489	256
3487	256
3487	257
3486	257
3486	258
3484	258
3484	259
3483	259
3483	260
3482	260
3482	261
3480	261
3480	262
3479	262
3479	263
3478	263
3478	264
3477	264
3477	265
3476	265
3476	266
3474	266
3474	265
3472	265
3472	266
3467	266
3467	267
3464	267
3464	268
3463	268
3463	269
3460	269
3460	270
3459	270
3459	271
3458	271
3458	273
3457	273
3457	274
3456	274
3456	275
3454	275
3454	277
3451	277
3451	276
3450	276
3450	275
3447	275
3447	276
3446	276
3446	277
3445	277
3445	278
3444	278
3444	281
3443	281
3443	282
3442	282
3442	285
3441	285
3441	286
3440	286
3440	287
3439	287
3439	290
3438	290
3438	292
3437	292
3437	295
3436	295
3436	299
3435	299
3435	301
3434	301
3434	305
3433	305
3433	306
3432	306
3432	308
3433	308
3433	309
3432	309
3432	310
3431	310
3431	315
3430	315
3430	316
3429	316
3429	321
3428	321
3428	323
3427	323
3427	328
3426	328
3426	330
3427	330
3427	332
3426	332
3426	342
3424	342
3424	343
3426	343
3426	345
3425	345
3425	348
3426	348
3426	358
3427	358
3427	359
3426	359
3426	363
3427	363
3427	364
3426	364
3426	368
3427	368
3427	370
3426	370
3426	371
3425	371
3425	373
3426	373
3426	376
3425	376
3425	382
3426	382
3426	384
3425	384
3425	386
3426	386
3426	388
3425	388
3425	406
3426	406
3426	409
3425	409
3425	414
3426	414
3426	416
3425	416
3425	417
3426	417
3426	421
3425	421
3425	423
3426	423
3426	426
3425	426
3425	428
3426	428
3426	446
3427	446
3427	452
3428	452
3428	456
3429	456
3429	463
3430	463
3430	464
3429	464
3429	472
3427	472
3427	473
3429	473
3429	481
3428	481
3428	485
3427	485
3427	490
3426	490
3426	495
3425	495
3425	498
3426	498
3426	499
3425	499
3425	506
3424	506
3424	511
3423	511
3423	515
3422	515
3422	517
3421	517
3421	519
3420	519
3420	522
3418	522
3418	523
3417	523
3417	524
3416	524
3416	525
3415	525
3415	526
3414	526
3414	527
3413	527
3413	529
3411	529
3411	530
3410	530
3410	531
3409	531
3409	532
3408	532
3408	533
3407	533
3407	534
3405	534
3405	535
3403	535
3403	536
3400	536
3400	537
3399	537
3399	538
3397	538
3397	539
3395	539
3395	540
3394	540
3394	541
3391	541
3391	542
3390	542
3390	543
3389	543
3389	544
3386	544
3386	545
3385	545
3385	544
3384	544
3384	545
3382	545
3382	546
3380	546
3380	547
3378	547
3378	548
3376	548
3376	549
3375	549
3375	550
3373	550
3373	551
3372	551
3372	552
3370	552
3370	553
3368	553
3368	554
3366	554
3366	555
3363	555
3363	556
3357	556
3357	555
3354	555
3354	556
3353	556
3353	555
3351	555
3351	556
3336	556
3336	555
3333	555
3333	554
3325	554
3325	553
3320	553
3320	554
3310	554
3310	555
3306	555
3306	556
3303	556
3303	557
3299	557
3299	558
3296	558
3296	559
3294	559
3294	560
3293	560
3293	561
3292	561
3292	562
3291	562
3291	563
3290	563
3290	564
3289	564
3289	565
3288	565
3288	568
3287	568
3287	572
3286	572
3286	575
3285	575
3285	578
3284	578
3284	580
3283	580
3283	581
3278	581
3278	582
3277	582
3277	583
3276	583
3276	585
3275	585
3275	587
3276	587
3276	588
3274	588
3274	591
3273	591
3273	592
3272	592
3272	594
3271	594
3271	617
3272	617
3272	618
3271	618
3271	619
3272	619
3272	622
3271	622
3271	623
3272	623
3272	625
3273	625
3273	646
3274	646
3274	649
3273	649
3273	651
3274	651
3274	658
3275	658
3275	662
3274	662
3274	665
3275	665
3275	668
3274	668
3274	673
3273	673
3273	674
3269	674
3269	675
3268	675
3268	676
3261	676
3261	677
3258	677
3258	676
3256	676
3256	675
3254	675
3254	674
3253	674
3253	673
3246	673
3246	674
3244	674
3244	675
3235	675
3235	676
3230	676
3230	677
3227	677
3227	678
3226	678
3226	679
3225	679
3225	681
3224	681
3224	682
3222	682
3222	683
3221	683
3221	684
3220	684
3220	685
3218	685
3218	686
3217	686
3217	687
3215	687
3215	689
3214	689
3214	691
3212	691
3212	693
3211	693
3211	694
3210	694
3210	696
3209	696
3209	697
3208	697
3208	698
3207	698
3207	699
3206	699
3206	702
3205	702
3205	704
3204	704
3204	705
3203	705
3203	708
3202	708
3202	712
3201	712
3201	716
3202	716
3202	719
3201	719
3201	736
3202	736
3202	747
3201	747
3201	748
3202	748
3202	750
3194	750
3194	749
3190	749
3190	750
3183	750
3183	749
3182	749
3182	748
3179	748
3179	747
3178	747
3178	746
3176	746
3176	745
3175	745
3175	744
3174	744
3174	743
3173	743
3173	742
3169	742
3169	741
3168	741
3168	740
3166	740
3166	739
3165	739
3165	738
3163	738
3163	737
3162	737
3162	736
3160	736
3160	735
3158	735
3158	736
3157	736
3157	735
3155	735
3155	734
3152	734
3152	733
3148	733
3148	732
3144	732
3144	731
3142	731
3142	730
3141	730
3141	729
3140	729
3140	728
3138	728
3138	727
3137	727
3137	726
3135	726
3135	725
3134	725
3134	723
3132	723
3132	722
3130	722
3130	721
3129	721
3129	720
3128	720
3128	719
3126	719
3126	718
3125	718
3125	717
3124	717
3124	716
3123	716
3123	715
3122	715
3122	714
3121	714
3121	713
3120	713
3120	712
3118	712
3118	711
3116	711
3116	710
3115	710
3115	709
3113	709
3113	708
3110	708
3110	707
3106	707
3106	706
3103	706
3103	705
3096	705
3096	706
3094	706
3094	707
3092	707
3092	708
3091	708
3091	709
3089	709
3089	710
3087	710
3087	711
3085	711
3085	712
3084	712
3084	713
3083	713
3083	716
3082	716
3082	718
3081	718
3081	721
3080	721
3080	722
3079	722
3079	723
3078	723
3078	724
3077	724
3077	725
3076	725
3076	731
3075	731
3075	734
3074	734
3074	737
3073	737
3073	741
3072	741
3072	753
3071	753
3071	758
3070	758
3070	761
3069	761
3069	768
3068	768
3068	775
3067	775
3067	779
3066	779
3066	783
3065	783
3065	784
3064	784
3064	785
3066	785
3066	791
3067	791
3067	792
3066	792
3066	793
3067	793
3067	794
3068	794
3068	795
3069	795
3069	797
3070	797
3070	799
3071	799
3071	801
3072	801
3072	803
3071	803
3071	805
3073	805
3073	806
3074	806
3074	810
3075	810
3075	814
3074	814
3074	818
3073	818
3073	824
3072	824
3072	825
3071	825
3071	828
3070	828
3070	829
3071	829
3071	830
3070	830
3070	831
3071	831
3071	835
3070	835
3070	836
3071	836
3071	838
3070	838
3070	840
3071	840
3071	842
3070	842
3070	844
3071	844
3071	845
3070	845
3070	847
3071	847
3071	852
3072	852
3072	856
3073	856
3073	861
3074	861
3074	863
3073	863
3073	865
3074	865
3074	875
3073	875
3073	877
3074	877
3074	882
3073	882
3073	886
3072	886
3072	887
3071	887
3071	891
3070	891
3070	892
3071	892
3071	895
3069	895
3069	896
3070	896
3070	897
3069	897
3069	902
3068	902
3068	904
3067	904
3067	909
3066	909
3066	911
3065	911
3065	913
3063	913
3063	914
3064	914
3064	916
3063	916
3063	919
3062	919
3062	923
3063	923
3063	924
3062	924
3062	927
3061	927
3061	933
3060	933
3060	940
3058	940
3058	945
3057	945
3057	952
3056	952
3056	953
3055	953
3055	957
3054	957
3054	959
3053	959
3053	961
3052	961
3052	963
3051	963
3051	967
3050	967
3050	971
3048	971
3048	974
3047	974
3047	975
3046	975
3046	976
3047	976
3047	977
3046	977
3046	978
3045	978
3045	980
3043	980
3043	983
3042	983
3042	984
3041	984
3041	985
3039	985
3039	986
3040	986
3040	987
3038	987
3038	988
3037	988
3037	989
3035	989
3035	990
3034	990
3034	992
3033	992
3033	993
3032	993
3032	994
3028	994
3028	995
3019	995
3019	996
3017	996
3017	997
2994	997
2994	998
2993	998
2993	997
2991	997
2991	998
2990	998
2990	997
2989	997
2989	998
2988	998
2988	997
2986	997
2986	998
2985	998
2985	997
2983	997
2983	996
2981	996
2981	997
2974	997
2974	996
2969	996
2969	995
2965	995
2965	994
2963	994
2963	993
2958	993
2958	992
2957	992
2957	991
2956	991
2956	990
2955	990
2955	989
2954	989
2954	988
2953	988
2953	987
2948	987
2948	986
2947	986
2947	985
2946	985
2946	984
2945	984
2945	983
2943	983
2943	982
2942	982
2942	983
2939	983
2939	982
2937	982
2937	983
2936	983
2936	982
2932	982
2932	981
2931	981
2931	980
2930	980
2930	979
2929	979
2929	978
2928	978
2928	977
2926	977
2926	975
2924	975
2924	974
2923	974
2923	973
2921	973
2921	972
2920	972
2920	971
2919	971
2919	970
2916	970
2916	968
2914	968
2914	965
2913	965
2913	964
2909	964
2909	963
2908	963
2908	962
2906	962
2906	961
2900	961
2900	960
2897	960
2897	958
2896	958
2896	957
2895	957
2895	956
2894	956
2894	955
2893	955
2893	954
2892	954
2892	953
2891	953
2891	952
2890	952
2890	951
2888	951
2888	950
2886	950
2886	949
2884	949
2884	948
2880	948
2880	947
2879	947
2879	946
2878	946
2878	947
2877	947
2877	948
2873	948
2873	949
2868	949
2868	950
2867	950
2867	951
2865	951
2865	952
2863	952
2863	953
2861	953
2861	954
2860	954
2860	955
2859	955
2859	957
2858	957
2858	958
2857	958
2857	961
2856	961
2856	964
2854	964
2854	968
2853	968
2853	970
2852	970
2852	977
2851	977
2851	978
2852	978
2852	979
2851	979
2851	982
2850	982
2850	986
2849	986
2849	987
2848	987
2848	989
2847	989
2847	992
2846	992
2846	997
2845	997
2845	1000
2844	1000
2844	1002
2845	1002
2845	1005
2844	1005
2844	1014
2843	1014
2843	1022
2842	1022
2842	1024
2843	1024
2843	1025
2842	1025
2842	1030
2843	1030
2843	1046
2844	1046
2844	1047
2845	1047
2845	1053
2846	1053
2846	1057
2847	1057
2847	1064
2848	1064
2848	1070
2849	1070
2849	1077
2848	1077
2848	1080
2847	1080
2847	1085
2846	1085
2846	1088
2845	1088
2845	1093
2844	1093
2844	1097
2843	1097
2843	1101
2842	1101
2842	1103
2841	1103
2841	1105
2840	1105
2840	1106
2839	1106
2839	1108
2838	1108
2838	1109
2837	1109
2837	1111
2835	1111
2835	1113
2834	1113
2834	1114
2833	1114
2833	1115
2831	1115
2831	1116
2830	1116
2830	1117
2829	1117
2829	1119
2826	1119
2826	1120
2825	1120
2825	1121
2824	1121
2824	1122
2823	1122
2823	1123
2821	1123
2821	1124
2820	1124
2820	1125
2819	1125
2819	1126
2817	1126
2817	1127
2815	1127
2815	1128
2811	1128
2811	1117
2810	1117
2810	1116
2808	1116
2808	1102
2807	1102
2807	1101
2806	1101
2806	1100
2805	1100
2805	1099
2804	1099
2804	1098
2800	1098
2800	1097
2799	1097
2799	1096
2798	1096
2798	1095
2775	1095
2775	1094
2777	1094
2777	1092
2775	1092
2775	1093
2774	1093
2774	1092
2739	1092
2739	1093
2737	1093
2737	1094
2735	1094
2735	1095
2730	1095
2730	1094
2725	1094
2725	1093
2724	1093
2724	1092
2718	1092
2718	1091
2713	1091
2713	1090
2708	1090
2708	1089
2699	1089
2699	1088
2693	1088
2693	1087
2688	1087
2688	1088
2683	1088
2683	1087
2678	1087
2678	1088
2676	1088
2676	1087
2669	1087
2669	1088
2665	1088
2665	1089
2655	1089
2655	1090
2652	1090
2652	1091
2651	1091
2651	1092
2647	1092
2647	1093
2644	1093
2644	1094
2642	1094
2642	1095
2639	1095
2639	1096
2638	1096
2638	1097
2637	1097
2637	1098
2636	1098
2636	1099
2635	1099
2635	1100
2634	1100
2634	1101
2632	1101
2632	1102
2631	1102
2631	1104
2630	1104
2630	1105
2628	1105
2628	1106
2626	1106
2626	1107
2624	1107
2624	1108
2621	1108
2621	1109
2620	1109
2620	1110
2617	1110
2617	1111
2616	1111
2616	1112
2614	1112
2614	1113
2613	1113
2613	1114
2611	1114
2611	1115
2610	1115
2610	1116
2609	1116
2609	1117
2608	1117
2608	1118
2604	1118
2604	1119
2602	1119
2602	1120
2586	1120
2586	1118
2583	1118
2583	1117
2582	1117
2582	1116
2579	1116
2579	1115
2575	1115
2575	1114
2573	1114
2573	1113
2570	1113
2570	1112
2568	1112
2568	1111
2557	1111
2557	1110
2552	1110
2552	1109
2541	1109
2541	1108
2540	1108
2540	1109
2537	1109
2537	1110
2535	1110
2535	1111
2532	1111
2532	1112
2530	1112
2530	1113
2528	1113
2528	1114
2527	1114
2527	1116
2526	1116
2526	1118
2524	1118
2524	1120
2522	1120
2522	1122
2521	1122
2521	1125
2520	1125
2520	1127
2519	1127
2519	1129
2518	1129
2518	1134
2517	1134
2517	1138
2516	1138
2516	1143
2515	1143
2515	1159
2514	1159
2514	1160
2515	1160
2515	1161
2516	1161
2516	1162
2515	1162
2515	1165
2516	1165
2516	1166
2515	1166
2515	1168
2516	1168
2516	1174
2517	1174
2517	1190
2518	1190
2518	1195
2517	1195
2517	1197
2518	1197
2518	1206
2519	1206
2519	1207
2517	1207
2517	1208
2518	1208
2518	1209
2519	1209
2519	1215
2518	1215
2518	1216
2509	1216
2509	1217
2501	1217
2501	1218
2495	1218
2495	1219
2488	1219
2488	1220
2486	1220
2486	1221
2484	1221
2484	1222
2483	1222
2483	1223
2482	1223
2482	1224
2481	1224
2481	1225
2480	1225
2480	1226
2479	1226
2479	1227
2478	1227
2478	1229
2476	1229
2476	1230
2475	1230
2475	1232
2474	1232
2474	1233
2473	1233
2473	1234
2472	1234
2472	1235
2471	1235
2471	1236
2470	1236
2470	1238
2468	1238
2468	1239
2467	1239
2467	1243
2466	1243
2466	1246
2467	1246
2467	1250
2466	1250
2466	1253
2467	1253
