614	554
613	554
613	555
614	555
614	563
613	563
613	568
614	568
614	572
613	572
613	585
614	585
614	596
615	596
615	604
616	604
616	612
617	612
617	618
618	618
618	619
617	619
617	620
618	620
618	622
619	622
619	626
620	626
620	633
621	633
621	638
622	638
622	644
624	644
624	645
623	645
623	647
624	647
624	649
623	649
623	651
624	651
624	652
625	652
625	653
626	653
626	655
627	655
627	657
626	657
626	659
627	659
627	660
626	660
626	661
627	661
627	662
628	662
628	667
627	667
627	668
628	668
628	669
627	669
627	670
628	670
628	672
627	672
627	674
628	674
628	679
627	679
627	683
628	683
628	691
629	691
629	694
627	694
627	695
628	695
628	696
629	696
629	701
628	701
628	702
629	702
629	705
628	705
628	710
629	710
629	714
628	714
628	715
629	715
629	716
630	716
630	717
629	717
629	718
628	718
628	717
626	717
626	718
627	718
627	719
629	719
629	725
630	725
630	729
629	729
629	730
628	730
628	731
629	731
629	734
630	734
630	744
631	744
631	750
632	750
632	752
631	752
631	754
632	754
632	760
631	760
631	762
632	762
632	765
631	765
631	766
632	766
632	771
633	771
633	774
632	774
632	775
633	775
633	778
634	778
634	781
635	781
635	788
636	788
636	790
637	790
637	797
638	797
638	800
639	800
639	804
640	804
640	807
643	807
643	808
646	808
646	809
647	809
647	814
649	814
649	816
650	816
650	815
651	815
651	814
653	814
653	813
655	813
655	815
656	815
656	816
657	816
657	818
658	818
658	819
659	819
659	820
660	820
660	822
662	822
662	824
663	824
663	825
664	825
664	826
665	826
665	827
668	827
668	828
671	828
671	829
672	829
672	830
675	830
675	829
677	829
677	830
678	830
678	831
680	831
680	832
684	832
684	831
691	831
691	832
696	832
696	833
699	833
699	834
700	834
700	835
701	835
701	836
702	836
702	837
704	837
704	838
706	838
706	837
708	837
708	838
712	838
712	839
713	839
713	840
715	840
715	841
716	841
716	842
720	842
720	843
722	843
722	842
725	842
725	841
733	841
733	840
734	840
734	841
736	841
736	842
737	842
737	843
738	843
738	842
739	842
739	843
741	843
741	842
744	842
744	841
746	841
746	842
749	842
749	841
752	841
752	840
754	840
754	839
755	839
755	837
756	837
756	836
757	836
757	834
758	834
758	831
759	831
759	829
760	829
760	831
761	831
761	827
760	827
760	826
763	826
763	825
764	825
764	824
766	824
766	823
767	823
767	822
769	822
769	821
771	821
771	819
776	819
776	818
778	818
778	819
779	819
779	818
781	818
781	819
783	819
783	818
784	818
784	820
785	820
785	818
787	818
787	817
792	817
792	816
795	816
795	815
796	815
796	814
797	814
797	813
799	813
799	812
801	812
801	811
800	811
800	810
802	810
802	811
803	811
803	812
805	812
805	811
806	811
806	813
807	813
807	810
805	810
805	809
806	809
806	807
810	807
810	806
811	806
811	805
813	805
813	802
814	802
814	801
815	801
815	799
816	799
816	798
818	798
818	797
817	797
817	795
819	795
819	793
820	793
820	792
821	792
821	791
824	791
824	793
823	793
823	794
826	794
826	792
825	792
825	787
827	787
827	785
828	785
828	784
829	784
829	782
830	782
830	781
832	781
832	778
833	778
833	775
834	775
834	774
835	774
835	771
836	771
836	770
837	770
837	769
838	769
838	768
837	768
837	767
839	767
839	766
840	766
840	765
838	765
838	764
839	764
839	762
840	762
840	763
841	763
841	762
843	762
843	758
841	758
841	759
842	759
842	761
841	761
841	760
840	760
840	757
842	757
842	756
841	756
841	754
844	754
844	752
843	752
843	750
846	750
846	749
842	749
842	748
843	748
843	747
846	747
846	746
844	746
844	744
846	744
846	742
844	742
844	741
845	741
845	739
846	739
846	742
847	742
847	745
848	745
848	740
847	740
847	736
849	736
849	733
850	733
850	730
851	730
851	729
853	729
853	730
854	730
854	728
855	728
855	727
857	727
857	728
858	728
858	727
859	727
859	726
862	726
862	724
863	724
863	723
864	723
864	722
865	722
865	721
867	721
867	720
868	720
868	719
869	719
869	718
870	718
870	715
872	715
872	713
873	713
873	712
874	712
874	711
875	711
875	709
877	709
877	708
878	708
878	707
880	707
880	706
882	706
882	705
885	705
885	704
886	704
886	701
889	701
889	699
891	699
891	697
893	697
893	695
894	695
894	694
895	694
895	693
896	693
896	691
897	691
897	690
898	690
898	689
899	689
899	688
900	688
900	687
903	687
903	686
909	686
909	685
910	685
910	686
911	686
911	685
920	685
920	686
923	686
923	687
924	687
924	688
926	688
926	689
928	689
928	690
932	690
932	691
934	691
934	692
935	692
935	693
936	693
936	694
942	694
942	704
943	704
943	705
949	705
949	706
948	706
948	707
949	707
949	710
950	710
950	717
951	717
951	724
952	724
952	731
953	731
953	732
952	732
952	733
953	733
953	736
954	736
954	745
955	745
955	746
954	746
954	748
955	748
955	754
956	754
956	774
957	774
957	775
956	775
956	779
957	779
957	780
956	780
956	791
955	791
955	795
956	795
956	802
955	802
955	803
956	803
956	810
957	810
957	818
958	818
958	819
957	819
957	820
958	820
958	823
957	823
957	832
956	832
956	834
957	834
957	839
955	839
955	840
957	840
957	856
956	856
956	858
957	858
957	863
956	863
956	864
957	864
957	865
958	865
958	866
957	866
957	867
956	867
956	871
957	871
957	875
956	875
956	877
957	877
957	880
956	880
956	881
957	881
957	892
958	892
958	893
961	893
961	892
963	892
963	891
964	891
964	890
966	890
966	889
969	889
969	888
971	888
971	887
966	887
966	888
964	888
964	887
965	887
965	880
966	880
966	879
965	879
965	860
966	860
966	854
965	854
965	850
966	850
966	849
965	849
965	845
966	845
966	842
965	842
965	822
966	822
966	821
967	821
967	819
968	819
968	817
967	817
967	818
966	818
966	817
965	817
965	816
967	816
967	814
965	814
965	812
966	812
966	810
964	810
964	799
963	799
963	797
964	797
964	792
965	792
965	790
964	790
964	789
965	789
965	786
964	786
964	784
965	784
965	777
964	777
964	772
965	772
965	765
964	765
964	762
965	762
965	760
964	760
964	754
963	754
963	749
964	749
964	745
963	745
963	735
962	735
962	730
961	730
961	727
960	727
960	720
959	720
959	718
960	718
960	717
959	717
959	716
960	716
960	714
959	714
959	709
958	709
958	705
962	705
962	704
963	704
963	700
962	700
962	699
961	699
961	698
960	698
960	697
959	697
959	696
958	696
958	694
956	694
956	692
955	692
955	690
954	690
954	688
953	688
953	687
947	687
947	684
948	684
948	683
947	683
947	682
946	682
946	681
945	681
945	680
941	680
941	681
936	681
936	682
935	682
935	681
934	681
934	682
929	682
929	681
927	681
927	680
925	680
925	679
921	679
921	678
920	678
920	677
919	677
919	678
918	678
918	677
915	677
915	676
904	676
904	677
901	677
901	678
899	678
899	679
897	679
897	680
894	680
894	682
892	682
892	684
890	684
890	685
889	685
889	688
887	688
887	690
886	690
886	691
884	691
884	692
883	692
883	693
882	693
882	694
880	694
880	696
878	696
878	697
877	697
877	698
875	698
875	699
874	699
874	700
873	700
873	701
872	701
872	702
871	702
871	703
869	703
869	704
868	704
868	705
867	705
867	706
866	706
866	707
865	707
865	708
864	708
864	710
863	710
863	711
862	711
862	712
861	712
861	711
859	711
859	713
860	713
860	714
859	714
859	715
857	715
857	716
855	716
855	717
852	717
852	718
850	718
850	720
849	720
849	721
846	721
846	722
845	722
845	724
844	724
844	725
843	725
843	726
842	726
842	727
843	727
843	728
842	728
842	729
841	729
841	731
840	731
840	730
839	730
839	732
838	732
838	737
837	737
837	734
836	734
836	732
835	732
835	735
836	735
836	737
835	737
835	738
836	738
836	739
837	739
837	741
833	741
833	742
836	742
836	745
835	745
835	746
834	746
834	747
835	747
835	749
834	749
834	751
833	751
833	754
832	754
832	755
831	755
831	760
830	760
830	762
829	762
829	764
828	764
828	765
829	765
829	766
828	766
828	769
827	769
827	770
826	770
826	772
825	772
825	774
823	774
823	775
824	775
824	776
823	776
823	777
822	777
822	778
820	778
820	780
819	780
819	781
818	781
818	782
817	782
817	783
816	783
816	784
814	784
814	786
813	786
813	788
812	788
812	789
811	789
811	791
810	791
810	793
809	793
809	794
808	794
808	795
807	795
807	797
806	797
806	798
805	798
805	800
802	800
802	799
800	799
800	802
798	802
798	803
797	803
797	804
794	804
794	806
790	806
790	807
789	807
789	808
788	808
788	807
786	807
786	808
785	808
785	809
782	809
782	808
780	808
780	809
777	809
777	810
776	810
776	809
775	809
775	810
770	810
770	811
768	811
768	812
765	812
765	813
763	813
763	815
762	815
762	816
759	816
759	817
758	817
758	818
755	818
755	819
754	819
754	820
753	820
753	823
752	823
752	829
751	829
751	830
749	830
749	831
748	831
748	832
746	832
746	833
741	833
741	832
740	832
740	833
736	833
736	832
734	832
734	833
733	833
733	832
725	832
725	833
721	833
721	832
720	832
720	831
717	831
717	829
716	829
716	831
715	831
715	830
714	830
714	829
708	829
708	828
702	828
702	827
699	827
699	826
697	826
697	823
696	823
696	825
694	825
694	824
691	824
691	823
688	823
688	821
687	821
687	820
688	820
688	817
687	817
687	816
685	816
685	815
684	815
684	816
681	816
681	817
680	817
680	818
679	818
679	819
675	819
675	817
672	817
672	819
671	819
671	818
669	818
669	816
668	816
668	815
667	815
667	814
664	814
664	812
663	812
663	811
662	811
662	810
661	810
661	807
660	807
660	806
659	806
659	805
658	805
658	802
657	802
657	801
656	801
656	798
654	798
654	783
655	783
655	778
656	778
656	774
657	774
657	769
656	769
656	760
657	760
657	755
658	755
658	753
657	753
657	752
658	752
658	745
657	745
657	744
659	744
659	745
660	745
660	747
661	747
661	746
662	746
662	744
661	744
661	742
660	742
660	738
659	738
659	736
660	736
660	729
659	729
659	727
660	727
660	728
661	728
661	727
664	727
664	728
665	728
665	727
670	727
670	726
671	726
671	727
672	727
672	726
673	726
673	725
676	725
676	721
677	721
677	718
676	718
676	720
675	720
675	718
674	718
674	717
675	717
675	716
673	716
673	715
672	715
672	714
673	714
673	713
674	713
674	712
671	712
671	711
672	711
672	709
670	709
670	708
669	708
669	707
668	707
668	706
669	706
669	705
667	705
667	704
666	704
666	702
665	702
665	699
664	699
664	695
665	695
665	694
666	694
666	693
665	693
665	692
664	692
664	690
665	690
665	688
664	688
664	687
665	687
665	685
668	685
668	684
672	684
672	676
670	676
670	675
671	675
671	673
670	673
670	672
671	672
671	671
669	671
669	668
668	668
668	667
667	667
667	661
668	661
668	657
669	657
669	654
668	654
668	651
669	651
669	640
670	640
670	639
672	639
672	637
671	637
671	638
669	638
669	629
668	629
668	628
669	628
669	627
668	627
668	622
669	622
669	621
668	621
668	620
669	620
669	619
668	619
668	618
669	618
669	616
670	616
670	614
669	614
669	609
668	609
668	607
667	607
667	606
668	606
668	605
669	605
669	606
670	606
670	604
668	604
668	601
667	601
667	600
666	600
666	596
668	596
668	594
667	594
667	595
666	595
666	594
667	594
667	589
666	589
666	587
669	587
669	586
670	586
670	585
671	585
671	584
673	584
673	583
675	583
675	582
677	582
677	581
678	581
678	580
676	580
676	579
678	579
678	576
677	576
677	575
676	575
676	573
675	573
675	572
674	572
674	571
673	571
673	569
671	569
671	566
670	566
670	565
668	565
668	563
667	563
667	561
666	561
666	558
665	558
665	555
663	555
663	554
664	554
664	553
663	553
663	552
664	552
664	550
665	550
665	548
666	548
666	546
667	546
667	544
669	544
669	542
671	542
671	541
673	541
673	539
674	539
674	538
676	538
676	535
675	535
675	534
676	534
676	532
675	532
675	531
674	531
674	530
673	530
673	531
671	531
671	532
669	532
669	533
668	533
668	534
666	534
666	535
664	535
664	536
663	536
663	537
660	537
660	534
659	534
659	531
658	531
658	527
657	527
657	522
656	522
656	519
655	519
655	517
654	517
654	512
653	512
653	509
652	509
652	508
651	508
651	505
650	505
650	503
649	503
649	501
648	501
648	498
647	498
647	497
646	497
646	496
645	496
645	494
644	494
644	493
643	493
643	491
642	491
642	490
641	490
641	489
643	489
643	488
642	488
642	487
639	487
639	483
638	483
638	481
636	481
636	480
635	480
635	479
633	479
633	478
630	478
630	477
629	477
629	476
628	476
628	475
627	475
627	474
624	474
624	473
620	473
620	474
617	474
617	475
613	475
613	476
610	476
610	477
609	477
609	476
607	476
607	478
606	478
606	479
604	479
604	482
603	482
603	484
602	484
602	485
601	485
601	486
599	486
599	487
598	487
598	488
597	488
597	489
596	489
596	490
595	490
595	491
594	491
594	492
593	492
593	494
592	494
592	495
591	495
591	496
590	496
590	497
588	497
588	498
587	498
587	499
586	499
586	501
584	501
584	502
583	502
583	503
581	503
581	505
579	505
579	506
578	506
578	507
577	507
577	508
576	508
576	509
575	509
575	511
573	511
573	512
572	512
572	513
571	513
571	514
569	514
569	515
567	515
567	516
565	516
565	517
564	517
564	518
562	518
562	519
561	519
561	520
560	520
560	523
558	523
558	524
554	524
554	525
553	525
553	527
550	527
550	528
548	528
548	530
547	530
547	531
546	531
546	532
544	532
544	533
542	533
542	534
539	534
539	537
538	537
538	539
537	539
537	542
536	542
536	544
535	544
535	548
533	548
533	549
532	549
532	550
530	550
530	551
520	551
520	552
516	552
516	553
511	553
511	554
506	554
506	555
502	555
502	556
500	556
500	555
495	555
495	556
493	556
493	555
491	555
491	554
490	554
490	555
487	555
487	556
486	556
486	557
485	557
485	558
484	558
484	563
485	563
485	566
486	566
486	568
487	568
487	573
488	573
488	579
489	579
489	580
488	580
488	581
487	581
487	582
488	582
488	587
487	587
487	589
486	589
486	590
483	590
483	591
481	591
481	593
480	593
480	596
475	596
475	597
474	597
474	599
471	599
471	598
470	598
470	597
469	597
469	592
468	592
468	588
467	588
467	587
468	587
468	586
467	586
467	584
466	584
466	583
467	583
467	580
466	580
466	579
465	579
465	570
466	570
466	569
465	569
465	565
464	565
464	562
463	562
463	561
462	561
462	560
460	560
460	562
458	562
458	564
446	564
446	563
444	563
444	562
442	562
442	560
440	560
440	559
439	559
439	558
437	558
437	557
436	557
436	553
435	553
435	548
434	548
434	544
433	544
433	542
432	542
432	541
431	541
431	540
430	540
430	539
429	539
429	538
428	538
428	537
427	537
427	536
426	536
426	535
425	535
425	534
421	534
421	533
420	533
420	532
419	532
419	531
416	531
416	530
412	530
412	529
408	529
408	530
406	530
406	529
405	529
405	530
403	530
403	529
401	529
401	530
397	530
397	529
392	529
392	530
391	530
391	529
389	529
389	530
387	530
387	531
385	531
385	532
384	532
384	533
380	533
380	534
379	534
379	533
376	533
376	529
377	529
377	528
376	528
376	525
375	525
375	522
374	522
374	520
373	520
373	518
372	518
372	517
373	517
373	516
374	516
374	514
375	514
375	512
374	512
374	510
375	510
375	504
374	504
374	499
375	499
375	496
376	496
376	494
375	494
375	492
374	492
374	486
375	486
375	484
374	484
374	472
373	472
373	471
374	471
374	469
373	469
373	468
374	468
374	464
373	464
373	463
374	463
374	461
375	461
375	458
374	458
374	456
375	456
375	455
376	455
376	451
377	451
377	442
379	442
379	441
378	441
378	440
377	440
377	436
378	436
378	431
379	431
379	428
380	428
380	426
381	426
381	425
382	425
382	420
383	420
383	415
384	415
384	408
385	408
385	404
386	404
386	401
385	401
385	400
386	400
386	391
385	391
385	389
384	389
384	387
385	387
385	384
384	384
384	382
383	382
383	381
382	381
382	379
381	379
381	378
380	378
380	376
379	376
379	373
378	373
378	371
377	371
377	370
376	370
376	368
375	368
375	366
374	366
374	365
373	365
373	364
372	364
372	363
371	363
371	362
369	362
369	360
368	360
368	359
367	359
367	357
366	357
366	356
365	356
365	355
364	355
364	354
363	354
363	353
362	353
362	352
361	352
361	351
360	351
360	349
358	349
358	348
356	348
356	347
350	347
350	348
348	348
348	350
347	350
347	352
346	352
346	356
345	356
345	359
344	359
344	361
343	361
343	362
344	362
344	363
343	363
343	365
342	365
342	369
341	369
341	371
340	371
340	374
339	374
339	375
338	375
338	377
337	377
337	378
338	378
338	379
337	379
337	380
336	380
336	382
335	382
335	384
334	384
334	387
335	387
335	388
334	388
334	390
333	390
333	391
332	391
332	394
331	394
331	396
330	396
330	398
329	398
329	399
328	399
328	400
327	400
327	401
325	401
325	404
324	404
324	405
323	405
323	406
322	406
322	407
321	407
321	408
320	408
320	409
319	409
319	410
318	410
318	411
317	411
317	412
316	412
316	413
315	413
315	415
314	415
314	417
313	417
313	418
312	418
312	419
311	419
311	420
310	420
310	421
309	421
309	422
308	422
308	425
305	425
305	426
303	426
303	427
301	427
301	428
300	428
300	429
299	429
299	431
298	431
298	432
297	432
297	434
296	434
296	436
295	436
295	439
294	439
294	440
293	440
293	443
292	443
292	445
289	445
289	446
288	446
288	445
287	445
287	446
281	446
281	447
279	447
279	446
277	446
277	445
275	445
275	446
273	446
273	445
270	445
270	446
268	446
268	447
257	447
257	448
253	448
253	449
252	449
252	450
251	450
251	451
249	451
249	452
248	452
248	453
247	453
247	455
245	455
245	456
244	456
244	457
243	457
243	458
242	458
242	461
241	461
241	462
233	462
233	463
225	463
225	464
224	464
224	465
222	465
222	466
219	466
219	467
218	467
218	468
214	468
214	469
212	469
212	471
211	471
211	472
210	472
210	471
208	471
208	472
206	472
206	473
205	473
205	475
204	475
204	476
203	476
203	478
202	478
202	479
201	479
201	481
200	481
200	483
199	483
199	484
198	484
198	485
197	485
197	486
196	486
196	487
194	487
194	488
192	488
192	489
188	489
188	490
187	490
187	489
180	489
180	488
178	488
178	487
176	487
176	486
175	486
175	485
174	485
174	484
173	484
173	483
170	483
170	482
169	482
169	483
162	483
162	484
157	484
157	483
155	483
155	479
154	479
154	473
153	473
153	461
152	461
152	457
153	457
153	453
152	453
152	452
151	452
151	451
152	451
152	444
151	444
151	438
150	438
150	437
151	437
151	436
150	436
150	432
149	432
149	426
148	426
148	420
147	420
147	418
146	418
146	417
147	417
147	416
146	416
146	412
147	412
147	411
146	411
146	405
145	405
145	400
146	400
146	394
145	394
145	393
146	393
146	391
145	391
145	390
146	390
146	387
145	387
145	383
146	383
146	382
145	382
145	380
146	380
146	379
145	379
145	378
146	378
146	375
145	375
145	374
144	374
144	372
145	372
145	370
144	370
144	363
145	363
145	352
146	352
146	348
145	348
145	346
146	346
146	342
145	342
145	341
146	341
146	340
145	340
145	335
144	335
144	332
145	332
145	329
144	329
144	326
143	326
143	324
144	324
144	317
142	317
142	313
141	313
141	309
140	309
140	299
139	299
139	294
138	294
138	288
139	288
139	286
140	286
140	284
141	284
141	283
142	283
142	282
144	282
144	281
146	281
146	280
145	280
145	278
144	278
144	277
142	277
142	278
141	278
141	279
140	279
140	280
139	280
139	281
137	281
137	283
136	283
136	285
135	285
135	287
134	287
134	295
135	295
135	299
136	299
136	301
135	301
135	307
136	307
136	309
137	309
137	310
136	310
136	311
137	311
137	326
138	326
138	329
139	329
139	333
138	333
138	339
137	339
137	341
138	341
138	360
137	360
137	372
138	372
138	381
137	381
137	382
138	382
138	391
139	391
139	393
138	393
138	397
139	397
139	398
138	398
138	417
137	417
137	418
138	418
138	421
139	421
139	423
140	423
140	425
141	425
141	426
142	426
142	430
141	430
141	431
142	431
142	433
141	433
141	434
142	434
142	438
144	438
144	452
145	452
145	456
146	456
146	458
145	458
145	460
144	460
144	461
146	461
146	463
145	463
145	464
146	464
146	467
145	467
145	470
146	470
146	479
147	479
147	489
146	489
146	490
147	490
147	492
149	492
149	493
150	493
150	492
151	492
151	491
152	491
152	492
163	492
163	491
167	491
167	492
169	492
169	493
170	493
170	492
171	492
171	493
173	493
173	494
174	494
174	495
176	495
176	496
177	496
177	498
184	498
184	499
186	499
186	500
188	500
188	499
189	499
189	498
191	498
191	499
192	499
192	498
194	498
194	497
195	497
195	496
197	496
197	495
198	495
198	494
200	494
200	492
201	492
201	491
202	491
202	490
204	490
204	489
205	489
205	487
207	487
207	488
208	488
208	482
209	482
209	481
210	481
210	479
212	479
212	478
215	478
215	477
217	477
217	476
220	476
220	475
222	475
222	476
223	476
223	474
228	474
228	473
229	473
229	472
230	472
230	471
231	471
231	472
234	472
234	471
243	471
243	470
245	470
245	468
246	468
246	467
247	467
247	465
248	465
248	463
249	463
249	462
250	462
250	461
251	461
251	460
253	460
253	459
254	459
254	458
255	458
255	457
260	457
260	456
270	456
270	455
272	455
272	454
274	454
274	455
275	455
275	454
278	454
278	455
281	455
281	456
286	456
286	455
289	455
289	456
290	456
290	455
291	455
291	454
293	454
293	453
295	453
295	452
296	452
296	451
297	451
297	450
298	450
298	449
299	449
299	447
300	447
300	445
301	445
301	441
302	441
302	439
303	439
303	438
304	438
304	437
305	437
305	435
306	435
306	434
308	434
308	433
310	433
310	431
312	431
312	430
313	430
313	429
314	429
314	427
316	427
316	425
317	425
317	424
318	424
318	423
319	423
319	421
320	421
320	420
321	420
321	418
322	418
322	417
323	417
323	416
324	416
324	415
325	415
325	414
327	414
327	413
328	413
328	411
329	411
329	410
330	410
330	409
331	409
331	406
332	406
332	405
333	405
333	404
334	404
334	403
335	403
335	401
336	401
336	399
338	399
338	396
339	396
339	395
340	395
340	390
341	390
341	387
342	387
342	386
343	386
343	382
344	382
344	381
345	381
345	379
346	379
346	375
347	375
347	373
348	373
348	371
349	371
349	368
350	368
350	367
349	367
349	366
350	366
350	364
351	364
351	362
352	362
352	361
353	361
353	360
354	360
354	359
355	359
355	358
356	358
356	359
357	359
357	360
358	360
358	361
360	361
360	364
361	364
361	365
362	365
362	367
364	367
364	369
365	369
365	371
366	371
366	373
368	373
368	375
370	375
370	377
371	377
371	379
372	379
372	381
374	381
374	383
375	383
375	385
376	385
376	388
377	388
377	393
378	393
378	394
379	394
379	403
378	403
378	408
377	408
377	410
376	410
376	414
377	414
377	416
376	416
376	419
375	419
375	421
374	421
374	423
373	423
373	424
372	424
372	426
371	426
371	430
370	430
370	434
369	434
369	441
368	441
368	442
370	442
370	447
369	447
369	452
368	452
368	459
367	459
367	463
366	463
366	471
367	471
367	472
366	472
366	473
367	473
367	474
366	474
366	489
367	489
367	492
366	492
366	494
367	494
367	497
366	497
366	503
367	503
367	506
366	506
366	507
367	507
367	508
366	508
366	511
367	511
367	513
366	513
366	514
367	514
367	516
366	516
366	521
367	521
367	525
368	525
368	529
369	529
369	532
370	532
370	535
369	535
369	540
370	540
370	542
377	542
377	541
378	541
378	542
381	542
381	541
382	541
382	542
386	542
386	541
388	541
388	540
390	540
390	539
392	539
392	540
394	540
394	539
402	539
402	540
405	540
405	539
406	539
406	540
407	540
407	539
409	539
409	540
411	540
411	539
412	539
412	540
414	540
414	541
419	541
419	542
421	542
421	543
422	543
422	544
423	544
423	545
424	545
424	546
426	546
426	547
427	547
427	551
428	551
428	558
429	558
429	563
430	563
430	564
431	564
431	565
432	565
432	566
433	566
433	567
438	567
438	570
439	570
439	571
440	571
440	572
441	572
441	573
444	573
444	574
446	574
446	573
449	573
449	574
456	574
456	573
457	573
457	574
458	574
458	579
459	579
459	584
460	584
460	588
461	588
461	590
460	590
460	591
461	591
461	593
462	593
462	602
463	602
463	605
464	605
464	607
466	607
466	608
467	608
467	609
468	609
468	608
475	608
475	607
476	607
476	608
477	608
477	607
478	607
478	605
481	605
481	604
483	604
483	603
484	603
484	602
485	602
485	601
486	601
486	602
487	602
487	605
488	605
488	603
489	603
489	602
488	602
488	598
491	598
491	597
494	597
494	598
495	598
495	592
496	592
496	590
497	590
497	588
499	588
499	587
502	587
502	588
504	588
504	589
505	589
505	592
506	592
506	595
507	595
507	597
508	597
508	601
507	601
507	602
508	602
508	603
509	603
509	612
510	612
510	614
512	614
512	615
518	615
518	614
519	614
519	612
521	612
521	610
522	610
522	606
521	606
521	604
520	604
520	602
521	602
521	598
523	598
523	593
524	593
524	591
525	591
525	589
526	589
526	588
527	588
527	582
526	582
526	581
525	581
525	579
524	579
524	580
523	580
523	579
522	579
522	578
518	578
518	579
517	579
517	578
516	578
516	579
513	579
513	580
512	580
512	576
513	576
513	575
510	575
510	572
509	572
509	571
508	571
508	569
507	569
507	565
505	565
505	564
506	564
506	563
509	563
509	562
518	562
518	561
525	561
525	560
528	560
528	559
529	559
529	560
531	560
531	559
533	559
533	558
537	558
537	556
540	556
540	555
541	555
541	552
542	552
542	549
543	549
543	544
544	544
544	543
545	543
545	542
546	542
546	541
547	541
547	540
548	540
548	539
549	539
549	538
550	538
550	537
551	537
551	536
553	536
553	535
554	535
554	534
557	534
557	533
558	533
558	532
561	532
561	531
564	531
564	530
565	530
565	527
567	527
567	525
569	525
569	524
570	524
570	523
573	523
573	522
574	522
574	521
575	521
575	520
577	520
577	519
578	519
578	518
579	518
579	517
580	517
580	515
581	515
581	514
583	514
583	513
584	513
584	512
585	512
585	511
586	511
586	510
587	510
587	509
588	509
588	508
589	508
589	507
590	507
590	506
591	506
591	505
593	505
593	504
594	504
594	503
595	503
595	502
596	502
596	501
598	501
598	500
599	500
599	499
600	499
600	497
601	497
601	496
602	496
602	495
604	495
604	493
605	493
605	492
607	492
607	491
608	491
608	487
610	487
610	486
613	486
613	487
614	487
614	488
613	488
613	490
614	490
614	492
613	492
613	493
614	493
614	498
615	498
615	499
614	499
614	533
615	533
615	535
614	535
614	537
615	537
615	539
614	539
614	549
615	549
615	551
614	551
1415	767
1414	767
1414	772
1413	772
1413	775
1412	775
1412	776
1411	776
1411	779
1410	779
1410	781
1409	781
1409	784
1401	784
1401	783
1399	783
1399	784
1395	784
1395	785
1394	785
1394	786
1390	786
1390	787
1388	787
1388	788
1380	788
1380	789
1375	789
1375	788
1374	788
1374	787
1370	787
1370	786
1369	786
1369	787
1367	787
1367	786
1364	786
1364	787
1354	787
1354	788
1348	788
1348	787
1346	787
1346	788
1341	788
1341	789
1337	789
1337	788
1332	788
1332	787
1327	787
1327	786
1324	786
1324	785
1323	785
1323	784
1321	784
1321	783
1320	783
1320	782
1317	782
1317	780
1316	780
1316	778
1313	778
1313	777
1312	777
1312	776
1311	776
1311	774
1310	774
1310	772
1309	772
1309	769
1308	769
1308	765
1307	765
1307	754
1306	754
1306	746
1305	746
1305	736
1304	736
1304	732
1303	732
1303	731
1304	731
1304	730
1303	730
1303	722
1304	722
1304	721
1305	721
1305	720
1302	720
1302	719
1303	719
1303	714
1304	714
1304	690
1303	690
1303	678
1302	678
1302	676
1303	676
1303	673
1304	673
1304	672
1303	672
1303	669
1302	669
1302	668
1303	668
1303	664
1302	664
1302	661
1301	661
1301	657
1300	657
1300	654
1299	654
1299	655
1298	655
1298	651
1297	651
1297	649
1298	649
1298	646
1297	646
1297	642
1300	642
1300	640
1301	640
1301	639
1302	639
1302	637
1301	637
1301	636
1300	636
1300	635
1299	635
1299	634
1298	634
1298	633
1297	633
1297	632
1296	632
1296	631
1287	631
1287	632
1286	632
1286	633
1285	633
1285	636
1284	636
1284	637
1283	637
1283	638
1281	638
1281	639
1277	639
1277	640
1274	640
1274	641
1271	641
1271	642
1270	642
1270	643
1268	643
1268	644
1265	644
1265	645
1264	645
1264	646
1263	646
1263	648
1262	648
1262	650
1261	650
1261	652
1260	652
1260	654
1259	654
1259	657
1258	657
1258	658
1257	658
1257	660
1256	660
1256	661
1255	661
1255	663
1254	663
1254	665
1253	665
1253	666
1252	666
1252	669
1251	669
1251	670
1250	670
1250	674
1249	674
1249	677
1248	677
1248	679
1247	679
1247	680
1246	680
1246	681
1245	681
1245	685
1244	685
1244	686
1243	686
1243	687
1242	687
1242	689
1240	689
1240	690
1239	690
1239	691
1237	691
1237	692
1235	692
1235	693
1233	693
1233	694
1230	694
1230	695
1227	695
1227	697
1226	697
1226	698
1225	698
1225	700
1224	700
1224	701
1222	701
1222	702
1221	702
1221	703
1219	703
1219	705
1218	705
1218	706
1217	706
1217	707
1216	707
1216	708
1214	708
1214	709
1213	709
1213	710
1212	710
1212	711
1209	711
1209	713
1206	713
1206	714
1205	714
1205	715
1204	715
1204	716
1203	716
1203	717
1202	717
1202	718
1201	718
1201	720
1200	720
1200	721
1199	721
1199	722
1197	722
1197	723
1198	723
1198	724
1197	724
1197	726
1196	726
1196	727
1195	727
1195	728
1194	728
1194	729
1193	729
1193	732
1192	732
1192	733
1191	733
1191	734
1190	734
1190	735
1189	735
1189	737
1188	737
1188	738
1187	738
1187	739
1185	739
1185	741
1184	741
1184	742
1182	742
1182	743
1180	743
1180	744
1178	744
1178	745
1177	745
1177	746
1176	746
1176	748
1175	748
1175	749
1174	749
1174	751
1173	751
1173	752
1171	752
1171	753
1169	753
1169	756
1166	756
1166	757
1165	757
1165	758
1164	758
1164	759
1163	759
1163	761
1160	761
1160	762
1159	762
1159	763
1158	763
1158	764
1157	764
1157	766
1156	766
1156	767
1155	767
1155	768
1153	768
1153	770
1152	770
1152	771
1151	771
1151	772
1150	772
1150	774
1149	774
1149	776
1148	776
1148	790
1149	790
1149	792
1148	792
1148	793
1149	793
1149	798
1148	798
1148	800
1149	800
1149	803
1150	803
1150	804
1149	804
1149	811
1144	811
1144	812
1140	812
1140	813
1138	813
1138	814
1133	814
1133	815
1129	815
1129	816
1126	816
1126	817
1124	817
1124	818
1123	818
1123	819
1122	819
1122	820
1121	820
1121	821
1119	821
1119	822
1117	822
1117	824
1115	824
1115	825
1113	825
1113	827
1112	827
1112	829
1111	829
1111	830
1110	830
1110	832
1109	832
1109	833
1108	833
1108	836
1107	836
1107	838
1106	838
1106	844
1105	844
1105	845
1104	845
1104	847
1103	847
1103	851
1102	851
1102	852
1101	852
1101	854
1098	854
1098	855
1097	855
1097	856
1096	856
1096	857
1095	857
1095	858
1094	858
1094	860
1093	860
1093	862
1092	862
1092	864
1091	864
1091	866
1090	866
1090	872
1089	872
1089	874
1088	874
1088	878
1087	878
1087	881
1085	881
1085	882
1084	882
1084	884
1081	884
1081	885
1080	885
1080	886
1078	886
1078	887
1077	887
1077	888
1073	888
1073	889
1065	889
1065	890
1063	890
1063	891
1055	891
1055	890
1054	890
1054	891
1048	891
1048	892
1044	892
1044	893
1038	893
1038	894
1026	894
1026	895
1024	895
1024	894
1018	894
1018	893
1016	893
1016	894
1015	894
1015	893
1005	893
1005	892
998	892
998	891
991	891
991	890
981	890
981	891
971	891
971	890
970	890
970	891
968	891
968	893
967	893
967	899
968	899
968	900
969	900
969	901
971	901
971	900
972	900
972	901
974	901
974	900
975	900
975	901
976	901
976	900
982	900
982	899
991	899
991	900
992	900
992	901
993	901
993	899
997	899
997	900
998	900
998	901
1000	901
1000	900
1001	900
1001	901
1003	901
1003	900
1008	900
1008	901
1009	901
1009	902
1019	902
1019	903
1020	903
1020	902
1021	902
1021	903
1028	903
1028	904
1033	904
1033	903
1045	903
1045	902
1046	902
1046	901
1048	901
1048	902
1049	902
1049	901
1051	901
1051	900
1055	900
1055	899
1060	899
1060	898
1062	898
1062	899
1067	899
1067	898
1069	898
1069	897
1070	897
1070	896
1071	896
1071	897
1073	897
1073	896
1080	896
1080	895
1081	895
1081	894
1083	894
1083	893
1084	893
1084	892
1087	892
1087	891
1088	891
1088	890
1090	890
1090	889
1091	889
1091	888
1092	888
1092	887
1093	887
1093	885
1094	885
1094	883
1095	883
1095	880
1096	880
1096	877
1097	877
1097	876
1096	876
1096	875
1097	875
1097	872
1098	872
1098	868
1099	868
1099	867
1100	867
1100	865
1101	865
1101	863
1103	863
1103	862
1104	862
1104	861
1105	861
1105	860
1106	860
1106	859
1108	859
1108	856
1109	856
1109	853
1110	853
1110	852
1111	852
1111	849
1112	849
1112	847
1111	847
1111	846
1112	846
1112	845
1113	845
1113	844
1114	844
1114	842
1115	842
1115	839
1116	839
1116	838
1117	838
1117	837
1118	837
1118	834
1119	834
1119	833
1120	833
1120	832
1122	832
1122	831
1123	831
1123	830
1124	830
1124	829
1125	829
1125	828
1127	828
1127	827
1128	827
1128	826
1129	826
1129	825
1134	825
1134	824
1136	824
1136	823
1139	823
1139	822
1143	822
1143	821
1145	821
1145	820
1152	820
1152	819
1156	819
1156	818
1157	818
1157	817
1158	817
1158	814
1159	814
1159	811
1158	811
1158	804
1157	804
1157	799
1158	799
1158	796
1157	796
1157	789
1156	789
1156	788
1157	788
1157	778
1158	778
1158	777
1159	777
1159	776
1160	776
1160	775
1161	775
1161	773
1163	773
1163	772
1164	772
1164	771
1165	771
1165	770
1166	770
1166	769
1167	769
1167	768
1168	768
1168	767
1169	767
1169	766
1170	766
1170	765
1171	765
1171	764
1173	764
1173	763
1174	763
1174	762
1175	762
1175	761
1176	761
1176	760
1178	760
1178	758
1180	758
1180	756
1181	756
1181	754
1182	754
1182	752
1183	752
1183	751
1186	751
1186	750
1187	750
1187	749
1190	749
1190	748
1191	748
1191	746
1192	746
1192	745
1194	745
1194	744
1195	744
1195	743
1196	743
1196	741
1197	741
1197	738
1198	738
1198	737
1199	737
1199	735
1200	735
1200	734
1201	734
1201	733
1202	733
1202	731
1204	731
1204	730
1205	730
1205	728
1207	728
1207	726
1208	726
1208	724
1209	724
1209	723
1210	723
1210	721
1212	721
1212	719
1214	719
1214	718
1215	718
1215	717
1217	717
1217	716
1218	716
1218	715
1220	715
1220	714
1222	714
1222	713
1223	713
1223	712
1224	712
1224	711
1225	711
1225	710
1227	710
1227	707
1228	707
1228	706
1230	706
1230	705
1232	705
1232	704
1233	704
1233	703
1234	703
1234	702
1238	702
1238	701
1240	701
1240	700
1242	700
1242	699
1244	699
1244	698
1246	698
1246	695
1247	695
1247	694
1249	694
1249	692
1250	692
1250	691
1251	691
1251	690
1252	690
1252	689
1253	689
1253	688
1254	688
1254	685
1255	685
1255	683
1256	683
1256	681
1257	681
1257	679
1258	679
1258	675
1259	675
1259	673
1260	673
1260	672
1261	672
1261	669
1262	669
1262	668
1264	668
1264	667
1263	667
1263	665
1264	665
1264	663
1265	663
1265	662
1266	662
1266	659
1267	659
1267	657
1268	657
1268	656
1269	656
1269	655
1270	655
1270	653
1272	653
1272	651
1275	651
1275	650
1277	650
1277	649
1280	649
1280	650
1281	650
1281	649
1282	649
1282	648
1285	648
1285	647
1287	647
1287	648
1288	648
1288	653
1289	653
1289	654
1290	654
1290	659
1291	659
1291	661
1292	661
1292	663
1293	663
1293	667
1294	667
1294	668
1293	668
1293	669
1294	669
1294	677
1295	677
1295	681
1294	681
1294	690
1295	690
1295	703
1296	703
1296	704
1295	704
1295	712
1296	712
1296	716
1295	716
1295	726
1294	726
1294	731
1295	731
1295	732
1294	732
1294	734
1295	734
1295	735
1294	735
1294	736
1295	736
1295	737
1296	737
1296	741
1297	741
1297	751
1298	751
1298	766
1299	766
1299	767
1298	767
1298	768
1299	768
1299	769
1300	769
1300	770
1299	770
1299	772
1300	772
1300	775
1301	775
1301	778
1302	778
1302	781
1303	781
1303	782
1304	782
1304	783
1307	783
1307	784
1310	784
1310	785
1311	785
1311	786
1312	786
1312	787
1314	787
1314	788
1315	788
1315	789
1316	789
1316	791
1317	791
1317	792
1319	792
1319	794
1320	794
1320	795
1322	795
1322	796
1337	796
1337	797
1346	797
1346	796
1349	796
1349	797
1358	797
1358	796
1364	796
1364	795
1366	795
1366	794
1372	794
1372	795
1373	795
1373	794
1374	794
1374	795
1384	795
1384	796
1390	796
1390	795
1395	795
1395	794
1400	794
1400	793
1407	793
1407	794
1413	794
1413	793
1414	793
1414	791
1415	791
1415	790
1416	790
1416	787
1417	787
1417	783
1418	783
1418	780
1419	780
1419	777
1420	777
1420	774
1421	774
1421	771
1422	771
1422	767
1423	767
1423	757
1424	757
1424	755
1425	755
1425	743
1426	743
1426	742
1425	742
1425	729
1426	729
1426	726
1427	726
1427	725
1426	725
1426	721
1427	721
1427	719
1428	719
1428	714
1429	714
1429	708
1430	708
1430	706
1431	706
1431	705
1432	705
1432	703
1433	703
1433	699
1434	699
1434	695
1435	695
1435	693
1437	693
1437	688
1438	688
1438	684
1439	684
1439	682
1440	682
1440	677
1441	677
1441	675
1443	675
1443	674
1447	674
1447	673
1453	673
1453	672
1455	672
1455	673
1456	673
1456	674
1459	674
1459	675
1461	675
1461	676
1463	676
1463	677
1476	677
1476	679
1479	679
1479	680
1482	680
1482	681
1484	681
1484	683
1486	683
1486	684
1487	684
1487	685
1493	685
1493	686
1494	686
1494	685
1497	685
1497	684
1498	684
1498	686
1499	686
1499	687
1501	687
1501	688
1502	688
1502	689
1503	689
1503	690
1504	690
1504	691
1506	691
1506	692
1507	692
1507	693
1508	693
1508	694
1509	694
1509	695
1511	695
1511	698
1512	698
1512	699
1513	699
1513	701
1514	701
1514	705
1516	705
1516	709
1517	709
1517	711
1518	711
1518	714
1519	714
1519	715
1520	715
1520	722
1522	722
1522	724
1523	724
1523	726
1522	726
1522	727
1523	727
1523	730
1524	730
1524	735
1525	735
1525	737
1526	737
1526	738
1527	738
1527	740
1528	740
1528	742
1529	742
1529	744
1530	744
1530	746
1531	746
1531	747
1532	747
1532	752
1533	752
1533	754
1534	754
1534	755
1535	755
1535	756
1538	756
1538	757
1541	757
1541	756
1583	756
1583	757
1585	757
1585	758
1587	758
1587	759
1588	759
1588	760
1590	760
1590	761
1592	761
1592	763
1594	763
1594	764
1596	764
1596	766
1597	766
1597	767
1598	767
1598	769
1599	769
1599	771
1600	771
1600	780
1601	780
1601	782
1602	782
1602	784
1603	784
1603	785
1607	785
1607	786
1612	786
1612	785
1613	785
1613	786
1617	786
1617	785
1618	785
1618	786
1621	786
1621	785
1638	785
1638	784
1648	784
1648	786
1649	786
1649	787
1650	787
1650	788
1652	788
1652	789
1653	789
1653	790
1654	790
1654	791
1655	791
1655	792
1656	792
1656	793
1657	793
1657	794
1658	794
1658	795
1659	795
1659	796
1660	796
1660	798
1661	798
1661	803
1662	803
1662	809
1664	809
1664	812
1665	812
1665	813
1666	813
1666	815
1667	815
1667	816
1668	816
1668	819
1669	819
1669	823
1670	823
1670	831
1671	831
1671	833
1670	833
1670	834
1671	834
1671	835
1670	835
1670	836
1671	836
1671	842
1670	842
1670	845
1669	845
1669	850
1668	850
1668	862
1667	862
1667	866
1668	866
1668	867
1667	867
1667	873
1668	873
1668	883
1669	883
1669	893
1670	893
1670	901
1671	901
1671	906
1672	906
1672	910
1673	910
1673	911
1674	911
1674	912
1675	912
1675	913
1681	913
1681	912
1686	912
1686	913
1688	913
1688	912
1691	912
1691	913
1697	913
1697	914
1701	914
1701	913
1706	913
1706	912
1713	912
1713	911
1716	911
1716	910
1727	910
1727	911
1729	911
1729	910
1731	910
1731	911
1744	911
1744	910
1748	910
1748	909
1753	909
1753	908
1756	908
1756	906
1757	906
1757	905
1760	905
1760	904
1761	904
1761	902
1762	902
1762	901
1763	901
1763	900
1765	900
1765	899
1766	899
1766	898
1767	898
1767	897
1769	897
1769	896
1771	896
1771	895
1772	895
1772	894
1773	894
1773	893
1775	893
1775	892
1778	892
1778	891
1781	891
1781	890
1782	890
1782	889
1784	889
1784	888
1793	888
1793	887
1795	887
1795	886
1797	886
1797	885
1799	885
1799	884
1801	884
1801	883
1803	883
1803	882
1807	882
1807	881
1809	881
1809	880
1813	880
1813	879
1814	879
1814	878
1816	878
1816	877
1817	877
1817	875
1818	875
1818	873
1820	873
1820	871
1821	871
1821	870
1822	870
1822	869
1824	869
1824	868
1825	868
1825	865
1826	865
1826	864
1828	864
1828	862
1829	862
1829	847
1828	847
1828	833
1827	833
1827	824
1826	824
1826	817
1827	817
1827	807
1828	807
1828	804
1829	804
1829	800
1830	800
1830	799
1831	799
1831	798
1832	798
1832	796
1833	796
1833	795
1834	795
1834	794
1835	794
1835	793
1834	793
1834	791
1835	791
1835	789
1836	789
1836	786
1837	786
1837	785
1838	785
1838	784
1839	784
1839	783
1840	783
1840	778
1841	778
1841	775
1842	775
1842	769
1843	769
1843	761
1842	761
1842	756
1841	756
1841	750
1840	750
1840	748
1839	748
1839	746
1838	746
1838	744
1837	744
1837	741
1836	741
1836	737
1835	737
1835	733
1834	733
1834	732
1835	732
1835	727
1834	727
1834	714
1833	714
1833	710
1834	710
1834	707
1833	707
1833	706
1832	706
1832	687
1833	687
1833	685
1834	685
1834	684
1833	684
1833	682
1834	682
1834	678
1835	678
1835	677
1837	677
1837	676
1838	676
1838	675
1839	675
1839	674
1841	674
1841	672
1842	672
1842	669
1843	669
1843	667
1842	667
1842	665
1843	665
1843	663
1844	663
1844	660
1845	660
1845	659
1847	659
1847	658
1848	658
1848	657
1851	657
1851	656
1854	656
1854	657
1855	657
1855	656
1862	656
1862	655
1863	655
1863	656
1864	656
1864	655
1866	655
1866	656
1867	656
1867	655
1868	655
1868	656
1872	656
1872	655
1881	655
1881	654
1888	654
1888	653
1889	653
1889	654
1890	654
1890	653
1892	653
1892	654
1899	654
1899	653
1903	653
1903	654
1909	654
1909	653
1914	653
1914	652
1916	652
1916	651
1919	651
1919	650
1921	650
1921	651
1926	651
1926	652
1927	652
1927	651
1929	651
1929	649
1933	649
1933	648
1935	648
1935	647
1937	647
1937	648
1938	648
1938	647
1940	647
1940	646
1941	646
1941	647
1943	647
1943	646
1944	646
1944	647
1948	647
1948	646
1950	646
1950	647
1952	647
1952	646
1961	646
1961	647
1970	647
1970	648
1976	648
1976	649
1977	649
1977	650
1980	650
1980	649
1981	649
1981	650
1986	650
1986	649
1987	649
1987	650
1989	650
1989	649
1998	649
1998	648
2001	648
2001	647
2002	647
2002	648
2011	648
2011	651
2012	651
2012	653
2011	653
2011	655
2010	655
2010	656
2011	656
2011	657
2012	657
2012	658
2013	658
2013	659
2014	659
2014	663
2015	663
2015	666
2016	666
2016	667
2017	667
2017	669
2018	669
2018	670
2017	670
2017	673
2018	673
2018	676
2019	676
2019	679
2020	679
2020	687
2021	687
2021	688
2022	688
2022	689
2025	689
2025	688
2030	688
2030	689
2031	689
2031	688
2033	688
2033	689
2035	689
2035	690
2036	690
2036	691
2037	691
2037	692
2039	692
2039	693
2040	693
2040	694
2041	694
2041	695
2042	695
2042	696
2044	696
2044	698
2045	698
2045	699
2046	699
2046	701
2047	701
2047	702
2049	702
2049	703
2050	703
2050	704
2051	704
2051	706
2052	706
2052	707
2053	707
2053	708
2054	708
2054	709
2055	709
2055	710
2056	710
2056	712
2057	712
2057	713
2062	713
2062	712
2063	712
2063	713
2066	713
2066	712
2069	712
2069	713
2070	713
2070	712
2072	712
2072	711
2076	711
2076	710
2077	710
2077	711
2081	711
2081	710
2083	710
2083	709
2085	709
2085	708
2087	708
2087	709
2088	709
2088	710
2089	710
2089	712
2090	712
2090	714
2091	714
2091	715
2092	715
2092	717
2093	717
2093	721
2094	721
2094	724
2095	724
2095	726
2094	726
2094	727
2095	727
2095	728
2094	728
2094	734
2095	734
2095	740
2096	740
2096	743
2097	743
2097	750
2098	750
2098	752
2097	752
2097	754
2098	754
2098	756
2099	756
2099	764
2100	764
2100	766
2101	766
2101	769
2102	769
2102	774
2103	774
2103	775
2104	775
2104	776
2111	776
2111	777
2114	777
2114	778
2116	778
2116	779
2119	779
2119	780
2121	780
2121	781
2122	781
2122	782
2123	782
2123	783
2124	783
2124	784
2126	784
2126	785
2127	785
2127	787
2128	787
2128	788
2131	788
2131	789
2139	789
2139	790
2141	790
2141	791
2143	791
2143	790
2145	790
2145	791
2146	791
2146	792
2154	792
2154	793
2160	793
2160	794
2171	794
2171	793
2172	793
2172	794
2181	794
2181	793
2186	793
2186	794
2188	794
2188	793
2193	793
2193	794
2197	794
2197	792
2199	792
2199	791
2201	791
2201	790
2206	790
2206	789
2207	789
2207	788
2208	788
2208	789
2210	789
2210	788
2212	788
2212	787
2216	787
2216	786
2218	786
2218	785
2219	785
2219	784
2221	784
2221	783
2223	783
2223	782
2226	782
2226	781
2227	781
2227	780
2229	780
2229	779
2230	779
2230	777
2231	777
2231	776
2232	776
2232	774
2233	774
2233	772
2234	772
2234	769
2235	769
2235	768
2236	768
2236	767
2237	767
2237	764
2238	764
2238	761
2239	761
2239	759
2240	759
2240	757
2241	757
2241	756
2242	756
2242	753
2243	753
2243	751
2244	751
2244	749
2245	749
2245	736
2246	736
2246	734
2245	734
2245	723
2244	723
2244	719
2243	719
2243	717
2244	717
2244	716
2243	716
2243	713
2244	713
2244	711
2243	711
2243	709
2242	709
2242	703
2243	703
2243	702
2242	702
2242	699
2241	699
2241	690
2240	690
2240	687
2239	687
2239	684
2240	684
2240	683
2239	683
2239	675
2238	675
2238	672
2239	672
2239	671
2238	671
2238	663
2239	663
2239	661
2240	661
2240	658
2241	658
2241	657
2242	657
2242	656
2243	656
2243	655
2246	655
2246	652
2247	652
2247	651
2248	651
2248	650
2249	650
2249	648
2250	648
2250	647
2252	647
2252	646
2254	646
2254	644
2255	644
2255	643
2256	643
2256	642
2257	642
2257	641
2258	641
2258	639
2259	639
2259	637
2261	637
2261	635
2262	635
2262	632
2261	632
2261	627
2262	627
2262	625
2263	625
2263	624
2264	624
2264	622
2265	622
2265	620
2266	620
2266	618
2267	618
2267	617
2269	617
2269	616
2268	616
2268	613
2269	613
2269	610
2270	610
2270	609
2269	609
2269	606
2270	606
2270	605
2271	605
2271	597
2270	597
2270	596
2271	596
2271	589
2272	589
2272	587
2271	587
2271	583
2272	583
2272	579
2273	579
2273	566
2272	566
2272	564
2273	564
2273	559
2274	559
2274	557
2275	557
2275	555
2274	555
2274	542
2273	542
2273	537
2274	537
2274	534
2273	534
2273	533
2274	533
2274	531
2275	531
2275	528
2276	528
2276	527
2277	527
2277	524
2278	524
2278	523
2279	523
2279	520
2280	520
2280	519
2281	519
2281	518
2282	518
2282	514
2283	514
2283	513
2284	513
2284	511
2283	511
2283	510
2284	510
2284	508
2285	508
2285	505
2286	505
2286	499
2285	499
2285	496
2286	496
2286	494
2285	494
2285	492
2286	492
2286	490
2287	490
2287	486
2286	486
2286	485
2285	485
2285	484
2287	484
2287	483
2288	483
2288	479
2287	479
2287	477
2286	477
2286	475
2287	475
2287	473
2286	473
2286	472
2285	472
2285	468
2284	468
2284	466
2283	466
2283	465
2282	465
2282	464
2283	464
2283	463
2282	463
2282	462
2281	462
2281	461
2280	461
2280	459
2279	459
2279	457
2278	457
2278	454
2277	454
2277	452
2276	452
2276	451
2275	451
2275	449
2274	449
2274	448
2275	448
2275	443
2279	443
2279	444
2280	444
2280	443
2279	443
2279	442
2280	442
2280	441
2283	441
2283	437
2286	437
2286	439
2287	439
2287	444
2288	444
2288	445
2289	445
2289	448
2290	448
2290	451
2291	451
2291	457
2292	457
2292	462
2293	462
2293	463
2294	463
2294	466
2295	466
2295	467
2296	467
2296	472
2297	472
2297	478
2296	478
2296	483
2297	483
2297	484
2298	484
2298	485
2299	485
2299	486
2300	486
2300	485
2301	485
2301	486
2302	486
2302	485
2316	485
2316	484
2318	484
2318	483
2322	483
2322	482
2324	482
2324	483
2328	483
2328	482
2334	482
2334	481
2336	481
2336	480
2337	480
2337	479
2342	479
2342	478
2345	478
2345	477
2347	477
2347	476
2348	476
2348	475
2351	475
2351	474
2359	474
2359	475
2360	475
2360	476
2361	476
2361	477
2362	477
2362	478
2363	478
2363	479
2364	479
2364	480
2365	480
2365	481
2366	481
2366	480
2373	480
2373	481
2377	481
2377	480
2379	480
2379	481
2380	481
2380	482
2383	482
2383	483
2384	483
2384	484
2385	484
2385	486
2387	486
2387	488
2388	488
2388	491
2389	491
2389	492
2390	492
2390	493
2391	493
2391	494
2392	494
2392	495
2393	495
2393	496
2394	496
2394	497
2395	497
2395	500
2396	500
2396	501
2397	501
2397	503
2399	503
2399	504
2401	504
2401	505
2412	505
2412	504
2414	504
2414	505
2422	505
2422	506
2424	506
2424	507
2427	507
2427	508
2429	508
2429	509
2430	509
2430	515
2431	515
2431	522
2432	522
2432	530
2433	530
2433	533
2432	533
2432	534
2433	534
2433	536
2434	536
2434	537
2435	537
2435	538
2440	538
2440	539
2442	539
2442	538
2468	538
2468	537
2469	537
2469	536
2471	536
2471	534
2472	534
2472	533
2473	533
2473	532
2474	532
2474	531
2475	531
2475	529
2476	529
2476	527
2477	527
2477	526
2478	526
2478	524
2479	524
2479	521
2480	521
2480	516
2481	516
2481	508
2482	508
2482	507
2481	507
2481	503
2480	503
2480	500
2481	500
2481	499
2480	499
2480	496
2481	496
2481	492
2482	492
2482	491
2483	491
2483	488
2484	488
2484	487
2485	487
2485	486
2486	486
2486	485
2487	485
2487	481
2488	481
2488	478
2489	478
2489	475
2491	475
2491	474
2492	474
2492	473
2493	473
2493	472
2494	472
2494	471
2495	471
2495	469
2496	469
2496	468
2497	468
2497	467
2499	467
2499	466
2501	466
2501	465
2502	465
2502	464
2504	464
2504	463
2505	463
2505	462
2506	462
2506	461
2507	461
2507	460
2510	460
2510	458
2513	458
2513	457
2514	457
2514	456
2515	456
2515	455
2518	455
2518	454
2520	454
2520	453
2522	453
2522	451
2523	451
2523	445
2524	445
2524	440
2525	440
2525	439
2526	439
2526	436
2527	436
2527	431
2528	431
2528	426
2529	426
2529	425
2530	425
2530	424
2529	424
2529	422
2531	422
2531	419
2532	419
2532	416
2533	416
2533	415
2534	415
2534	414
2535	414
2535	411
2536	411
2536	407
2537	407
2537	405
2538	405
2538	404
2539	404
2539	402
2540	402
2540	399
2541	399
2541	397
2542	397
2542	395
2543	395
2543	393
2545	393
2545	392
2546	392
2546	391
2547	391
2547	389
2546	389
2546	390
2545	390
2545	387
2546	387
2546	388
2547	388
2547	387
2548	387
2548	383
2549	383
2549	382
2550	382
2550	380
2551	380
2551	378
2552	378
2552	376
2553	376
2553	374
2555	374
2555	373
2554	373
2554	372
2553	372
2553	371
2554	371
2554	367
2553	367
2553	365
2552	365
2552	363
2554	363
2554	356
2555	356
2555	354
2556	354
2556	353
2555	353
2555	351
2556	351
2556	349
2555	349
2555	346
2556	346
2556	341
2555	341
2555	337
2554	337
2554	335
2553	335
2553	334
2552	334
2552	333
2551	333
2551	329
2550	329
2550	325
2549	325
2549	322
2550	322
2550	321
2549	321
2549	319
2550	319
2550	317
2551	317
2551	311
2552	311
2552	308
2553	308
2553	306
2554	306
2554	302
2555	302
2555	293
2554	293
2554	291
2552	291
2552	289
2551	289
2551	285
2550	285
2550	284
2551	284
2551	283
2550	283
2550	279
2549	279
2549	275
2548	275
2548	269
2547	269
2547	265
2546	265
2546	264
2545	264
2545	253
2544	253
2544	251
2542	251
2542	249
2543	249
2543	246
2542	246
2542	243
2541	243
2541	242
2540	242
2540	236
2541	236
2541	231
2542	231
2542	230
2543	230
2543	228
2544	228
2544	226
2545	226
2545	223
2546	223
2546	221
2548	221
2548	220
2549	220
2549	219
2552	219
2552	218
2553	218
2553	217
2554	217
2554	216
2555	216
2555	215
2557	215
2557	212
2558	212
2558	211
2563	211
2563	215
2564	215
2564	218
2565	218
2565	219
2566	219
2566	220
2568	220
2568	221
2569	221
2569	220
2587	220
2587	221
2588	221
2588	220
2592	220
2592	221
2593	221
2593	222
2594	222
2594	223
2595	223
2595	225
2596	225
2596	227
2597	227
2597	230
2598	230
2598	231
2608	231
2608	232
2609	232
2609	233
2610	233
2610	235
2611	235
2611	237
2612	237
2612	239
2613	239
2613	244
2612	244
2612	245
2613	245
2613	247
2617	247
2617	255
2618	255
2618	256
2617	256
2617	262
2618	262
2618	263
2617	263
2617	265
2618	265
2618	266
2619	266
2619	267
2620	267
2620	271
2621	271
2621	272
2620	272
2620	276
2621	276
2621	277
2622	277
2622	285
2621	285
2621	287
2620	287
2620	288
2621	288
2621	291
2622	291
2622	292
2624	292
2624	293
2638	293
2638	294
2640	294
2640	295
2642	295
2642	296
2643	296
2643	300
2642	300
2642	306
2643	306
2643	309
2642	309
2642	310
2643	310
2643	314
2644	314
2644	327
2643	327
2643	341
2644	341
2644	342
2643	342
2643	344
2644	344
2644	349
2645	349
2645	354
2646	354
2646	356
2647	356
2647	357
2648	357
2648	359
2650	359
2650	360
2657	360
2657	359
2658	359
2658	360
2682	360
2682	359
2685	359
2685	358
2686	358
2686	357
2687	357
2687	356
2688	356
2688	355
2689	355
2689	352
2690	352
2690	350
2691	350
2691	348
2692	348
2692	346
2693	346
2693	344
2694	344
2694	339
2695	339
2695	337
2696	337
2696	334
2697	334
2697	331
2698	331
2698	329
2699	329
2699	326
2700	326
2700	325
2701	325
2701	324
2702	324
2702	321
2703	321
2703	319
2704	319
2704	318
2705	318
2705	314
2706	314
2706	313
2707	313
2707	311
2708	311
2708	309
2709	309
2709	308
2711	308
2711	307
2714	307
2714	306
2715	306
2715	305
2716	305
2716	304
2719	304
2719	303
2722	303
2722	302
2723	302
2723	301
2725	301
2725	300
2727	300
2727	299
2729	299
2729	300
2731	300
2731	299
2733	299
2733	301
2734	301
2734	299
2736	299
2736	300
2737	300
2737	299
2740	299
2740	298
2743	298
2743	299
2745	299
2745	298
2748	298
2748	297
2751	297
2751	296
2752	296
2752	294
2754	294
2754	293
2755	293
2755	291
2756	291
2756	290
2757	290
2757	289
2758	289
2758	288
2759	288
2759	287
2760	287
2760	286
2762	286
2762	284
2763	284
2763	282
2765	282
2765	281
2767	281
2767	278
2768	278
2768	277
2769	277
2769	276
2770	276
2770	275
2772	275
2772	279
2773	279
2773	280
2774	280
2774	279
2773	279
2773	271
2775	271
2775	269
2776	269
2776	268
2777	268
2777	267
2778	267
2778	266
2779	266
2779	264
2780	264
2780	263
2781	263
2781	260
2782	260
2782	258
2783	258
2783	256
2784	256
2784	253
2785	253
2785	251
2786	251
2786	249
2787	249
2787	247
2788	247
2788	235
2787	235
2787	231
2788	231
2788	222
2789	222
2789	219
2790	219
2790	218
2791	218
2791	215
2792	215
2792	214
2793	214
2793	213
2794	213
2794	212
2795	212
2795	211
2796	211
2796	209
2797	209
2797	207
2798	207
2798	206
2799	206
2799	204
2800	204
2800	203
2799	203
2799	198
2798	198
2798	194
2800	194
2800	193
2801	193
2801	192
2802	192
2802	191
2804	191
2804	190
2805	190
2805	189
2806	189
2806	187
2807	187
2807	185
2808	185
2808	184
2809	184
2809	183
2811	183
2811	182
2818	182
2818	183
2819	183
2819	184
2820	184
2820	185
2822	185
2822	186
2829	186
2829	187
2830	187
2830	183
2831	183
2831	181
2830	181
2830	177
2829	177
2829	176
2827	176
2827	175
2825	175
2825	176
2820	176
2820	175
2818	175
2818	174
2817	174
2817	173
2816	173
2816	172
2814	172
2814	171
2812	171
2812	172
2810	172
2810	173
2809	173
2809	174
2807	174
2807	175
2805	175
2805	177
2803	177
2803	178
2802	178
2802	179
2801	179
2801	181
2800	181
2800	183
2798	183
2798	184
2797	184
2797	185
2795	185
2795	186
2794	186
2794	187
2793	187
2793	188
2792	188
2792	191
2791	191
2791	195
2790	195
2790	197
2789	197
2789	198
2790	198
2790	206
2789	206
2789	207
2788	207
2788	208
2786	208
2786	209
2785	209
2785	211
2784	211
2784	213
2783	213
2783	216
2782	216
2782	218
2781	218
2781	222
2780	222
2780	228
2779	228
2779	240
2780	240
2780	246
2779	246
2779	248
2778	248
2778	251
2777	251
2777	252
2776	252
2776	255
2774	255
2774	257
2773	257
2773	259
2772	259
2772	260
2771	260
2771	262
2770	262
2770	263
2768	263
2768	265
2767	265
2767	267
2765	267
2765	268
2766	268
2766	269
2765	269
2765	270
2763	270
2763	271
2762	271
2762	273
2761	273
2761	274
2759	274
2759	277
2757	277
2757	278
2755	278
2755	279
2754	279
2754	280
2752	280
2752	281
2751	281
2751	283
2750	283
2750	285
2749	285
2749	286
2747	286
2747	288
2746	288
2746	289
2742	289
2742	290
2739	290
2739	289
2729	289
2729	288
2728	288
2728	290
2727	290
2727	291
2724	291
2724	292
2723	292
2723	293
2720	293
2720	294
2717	294
2717	295
2713	295
2713	296
2711	296
2711	297
2710	297
2710	298
2708	298
2708	300
2707	300
2707	301
2705	301
2705	303
2702	303
2702	305
2701	305
2701	307
2699	307
2699	311
2698	311
2698	312
2697	312
2697	314
2696	314
2696	316
2695	316
2695	317
2694	317
2694	320
2693	320
2693	323
2692	323
2692	326
2691	326
2691	328
2690	328
2690	331
2689	331
2689	333
2688	333
2688	334
2687	334
2687	338
2686	338
2686	340
2685	340
2685	344
2683	344
2683	343
2682	343
2682	345
2684	345
2684	346
2683	346
2683	348
2682	348
2682	349
2681	349
2681	350
2680	350
2680	351
2672	351
2672	350
2670	350
2670	351
2669	351
2669	350
2666	350
2666	351
2655	351
2655	350
2654	350
2654	351
2652	351
2652	350
2651	350
2651	346
2650	346
2650	345
2649	345
2649	339
2650	339
2650	338
2649	338
2649	335
2650	335
2650	334
2649	334
2649	329
2650	329
2650	323
2651	323
2651	322
2652	322
2652	318
2651	318
2651	315
2650	315
2650	313
2649	313
2649	303
2650	303
2650	300
2651	300
2651	293
2650	293
2650	291
2649	291
2649	289
2647	289
2647	287
2646	287
2646	286
2644	286
2644	285
2641	285
2641	284
2640	284
2640	283
2638	283
2638	284
2636	284
2636	283
2628	283
2628	281
2629	281
2629	279
2628	279
2628	278
2629	278
2629	275
2628	275
2628	272
2627	272
2627	266
2626	266
2626	263
2625	263
2625	260
2626	260
2626	259
2625	259
2625	244
2626	244
2626	243
2625	243
2625	242
2624	242
2624	241
2623	241
2623	239
2622	239
2622	238
2620	238
2620	237
2619	237
2619	236
2618	236
2618	233
2616	233
2616	232
2615	232
2615	230
2614	230
2614	229
2616	229
2616	227
2615	227
2615	224
2614	224
2614	222
2612	222
2612	221
2611	221
2611	222
2609	222
2609	221
2604	221
2604	218
2603	218
2603	217
2602	217
2602	216
2601	216
2601	215
2599	215
2599	214
2598	214
2598	213
2597	213
2597	212
2596	212
2596	211
2594	211
2594	210
2592	210
2592	209
2572	209
2572	208
2571	208
2571	204
2570	204
2570	203
2568	203
2568	202
2567	202
2567	201
2565	201
2565	200
2560	200
2560	201
2558	201
2558	202
2556	202
2556	203
2554	203
2554	204
2553	204
2553	205
2552	205
2552	207
2551	207
2551	208
2550	208
2550	209
2548	209
2548	210
2547	210
2547	211
2545	211
2545	212
2544	212
2544	213
2542	213
2542	214
2541	214
2541	215
2539	215
2539	217
2538	217
2538	221
2536	221
2536	224
2535	224
2535	228
2534	228
2534	229
2533	229
2533	237
2532	237
2532	240
2531	240
2531	241
2532	241
2532	245
2533	245
2533	249
2534	249
2534	251
2535	251
2535	252
2536	252
2536	260
2535	260
2535	263
2536	263
2536	268
2537	268
2537	271
2536	271
2536	272
2535	272
2535	277
2536	277
2536	273
2537	273
2537	271
2538	271
2538	273
2539	273
2539	277
2538	277
2538	279
2539	279
2539	278
2540	278
2540	280
2541	280
2541	283
2540	283
2540	282
2539	282
2539	281
2538	281
2538	280
2537	280
2537	281
2538	281
2538	282
2539	282
2539	283
2540	283
2540	284
2541	284
2541	286
2542	286
2542	288
2541	288
2541	290
2542	290
2542	293
2544	293
2544	295
2545	295
2545	296
2546	296
2546	300
2545	300
2545	303
2546	303
2546	304
2545	304
2545	307
2544	307
2544	310
2543	310
2543	312
2542	312
2542	316
2541	316
2541	317
2542	317
2542	318
2541	318
2541	328
2542	328
2542	334
2543	334
2543	335
2544	335
2544	338
2545	338
2545	339
2546	339
2546	342
2547	342
2547	343
2546	343
2546	344
2547	344
2547	353
2546	353
2546	359
2545	359
2545	361
2544	361
2544	362
2545	362
2545	367
2546	367
2546	370
2545	370
2545	372
2544	372
2544	374
2545	374
2545	375
2544	375
2544	376
2543	376
2543	377
2540	377
2540	376
2539	376
2539	377
2540	377
2540	378
2541	378
2541	380
2540	380
2540	381
2539	381
2539	384
2538	384
2538	385
2537	385
2537	388
2536	388
2536	389
2535	389
2535	392
2534	392
2534	394
2533	394
2533	396
2532	396
2532	397
2530	397
2530	398
2531	398
2531	402
2530	402
2530	403
2529	403
2529	406
2528	406
2528	408
2527	408
2527	410
2526	410
2526	412
2525	412
2525	415
2524	415
2524	417
2523	417
2523	419
2522	419
2522	422
2521	422
2521	424
2520	424
2520	427
2519	427
2519	428
2520	428
2520	429
2519	429
2519	431
2518	431
2518	435
2517	435
2517	439
2516	439
2516	443
2515	443
2515	445
2514	445
2514	446
2511	446
2511	447
2509	447
2509	448
2507	448
2507	450
2505	450
2505	452
2504	452
2504	453
2503	453
2503	454
2500	454
2500	455
2499	455
2499	456
2497	456
2497	458
2495	458
2495	459
2494	459
2494	460
2493	460
2493	461
2492	461
2492	462
2491	462
2491	463
2488	463
2488	465
2486	465
2486	466
2485	466
2485	467
2484	467
2484	468
2483	468
2483	469
2482	469
2482	470
2481	470
2481	473
2480	473
2480	478
2479	478
2479	479
2478	479
2478	482
2477	482
2477	483
2478	483
2478	484
2476	484
2476	486
2475	486
2475	487
2474	487
2474	491
2473	491
2473	492
2472	492
2472	494
2471	494
2471	495
2472	495
2472	497
2471	497
2471	499
2472	499
2472	500
2471	500
2471	501
2472	501
2472	506
2473	506
2473	509
2474	509
2474	511
2473	511
2473	515
2472	515
2472	519
2471	519
2471	521
2470	521
2470	523
2469	523
2469	525
2468	525
2468	526
2466	526
2466	527
2465	527
2465	528
2463	528
2463	527
2462	527
2462	528
2450	528
2450	529
2449	529
2449	528
2441	528
2441	529
2440	529
2440	528
2439	528
2439	527
2438	527
2438	524
2439	524
2439	523
2438	523
2438	520
2437	520
2437	517
2438	517
2438	515
2437	515
2437	513
2438	513
2438	508
2437	508
2437	504
2436	504
2436	502
2435	502
2435	501
2434	501
2434	500
2432	500
2432	499
2427	499
2427	498
2423	498
2423	497
2417	497
2417	496
2406	496
2406	495
2404	495
2404	494
2403	494
2403	493
2400	493
2400	492
2398	492
2398	490
2399	490
2399	489
2398	489
2398	488
2397	488
2397	487
2396	487
2396	486
2395	486
2395	485
2394	485
2394	482
2392	482
2392	481
2391	481
2391	480
2390	480
2390	478
2389	478
2389	477
2388	477
2388	476
2386	476
2386	475
2385	475
2385	474
2384	474
2384	473
2382	473
2382	472
2381	472
2381	471
2378	471
2378	470
2376	470
2376	471
2371	471
2371	470
2365	470
2365	469
2363	469
2363	468
2362	468
2362	467
2361	467
2361	465
2360	465
2360	464
2352	464
2352	465
2349	465
2349	466
2344	466
2344	467
2343	467
2343	468
2342	468
2342	470
2335	470
2335	471
2334	471
2334	472
2331	472
2331	473
2325	473
2325	474
2321	474
2321	475
2314	475
2314	476
2313	476
2313	477
2312	477
2312	476
2304	476
2304	473
2303	473
2303	465
2302	465
2302	464
2301	464
2301	458
2300	458
2300	457
2299	457
2299	452
2298	452
2298	450
2297	450
2297	444
2296	444
2296	439
2295	439
2295	438
2294	438
2294	435
2295	435
2295	427
2296	427
2296	425
2297	425
2297	423
2298	423
2298	422
2297	422
2297	417
2296	417
2296	415
2295	415
2295	413
2294	413
2294	412
2293	412
2293	411
2290	411
2290	412
2287	412
2287	417
2285	417
2285	419
2284	419
2284	421
2282	421
2282	423
2283	423
2283	424
2281	424
2281	428
2279	428
2279	429
2278	429
2278	431
2277	431
2277	429
2274	429
2274	428
2270	428
2270	429
2269	429
2269	432
2268	432
2268	433
2269	433
2269	437
2268	437
2268	439
2267	439
2267	442
2266	442
2266	444
2267	444
2267	447
2266	447
2266	449
2267	449
2267	451
2266	451
2266	452
2267	452
2267	453
2268	453
2268	455
2269	455
2269	460
2270	460
2270	461
2269	461
2269	463
2270	463
2270	464
2271	464
2271	466
2272	466
2272	467
2273	467
2273	468
2274	468
2274	469
2275	469
2275	471
2276	471
2276	472
2275	472
2275	473
2276	473
2276	474
2277	474
2277	478
2278	478
2278	481
2279	481
2279	484
2278	484
2278	493
2277	493
2277	494
2278	494
2278	503
2277	503
2277	505
2276	505
2276	509
2275	509
2275	510
2274	510
2274	513
2273	513
2273	515
2272	515
2272	519
2271	519
2271	521
2270	521
2270	523
2269	523
2269	527
2268	527
2268	528
2269	528
2269	529
2268	529
2268	530
2267	530
2267	531
2266	531
2266	540
2267	540
2267	542
2266	542
2266	545
2267	545
2267	546
2266	546
2266	562
2265	562
2265	563
2266	563
2266	572
2265	572
2265	579
2264	579
2264	603
2262	603
2262	608
2261	608
2261	609
2262	609
2262	611
2261	611
2261	613
2260	613
2260	615
2259	615
2259	616
2258	616
2258	615
2257	615
2257	616
2258	616
2258	617
2257	617
2257	620
2256	620
2256	621
2255	621
2255	623
2253	623
2253	627
2252	627
2252	630
2251	630
2251	635
2250	635
2250	637
2249	637
2249	638
2246	638
2246	641
2244	641
2244	642
2243	642
2243	643
2242	643
2242	645
2240	645
2240	647
2239	647
2239	648
2237	648
2237	649
2235	649
2235	651
2234	651
2234	652
2233	652
2233	654
2232	654
2232	658
2231	658
2231	668
2230	668
2230	672
2231	672
2231	681
2232	681
2232	683
2231	683
2231	687
2232	687
2232	689
2233	689
2233	695
2234	695
2234	702
2235	702
2235	707
2236	707
2236	708
2235	708
2235	709
2236	709
2236	716
2237	716
2237	719
2236	719
2236	721
2237	721
2237	722
2238	722
2238	725
2237	725
2237	727
2238	727
2238	743
2237	743
2237	744
2238	744
2238	746
2237	746
2237	748
2236	748
2236	749
2235	749
2235	753
2234	753
2234	755
2233	755
2233	756
2232	756
2232	759
2231	759
2231	763
2230	763
2230	765
2229	765
2229	767
2228	767
2228	768
2226	768
2226	771
2225	771
2225	772
2224	772
2224	773
2223	773
2223	774
2222	774
2222	775
2220	775
2220	776
2219	776
2219	777
2218	777
2218	778
2214	778
2214	779
2210	779
2210	780
2208	780
2208	781
2206	781
2206	782
2204	782
2204	783
2197	783
2197	784
2195	784
2195	785
2169	785
2169	784
2168	784
2168	783
2167	783
2167	784
2163	784
2163	785
2162	785
2162	784
2161	784
2161	783
2160	783
2160	784
2154	784
2154	783
2152	783
2152	782
2151	782
2151	783
2148	783
2148	782
2144	782
2144	781
2139	781
2139	780
2137	780
2137	779
2134	779
2134	778
2132	778
2132	779
2127	779
2127	778
2125	778
2125	777
2124	777
2124	776
2121	776
2121	774
2120	774
2120	773
2119	773
2119	772
2118	772
2118	771
2117	771
2117	770
2116	770
2116	769
2114	769
2114	768
2112	768
2112	767
2109	767
2109	766
2108	766
2108	765
2107	765
2107	764
2108	764
2108	762
2107	762
2107	757
2106	757
2106	755
2105	755
2105	750
2104	750
2104	749
2103	749
2103	745
2104	745
2104	742
2103	742
2103	736
2102	736
2102	734
2101	734
2101	733
2102	733
2102	731
2101	731
2101	730
2102	730
2102	728
2103	728
2103	726
2102	726
2102	721
2101	721
2101	715
2100	715
2100	712
2099	712
2099	710
2098	710
2098	708
2097	708
2097	706
2096	706
2096	704
2095	704
2095	702
2094	702
2094	700
2093	700
2093	699
2091	699
2091	700
2090	700
2090	699
2086	699
2086	698
2085	698
2085	699
2083	699
2083	700
2081	700
2081	701
2079	701
2079	702
2076	702
2076	703
2074	703
2074	702
2073	702
2073	703
2072	703
2072	704
2061	704
2061	703
2060	703
2060	702
2058	702
2058	700
2057	700
2057	699
2056	699
2056	698
2055	698
2055	697
2054	697
2054	696
2053	696
2053	694
2052	694
2052	693
2051	693
2051	692
2049	692
2049	691
2048	691
2048	690
2046	690
2046	689
2044	689
2044	688
2043	688
2043	687
2042	687
2042	686
2041	686
2041	683
2043	683
2043	682
2041	682
2041	683
2040	683
2040	684
2038	684
2038	683
2037	683
2037	682
2035	682
2035	681
2034	681
2034	680
2033	680
2033	679
2030	679
2030	678
2028	678
2028	677
2027	677
2027	676
2025	676
2025	675
2026	675
2026	674
2025	674
2025	668
2024	668
2024	667
2025	667
2025	666
2024	666
2024	665
2023	665
2023	662
2022	662
2022	660
2021	660
2021	655
2020	655
2020	649
2019	649
2019	647
2022	647
2022	648
2023	648
2023	647
2025	647
2025	648
2030	648
2030	649
2031	649
2031	647
2033	647
2033	649
2035	649
2035	650
2037	650
2037	649
2036	649
2036	648
2035	648
2035	647
2033	647
2033	646
2034	646
2034	641
2033	641
2033	638
2030	638
2030	639
2019	639
2019	640
2018	640
2018	639
2010	639
2010	638
2006	638
2006	639
2001	639
2001	638
2000	638
2000	639
1996	639
1996	638
1993	638
1993	639
1983	639
1983	640
1978	640
1978	641
1977	641
1977	640
1973	640
1973	639
1968	639
1968	638
1952	638
1952	639
1949	639
1949	638
1947	638
1947	639
1944	639
1944	638
1940	638
1940	639
1930	639
1930	640
1929	640
1929	641
1928	641
1928	640
1925	640
1925	641
1921	641
1921	642
1911	642
1911	643
1908	643
1908	644
1907	644
1907	645
1906	645
1906	644
1904	644
1904	643
1902	643
1902	644
1900	644
1900	643
1898	643
1898	644
1897	644
1897	643
1895	643
1895	644
1894	644
1894	643
1891	643
1891	644
1889	644
1889	643
1887	643
1887	644
1886	644
1886	645
1882	645
1882	644
1879	644
1879	645
1873	645
1873	646
1870	646
1870	647
1869	647
1869	646
1858	646
1858	647
1856	647
1856	646
1848	646
1848	647
1846	647
1846	648
1843	648
1843	649
1841	649
1841	650
1840	650
1840	651
1839	651
1839	652
1837	652
1837	653
1836	653
1836	657
1835	657
1835	658
1836	658
1836	660
1835	660
1835	663
1834	663
1834	666
1833	666
1833	668
1831	668
1831	669
1830	669
1830	670
1828	670
1828	671
1827	671
1827	673
1826	673
1826	681
1825	681
1825	685
1824	685
1824	690
1823	690
1823	701
1824	701
1824	709
1825	709
1825	712
1826	712
1826	715
1825	715
1825	716
1826	716
1826	724
1827	724
1827	727
1826	727
1826	736
1827	736
1827	738
1826	738
1826	741
1828	741
1828	744
1829	744
1829	745
1830	745
1830	746
1831	746
1831	749
1832	749
1832	750
1833	750
1833	753
1834	753
1834	756
1835	756
1835	758
1834	758
1834	759
1835	759
1835	768
1834	768
1834	771
1833	771
1833	777
1832	777
1832	778
1831	778
1831	780
1830	780
1830	781
1829	781
1829	785
1828	785
1828	786
1827	786
1827	790
1828	790
1828	791
1827	791
1827	792
1825	792
1825	793
1824	793
1824	796
1823	796
1823	797
1822	797
1822	799
1821	799
1821	800
1820	800
1820	801
1821	801
1821	802
1820	802
1820	805
1819	805
1819	806
1820	806
1820	807
1819	807
1819	820
1818	820
1818	822
1819	822
1819	824
1820	824
1820	826
1819	826
1819	827
1820	827
1820	833
1821	833
1821	838
1822	838
1822	839
1821	839
1821	843
1822	843
1822	845
1821	845
1821	849
1822	849
1822	856
1821	856
1821	860
1819	860
1819	861
1818	861
1818	863
1817	863
1817	865
1816	865
1816	866
1815	866
1815	867
1814	867
1814	868
1813	868
1813	869
1812	869
1812	870
1811	870
1811	871
1810	871
1810	872
1809	872
1809	873
1808	873
1808	872
1807	872
1807	873
1805	873
1805	874
1803	874
1803	875
1799	875
1799	876
1797	876
1797	877
1795	877
1795	878
1793	878
1793	879
1791	879
1791	880
1789	880
1789	881
1787	881
1787	882
1786	882
1786	883
1785	883
1785	882
1783	882
1783	883
1780	883
1780	884
1774	884
1774	885
1772	885
1772	886
1769	886
1769	887
1766	887
1766	889
1764	889
1764	890
1763	890
1763	891
1761	891
1761	892
1760	892
1760	894
1759	894
1759	895
1758	895
1758	896
1757	896
1757	897
1756	897
1756	898
1754	898
1754	899
1752	899
1752	900
1748	900
1748	901
1743	901
1743	902
1741	902
1741	903
1740	903
1740	902
1736	902
1736	903
1735	903
1735	902
1726	902
1726	903
1722	903
1722	902
1720	902
1720	903
1714	903
1714	904
1712	904
1712	903
1711	903
1711	904
1710	904
1710	905
1703	905
1703	904
1702	904
1702	905
1698	905
1698	906
1694	906
1694	905
1687	905
1687	904
1683	904
1683	903
1680	903
1680	902
1679	902
1679	901
1678	901
1678	898
1677	898
1677	890
1676	890
1676	886
1675	886
1675	885
1676	885
1676	880
1675	880
1675	877
1676	877
1676	875
1675	875
1675	870
1674	870
1674	856
1675	856
1675	851
1676	851
1676	849
1677	849
1677	848
1676	848
1676	842
1678	842
1678	841
1677	841
1677	840
1678	840
1678	835
1677	835
1677	833
1678	833
1678	831
1677	831
1677	828
1676	828
1676	826
1677	826
1677	823
1676	823
1676	822
1677	822
1677	820
1676	820
1676	819
1675	819
1675	813
1674	813
1674	812
1673	812
1673	810
1672	810
1672	808
1671	808
1671	806
1670	806
1670	805
1669	805
1669	803
1668	803
1668	800
1667	800
1667	794
1666	794
1666	793
1665	793
1665	791
1664	791
1664	789
1663	789
1663	787
1662	787
1662	786
1661	786
1661	785
1660	785
1660	783
1659	783
1659	782
1657	782
1657	781
1656	781
1656	780
1655	780
1655	779
1653	779
1653	778
1651	778
1651	777
1645	777
1645	776
1638	776
1638	777
1636	777
1636	776
1633	776
1633	777
1631	777
1631	776
1627	776
1627	777
1623	777
1623	776
1617	776
1617	777
1616	777
1616	776
1608	776
1608	774
1609	774
1609	773
1608	773
1608	772
1607	772
1607	767
1606	767
1606	765
1605	765
1605	764
1604	764
1604	763
1603	763
1603	761
1602	761
1602	760
1601	760
1601	759
1600	759
1600	758
1599	758
1599	756
1598	756
1598	755
1596	755
1596	753
1595	753
1595	752
1591	752
1591	750
1589	750
1589	749
1588	749
1588	747
1587	747
1587	748
1585	748
1585	747
1583	747
1583	746
1580	746
1580	747
1577	747
1577	746
1568	746
1568	747
1567	747
1567	746
1558	746
1558	747
1553	747
1553	746
1552	746
1552	747
1545	747
1545	748
1540	748
1540	747
1538	747
1538	744
1537	744
1537	742
1536	742
1536	738
1535	738
1535	736
1534	736
1534	735
1533	735
1533	733
1532	733
1532	729
1531	729
1531	728
1532	728
1532	726
1531	726
1531	725
1530	725
1530	722
1529	722
1529	719
1528	719
1528	714
1527	714
1527	712
1526	712
1526	711
1525	711
1525	708
1524	708
1524	703
1523	703
1523	701
1522	701
1522	699
1521	699
1521	697
1520	697
1520	695
1519	695
1519	693
1518	693
1518	691
1515	691
1515	689
1514	689
1514	687
1513	687
1513	686
1512	686
1512	685
1510	685
1510	684
1509	684
1509	683
1508	683
1508	681
1507	681
1507	680
1505	680
1505	679
1503	679
1503	678
1501	678
1501	677
1500	677
1500	676
1495	676
1495	675
1494	675
1494	676
1493	676
1493	675
1490	675
1490	674
1487	674
1487	673
1485	673
1485	672
1484	672
1484	671
1482	671
1482	670
1478	670
1478	669
1475	669
1475	668
1471	668
1471	667
1470	667
1470	668
1468	668
1468	667
1465	667
1465	665
1459	665
1459	664
1454	664
1454	663
1449	663
1449	664
1446	664
1446	663
1444	663
1444	664
1443	664
1443	665
1439	665
1439	666
1437	666
1437	667
1436	667
1436	669
1435	669
1435	670
1434	670
1434	672
1433	672
1433	673
1432	673
1432	678
1431	678
1431	684
1430	684
1430	687
1429	687
1429	689
1428	689
1428	690
1427	690
1427	694
1426	694
1426	697
1425	697
1425	699
1424	699
1424	702
1423	702
1423	704
1422	704
1422	707
1421	707
1421	712
1420	712
1420	716
1419	716
1419	720
1420	720
1420	721
1419	721
1419	723
1418	723
1418	729
1417	729
1417	730
1418	730
1418	732
1417	732
1417	737
1418	737
1418	740
1417	740
1417	743
1416	743
1416	745
1417	745
1417	746
1416	746
1416	747
1417	747
1417	751
1416	751
1416	752
1417	752
1417	753
1416	753
1416	761
1415	761
