193	317
194	317
194	322
195	322
195	323
194	323
194	329
193	329
193	330
194	330
194	331
193	331
193	333
194	333
194	338
193	338
193	343
192	343
192	348
191	348
191	354
190	354
190	355
191	355
191	358
190	358
190	359
191	359
191	360
190	360
190	362
191	362
191	367
192	367
192	377
193	377
193	384
192	384
192	386
191	386
191	387
192	387
192	388
193	388
193	390
194	390
194	393
196	393
196	394
197	394
197	396
198	396
198	397
199	397
199	398
202	398
202	397
204	397
204	398
205	398
205	399
208	399
208	400
209	400
209	399
211	399
211	400
216	400
216	399
217	399
217	400
221	400
221	402
222	402
222	403
223	403
223	404
224	404
224	405
225	405
225	406
227	406
227	407
228	407
228	408
230	408
230	410
231	410
231	411
232	411
232	412
234	412
234	413
236	413
236	415
237	415
237	417
238	417
238	419
239	419
239	420
240	420
240	421
242	421
242	422
244	422
244	424
246	424
246	426
248	426
248	427
250	427
250	429
251	429
251	430
252	430
252	431
253	431
253	432
254	432
254	431
255	431
255	432
257	432
257	433
260	433
260	432
261	432
261	433
266	433
266	434
267	434
267	433
272	433
272	432
273	432
273	433
277	433
277	434
278	434
278	433
282	433
282	434
283	434
283	433
284	433
284	434
296	434
296	435
297	435
297	434
298	434
298	435
299	435
299	434
303	434
303	433
305	433
305	432
307	432
307	434
310	434
310	435
312	435
312	436
313	436
313	435
314	435
314	437
315	437
315	438
316	438
316	439
318	439
318	440
323	440
323	441
325	441
325	442
326	442
326	443
327	443
327	445
328	445
328	446
329	446
329	447
330	447
330	449
331	449
331	451
332	451
332	452
333	452
333	453
334	453
334	454
341	454
341	455
346	455
346	454
350	454
350	455
354	455
354	457
357	457
357	458
358	458
358	459
362	459
362	457
363	457
363	459
366	459
366	458
367	458
367	460
370	460
370	459
371	459
371	460
372	460
372	459
376	459
376	460
379	460
379	459
382	459
382	460
385	460
385	461
388	461
388	462
389	462
389	463
391	463
391	464
393	464
393	465
396	465
396	466
402	466
402	467
410	467
410	468
411	468
411	469
423	469
423	468
425	468
425	467
429	467
429	468
430	468
430	467
434	467
434	466
435	466
435	465
436	465
436	464
437	464
437	462
439	462
439	460
440	460
440	459
441	459
441	458
442	458
442	457
443	457
443	455
444	455
444	452
445	452
445	451
446	451
446	447
448	447
448	446
449	446
449	443
450	443
450	441
451	441
451	439
452	439
452	437
451	437
451	436
453	436
453	435
452	435
452	434
453	434
453	433
454	433
454	432
455	432
455	431
456	431
456	430
458	430
458	429
459	429
459	428
460	428
460	426
461	426
461	423
463	423
463	422
464	422
464	421
465	421
465	420
466	420
466	417
467	417
467	416
466	416
466	415
467	415
467	414
468	414
468	413
469	413
469	411
470	411
470	409
471	409
471	408
472	408
472	406
473	406
473	404
472	404
472	403
474	403
474	400
475	400
475	399
474	399
474	398
476	398
476	396
477	396
477	395
479	395
479	394
483	394
483	393
487	393
487	392
489	392
489	391
491	391
491	390
494	390
494	389
496	389
496	388
497	388
497	387
498	387
498	386
499	386
499	385
501	385
501	384
502	384
502	383
503	383
503	381
505	381
505	380
507	380
507	379
508	379
508	378
509	378
509	377
511	377
511	376
512	376
512	375
514	375
514	374
516	374
516	373
515	373
515	372
517	372
517	371
518	371
518	370
519	370
519	367
520	367
520	364
522	364
522	362
523	362
523	361
527	361
527	362
531	362
531	363
533	363
533	365
534	365
534	370
533	370
533	380
534	380
534	390
533	390
533	391
534	391
534	393
533	393
533	395
534	395
534	396
533	396
533	397
534	397
534	400
535	400
535	404
534	404
534	405
535	405
535	410
536	410
536	422
535	422
535	423
536	423
536	425
535	425
535	426
536	426
536	428
535	428
535	431
536	431
536	438
537	438
537	440
539	440
539	442
538	442
538	441
537	441
537	445
538	445
538	448
539	448
539	453
540	453
540	456
539	456
539	457
540	457
540	459
541	459
541	461
542	461
542	462
543	462
543	461
544	461
544	462
546	462
546	463
547	463
547	462
548	462
548	463
549	463
549	462
553	462
553	463
550	463
550	464
554	464
554	465
555	465
555	466
556	466
556	468
558	468
558	469
559	469
559	470
560	470
560	469
561	469
561	472
563	472
563	473
564	473
564	474
565	474
565	475
566	475
566	476
567	476
567	478
568	478
568	479
569	479
569	481
572	481
572	482
570	482
570	485
571	485
571	493
572	493
572	494
573	494
573	501
574	501
574	503
575	503
575	504
574	504
574	521
577	521
577	522
578	522
578	521
581	521
581	519
584	519
584	518
585	518
585	519
586	519
586	521
587	521
587	522
588	522
588	524
589	524
589	525
591	525
591	526
590	526
590	528
591	528
591	527
593	527
593	528
592	528
592	530
593	530
593	533
596	533
596	534
594	534
594	535
595	535
595	538
596	538
596	539
595	539
595	541
596	541
596	542
597	542
597	544
598	544
598	545
597	545
597	547
598	547
598	550
599	550
599	552
600	552
600	556
601	556
601	558
602	558
602	568
603	568
603	570
604	570
604	571
606	571
606	572
607	572
607	571
609	571
609	572
610	572
610	573
611	573
611	572
612	572
612	573
615	573
615	574
618	574
618	575
619	575
619	573
620	573
620	575
622	575
622	576
623	576
623	575
624	575
624	576
626	576
626	577
628	577
628	576
630	576
630	577
631	577
631	578
635	578
635	579
636	579
636	580
641	580
641	581
642	581
642	580
643	580
643	581
648	581
648	582
651	582
651	583
653	583
653	585
654	585
654	584
655	584
655	585
658	585
658	586
659	586
659	587
660	587
660	588
665	588
665	589
667	589
667	590
668	590
668	591
669	591
669	592
677	592
677	593
678	593
678	592
679	592
679	591
680	591
680	593
687	593
687	594
695	594
695	595
697	595
697	596
699	596
699	597
701	597
701	598
702	598
702	597
703	597
703	598
717	598
717	599
718	599
718	600
719	600
719	601
720	601
720	602
721	602
721	603
726	603
726	604
728	604
728	605
731	605
731	606
732	606
732	607
734	607
734	608
735	608
735	607
737	607
737	606
739	606
739	605
740	605
740	598
739	598
739	597
738	597
738	596
739	596
739	592
738	592
738	591
739	591
739	590
738	590
738	587
739	587
739	586
738	586
738	585
737	585
737	584
738	584
738	583
737	583
737	582
738	582
738	581
737	581
737	580
738	580
738	579
737	579
737	576
740	576
740	572
739	572
739	569
738	569
738	568
739	568
739	567
738	567
738	566
739	566
739	565
738	565
738	549
737	549
737	548
738	548
738	537
739	537
739	536
741	536
741	534
742	534
742	523
743	523
743	522
744	522
744	521
745	521
745	519
746	519
746	518
747	518
747	517
749	517
749	515
750	515
750	510
751	510
751	504
752	504
752	502
753	502
753	500
754	500
754	498
756	498
756	497
757	497
757	495
758	495
758	493
760	493
760	491
761	491
761	489
762	489
762	487
763	487
763	483
764	483
764	482
765	482
765	483
766	483
766	484
768	484
768	483
770	483
770	484
771	484
771	483
772	483
772	484
773	484
773	483
774	483
774	482
776	482
776	481
777	481
777	482
778	482
778	481
780	481
780	480
783	480
783	479
785	479
785	478
786	478
786	477
787	477
787	476
789	476
789	475
790	475
790	474
791	474
791	473
794	473
794	472
796	472
796	471
797	471
797	472
798	472
798	468
799	468
799	467
798	467
798	466
799	466
799	463
798	463
798	462
799	462
799	458
798	458
798	457
799	457
799	456
798	456
798	452
799	452
799	446
800	446
800	445
802	445
802	444
803	444
803	442
804	442
804	441
805	441
805	439
807	439
807	437
808	437
808	435
809	435
809	434
810	434
810	431
812	431
812	428
813	428
813	426
821	426
821	431
822	431
822	432
821	432
821	433
822	433
822	435
823	435
823	436
822	436
822	439
823	439
823	443
825	443
825	445
824	445
824	446
825	446
825	448
826	448
826	451
827	451
827	455
828	455
828	456
827	456
827	457
830	457
830	458
828	458
828	466
827	466
827	467
829	467
829	468
827	468
827	469
828	469
828	470
827	470
827	473
828	473
828	474
827	474
827	476
828	476
828	478
829	478
829	485
828	485
828	486
829	486
829	489
828	489
828	490
829	490
829	492
828	492
828	493
829	493
829	494
828	494
828	497
829	497
829	499
830	499
830	500
828	500
828	501
829	501
829	502
830	502
830	503
831	503
831	504
830	504
830	506
832	506
832	504
833	504
833	505
836	505
836	506
839	506
839	505
840	505
840	506
842	506
842	507
844	507
844	506
846	506
846	507
849	507
849	508
850	508
850	509
852	509
852	510
854	510
854	511
859	511
859	512
863	512
863	515
864	515
864	516
865	516
865	518
866	518
866	519
867	519
867	522
868	522
868	524
869	524
869	525
870	525
870	526
869	526
869	528
870	528
870	532
871	532
871	535
872	535
872	540
871	540
871	541
872	541
872	545
871	545
871	546
872	546
872	547
871	547
871	551
872	551
872	553
873	553
873	554
874	554
874	564
875	564
875	568
874	568
874	569
872	569
872	570
871	570
871	568
870	568
870	569
869	569
869	568
863	568
863	570
864	570
864	571
863	571
863	587
871	587
871	588
873	588
873	589
872	589
872	590
873	590
873	596
871	596
871	597
869	597
869	598
866	598
866	599
863	599
863	598
862	598
862	597
861	597
861	596
859	596
859	595
860	595
860	593
859	593
859	591
858	591
858	590
857	590
857	588
856	588
856	587
855	587
855	586
854	586
854	585
853	585
853	584
851	584
851	583
850	583
850	584
849	584
849	587
850	587
850	588
851	588
851	589
852	589
852	591
854	591
854	592
853	592
853	594
854	594
854	596
855	596
855	597
856	597
856	602
857	602
857	603
858	603
858	604
867	604
867	603
868	603
868	602
869	602
869	603
870	603
870	602
873	602
873	601
874	601
874	600
876	600
876	598
877	598
877	597
878	597
878	594
879	594
879	593
878	593
878	587
877	587
877	585
876	585
876	584
875	584
875	583
873	583
873	581
869	581
869	582
868	582
868	578
869	578
869	572
870	572
870	573
871	573
871	572
873	572
873	573
876	573
876	575
877	575
877	576
878	576
878	579
880	579
880	580
881	580
881	581
882	581
882	582
883	582
883	584
885	584
885	585
884	585
884	587
886	587
886	589
887	589
887	590
888	590
888	593
890	593
890	594
891	594
891	595
892	595
892	597
891	597
891	598
893	598
893	599
894	599
894	600
893	600
893	602
894	602
894	603
896	603
896	604
895	604
895	605
896	605
896	607
897	607
897	608
898	608
898	609
897	609
897	610
899	610
899	611
900	611
900	612
902	612
902	613
903	613
903	614
906	614
906	615
907	615
907	614
909	614
909	613
910	613
910	614
911	614
911	615
914	615
914	614
915	614
915	615
917	615
917	616
918	616
918	615
922	615
922	614
924	614
924	613
926	613
926	612
927	612
927	611
933	611
933	610
936	610
936	611
938	611
938	610
940	610
940	611
942	611
942	612
945	612
945	611
946	611
946	610
947	610
947	611
951	611
951	610
954	610
954	611
955	611
955	610
956	610
956	611
959	611
959	610
962	610
962	611
966	611
966	612
969	612
969	611
971	611
971	612
974	612
974	613
975	613
975	612
978	612
978	613
979	613
979	612
980	612
980	613
981	613
981	612
983	612
983	613
989	613
989	614
988	614
988	615
990	615
990	613
992	613
992	614
994	614
994	613
995	613
995	614
996	614
996	613
997	613
997	614
1001	614
1001	613
1003	613
1003	612
1004	612
1004	613
1007	613
1007	614
1018	614
1018	615
1019	615
1019	613
1020	613
1020	614
1022	614
1022	616
1029	616
1029	614
1032	614
1032	616
1033	616
1033	618
1035	618
1035	619
1039	619
1039	618
1041	618
1041	617
1043	617
1043	616
1045	616
1045	614
1046	614
1046	611
1048	611
1048	609
1049	609
1049	608
1051	608
1051	606
1052	606
1052	605
1053	605
1053	604
1054	604
1054	602
1055	602
1055	601
1056	601
1056	599
1057	599
1057	597
1058	597
1058	596
1059	596
1059	595
1061	595
1061	594
1063	594
1063	593
1064	593
1064	592
1065	592
1065	591
1066	591
1066	590
1067	590
1067	589
1069	589
1069	588
1070	588
1070	587
1071	587
1071	586
1073	586
1073	584
1074	584
1074	581
1075	581
1075	562
1074	562
1074	560
1073	560
1073	538
1074	538
1074	536
1075	536
1075	507
1076	507
1076	500
1077	500
1077	498
1078	498
1078	490
1079	490
1079	488
1080	488
1080	481
1081	481
1081	479
1083	479
1083	478
1086	478
1086	479
1087	479
1087	481
1088	481
1088	483
1089	483
1089	485
1090	485
1090	486
1091	486
1091	488
1092	488
1092	491
1093	491
1093	493
1094	493
1094	496
1095	496
1095	498
1097	498
1097	499
1099	499
1099	500
1100	500
1100	501
1101	501
1101	502
1100	502
1100	503
1101	503
1101	504
1102	504
1102	506
1103	506
1103	507
1104	507
1104	506
1105	506
1105	508
1106	508
1106	509
1107	509
1107	510
1108	510
1108	511
1109	511
1109	512
1110	512
1110	526
1111	526
1111	529
1112	529
1112	531
1113	531
1113	534
1114	534
1114	536
1115	536
1115	544
1116	544
1116	546
1117	546
1117	548
1118	548
1118	549
1119	549
1119	553
1120	553
1120	555
1121	555
1121	556
1122	556
1122	557
1124	557
1124	558
1125	558
1125	559
1126	559
1126	562
1127	562
1127	564
1128	564
1128	565
1129	565
1129	566
1130	566
1130	570
1131	570
1131	572
1132	572
1132	573
1133	573
1133	574
1134	574
1134	575
1135	575
1135	577
1137	577
1137	579
1138	579
1138	581
1139	581
1139	582
1140	582
1140	583
1141	583
1141	585
1142	585
1142	587
1143	587
1143	588
1144	588
1144	590
1145	590
1145	592
1146	592
1146	593
1147	593
1147	594
1148	594
1148	596
1149	596
1149	597
1150	597
1150	598
1151	598
1151	599
1152	599
1152	606
1153	606
1153	612
1154	612
1154	616
1155	616
1155	623
1156	623
1156	625
1157	625
1157	638
1158	638
1158	642
1159	642
1159	675
1160	675
1160	677
1161	677
1161	678
1162	678
1162	680
1164	680
1164	681
1166	681
1166	682
1168	682
1168	683
1173	683
1173	684
1175	684
1175	685
1189	685
1189	684
1191	684
1191	682
1192	682
1192	680
1193	680
1193	678
1194	678
1194	676
1195	676
1195	674
1196	674
1196	672
1197	672
1197	670
1198	670
1198	668
1199	668
1199	666
1200	666
1200	664
1201	664
1201	662
1202	662
1202	661
1214	661
1214	660
1216	660
1216	659
1243	659
1243	658
1245	658
1245	656
1246	656
1246	650
1247	650
1247	647
1248	647
1248	625
1249	625
1249	623
1250	623
1250	610
1251	610
1251	608
1252	608
1252	555
1253	555
1253	553
1254	553
1254	550
1255	550
1255	548
1256	548
1256	537
1257	537
1257	524
1258	524
1258	525
1260	525
1260	526
1261	526
1261	527
1263	527
1263	528
1264	528
1264	529
1265	529
1265	530
1266	530
1266	531
1267	531
1267	533
1268	533
1268	534
1270	534
1270	535
1271	535
1271	536
1272	536
1272	537
1273	537
1273	539
1275	539
1275	540
1277	540
1277	542
1278	542
1278	543
1279	543
1279	544
1281	544
1281	545
1285	545
1285	546
1287	546
1287	547
1295	547
1295	548
1297	548
1297	550
1298	550
1298	551
1302	551
1302	552
1303	552
1303	553
1305	553
1305	554
1307	554
1307	555
1308	555
1308	556
1310	556
1310	557
1311	557
1311	558
1313	558
1313	559
1314	559
1314	560
1316	560
1316	561
1319	561
1319	562
1321	562
1321	563
1327	563
1327	564
1329	564
1329	565
1331	565
1331	566
1334	566
1334	567
1342	567
1342	568
1351	568
1351	569
1353	569
1353	570
1361	570
1361	569
1363	569
1363	567
1365	567
1365	565
1366	565
1366	563
1367	563
1367	562
1368	562
1368	560
1369	560
1369	557
1370	557
1370	555
1371	555
1371	550
1372	550
1372	548
1373	548
1373	546
1374	546
1374	544
1375	544
1375	541
1376	541
1376	537
1377	537
1377	535
1378	535
1378	529
1379	529
1379	522
1380	522
1380	507
1381	507
1381	505
1382	505
1382	502
1383	502
1383	498
1384	498
1384	497
1385	497
1385	495
1386	495
1386	491
1388	491
1388	490
1389	490
1389	489
1400	489
1400	490
1401	490
1401	491
1404	491
1404	492
1405	492
1405	493
1407	493
1407	495
1409	495
1409	496
1410	496
1410	497
1412	497
1412	499
1413	499
1413	502
1414	502
1414	504
1415	504
1415	505
1416	505
1416	506
1417	506
1417	507
1418	507
1418	509
1419	509
1419	510
1420	510
1420	511
1421	511
1421	512
1422	512
1422	514
1424	514
1424	515
1426	515
1426	516
1427	516
1427	517
1428	517
1428	518
1429	518
1429	519
1430	519
1430	520
1431	520
1431	522
1432	522
1432	525
1433	525
1433	526
1434	526
1434	528
1436	528
1436	529
1435	529
1435	530
1436	530
1436	531
1437	531
1437	532
1439	532
1439	533
1442	533
1442	534
1443	534
1443	536
1444	536
1444	537
1446	537
1446	539
1448	539
1448	540
1449	540
1449	542
1450	542
1450	543
1451	543
1451	545
1452	545
1452	547
1454	547
1454	548
1455	548
1455	549
1456	549
1456	550
1458	550
1458	551
1459	551
1459	552
1460	552
1460	553
1461	553
1461	554
1462	554
1462	555
1463	555
1463	556
1464	556
1464	557
1465	557
1465	558
1467	558
1467	559
1472	559
1472	558
1473	558
1473	559
1474	559
1474	561
1475	561
1475	562
1476	562
1476	563
1477	563
1477	564
1478	564
1478	565
1480	565
1480	566
1483	566
1483	567
1485	567
1485	568
1495	568
1495	569
1496	569
1496	568
1498	568
1498	569
1499	569
1499	568
1500	568
1500	569
1501	569
1501	568
1502	568
1502	569
1503	569
1503	570
1504	570
1504	569
1505	569
1505	570
1508	570
1508	569
1510	569
1510	568
1515	568
1515	567
1516	567
1516	566
1518	566
1518	564
1520	564
1520	563
1522	563
1522	561
1523	561
1523	559
1524	559
1524	555
1525	555
1525	554
1526	554
1526	553
1527	553
1527	552
1528	552
1528	551
1529	551
1529	550
1531	550
1531	549
1532	549
1532	548
1533	548
1533	546
1534	546
1534	544
1537	544
1537	542
1539	542
1539	541
1541	541
1541	540
1542	540
1542	537
1543	537
1543	536
1542	536
1542	535
1543	535
1543	528
1544	528
1544	524
1545	524
1545	523
1544	523
1544	522
1545	522
1545	518
1546	518
1546	512
1547	512
1547	492
1548	492
1548	490
1547	490
1547	477
1546	477
1546	475
1547	475
1547	471
1546	471
1546	470
1547	470
1547	467
1546	467
1546	466
1547	466
1547	463
1546	463
1546	461
1547	461
1547	458
1546	458
1546	456
1547	456
1547	455
1546	455
1546	454
1547	454
1547	453
1546	453
1546	452
1547	452
1547	448
1548	448
1548	447
1547	447
1547	446
1548	446
1548	443
1547	443
1547	442
1548	442
1548	440
1549	440
1549	438
1548	438
1548	416
1547	416
1547	404
1546	404
1546	401
1545	401
1545	400
1547	400
1547	399
1546	399
1546	390
1547	390
1547	387
1546	387
1546	385
1547	385
1547	384
1546	384
1546	372
1547	372
1547	370
1546	370
1546	364
1545	364
1545	362
1544	362
1544	370
1545	370
1545	373
1544	373
1544	381
1545	381
1545	382
1544	382
1544	406
1545	406
1545	417
1546	417
1546	440
1547	440
1547	441
1546	441
1546	446
1545	446
1545	453
1544	453
1544	454
1545	454
1545	455
1544	455
1544	459
1545	459
1545	461
1544	461
1544	464
1545	464
1545	490
1546	490
1546	493
1545	493
1545	495
1546	495
1546	496
1545	496
1545	515
1544	515
1544	520
1543	520
1543	524
1542	524
1542	530
1541	530
1541	536
1540	536
1540	538
1539	538
1539	539
1537	539
1537	540
1536	540
1536	541
1535	541
1535	542
1534	542
1534	543
1533	543
1533	544
1532	544
1532	545
1531	545
1531	546
1530	546
1530	548
1528	548
1528	550
1527	550
1527	551
1526	551
1526	553
1525	553
1525	554
1524	554
1524	555
1523	555
1523	557
1522	557
1522	559
1521	559
1521	561
1519	561
1519	562
1517	562
1517	563
1516	563
1516	564
1512	564
1512	565
1507	565
1507	566
1494	566
1494	565
1488	565
1488	564
1485	564
1485	563
1484	563
1484	562
1483	562
1483	563
1482	563
1482	561
1481	561
1481	562
1480	562
1480	561
1477	561
1477	558
1476	558
1476	556
1475	556
1475	552
1474	552
1474	550
1472	550
1472	549
1471	549
1471	547
1469	547
1469	546
1468	546
1468	545
1467	545
1467	544
1466	544
1466	543
1465	543
1465	542
1463	542
1463	541
1462	541
1462	539
1460	539
1460	538
1459	538
1459	536
1458	536
1458	535
1457	535
1457	533
1456	533
1456	532
1455	532
1455	531
1454	531
1454	530
1453	530
1453	529
1452	529
1452	528
1451	528
1451	526
1449	526
1449	524
1448	524
1448	523
1447	523
1447	522
1446	522
1446	520
1445	520
1445	519
1444	519
1444	518
1443	518
1443	517
1441	517
1441	516
1440	516
1440	514
1439	514
1439	513
1438	513
1438	512
1437	512
1437	511
1436	511
1436	510
1435	510
1435	509
1434	509
1434	508
1433	508
1433	507
1432	507
1432	506
1430	506
1430	505
1429	505
1429	504
1428	504
1428	503
1427	503
1427	501
1426	501
1426	499
1425	499
1425	498
1423	498
1423	496
1422	496
1422	491
1421	491
1421	489
1419	489
1419	488
1417	488
1417	487
1415	487
1415	486
1414	486
1414	485
1413	485
1413	484
1412	484
1412	483
1410	483
1410	482
1408	482
1408	481
1407	481
1407	480
1405	480
1405	479
1384	479
1384	480
1382	480
1382	481
1381	481
1381	482
1379	482
1379	481
1378	481
1378	482
1377	482
1377	484
1376	484
1376	489
1375	489
1375	492
1374	492
1374	494
1373	494
1373	498
1372	498
1372	500
1371	500
1371	501
1370	501
1370	502
1371	502
1371	503
1370	503
1370	508
1369	508
1369	509
1370	509
1370	516
1369	516
1369	517
1370	517
1370	518
1369	518
1369	526
1368	526
1368	531
1367	531
1367	533
1366	533
1366	537
1365	537
1365	539
1364	539
1364	541
1363	541
1363	544
1362	544
1362	546
1361	546
1361	551
1360	551
1360	553
1359	553
1359	555
1358	555
1358	557
1357	557
1357	559
1355	559
1355	558
1345	558
1345	557
1337	557
1337	556
1334	556
1334	555
1333	555
1333	554
1331	554
1331	553
1325	553
1325	552
1323	552
1323	551
1320	551
1320	550
1318	550
1318	549
1317	549
1317	548
1315	548
1315	547
1314	547
1314	546
1312	546
1312	545
1311	545
1311	544
1310	544
1310	543
1308	543
1308	542
1307	542
1307	541
1306	541
1306	540
1304	540
1304	539
1302	539
1302	538
1298	538
1298	537
1291	537
1291	536
1289	536
1289	535
1285	535
1285	533
1284	533
1284	532
1282	532
1282	531
1281	531
1281	530
1280	530
1280	529
1279	529
1279	528
1278	528
1278	527
1277	527
1277	526
1276	526
1276	525
1275	525
1275	523
1274	523
1274	522
1272	522
1272	521
1271	521
1271	520
1270	520
1270	519
1268	519
1268	517
1266	517
1266	516
1263	516
1263	514
1261	514
1261	513
1253	513
1253	514
1251	514
1251	515
1250	515
1250	516
1249	516
1249	518
1248	518
1248	520
1247	520
1247	529
1246	529
1246	533
1247	533
1247	534
1246	534
1246	538
1245	538
1245	540
1246	540
1246	544
1245	544
1245	543
1244	543
1244	544
1245	544
1245	546
1243	546
1243	547
1244	547
1244	549
1243	549
1243	551
1242	551
1242	573
1241	573
1241	574
1242	574
1242	575
1241	575
1241	577
1242	577
1242	580
1241	580
1241	579
1240	579
1240	580
1241	580
1241	581
1242	581
1242	582
1241	582
1241	583
1242	583
1242	591
1240	591
1240	592
1242	592
1242	594
1241	594
1241	595
1240	595
1240	598
1241	598
1241	595
1242	595
1242	601
1241	601
1241	602
1242	602
1242	604
1241	604
1241	606
1240	606
1240	619
1239	619
1239	621
1238	621
1238	643
1237	643
1237	644
1236	644
1236	645
1235	645
1235	646
1231	646
1231	647
1229	647
1229	648
1228	648
1228	649
1227	649
1227	648
1224	648
1224	647
1218	647
1218	648
1217	648
1217	647
1216	647
1216	646
1214	646
1214	648
1212	648
1212	647
1213	647
1213	646
1211	646
1211	647
1208	647
1208	648
1207	648
1207	647
1197	647
1197	650
1196	650
1196	652
1195	652
1195	653
1194	653
1194	655
1192	655
1192	657
1191	657
1191	659
1190	659
1190	661
1189	661
1189	664
1188	664
1188	665
1187	665
1187	667
1186	667
1186	671
1185	671
1185	672
1184	672
1184	675
1179	675
1179	674
1177	674
1177	673
1171	673
1171	672
1170	672
1170	671
1169	671
1169	638
1168	638
1168	634
1167	634
1167	620
1166	620
1166	618
1165	618
1165	613
1164	613
1164	609
1163	609
1163	603
1162	603
1162	595
1161	595
1161	593
1160	593
1160	592
1159	592
1159	590
1158	590
1158	589
1156	589
1156	587
1155	587
1155	586
1154	586
1154	584
1153	584
1153	582
1152	582
1152	581
1151	581
1151	580
1150	580
1150	577
1149	577
1149	575
1147	575
1147	572
1146	572
1146	570
1144	570
1144	569
1143	569
1143	568
1142	568
1142	567
1141	567
1141	566
1140	566
1140	562
1139	562
1139	560
1138	560
1138	559
1137	559
1137	558
1136	558
1136	554
1135	554
1135	552
1134	552
1134	551
1132	551
1132	550
1131	550
1131	549
1129	549
1129	545
1128	545
1128	543
1127	543
1127	542
1126	542
1126	540
1125	540
1125	532
1124	532
1124	530
1123	530
1123	527
1122	527
1122	525
1121	525
1121	522
1120	522
1120	507
1119	507
1119	505
1117	505
1117	504
1116	504
1116	503
1115	503
1115	502
1114	502
1114	500
1113	500
1113	498
1112	498
1112	496
1111	496
1111	495
1110	495
1110	494
1109	494
1109	493
1108	493
1108	492
1107	492
1107	491
1106	491
1106	490
1104	490
1104	488
1103	488
1103	486
1102	486
1102	484
1101	484
1101	482
1100	482
1100	481
1099	481
1099	479
1098	479
1098	478
1097	478
1097	476
1096	476
1096	473
1101	473
1101	470
1102	470
1102	469
1103	469
1103	468
1102	468
1102	467
1101	467
1101	469
1100	469
1100	470
1097	470
1097	471
1096	471
1096	470
1095	470
1095	469
1093	469
1093	467
1091	467
1091	466
1081	466
1081	467
1079	467
1079	465
1080	465
1080	464
1081	464
1081	462
1083	462
1083	461
1081	461
1081	462
1080	462
1080	464
1078	464
1078	466
1076	466
1076	467
1075	467
1075	468
1076	468
1076	469
1077	469
1077	470
1076	470
1076	471
1074	471
1074	472
1073	472
1073	473
1072	473
1072	474
1071	474
1071	476
1070	476
1070	479
1069	479
1069	480
1068	480
1068	481
1067	481
1067	483
1070	483
1070	484
1067	484
1067	486
1068	486
1068	488
1067	488
1067	489
1068	489
1068	491
1067	491
1067	490
1066	490
1066	491
1067	491
1067	492
1068	492
1068	493
1066	493
1066	498
1065	498
1065	499
1066	499
1066	503
1065	503
1065	531
1064	531
1064	533
1063	533
1063	564
1064	564
1064	566
1065	566
1065	578
1064	578
1064	579
1062	579
1062	580
1061	580
1061	581
1059	581
1059	582
1058	582
1058	584
1057	584
1057	585
1054	585
1054	586
1052	586
1052	587
1051	587
1051	589
1050	589
1050	590
1049	590
1049	591
1048	591
1048	593
1047	593
1047	595
1046	595
1046	596
1045	596
1045	598
1044	598
1044	599
1043	599
1043	600
1041	600
1041	602
1040	602
1040	603
1039	603
1039	604
1038	604
1038	606
1037	606
1037	608
1036	608
1036	609
1034	609
1034	610
1033	610
1033	611
1032	611
1032	612
1022	612
1022	611
1021	611
1021	612
1020	612
1020	611
1017	611
1017	610
1016	610
1016	611
1015	611
1015	610
1004	610
1004	609
1003	609
1003	610
986	610
986	609
977	609
977	608
968	608
968	607
966	607
966	608
965	608
965	607
958	607
958	608
954	608
954	607
953	607
953	608
941	608
941	607
931	607
931	608
927	608
927	609
925	609
925	610
922	610
922	611
917	611
917	612
908	612
908	611
905	611
905	610
904	610
904	609
902	609
902	608
900	608
900	607
901	607
901	606
900	606
900	605
899	605
899	603
898	603
898	601
897	601
897	599
896	599
896	598
895	598
895	595
894	595
894	594
893	594
893	592
892	592
892	591
890	591
890	590
891	590
891	589
890	589
890	587
889	587
889	585
888	585
888	584
887	584
887	582
886	582
886	581
885	581
885	580
884	580
884	579
883	579
883	578
882	578
882	577
881	577
881	574
880	574
880	573
879	573
879	571
880	571
880	569
879	569
879	570
878	570
878	566
877	566
877	559
876	559
876	558
875	558
875	556
877	556
877	555
876	555
876	554
877	554
877	553
876	553
876	552
875	552
875	542
874	542
874	541
875	541
875	538
874	538
874	535
875	535
875	534
874	534
874	531
873	531
873	527
872	527
872	523
870	523
870	522
871	522
871	521
870	521
870	520
869	520
869	516
868	516
868	514
867	514
867	513
866	513
866	512
865	512
865	511
864	511
864	510
863	510
863	509
861	509
861	508
858	508
858	507
857	507
857	506
853	506
853	505
850	505
850	504
849	504
849	503
848	503
848	504
847	504
847	503
836	503
836	504
835	504
835	502
834	502
834	503
833	503
833	500
832	500
832	483
833	483
833	482
832	482
832	477
831	477
831	472
830	472
830	470
829	470
829	469
831	469
831	463
832	463
832	457
831	457
831	453
830	453
830	452
831	452
831	451
830	451
830	449
829	449
829	448
830	448
830	447
829	447
829	445
828	445
828	441
827	441
827	438
826	438
826	433
825	433
825	427
828	427
828	428
832	428
832	429
837	429
837	430
838	430
838	429
840	429
840	430
841	430
841	428
842	428
842	430
844	430
844	431
845	431
845	430
846	430
846	431
847	431
847	432
848	432
848	433
850	433
850	434
851	434
851	433
853	433
853	431
852	431
852	429
850	429
850	430
848	430
848	428
846	428
846	427
841	427
841	426
840	426
840	427
838	427
838	426
833	426
833	425
829	425
829	424
825	424
825	422
827	422
827	421
824	421
824	420
820	420
820	421
818	421
818	422
816	422
816	423
813	423
813	424
812	424
812	425
811	425
811	427
810	427
810	428
811	428
811	429
809	429
809	430
808	430
808	431
807	431
807	433
806	433
806	435
805	435
805	436
804	436
804	437
803	437
803	439
802	439
802	440
801	440
801	443
799	443
799	444
798	444
798	445
797	445
797	451
796	451
796	452
797	452
797	454
796	454
796	459
797	459
797	464
796	464
796	469
793	469
793	470
791	470
791	471
789	471
789	472
788	472
788	473
787	473
787	474
786	474
786	475
785	475
785	476
782	476
782	477
781	477
781	478
776	478
776	479
773	479
773	480
770	480
770	481
769	481
769	480
756	480
756	481
754	481
754	482
753	482
753	483
752	483
752	484
750	484
750	485
749	485
749	488
748	488
748	490
746	490
746	491
745	491
745	493
744	493
744	496
742	496
742	498
741	498
741	507
740	507
740	509
739	509
739	510
738	510
738	511
737	511
737	513
736	513
736	514
734	514
734	516
733	516
733	520
732	520
732	534
733	534
733	536
735	536
735	537
736	537
736	558
737	558
737	559
736	559
736	570
735	570
735	572
736	572
736	589
737	589
737	591
736	591
736	592
737	592
737	600
738	600
738	604
734	604
734	603
733	603
733	602
730	602
730	601
728	601
728	600
727	600
727	599
721	599
721	597
719	597
719	596
716	596
716	595
715	595
715	594
712	594
712	595
711	595
711	594
710	594
710	595
709	595
709	594
701	594
701	593
698	593
698	592
695	592
695	591
687	591
687	590
683	590
683	589
676	589
676	588
670	588
670	587
668	587
668	586
666	586
666	584
661	584
661	583
660	583
660	584
659	584
659	582
655	582
655	581
652	581
652	580
651	580
651	579
648	579
648	578
640	578
640	577
639	577
639	576
637	576
637	575
634	575
634	574
632	574
632	573
626	573
626	572
623	572
623	571
618	571
618	570
617	570
617	571
616	571
616	570
613	570
613	569
611	569
611	568
608	568
608	567
607	567
607	566
606	566
606	565
605	565
605	564
604	564
604	563
606	563
606	561
605	561
605	560
606	560
606	557
604	557
604	552
603	552
603	550
602	550
602	549
601	549
601	547
599	547
599	546
600	546
600	542
598	542
598	541
599	541
599	540
598	540
598	538
597	538
597	537
599	537
599	536
598	536
598	534
597	534
597	532
595	532
595	530
594	530
594	528
595	528
595	527
594	527
594	525
593	525
593	524
591	524
591	522
590	522
590	521
588	521
588	520
589	520
589	519
590	519
590	518
589	518
589	517
586	517
586	516
582	516
582	517
579	517
579	518
576	518
576	517
578	517
578	514
577	514
577	512
576	512
576	511
577	511
577	508
578	508
578	507
576	507
576	505
578	505
578	503
576	503
576	502
578	502
578	501
576	501
576	499
575	499
575	496
574	496
574	495
575	495
575	492
574	492
574	489
572	489
572	488
573	488
573	485
572	485
572	483
573	483
573	480
571	480
571	479
570	479
570	478
571	478
571	477
570	477
570	475
569	475
569	474
567	474
567	472
566	472
566	471
565	471
565	470
564	470
564	469
563	469
563	468
561	468
561	467
559	467
559	466
557	466
557	465
558	465
558	464
557	464
557	463
555	463
555	462
554	462
554	461
552	461
552	460
550	460
550	459
549	459
549	460
547	460
547	459
542	459
542	458
544	458
544	457
543	457
543	455
542	455
542	450
541	450
541	446
540	446
540	443
539	443
539	442
540	442
540	440
539	440
539	438
540	438
540	437
539	437
539	436
540	436
540	435
539	435
539	433
537	433
537	431
538	431
538	432
539	432
539	431
538	431
538	426
539	426
539	424
538	424
538	422
539	422
539	419
538	419
538	417
539	417
539	410
540	410
540	409
539	409
539	406
538	406
538	403
537	403
537	401
538	401
538	399
537	399
537	397
536	397
536	396
537	396
537	394
536	394
536	390
535	390
535	389
536	389
536	385
537	385
537	379
536	379
536	368
537	368
537	367
536	367
536	366
537	366
537	365
536	365
536	361
534	361
534	360
531	360
531	359
528	359
528	358
523	358
523	360
520	360
520	363
518	363
518	365
517	365
517	368
516	368
516	369
515	369
515	370
516	370
516	371
513	371
513	372
512	372
512	373
510	373
510	374
509	374
509	376
507	376
507	377
506	377
506	378
504	378
504	379
502	379
502	380
500	380
500	382
499	382
499	383
497	383
497	384
496	384
496	385
495	385
495	386
494	386
494	387
492	387
492	388
489	388
489	389
487	389
487	390
483	390
483	391
481	391
481	392
478	392
478	393
475	393
475	395
473	395
473	398
472	398
472	399
471	399
471	400
473	400
473	402
472	402
472	401
471	401
471	403
470	403
470	408
469	408
469	409
468	409
468	411
467	411
467	412
466	412
466	413
465	413
465	415
464	415
464	418
463	418
463	420
461	420
461	421
460	421
460	426
458	426
458	427
457	427
457	429
455	429
455	430
453	430
453	432
452	432
452	433
450	433
450	434
451	434
451	435
450	435
450	437
449	437
449	441
448	441
448	445
447	445
447	446
445	446
445	447
444	447
444	450
445	450
445	451
443	451
443	454
442	454
442	455
441	455
441	456
440	456
440	459
438	459
438	460
436	460
436	462
434	462
434	463
433	463
433	464
434	464
434	465
430	465
430	464
429	464
429	465
425	465
425	466
412	466
412	465
408	465
408	464
401	464
401	463
399	463
399	464
398	464
398	463
394	463
394	462
393	462
393	461
392	461
392	462
391	462
391	460
389	460
389	459
387	459
387	458
385	458
385	457
377	457
377	458
376	458
376	457
375	457
375	456
374	456
374	457
370	457
370	456
368	456
368	457
367	457
367	456
359	456
359	455
356	455
356	454
354	454
354	453
352	453
352	452
347	452
347	451
345	451
345	452
343	452
343	451
341	451
341	452
339	452
339	451
337	451
337	452
336	452
336	451
334	451
334	449
333	449
333	448
332	448
332	446
330	446
330	444
329	444
329	443
328	443
328	441
327	441
327	440
326	440
326	439
325	439
325	438
319	438
319	437
317	437
317	436
316	436
316	435
315	435
315	434
312	434
312	432
310	432
310	431
309	431
309	430
306	430
306	429
305	429
305	430
303	430
303	432
300	432
300	431
298	431
298	432
295	432
295	431
293	431
293	432
291	432
291	431
284	431
284	430
283	430
283	431
280	431
280	430
279	430
279	431
277	431
277	430
266	430
266	429
265	429
265	430
263	430
263	429
255	429
255	428
254	428
254	427
252	427
252	426
251	426
251	425
250	425
250	424
249	424
249	423
248	423
248	422
246	422
246	420
244	420
244	419
243	419
243	418
242	418
242	417
241	417
241	416
240	416
240	414
239	414
239	413
238	413
238	412
236	412
236	410
234	410
234	408
232	408
232	407
231	407
231	406
230	406
230	405
228	405
228	403
227	403
227	402
226	402
226	401
224	401
224	400
223	400
223	398
221	398
221	397
215	397
215	396
214	396
214	397
208	397
208	396
205	396
205	395
200	395
200	394
199	394
199	393
198	393
198	391
197	391
197	389
196	389
196	387
195	387
195	384
196	384
196	383
197	383
197	382
195	382
195	374
194	374
194	366
193	366
193	350
194	350
194	346
195	346
195	341
196	341
196	326
197	326
197	321
196	321
196	315
195	315
195	309
196	309
196	304
197	304
197	301
198	301
198	293
199	293
199	289
200	289
200	285
199	285
199	276
198	276
198	273
199	273
199	272
198	272
198	269
199	269
199	251
200	251
200	250
199	250
199	242
200	242
200	236
201	236
201	226
202	226
202	210
201	210
201	209
202	209
202	208
204	208
204	206
206	206
206	204
205	204
205	202
204	202
204	200
202	200
202	199
200	199
200	197
198	197
198	196
194	196
194	197
192	197
192	196
191	196
191	195
190	195
190	194
188	194
188	193
187	193
187	194
188	194
188	195
189	195
189	196
190	196
190	199
187	199
187	200
183	200
183	201
181	201
181	202
180	202
180	203
178	203
178	204
177	204
177	205
174	205
174	206
172	206
172	207
171	207
171	208
168	208
168	209
166	209
166	210
165	210
165	211
163	211
163	212
161	212
161	213
158	213
158	214
157	214
157	215
155	215
155	216
154	216
154	217
152	217
152	218
150	218
150	219
149	219
149	220
148	220
148	221
147	221
147	223
146	223
146	224
145	224
145	226
144	226
144	227
143	227
143	229
142	229
142	232
141	232
141	235
140	235
140	237
138	237
138	238
137	238
137	240
136	240
136	241
135	241
135	242
133	242
133	244
132	244
132	245
130	245
130	246
128	246
128	247
127	247
127	248
126	248
126	249
124	249
124	250
123	250
123	251
121	251
121	252
118	252
118	253
115	253
115	254
114	254
114	255
113	255
113	256
112	256
112	257
111	257
111	259
110	259
110	260
109	260
109	262
108	262
108	264
107	264
107	266
106	266
106	267
105	267
105	268
104	268
104	270
103	270
103	272
102	272
102	274
100	274
100	275
94	275
94	276
91	276
91	277
90	277
90	276
87	276
87	275
85	275
85	274
83	274
83	273
82	273
82	272
80	272
80	270
79	270
79	268
78	268
78	264
77	264
77	261
79	261
79	260
81	260
81	258
82	258
82	257
84	257
84	256
82	256
82	254
81	254
81	252
79	252
79	250
78	250
78	249
79	249
79	212
80	212
80	205
81	205
81	194
80	194
80	191
79	191
79	186
78	186
78	184
77	184
77	182
76	182
76	180
72	180
72	179
70	179
70	180
69	180
69	179
65	179
65	180
64	180
64	179
63	179
63	175
62	175
62	173
63	173
63	159
64	159
64	154
65	154
65	141
66	141
66	138
65	138
65	133
66	133
66	129
65	129
65	128
66	128
66	127
65	127
65	125
66	125
66	119
67	119
67	113
68	113
68	90
67	90
67	86
66	86
66	83
65	83
65	82
62	82
62	81
52	81
52	79
53	79
53	74
54	74
54	70
55	70
55	69
54	69
54	68
55	68
55	64
56	64
56	63
54	63
54	66
53	66
53	72
52	72
52	75
51	75
51	80
50	80
50	81
51	81
51	82
50	82
50	83
53	83
53	84
54	84
54	83
57	83
57	84
64	84
64	85
65	85
65	89
66	89
66	111
65	111
65	112
66	112
66	113
65	113
65	116
64	116
64	117
65	117
65	118
64	118
64	122
63	122
63	129
64	129
64	130
63	130
63	131
64	131
64	132
63	132
63	152
62	152
62	158
61	158
61	166
60	166
60	171
61	171
61	172
60	172
60	176
61	176
61	179
60	179
60	180
61	180
61	181
62	181
62	182
64	182
64	183
66	183
66	182
69	182
69	181
70	181
70	183
71	183
71	182
73	182
73	181
74	181
74	182
75	182
75	185
76	185
76	188
77	188
77	194
78	194
78	205
77	205
77	206
78	206
78	207
77	207
77	212
76	212
76	230
77	230
77	231
76	231
76	235
77	235
77	236
76	236
76	237
77	237
77	238
76	238
76	243
78	243
78	244
76	244
76	251
75	251
75	252
73	252
73	254
72	254
72	258
73	258
73	260
75	260
75	261
76	261
76	265
77	265
77	269
78	269
78	271
79	271
79	273
80	273
80	274
82	274
82	275
83	275
83	276
85	276
85	277
86	277
86	278
90	278
90	279
91	279
91	278
94	278
94	277
95	277
95	278
96	278
96	277
101	277
101	276
102	276
102	275
104	275
104	273
105	273
105	271
106	271
106	270
107	270
107	268
108	268
108	266
109	266
109	264
110	264
110	262
111	262
111	261
112	261
112	259
113	259
113	258
114	258
114	256
115	256
115	255
119	255
119	254
123	254
123	252
125	252
125	251
126	251
126	250
127	250
127	249
129	249
129	248
131	248
131	247
132	247
132	246
134	246
134	245
135	245
135	243
136	243
136	242
137	242
137	241
138	241
138	240
139	240
139	239
140	239
140	238
141	238
141	237
142	237
142	236
143	236
143	233
144	233
144	230
145	230
145	227
146	227
146	226
147	226
147	225
148	225
148	223
149	223
149	222
150	222
150	221
151	221
151	220
154	220
154	219
155	219
155	218
156	218
156	217
157	217
157	216
159	216
159	215
160	215
160	214
161	214
161	215
162	215
162	214
163	214
163	213
165	213
165	212
167	212
167	211
168	211
168	210
171	210
171	209
173	209
173	208
175	208
175	207
177	207
177	206
179	206
179	205
180	205
180	204
182	204
182	203
184	203
184	202
189	202
189	201
191	201
191	203
192	203
192	205
194	205
194	206
196	206
196	208
198	208
198	210
199	210
199	217
200	217
200	218
199	218
199	225
198	225
198	226
199	226
199	227
198	227
198	234
197	234
197	245
196	245
196	246
197	246
197	250
196	250
196	252
197	252
197	253
196	253
196	258
197	258
197	259
196	259
196	269
195	269
195	275
196	275
196	276
195	276
195	277
196	277
196	283
197	283
197	289
196	289
196	295
195	295
195	296
196	296
196	298
195	298
195	302
194	302
194	306
193	306
1659	311
1663	311
1663	310
1671	310
1671	309
1672	309
1672	310
1675	310
1675	309
1676	309
1676	310
1684	310
1684	309
1685	309
1685	310
1687	310
1687	309
1689	309
1689	308
1690	308
1690	309
1694	309
1694	310
1697	310
1697	309
1698	309
1698	310
1699	310
1699	309
1706	309
1706	308
1707	308
1707	310
1712	310
1712	311
1721	311
1721	309
1722	309
1722	310
1723	310
1723	309
1724	309
1724	310
1726	310
1726	309
1730	309
1730	308
1732	308
1732	309
1733	309
1733	308
1746	308
1746	306
1745	306
1745	303
1744	303
1744	301
1743	301
1743	300
1742	300
1742	298
1740	298
1740	297
1739	297
1739	299
1740	299
1740	300
1741	300
1741	301
1742	301
1742	304
1741	304
1741	305
1740	305
1740	304
1739	304
1739	305
1736	305
1736	304
1734	304
1734	305
1728	305
1728	306
1727	306
1727	307
1725	307
1725	306
1724	306
1724	307
1722	307
1722	308
1719	308
1719	309
1718	309
1718	308
1717	308
1717	309
1716	309
1716	308
1713	308
1713	309
1712	309
1712	307
1711	307
1711	308
1707	308
1707	307
1706	307
1706	308
1703	308
1703	307
1702	307
1702	308
1701	308
1701	307
1700	307
1700	306
1699	306
1699	307
1697	307
1697	306
1696	306
1696	307
1694	307
1694	306
1693	306
1693	307
1691	307
1691	308
1690	308
1690	307
1689	307
1689	306
1688	306
1688	307
1689	307
1689	308
1687	308
1687	307
1685	307
1685	308
1683	308
1683	307
1682	307
1682	308
1680	308
1680	307
1677	307
1677	308
1674	308
1674	307
1673	307
1673	308
1669	308
1669	307
1668	307
1668	309
1667	309
1667	307
1661	307
1661	308
1659	308
1659	307
1658	307
1658	308
1657	308
1657	307
1655	307
1655	306
1654	306
1654	307
1653	307
1653	306
1648	306
1648	305
1646	305
1646	304
1627	304
1627	305
1624	305
1624	304
1622	304
1622	305
1621	305
1621	304
1619	304
1619	305
1617	305
1617	304
1616	304
1616	305
1617	305
1617	306
1615	306
1615	305
1613	305
1613	304
1612	304
1612	305
1610	305
1610	304
1607	304
1607	306
1606	306
1606	305
1603	305
1603	306
1602	306
1602	305
1598	305
1598	306
1588	306
1588	305
1587	305
1587	306
1586	306
1586	305
1578	305
1578	304
1570	304
1570	305
1565	305
1565	306
1562	306
1562	305
1553	305
1553	306
1552	306
1552	307
1551	307
1551	308
1550	308
1550	312
1549	312
1549	315
1548	315
1548	316
1549	316
1549	317
1548	317
1548	319
1547	319
1547	323
1546	323
1546	325
1545	325
1545	326
1546	326
1546	327
1545	327
1545	329
1547	329
1547	323
1549	323
1549	322
1548	322
1548	321
1549	321
1549	320
1550	320
1550	319
1549	319
1549	317
1550	317
1550	313
1551	313
1551	312
1552	312
1552	310
1553	310
1553	309
1555	309
1555	310
1556	310
1556	309
1557	309
1557	308
1558	308
1558	309
1562	309
1562	310
1564	310
1564	309
1565	309
1565	310
1566	310
1566	309
1568	309
1568	308
1576	308
1576	309
1578	309
1578	308
1579	308
1579	309
1589	309
1589	310
1590	310
1590	309
1591	309
1591	310
1595	310
1595	309
1605	309
1605	308
1606	308
1606	309
1607	309
1607	308
1608	308
1608	309
1623	309
1623	308
1633	308
1633	307
1636	307
1636	308
1638	308
1638	307
1643	307
1643	306
1641	306
1641	305
1644	305
1644	306
1645	306
1645	307
1647	307
1647	308
1649	308
1649	309
1651	309
1651	307
1652	307
1652	309
1654	309
1654	310
1659	310
