2463	125
2462	125
2462	126
2461	126
2461	127
2430	127
2430	128
2428	128
2428	129
2423	129
2423	130
2419	130
2419	131
2417	131
2417	132
2413	132
2413	133
2412	133
2412	134
2410	134
2410	135
2409	135
2409	136
2407	136
2407	137
2405	137
2405	178
2406	178
2406	182
2407	182
2407	189
2408	189
2408	190
2409	190
2409	192
2410	192
2410	199
2411	199
2411	200
2412	200
2412	207
2413	207
2413	212
2414	212
2414	213
2415	213
2415	219
2416	219
2416	268
2415	268
2415	269
2414	269
2414	270
2413	270
2413	271
2412	271
2412	272
2411	272
2411	273
2410	273
2410	275
2409	275
2409	276
2408	276
2408	278
2407	278
2407	281
2406	281
2406	284
2405	284
2405	287
2404	287
2404	288
2403	288
2403	290
2402	290
2402	291
2401	291
2401	294
2400	294
2400	295
2399	295
2399	298
2398	298
2398	300
2397	300
2397	301
2396	301
2396	302
2395	302
2395	303
2394	303
2394	305
2393	305
2393	307
2392	307
2392	308
2391	308
2391	309
2390	309
2390	311
2389	311
2389	312
2388	312
2388	313
2387	313
2387	314
2386	314
2386	319
2385	319
2385	324
2384	324
2384	325
2383	325
2383	334
2382	334
2382	335
2381	335
2381	346
2380	346
2380	353
2379	353
2379	354
2378	354
2378	358
2377	358
2377	359
2376	359
2376	391
2375	391
2375	398
2374	398
2374	422
2373	422
2373	423
2372	423
2372	440
2371	440
2371	441
2370	441
2370	442
2369	442
2369	454
2368	454
2368	455
2367	455
2367	469
2366	469
2366	470
2365	470
2365	471
2364	471
2364	473
2363	473
2363	474
2362	474
2362	475
2361	475
2361	476
2360	476
2360	477
2359	477
2359	478
2358	478
2358	479
2357	479
2357	482
2356	482
2356	483
2355	483
2355	484
2354	484
2354	486
2353	486
2353	488
2352	488
2352	489
2351	489
2351	491
2350	491
2350	492
2349	492
2349	493
2348	493
2348	494
2347	494
2347	495
2346	495
2346	496
2345	496
2345	497
2340	497
2340	498
2339	498
2339	499
2338	499
2338	500
2337	500
2337	501
2336	501
2336	504
2335	504
2335	507
2334	507
2334	510
2333	510
2333	511
2332	511
2332	514
2331	514
2331	516
2330	516
2330	520
2329	520
2329	522
2328	522
2328	523
2327	523
2327	564
2326	564
2326	565
2325	565
2325	566
2324	566
2324	567
2323	567
2323	568
2318	568
2318	569
2315	569
2315	570
2312	570
2312	571
2311	571
2311	572
2309	572
2309	573
2307	573
2307	574
2306	574
2306	575
2303	575
2303	576
2299	576
2299	577
2298	577
2298	578
2294	578
2294	579
2292	579
2292	580
2291	580
2291	581
2290	581
2290	582
2287	582
2287	583
2286	583
2286	584
2283	584
2283	585
2282	585
2282	586
2276	586
2276	587
2275	587
2275	588
2271	588
2271	589
2270	589
2270	590
2267	590
2267	591
2265	591
2265	592
2261	592
2261	593
2260	593
2260	594
2257	594
2257	595
2251	595
2251	596
2249	596
2249	597
2246	597
2246	598
2244	598
2244	599
2243	599
2243	600
2242	600
2242	601
2241	601
2241	602
2240	602
2240	603
2239	603
2239	604
2238	604
2238	605
2237	605
2237	606
2236	606
2236	607
2235	607
2235	608
2234	608
2234	609
2232	609
2232	610
2230	610
2230	611
2229	611
2229	612
2228	612
2228	616
2227	616
2227	617
2226	617
2226	626
2225	626
2225	627
2224	627
2224	632
2223	632
2223	633
2222	633
2222	635
2221	635
2221	636
2220	636
2220	640
2219	640
2219	641
2218	641
2218	647
2217	647
2217	648
2216	648
2216	651
2215	651
2215	700
2216	700
2216	711
2217	711
2217	712
2218	712
2218	714
2219	714
2219	758
2218	758
2218	759
2217	759
2217	760
2216	760
2216	766
2215	766
2215	767
2214	767
2214	774
2213	774
2213	782
2212	782
2212	819
2211	819
2211	822
2210	822
2210	823
2209	823
2209	828
2208	828
2208	829
2207	829
2207	832
2206	832
2206	841
2205	841
2205	842
2204	842
2204	852
2203	852
2203	853
2202	853
2202	854
2201	854
2201	855
2200	855
2200	856
2199	856
2199	857
2198	857
2198	858
2197	858
2197	859
2196	859
2196	860
2193	860
2193	861
2191	861
2191	862
2187	862
2187	863
2181	863
2181	864
2180	864
2180	865
2179	865
2179	866
2178	866
2178	867
2175	867
2175	868
2174	868
2174	869
2173	869
2173	870
2172	870
2172	871
2171	871
2171	872
2168	872
2168	873
2165	873
2165	874
2164	874
2164	875
2162	875
2162	876
2130	876
2130	875
2129	875
2129	874
2128	874
2128	873
2127	873
2127	872
2126	872
2126	870
2125	870
2125	867
2124	867
2124	864
2123	864
2123	863
2122	863
2122	862
2121	862
2121	861
2120	861
2120	860
2119	860
2119	859
2118	859
2118	858
2117	858
2117	857
2116	857
2116	856
2114	856
2114	855
2113	855
2113	854
2112	854
2112	853
2111	853
2111	851
2110	851
2110	843
2108	843
2108	844
2107	844
2107	845
2099	845
2099	846
2098	846
2098	847
2097	847
2097	851
2098	851
2098	855
2097	855
2097	856
2096	856
2096	857
2090	857
2090	858
2089	858
2089	859
2087	859
2087	860
2086	860
2086	861
2085	861
2085	862
2084	862
2084	863
2083	863
2083	864
2082	864
2082	865
2081	865
2081	866
2080	866
2080	867
2078	867
2078	868
2077	868
2077	869
2076	869
2076	870
2074	870
2074	871
2073	871
2073	872
2070	872
2070	875
2069	875
2069	876
2068	876
2068	877
2065	877
2065	878
2064	878
2064	879
2061	879
2061	882
2060	882
2060	883
2059	883
2059	884
2058	884
2058	885
2057	885
2057	886
2056	886
2056	887
2055	887
2055	888
2054	888
2054	889
2052	889
2052	890
2050	890
2050	891
2049	891
2049	893
2048	893
2048	895
2047	895
2047	896
2046	896
2046	897
2045	897
2045	898
2044	898
2044	899
2043	899
2043	900
2042	900
2042	901
2041	901
2041	903
2040	903
2040	904
2039	904
2039	905
2038	905
2038	906
2036	906
2036	907
2006	907
2006	906
1993	906
1993	905
1988	905
1988	904
1987	904
1987	903
1982	903
1982	902
1979	902
1979	901
1978	901
1978	900
1977	900
1977	897
1976	897
1976	896
1975	896
1975	892
1973	892
1973	891
1972	891
1972	890
1971	890
1971	889
1968	889
1968	888
1967	888
1967	887
1963	887
1963	886
1962	886
1962	885
1961	885
1961	884
1956	884
1956	883
1955	883
1955	882
1954	882
1954	881
1953	881
1953	880
1952	880
1952	879
1950	879
1950	878
1948	878
1948	877
1947	877
1947	876
1946	876
1946	874
1945	874
1945	873
1944	873
1944	872
1943	872
1943	871
1942	871
1942	870
1941	870
1941	869
1931	869
1931	868
1919	868
1919	867
1918	867
1918	866
1915	866
1915	865
1914	865
1914	864
1909	864
1909	863
1908	863
1908	862
1907	862
1907	861
1906	861
1906	860
1905	860
1905	858
1904	858
1904	857
1903	857
1903	856
1902	856
1902	855
1901	855
1901	854
1900	854
1900	853
1897	853
1897	852
1896	852
1896	851
1895	851
1895	850
1894	850
1894	849
1892	849
1892	848
1889	848
1889	847
1888	847
1888	846
1883	846
1883	845
1879	845
1879	844
1878	844
1878	843
1877	843
1877	842
1876	842
1876	841
1874	841
1874	840
1873	840
1873	839
1872	839
1872	837
1871	837
1871	836
1870	836
1870	833
1864	833
1864	834
1862	834
1862	835
1860	835
1860	836
1859	836
1859	837
1858	837
1858	838
1855	838
1855	839
1854	839
1854	840
1853	840
1853	841
1852	841
1852	842
1851	842
1851	843
1849	843
1849	844
1845	844
1845	845
1844	845
1844	846
1840	846
1840	847
1837	847
1837	848
1836	848
1836	849
1835	849
1835	850
1833	850
1833	851
1832	851
1832	852
1826	852
1826	853
1825	853
1825	854
1824	854
1824	855
1794	855
1794	856
1793	856
1793	857
1790	857
1790	858
1788	858
1788	859
1787	859
1787	860
1786	860
1786	861
1785	861
1785	872
1784	872
1784	873
1783	873
1783	874
1782	874
1782	875
1781	875
1781	876
1780	876
1780	878
1779	878
1779	879
1778	879
1778	880
1777	880
1777	887
1776	887
1776	888
1775	888
1775	894
1774	894
1774	895
1773	895
1773	900
1772	900
1772	904
1771	904
1771	915
1770	915
1770	918
1769	918
1769	919
1768	919
1768	920
1767	920
1767	921
1766	921
1766	937
1765	937
1765	955
1764	955
1764	956
1763	956
1763	960
1762	960
1762	961
1761	961
1761	962
1759	962
1759	964
1758	964
1758	965
1757	965
1757	966
1748	966
1748	965
1747	965
1747	964
1745	964
1745	963
1744	963
1744	962
1742	962
1742	961
1741	961
1741	960
1740	960
1740	959
1739	959
1739	958
1738	958
1738	957
1737	957
1737	956
1736	956
1736	953
1735	953
1735	947
1734	947
1734	946
1729	946
1729	945
1726	945
1726	944
1723	944
1723	943
1720	943
1720	942
1717	942
1717	941
1716	941
1716	940
1714	940
1714	939
1713	939
1713	938
1712	938
1712	937
1708	937
1708	936
1707	936
1707	935
1705	935
1705	934
1699	934
1699	933
1698	933
1698	932
1697	932
1697	931
1696	931
1696	930
1692	930
1692	929
1691	929
1691	928
1690	928
1690	927
1689	927
1689	923
1688	923
1688	921
1687	921
1687	920
1686	920
1686	919
1669	919
1669	920
1667	920
1667	921
1656	921
1656	922
1644	922
1644	923
1642	923
1642	924
1635	924
1635	925
1628	925
1628	926
1614	926
1614	925
1606	925
1606	924
1604	924
1604	923
1597	923
1597	922
1594	922
1594	921
1593	921
1593	920
1592	920
1592	917
1591	917
1591	916
1590	916
1590	915
1588	915
1588	914
1587	914
1587	913
1584	913
1584	912
1580	912
1580	911
1575	911
1575	910
1573	910
1573	909
1572	909
1572	908
1571	908
1571	907
1570	907
1570	905
1569	905
1569	904
1562	904
1562	905
1561	905
1561	907
1560	907
1560	909
1559	909
1559	910
1558	910
1558	911
1557	911
1557	912
1556	912
1556	914
1555	914
1555	915
1554	915
1554	916
1553	916
1553	917
1552	917
1552	918
1551	918
1551	921
1550	921
1550	922
1549	922
1549	933
1548	933
1548	935
1547	935
1547	937
1546	937
1546	940
1545	940
1545	952
1546	952
1546	953
1547	953
1547	955
1548	955
1548	958
1549	958
1549	971
1550	971
1550	998
1549	998
1549	999
1548	999
1548	1007
1547	1007
1547	1008
1546	1008
1546	1009
1545	1009
1545	1012
1544	1012
1544	1015
1543	1015
1543	1016
1542	1016
1542	1017
1536	1017
1536	1018
1535	1018
1535	1021
1534	1021
1534	1024
1533	1024
1533	1025
1532	1025
1532	1028
1531	1028
1531	1029
1530	1029
1530	1030
1528	1030
1528	1031
1527	1031
1527	1032
1526	1032
1526	1033
1524	1033
1524	1034
1523	1034
1523	1037
1522	1037
1522	1038
1521	1038
1521	1047
1520	1047
1520	1048
1519	1048
1519	1052
1518	1052
1518	1078
1517	1078
1517	1079
1516	1079
1516	1080
1515	1080
1515	1081
1514	1081
1514	1082
1511	1082
1511	1083
1509	1083
1509	1084
1508	1084
1508	1085
1506	1085
1506	1086
1494	1086
1494	1085
1493	1085
1493	1084
1490	1084
1490	1083
1489	1083
1489	1082
1485	1082
1485	1081
1464	1081
1464	1080
1463	1080
1463	1079
1462	1079
1462	1078
1457	1078
1457	1077
1447	1077
1447	1076
1446	1076
1446	1075
1436	1075
1436	1074
1435	1074
1435	1073
1434	1073
1434	1072
1433	1072
1433	1071
1432	1071
1432	1070
1431	1070
1431	1067
1430	1067
1430	1066
1429	1066
1429	1065
1428	1065
1428	1064
1427	1064
1427	1063
1426	1063
1426	1062
1425	1062
1425	1061
1424	1061
1424	1060
1423	1060
1423	1027
1422	1027
1422	1026
1421	1026
1421	1025
1420	1025
1420	1022
1419	1022
1419	1020
1418	1020
1418	1017
1417	1017
1417	1016
1416	1016
1416	1015
1415	1015
1415	1014
1414	1014
1414	1012
1413	1012
1413	1011
1412	1011
1412	1008
1411	1008
1411	1007
1410	1007
1410	1004
1409	1004
1409	1002
1408	1002
1408	1001
1403	1001
1403	1000
1402	1000
1402	999
1399	999
1399	998
1385	998
1385	997
1384	997
1384	996
1381	996
1381	995
1380	995
1380	994
1379	994
1379	992
1378	992
1378	1001
1377	1001
1377	1002
1376	1002
1376	1003
1374	1003
1374	1004
1370	1004
1370	1003
1366	1003
1366	1002
1364	1002
1364	1001
1363	1001
1363	1000
1362	1000
1362	998
1361	998
1361	996
1360	996
1360	995
1359	995
1359	994
1358	994
1358	993
1357	993
1357	992
1356	992
1356	991
1355	991
1355	989
1354	989
1354	985
1353	985
1353	983
1352	983
1352	982
1350	982
1350	981
1349	981
1349	980
1346	980
1346	979
1341	979
1341	978
1340	978
1340	977
1335	977
1335	976
1334	976
1334	975
1332	975
1332	974
1331	974
1331	973
1330	973
1330	972
1329	972
1329	971
1328	971
1328	970
1327	970
1327	969
1326	969
1326	968
1324	968
1324	967
1323	967
1323	966
1306	966
1306	968
1305	968
1305	969
1304	969
1304	970
1303	970
1303	971
1296	971
1296	977
1295	977
1295	978
1294	978
1294	980
1293	980
1293	981
1292	981
1292	982
1289	982
1289	983
1288	983
1288	984
1287	984
1287	985
1283	985
1283	986
1282	986
1282	987
1281	987
1281	988
1279	988
1279	989
1278	989
1278	990
1277	990
1277	1000
1276	1000
1276	1001
1275	1001
1275	1002
1274	1002
1274	1003
1273	1003
1273	1004
1272	1004
1272	1005
1271	1005
1271	1006
1267	1006
1267	1007
1263	1007
1263	1010
1264	1010
1264	1034
1263	1034
1263	1035
1262	1035
1262	1036
1254	1036
1254	1035
1252	1035
1252	1034
1247	1034
1247	1033
1242	1033
1242	1032
1241	1032
1241	1031
1240	1031
1240	1028
1239	1028
1239	1027
1238	1027
1238	1026
1237	1026
1237	1025
1236	1025
1236	1024
1235	1024
1235	1018
1234	1018
1234	1013
1233	1013
1233	1011
1232	1011
1232	1009
1231	1009
1231	1002
1230	1002
1230	1001
1229	1001
1229	996
1228	996
1228	995
1227	995
1227	994
1226	994
1226	993
1212	993
1212	994
1205	994
1205	995
1204	995
1204	996
1194	996
1194	997
1192	997
1192	998
1189	998
1189	1001
1188	1001
1188	1004
1187	1004
1187	1005
1186	1005
1186	1006
1185	1006
1185	1007
1182	1007
1182	1008
1181	1008
1181	1009
1140	1009
1140	1010
1138	1010
1138	1011
1131	1011
1131	1012
1127	1012
1127	1013
1126	1013
1126	1014
1125	1014
1125	1015
1108	1015
1108	1014
1107	1014
1107	1013
1106	1013
1106	1012
1105	1012
1105	1011
1104	1011
1104	1010
1100	1010
1100	1009
1099	1009
1099	1008
1098	1008
1098	986
1097	986
1097	983
1096	983
1096	982
1094	982
1094	981
1093	981
1093	980
1090	980
1090	979
1089	979
1089	978
1088	978
1088	976
1087	976
1087	974
1086	974
1086	973
1085	973
1085	971
1084	971
1084	970
1083	970
1083	969
1082	969
1082	967
1081	967
1081	966
1080	966
1080	965
1079	965
1079	964
1078	964
1078	963
1077	963
1077	962
1076	962
1076	961
1055	961
1055	963
1054	963
1054	965
1053	965
1053	966
1052	966
1052	967
1047	967
1047	966
1046	966
1046	965
1045	965
1045	964
1044	964
1044	963
1043	963
1043	960
1042	960
1042	949
1037	949
1037	948
1036	948
1036	947
1035	947
1035	946
1028	946
1028	945
1022	945
1022	944
1021	944
1021	943
1015	943
1015	942
1014	942
1014	941
1009	941
1009	940
1008	940
1008	939
1007	939
1007	938
1006	938
1006	937
1005	937
1005	935
1004	935
1004	934
1003	934
1003	933
1002	933
1002	932
1001	932
1001	931
1000	931
1000	930
998	930
998	931
994	931
994	932
992	932
992	933
965	933
965	934
964	934
964	935
963	935
963	936
962	936
962	939
961	939
961	940
960	940
960	941
959	941
959	947
958	947
958	966
957	966
957	967
956	967
956	968
955	968
955	969
954	969
954	970
953	970
953	971
952	971
952	972
951	972
951	973
950	973
950	974
949	974
949	975
948	975
948	976
944	976
944	977
940	977
940	978
939	978
939	979
937	979
937	980
932	980
932	981
931	981
931	982
927	982
927	989
926	989
926	995
925	995
925	998
924	998
924	999
923	999
923	1003
922	1003
922	1004
921	1004
921	1005
920	1005
920	1006
911	1006
911	1007
905	1007
905	1008
894	1008
894	1009
893	1009
893	1010
886	1010
886	1011
881	1011
881	1014
880	1014
880	1015
879	1015
879	1016
878	1016
878	1017
877	1017
877	1018
875	1018
875	1019
872	1019
872	1021
871	1021
871	1026
870	1026
870	1027
869	1027
869	1028
865	1028
865	1027
864	1027
864	1026
863	1026
863	1025
856	1025
856	1024
854	1024
854	1023
853	1023
853	1022
852	1022
852	1020
851	1020
851	1018
850	1018
850	1017
849	1017
849	1013
848	1013
848	1011
847	1011
847	1010
846	1010
846	1003
845	1003
845	1002
844	1002
844	1001
843	1001
843	1000
842	1000
842	998
841	998
841	996
840	996
840	992
839	992
839	991
838	991
838	987
837	987
837	984
836	984
836	979
835	979
835	969
834	969
834	968
833	968
833	967
832	967
832	966
831	966
831	965
830	965
830	961
829	961
829	960
828	960
828	959
827	959
827	944
826	944
826	932
825	932
825	931
824	931
824	930
823	930
823	925
822	925
822	921
821	921
821	905
820	905
820	861
821	861
821	858
822	858
822	857
823	857
823	856
824	856
824	855
825	855
825	845
823	845
823	844
820	844
820	843
818	843
818	842
817	842
817	841
813	841
813	840
812	840
812	839
809	839
809	838
802	838
802	839
798	839
798	840
790	840
790	841
783	841
783	842
782	842
782	843
764	843
764	842
760	842
760	841
757	841
757	840
754	840
754	839
751	839
751	838
747	838
747	837
744	837
744	836
741	836
741	835
737	835
737	834
733	834
733	833
732	833
732	832
731	832
731	831
730	831
730	827
729	827
729	826
728	826
728	825
727	825
727	824
726	824
726	823
725	823
725	821
724	821
724	820
723	820
723	819
722	819
722	818
720	818
720	819
719	819
719	820
718	820
718	821
715	821
715	822
712	822
712	823
711	823
711	824
710	824
710	825
708	825
708	826
706	826
706	827
705	827
705	828
691	828
691	827
690	827
690	826
689	826
689	825
646	825
646	824
640	824
640	823
639	823
639	822
638	822
638	819
637	819
637	817
636	817
636	816
635	816
635	815
634	815
634	814
632	814
632	813
631	813
631	812
630	812
630	811
625	811
625	810
624	810
624	809
623	809
623	805
624	805
624	804
625	804
625	803
627	803
627	801
626	801
626	800
625	800
625	795
624	795
624	788
623	788
623	787
622	787
622	786
621	786
621	782
620	782
620	776
619	776
619	713
620	713
620	707
621	707
621	706
622	706
622	704
623	704
623	703
624	703
624	700
604	700
604	701
603	701
603	702
582	702
582	701
579	701
579	700
578	700
578	699
577	699
577	698
576	698
576	697
575	697
575	696
574	696
574	695
573	695
573	694
567	694
567	693
566	693
566	692
555	692
555	691
554	691
554	690
549	690
549	689
548	689
548	688
546	688
546	687
545	687
545	686
544	686
544	685
543	685
543	684
542	684
542	683
541	683
541	682
540	682
540	681
539	681
539	680
538	680
538	679
533	679
533	678
532	678
532	677
530	677
530	676
529	676
529	675
528	675
528	674
527	674
527	673
526	673
526	670
525	670
525	669
524	669
524	668
523	668
523	667
522	667
522	665
521	665
521	664
520	664
520	661
519	661
519	660
518	660
518	656
516	656
516	657
496	657
496	656
495	656
495	655
493	655
493	654
492	654
492	653
491	653
491	652
490	652
490	651
489	651
489	650
488	650
488	649
487	649
487	648
486	648
486	645
485	645
485	644
484	644
484	641
483	641
483	640
482	640
482	639
481	639
481	638
480	638
480	635
479	635
479	634
478	634
478	633
465	633
465	632
464	632
464	631
463	631
463	604
464	604
464	603
465	603
465	596
466	596
466	595
467	595
467	594
468	594
468	591
469	591
469	590
470	590
470	588
471	588
471	587
472	587
472	586
473	586
473	556
472	556
472	547
471	547
471	546
470	546
470	545
459	545
459	546
458	546
458	547
456	547
456	548
455	548
455	549
454	549
454	550
453	550
453	551
452	551
452	552
451	552
451	553
450	553
450	554
449	554
449	555
446	555
446	556
444	556
444	557
441	557
441	558
435	558
435	559
434	559
434	560
433	560
433	561
413	561
413	562
396	562
396	561
393	561
393	560
392	560
392	559
391	559
391	558
390	558
390	557
389	557
389	556
388	556
388	555
387	555
387	554
386	554
386	553
385	553
385	552
384	552
384	551
381	551
381	550
379	550
379	549
378	549
378	548
377	548
377	547
374	547
374	546
373	546
373	545
369	545
369	544
368	544
368	543
367	543
367	542
366	542
366	541
364	541
364	540
363	540
363	539
362	539
362	538
361	538
361	537
360	537
360	536
359	536
359	535
358	535
358	534
357	534
357	533
356	533
356	532
355	532
355	531
354	531
354	530
353	530
353	529
352	529
352	528
351	528
351	525
350	525
350	524
349	524
349	523
348	523
348	520
347	520
347	518
346	518
346	488
347	488
347	482
348	482
348	481
349	481
349	468
348	468
348	467
347	467
347	454
346	454
346	422
345	422
345	421
344	421
344	414
343	414
343	412
342	412
342	408
341	408
341	407
340	407
340	398
339	398
339	395
338	395
338	393
337	393
337	392
336	392
336	391
335	391
335	390
334	390
334	389
333	389
333	388
331	388
331	387
330	387
330	386
317	386
317	385
310	385
310	384
309	384
309	383
306	383
306	382
299	382
299	381
244	381
244	380
243	380
243	379
235	379
235	378
234	378
234	377
233	377
233	364
234	364
234	363
235	363
235	274
236	274
236	273
237	273
237	268
238	268
238	264
239	264
239	261
240	261
240	259
241	259
241	257
242	257
242	256
243	256
243	253
244	253
244	252
245	252
245	251
246	251
246	236
245	236
245	235
244	235
244	234
243	234
243	232
241	232
241	231
239	231
239	230
238	230
238	229
234	229
234	228
231	228
231	227
228	227
228	226
227	226
227	225
226	225
226	224
204	224
204	223
203	223
203	222
202	222
202	221
201	221
201	220
199	220
199	219
192	219
192	218
191	218
191	217
190	217
190	216
189	216
189	215
188	215
188	214
187	214
187	212
186	212
186	207
185	207
185	193
186	193
186	192
187	192
187	190
188	190
188	166
189	166
189	165
190	165
190	162
191	162
191	155
192	155
192	152
193	152
193	151
194	151
194	113
193	113
193	111
190	111
190	110
189	110
189	109
186	109
186	108
183	108
183	107
179	107
179	106
163	106
163	107
162	107
162	108
148	108
148	109
143	109
143	110
139	110
139	111
138	111
138	112
136	112
136	113
135	113
135	114
106	114
106	113
105	113
105	112
104	112
104	108
105	108
105	107
106	107
106	106
131	106
131	105
132	105
132	104
135	104
135	103
136	103
136	102
140	102
140	101
145	101
145	100
159	100
159	99
160	99
160	98
182	98
182	99
187	99
187	100
189	100
189	101
192	101
192	102
193	102
193	103
198	103
198	104
199	104
199	105
200	105
200	108
201	108
201	110
202	110
202	154
201	154
201	155
200	155
200	158
199	158
199	165
198	165
198	168
197	168
197	169
196	169
196	193
195	193
195	196
194	196
194	197
193	197
193	204
194	204
194	209
195	209
195	210
196	210
196	211
202	211
202	212
204	212
204	213
205	213
205	214
206	214
206	215
207	215
207	216
230	216
230	217
231	217
231	218
232	218
232	219
234	219
234	220
237	220
237	221
242	221
242	222
243	222
243	223
244	223
244	224
248	224
248	225
249	225
249	226
250	226
250	227
251	227
251	229
252	229
252	230
253	230
253	231
254	231
254	254
253	254
253	255
252	255
252	256
251	256
251	260
250	260
250	261
249	261
249	262
248	262
248	264
247	264
247	267
246	267
246	272
245	272
245	277
244	277
244	278
243	278
243	366
242	366
242	367
241	367
241	371
246	371
246	372
247	372
247	373
302	373
302	374
309	374
309	375
313	375
313	376
314	376
314	377
320	377
320	378
333	378
333	379
334	379
334	380
338	380
338	381
339	381
339	382
340	382
340	384
341	384
341	385
343	385
343	386
344	386
344	387
345	387
345	389
346	389
346	392
347	392
347	395
348	395
348	402
349	402
349	403
350	403
350	409
351	409
351	411
352	411
352	418
353	418
353	422
354	422
354	451
355	451
355	463
356	463
356	464
357	464
357	484
356	484
356	485
355	485
355	491
354	491
354	515
355	515
355	516
356	516
356	519
357	519
357	520
358	520
358	521
359	521
359	524
360	524
360	525
361	525
361	526
362	526
362	528
363	528
363	529
364	529
364	530
365	530
365	531
366	531
366	532
367	532
367	533
369	533
369	534
370	534
370	535
371	535
371	536
372	536
372	537
376	537
376	538
377	538
377	539
380	539
380	540
381	540
381	541
382	541
382	542
384	542
384	543
387	543
387	544
389	544
389	545
390	545
390	546
391	546
391	547
392	547
392	548
393	548
393	549
394	549
394	550
396	550
396	551
397	551
397	552
398	552
398	553
399	553
399	554
410	554
410	553
429	553
429	552
430	552
430	551
431	551
431	550
438	550
438	549
441	549
441	548
443	548
443	547
445	547
445	546
446	546
446	545
447	545
447	544
448	544
448	543
450	543
450	542
451	542
451	541
452	541
452	540
453	540
453	539
454	539
454	538
455	538
455	537
475	537
475	538
476	538
476	539
477	539
477	540
478	540
478	542
479	542
479	543
480	543
480	553
481	553
481	589
480	589
480	590
479	590
479	591
478	591
478	594
477	594
477	595
476	595
476	597
475	597
475	598
474	598
474	599
473	599
473	606
472	606
472	608
471	608
471	625
482	625
482	626
483	626
483	627
484	627
484	628
485	628
485	629
486	629
486	630
487	630
487	631
488	631
488	634
489	634
489	635
490	635
490	636
491	636
491	637
492	637
492	640
493	640
493	641
494	641
494	644
495	644
495	645
496	645
496	646
497	646
497	647
499	647
499	648
500	648
500	649
513	649
513	648
523	648
523	649
524	649
524	650
525	650
525	651
526	651
526	656
527	656
527	657
528	657
528	660
529	660
529	661
530	661
530	664
531	664
531	665
532	665
532	666
533	666
533	667
534	667
534	669
535	669
535	670
537	670
537	671
541	671
541	672
543	672
543	673
544	673
544	674
545	674
545	676
546	676
546	677
547	677
547	678
548	678
548	679
549	679
549	680
552	680
552	681
553	681
553	682
558	682
558	683
559	683
559	684
569	684
569	685
570	685
570	686
576	686
576	687
578	687
578	688
579	688
579	689
581	689
581	690
582	690
582	691
583	691
583	693
586	693
586	694
600	694
600	693
601	693
601	692
630	692
630	693
631	693
631	694
632	694
632	706
631	706
631	708
630	708
630	709
629	709
629	710
628	710
628	717
627	717
627	773
628	773
628	779
629	779
629	782
630	782
630	783
631	783
631	784
632	784
632	792
633	792
633	796
634	796
634	797
635	797
635	804
636	804
636	805
637	805
637	806
638	806
638	807
640	807
640	808
641	808
641	809
642	809
642	811
643	811
643	812
644	812
644	813
645	813
645	816
649	816
649	817
693	817
693	818
694	818
694	819
695	819
695	820
701	820
701	819
702	819
702	818
705	818
705	817
707	817
707	816
708	816
708	815
709	815
709	814
712	814
712	813
714	813
714	812
715	812
715	811
717	811
717	810
725	810
725	811
726	811
726	812
728	812
728	813
729	813
729	814
730	814
730	815
731	815
731	816
732	816
732	817
733	817
733	819
736	819
736	820
737	820
737	821
738	821
738	826
740	826
740	827
744	827
744	828
747	828
747	829
750	829
750	830
754	830
754	831
757	831
757	832
760	832
760	833
763	833
763	834
767	834
767	835
778	835
778	834
779	834
779	833
787	833
787	832
795	832
795	831
799	831
799	830
812	830
812	831
815	831
815	832
816	832
816	833
820	833
820	834
821	834
821	835
823	835
823	836
826	836
826	837
830	837
830	838
831	838
831	839
832	839
832	840
833	840
833	858
832	858
832	859
831	859
831	860
830	860
830	861
829	861
829	864
828	864
828	902
829	902
829	918
830	918
830	922
831	922
831	927
832	927
832	928
833	928
833	929
834	929
834	940
835	940
835	955
836	955
836	956
837	956
837	957
838	957
838	962
839	962
839	963
840	963
840	964
841	964
841	965
842	965
842	966
843	966
843	976
844	976
844	980
845	980
845	984
846	984
846	987
847	987
847	988
848	988
848	993
849	993
849	994
850	994
850	996
851	996
851	997
852	997
852	998
853	998
853	1000
854	1000
854	1006
855	1006
855	1007
856	1007
856	1010
857	1010
857	1013
858	1013
858	1014
859	1014
859	1017
861	1017
861	1015
862	1015
862	1014
863	1014
863	1013
867	1013
867	1012
868	1012
868	1011
871	1011
871	1010
873	1010
873	1006
874	1006
874	1005
875	1005
875	1004
878	1004
878	1003
882	1003
882	1002
889	1002
889	1001
890	1001
890	1000
902	1000
902	999
908	999
908	998
915	998
915	995
916	995
916	994
917	994
917	992
918	992
918	986
919	986
919	977
920	977
920	976
921	976
921	975
923	975
923	974
927	974
927	973
928	973
928	972
934	972
934	971
935	971
935	970
936	970
936	969
941	969
941	968
945	968
945	967
946	967
946	966
947	966
947	965
948	965
948	964
949	964
949	962
950	962
950	944
951	944
951	937
952	937
952	936
953	936
953	935
954	935
954	932
955	932
955	931
956	931
956	930
957	930
957	929
958	929
958	927
959	927
959	926
960	926
960	925
989	925
989	924
990	924
990	923
995	923
995	922
996	922
996	921
1003	921
1003	922
1004	922
1004	923
1005	923
1005	924
1006	924
1006	925
1007	925
1007	926
1008	926
1008	927
1009	927
1009	928
1010	928
1010	929
1011	929
1011	930
1012	930
1012	931
1013	931
1013	933
1017	933
1017	934
1018	934
1018	935
1025	935
1025	936
1026	936
1026	937
1031	937
1031	938
1039	938
1039	939
1040	939
1040	940
1041	940
1041	941
1047	941
1047	942
1048	942
1048	943
1049	943
1049	944
1050	944
1050	953
1081	953
1081	954
1082	954
1082	955
1083	955
1083	957
1084	957
1084	958
1085	958
1085	959
1086	959
1086	960
1087	960
1087	961
1088	961
1088	963
1089	963
1089	964
1090	964
1090	965
1091	965
1091	966
1092	966
1092	968
1093	968
1093	969
1094	969
1094	970
1095	970
1095	972
1096	972
1096	973
1098	973
1098	974
1099	974
1099	975
1101	975
1101	976
1102	976
1102	977
1103	977
1103	978
1104	978
1104	979
1105	979
1105	982
1106	982
1106	1002
1107	1002
1107	1003
1108	1003
1108	1004
1109	1004
1109	1005
1110	1005
1110	1006
1111	1006
1111	1007
1121	1007
1121	1006
1122	1006
1122	1005
1123	1005
1123	1004
1128	1004
1128	1003
1135	1003
1135	1002
1136	1002
1136	1001
1178	1001
1178	1000
1179	1000
1179	999
1180	999
1180	998
1181	998
1181	995
1182	995
1182	993
1183	993
1183	992
1184	992
1184	991
1185	991
1185	990
1189	990
1189	989
1190	989
1190	988
1199	988
1199	987
1200	987
1200	986
1209	986
1209	985
1231	985
1231	986
1232	986
1232	987
1233	987
1233	989
1234	989
1234	990
1235	990
1235	991
1236	991
1236	992
1237	992
1237	997
1238	997
1238	998
1239	998
1239	1006
1240	1006
1240	1008
1241	1008
1241	1009
1242	1009
1242	1014
1243	1014
1243	1021
1244	1021
1244	1022
1245	1022
1245	1023
1246	1023
1246	1024
1247	1024
1247	1025
1250	1025
1250	1026
1255	1026
1255	1027
1256	1027
1256	1013
1255	1013
1255	1002
1256	1002
1256	1001
1257	1001
1257	1000
1259	1000
1259	999
1264	999
1264	998
1268	998
1268	997
1269	997
1269	987
1270	987
1270	986
1271	986
1271	984
1272	984
1272	983
1273	983
1273	982
1274	982
1274	981
1275	981
1275	980
1278	980
1278	979
1279	979
1279	978
1280	978
1280	977
1283	977
1283	976
1284	976
1284	975
1285	975
1285	974
1286	974
1286	969
1287	969
1287	968
1288	968
1288	967
1289	967
1289	966
1290	966
1290	965
1291	965
1291	964
1292	964
1292	963
1299	963
1299	962
1300	962
1300	960
1301	960
1301	959
1302	959
1302	958
1327	958
1327	959
1328	959
1328	960
1331	960
1331	961
1332	961
1332	962
1333	962
1333	964
1334	964
1334	965
1335	965
1335	966
1336	966
1336	967
1338	967
1338	968
1339	968
1339	969
1344	969
1344	970
1345	970
1345	971
1350	971
1350	972
1352	972
1352	973
1353	973
1353	974
1358	974
1358	975
1359	975
1359	976
1360	976
1360	979
1361	979
1361	982
1362	982
1362	985
1363	985
1363	986
1364	986
1364	987
1365	987
1365	988
1366	988
1366	990
1367	990
1367	991
1368	991
1368	992
1369	992
1369	995
1370	995
1370	984
1371	984
1371	983
1372	983
1372	982
1373	982
1373	981
1384	981
1384	982
1385	982
1385	983
1386	983
1386	988
1388	988
1388	989
1389	989
1389	990
1402	990
1402	991
1406	991
1406	992
1407	992
1407	993
1412	993
1412	994
1414	994
1414	995
1415	995
1415	996
1416	996
1416	997
1417	997
1417	1001
1418	1001
1418	1004
1419	1004
1419	1005
1420	1005
1420	1007
1421	1007
1421	1008
1422	1008
1422	1011
1423	1011
1423	1012
1424	1012
1424	1013
1425	1013
1425	1014
1426	1014
1426	1017
1427	1017
1427	1019
1428	1019
1428	1020
1429	1020
1429	1021
1430	1021
1430	1022
1431	1022
1431	1057
1432	1057
1432	1058
1433	1058
1433	1059
1434	1059
1434	1060
1435	1060
1435	1061
1436	1061
1436	1062
1437	1062
1437	1063
1438	1063
1438	1064
1439	1064
1439	1067
1450	1067
1450	1068
1451	1068
1451	1069
1460	1069
1460	1070
1465	1070
1465	1071
1467	1071
1467	1072
1468	1072
1468	1073
1488	1073
1488	1074
1493	1074
1493	1075
1494	1075
1494	1076
1496	1076
1496	1077
1498	1077
1498	1078
1503	1078
1503	1077
1504	1077
1504	1076
1505	1076
1505	1075
1508	1075
1508	1074
1510	1074
1510	1048
1511	1048
1511	1045
1512	1045
1512	1044
1513	1044
1513	1035
1514	1035
1514	1034
1515	1034
1515	1031
1516	1031
1516	1030
1517	1030
1517	1029
1518	1029
1518	1028
1519	1028
1519	1027
1520	1027
1520	1026
1521	1026
1521	1025
1522	1025
1522	1024
1523	1024
1523	1023
1524	1023
1524	1021
1525	1021
1525	1020
1526	1020
1526	1018
1527	1018
1527	1015
1528	1015
1528	1013
1529	1013
1529	1012
1530	1012
1530	1011
1532	1011
1532	1010
1533	1010
1533	1009
1537	1009
1537	1006
1538	1006
1538	1005
1539	1005
1539	1004
1540	1004
1540	995
1541	995
1541	994
1542	994
1542	974
1541	974
1541	962
1540	962
1540	959
1539	959
1539	956
1538	956
1538	955
1537	955
1537	937
1538	937
1538	934
1539	934
1539	932
1540	932
1540	929
1541	929
1541	918
1542	918
1542	917
1543	917
1543	914
1544	914
1544	913
1545	913
1545	912
1546	912
1546	911
1547	911
1547	910
1548	910
1548	909
1549	909
1549	908
1550	908
1550	907
1551	907
1551	906
1552	906
1552	904
1553	904
1553	901
1554	901
1554	900
1555	900
1555	899
1556	899
1556	898
1557	898
1557	897
1558	897
1558	896
1574	896
1574	897
1575	897
1575	898
1576	898
1576	900
1577	900
1577	902
1578	902
1578	903
1583	903
1583	904
1587	904
1587	905
1590	905
1590	906
1591	906
1591	907
1593	907
1593	908
1594	908
1594	909
1595	909
1595	910
1596	910
1596	911
1597	911
1597	912
1598	912
1598	913
1599	913
1599	914
1600	914
1600	915
1607	915
1607	916
1609	916
1609	917
1617	917
1617	918
1625	918
1625	917
1631	917
1631	916
1639	916
1639	915
1641	915
1641	914
1653	914
1653	913
1664	913
1664	912
1665	912
1665	911
1690	911
1690	912
1691	912
1691	913
1692	913
1692	914
1693	914
1693	915
1694	915
1694	916
1695	916
1695	918
1696	918
1696	919
1697	919
1697	922
1700	922
1700	923
1702	923
1702	924
1703	924
1703	925
1704	925
1704	926
1708	926
1708	927
1710	927
1710	928
1711	928
1711	929
1715	929
1715	930
1716	930
1716	931
1717	931
1717	932
1720	932
1720	933
1721	933
1721	934
1723	934
1723	935
1726	935
1726	936
1729	936
1729	937
1732	937
1732	938
1739	938
1739	939
1740	939
1740	940
1741	940
1741	943
1742	943
1742	944
1743	944
1743	950
1744	950
1744	952
1745	952
1745	953
1746	953
1746	954
1747	954
1747	955
1748	955
1748	956
1750	956
1750	957
1752	957
1752	956
1753	956
1753	955
1754	955
1754	954
1755	954
1755	952
1756	952
1756	951
1757	951
1757	934
1758	934
1758	917
1759	917
1759	916
1760	916
1760	915
1761	915
1761	914
1762	914
1762	911
1763	911
1763	901
1764	901
1764	897
1765	897
1765	892
1766	892
1766	891
1767	891
1767	885
1768	885
1768	884
1769	884
1769	877
1770	877
1770	876
1771	876
1771	875
1772	875
1772	873
1773	873
1773	870
1774	870
1774	869
1775	869
1775	868
1776	868
1776	867
1777	867
1777	857
1778	857
1778	856
1779	856
1779	855
1780	855
1780	854
1781	854
1781	853
1782	853
1782	852
1783	852
1783	851
1784	851
1784	850
1786	850
1786	849
1789	849
1789	848
1790	848
1790	847
1821	847
1821	846
1822	846
1822	845
1823	845
1823	844
1828	844
1828	843
1829	843
1829	842
1832	842
1832	841
1833	841
1833	840
1834	840
1834	839
1837	839
1837	838
1840	838
1840	837
1841	837
1841	836
1846	836
1846	835
1847	835
1847	834
1848	834
1848	833
1849	833
1849	832
1851	832
1851	831
1852	831
1852	830
1854	830
1854	829
1855	829
1855	828
1856	828
1856	827
1859	827
1859	826
1861	826
1861	825
1875	825
1875	826
1876	826
1876	827
1877	827
1877	829
1878	829
1878	833
1879	833
1879	834
1881	834
1881	835
1882	835
1882	836
1883	836
1883	837
1886	837
1886	838
1891	838
1891	839
1892	839
1892	840
1895	840
1895	841
1898	841
1898	842
1899	842
1899	843
1900	843
1900	844
1901	844
1901	845
1903	845
1903	846
1905	846
1905	847
1906	847
1906	848
1907	848
1907	849
1908	849
1908	850
1909	850
1909	851
1910	851
1910	852
1911	852
1911	854
1912	854
1912	855
1913	855
1913	856
1917	856
1917	857
1919	857
1919	858
1921	858
1921	859
1922	859
1922	860
1934	860
1934	861
1944	861
1944	862
1945	862
1945	863
1946	863
1946	864
1947	864
1947	865
1950	865
1950	866
1951	866
1951	867
1952	867
1952	870
1953	870
1953	871
1955	871
1955	872
1957	872
1957	873
1958	873
1958	874
1959	874
1959	875
1960	875
1960	876
1965	876
1965	877
1966	877
1966	878
1967	878
1967	879
1970	879
1970	880
1971	880
1971	881
1974	881
1974	882
1975	882
1975	883
1977	883
1977	884
1980	884
1980	885
1981	885
1981	886
1982	886
1982	888
1983	888
1983	892
1984	892
1984	893
1985	893
1985	894
1986	894
1986	895
1990	895
1990	896
1991	896
1991	897
1997	897
1997	898
2009	898
2009	899
2032	899
2032	898
2034	898
2034	896
2035	896
2035	895
2036	895
2036	894
2037	894
2037	893
2038	893
2038	892
2039	892
2039	891
2040	891
2040	890
2041	890
2041	885
2042	885
2042	884
2043	884
2043	883
2047	883
2047	882
2049	882
2049	881
2050	881
2050	880
2051	880
2051	879
2053	879
2053	876
2054	876
2054	875
2055	875
2055	874
2056	874
2056	873
2057	873
2057	872
2058	872
2058	871
2060	871
2060	870
2061	870
2061	869
2062	869
2062	868
2063	868
2063	867
2064	867
2064	866
2065	866
2065	865
2066	865
2066	864
2069	864
2069	863
2070	863
2070	862
2073	862
2073	861
2074	861
2074	860
2075	860
2075	859
2076	859
2076	858
2077	858
2077	857
2078	857
2078	856
2079	856
2079	855
2080	855
2080	854
2081	854
2081	853
2082	853
2082	852
2084	852
2084	851
2085	851
2085	850
2086	850
2086	849
2087	849
2087	848
2089	848
2089	843
2090	843
2090	842
2091	842
2091	841
2092	841
2092	840
2093	840
2093	839
2094	839
2094	838
2095	838
2095	837
2104	837
2104	836
2105	836
2105	835
2116	835
2116	836
2117	836
2117	837
2118	837
2118	848
2119	848
2119	849
2120	849
2120	850
2121	850
2121	851
2122	851
2122	852
2123	852
2123	853
2124	853
2124	854
2125	854
2125	855
2126	855
2126	856
2127	856
2127	857
2129	857
2129	858
2130	858
2130	859
2131	859
2131	861
2132	861
2132	864
2133	864
2133	867
2134	867
2134	868
2159	868
2159	867
2160	867
2160	866
2161	866
2161	865
2165	865
2165	864
2167	864
2167	863
2168	863
2168	862
2169	862
2169	861
2170	861
2170	860
2171	860
2171	859
2174	859
2174	858
2175	858
2175	857
2176	857
2176	856
2177	856
2177	855
2184	855
2184	854
2188	854
2188	853
2189	853
2189	852
2193	852
2193	851
2194	851
2194	850
2195	850
2195	849
2196	849
2196	839
2197	839
2197	838
2198	838
2198	829
2199	829
2199	826
2200	826
2200	825
2201	825
2201	819
2202	819
2202	818
2203	818
2203	816
2204	816
2204	779
2205	779
2205	771
2206	771
2206	764
2207	764
2207	763
2208	763
2208	756
2209	756
2209	755
2210	755
2210	754
2211	754
2211	717
2210	717
2210	715
2209	715
2209	714
2208	714
2208	704
2207	704
2207	648
2208	648
2208	645
2209	645
2209	643
2210	643
2210	638
2211	638
2211	637
2212	637
2212	633
2213	633
2213	632
2214	632
2214	629
2215	629
2215	628
2216	628
2216	624
2217	624
2217	623
2218	623
2218	614
2219	614
2219	613
2220	613
2220	609
2221	609
2221	608
2222	608
2222	607
2223	607
2223	606
2224	606
2224	605
2225	605
2225	604
2226	604
2226	603
2227	603
2227	602
2229	602
2229	601
2231	601
2231	600
2232	600
2232	598
2233	598
2233	597
2234	597
2234	596
2236	596
2236	595
2237	595
2237	594
2238	594
2238	593
2239	593
2239	592
2240	592
2240	591
2241	591
2241	590
2243	590
2243	589
2245	589
2245	588
2248	588
2248	587
2254	587
2254	586
2257	586
2257	585
2258	585
2258	584
2262	584
2262	583
2264	583
2264	582
2267	582
2267	581
2268	581
2268	580
2272	580
2272	579
2273	579
2273	578
2279	578
2279	577
2280	577
2280	576
2282	576
2282	575
2283	575
2283	574
2286	574
2286	573
2287	573
2287	572
2289	572
2289	571
2291	571
2291	570
2295	570
2295	569
2296	569
2296	568
2300	568
2300	567
2303	567
2303	566
2304	566
2304	565
2306	565
2306	564
2308	564
2308	563
2309	563
2309	562
2312	562
2312	561
2314	561
2314	560
2319	560
2319	520
2320	520
2320	519
2321	519
2321	517
2322	517
2322	513
2323	513
2323	511
2324	511
2324	508
2325	508
2325	507
2326	507
2326	504
2327	504
2327	501
2328	501
2328	498
2329	498
2329	497
2330	497
2330	496
2331	496
2331	495
2332	495
2332	494
2333	494
2333	493
2334	493
2334	492
2335	492
2335	491
2336	491
2336	490
2337	490
2337	489
2341	489
2341	488
2342	488
2342	487
2343	487
2343	486
2344	486
2344	485
2345	485
2345	483
2346	483
2346	481
2347	481
2347	480
2348	480
2348	479
2349	479
2349	475
2350	475
2350	474
2351	474
2351	473
2352	473
2352	472
2353	472
2353	471
2355	471
2355	470
2356	470
2356	468
2357	468
2357	466
2358	466
2358	465
2359	465
2359	452
2360	452
2360	451
2361	451
2361	438
2362	438
2362	437
2363	437
2363	436
2364	436
2364	420
2365	420
2365	419
2366	419
2366	395
2367	395
2367	388
2368	388
2368	356
2369	356
2369	355
2370	355
2370	350
2371	350
2371	349
2372	349
2372	343
2373	343
2373	332
2374	332
2374	330
2375	330
2375	322
2376	322
2376	321
2377	321
2377	316
2378	316
2378	310
2379	310
2379	309
2380	309
2380	308
2381	308
2381	307
2382	307
2382	306
2383	306
2383	305
2384	305
2384	304
2385	304
2385	302
2386	302
2386	300
2387	300
2387	299
2388	299
2388	298
2389	298
2389	297
2390	297
2390	295
2391	295
2391	292
2392	292
2392	291
2393	291
2393	288
2394	288
2394	287
2395	287
2395	285
2396	285
2396	284
2397	284
2397	281
2398	281
2398	278
2399	278
2399	274
2400	274
2400	273
2401	273
2401	272
2402	272
2402	269
2403	269
2403	268
2404	268
2404	267
2405	267
2405	266
2406	266
2406	265
2407	265
2407	264
2408	264
2408	222
2407	222
2407	216
2406	216
2406	215
2405	215
2405	210
2404	210
2404	208
2403	208
2403	204
2404	204
2404	203
2403	203
2403	202
2402	202
2402	196
2401	196
2401	193
2400	193
2400	192
2399	192
2399	186
2398	186
2398	181
2397	181
2397	133
2398	133
2398	132
2399	132
2399	131
2400	131
2400	130
2402	130
2402	129
2404	129
2404	128
2406	128
2406	127
2407	127
2407	126
2409	126
2409	125
2410	125
2410	124
2414	124
2414	123
2415	123
2415	122
2420	122
2420	121
2425	121
2425	120
2426	120
2426	119
2461	119
2461	120
2462	120
2462	121
2463	121
