2508	211
2507	211
2507	212
2505	212
2505	213
2504	213
2504	214
2499	214
2499	215
2488	215
2488	216
2467	216
2467	217
2466	217
2466	218
2460	218
2460	231
2461	231
2461	243
2460	243
2460	247
2459	247
2459	252
2458	252
2458	253
2457	253
2457	254
2456	254
2456	255
2455	255
2455	257
2454	257
2454	258
2453	258
2453	259
2452	259
2452	261
2451	261
2451	262
2450	262
2450	264
2449	264
2449	265
2448	265
2448	266
2446	266
2446	269
2445	269
2445	270
2444	270
2444	272
2443	272
2443	275
2442	275
2442	276
2441	276
2441	277
2419	277
2419	278
2418	278
2418	279
2417	279
2417	280
2416	280
2416	281
2415	281
2415	282
2404	282
2404	283
2402	283
2402	284
2395	284
2395	285
2394	285
2394	286
2362	286
2362	285
2361	285
2361	284
2344	284
2344	285
2343	285
2343	286
2340	286
2340	287
2339	287
2339	288
2338	288
2338	289
2337	289
2337	290
2336	290
2336	291
2335	291
2335	292
2334	292
2334	294
2333	294
2333	298
2332	298
2332	299
2331	299
2331	302
2330	302
2330	304
2329	304
2329	305
2328	305
2328	308
2327	308
2327	309
2326	309
2326	317
2325	317
2325	318
2324	318
2324	319
2323	319
2323	320
2322	320
2322	321
2321	321
2321	322
2319	322
2319	323
2318	323
2318	324
2317	324
2317	325
2314	325
2314	326
2308	326
2308	327
2307	327
2307	328
2306	328
2306	331
2305	331
2305	396
2304	396
2304	397
2303	397
2303	410
2302	410
2302	413
2303	413
2303	417
2302	417
2302	418
2301	418
2301	419
2299	419
2299	420
2298	420
2298	427
2297	427
2297	428
2296	428
2296	439
2295	439
2295	446
2294	446
2294	447
2293	447
2293	449
2292	449
2292	450
2291	450
2291	451
2290	451
2290	452
2289	452
2289	453
2288	453
2288	454
2286	454
2286	457
2285	457
2285	459
2284	459
2284	463
2283	463
2283	464
2282	464
2282	465
2281	465
2281	469
2280	469
2280	470
2279	470
2279	471
2278	471
2278	474
2277	474
2277	478
2276	478
2276	480
2275	480
2275	481
2274	481
2274	482
2272	482
2272	483
2271	483
2271	484
2269	484
2269	485
2268	485
2268	486
2266	486
2266	487
2262	487
2262	488
2259	488
2259	489
2257	489
2257	490
2256	490
2256	491
2255	491
2255	492
2254	492
2254	493
2251	493
2251	494
2250	494
2250	495
2248	495
2248	496
2246	496
2246	497
2245	497
2245	498
2244	498
2244	499
2243	499
2243	500
2242	500
2242	501
2240	501
2240	502
2236	502
2236	503
2235	503
2235	504
2234	504
2234	505
2233	505
2233	506
2232	506
2232	507
2231	507
2231	508
2230	508
2230	509
2229	509
2229	510
2228	510
2228	512
2227	512
2227	514
2226	514
2226	516
2225	516
2225	517
2224	517
2224	518
2223	518
2223	522
2222	522
2222	523
2221	523
2221	560
2220	560
2220	561
2219	561
2219	562
2212	562
2212	561
2206	561
2206	560
2205	560
2205	559
2201	559
2201	558
2192	558
2192	557
2191	557
2191	556
2190	556
2190	555
2186	555
2186	554
2185	554
2185	553
2184	553
2184	552
2183	552
2183	551
2181	551
2181	550
2180	550
2180	549
2179	549
2179	548
2177	548
2177	547
2175	547
2175	546
2173	546
2173	545
2172	545
2172	544
2171	544
2171	543
2157	543
2157	544
2151	544
2151	545
2150	545
2150	546
2148	546
2148	547
2147	547
2147	548
2145	548
2145	549
2143	549
2143	550
2142	550
2142	551
2140	551
2140	552
2137	552
2137	553
2136	553
2136	554
2134	554
2134	555
2132	555
2132	556
2131	556
2131	557
2130	557
2130	558
2128	558
2128	559
2126	559
2126	560
2107	560
2107	559
2104	559
2104	558
2103	558
2103	557
2096	557
2096	558
2093	558
2093	559
2092	559
2092	560
2091	560
2091	561
2090	561
2090	562
2089	562
2089	565
2088	565
2088	566
2087	566
2087	582
2088	582
2088	583
2089	583
2089	585
2090	585
2090	586
2091	586
2091	587
2092	587
2092	588
2093	588
2093	589
2094	589
2094	590
2095	590
2095	591
2097	591
2097	592
2098	592
2098	593
2099	593
2099	594
2100	594
2100	595
2101	595
2101	596
2102	596
2102	597
2103	597
2103	634
2102	634
2102	637
2101	637
2101	649
2100	649
2100	650
2099	650
2099	651
2098	651
2098	652
2097	652
2097	658
2096	658
2096	659
2095	659
2095	661
2094	661
2094	662
2093	662
2093	663
2092	663
2092	664
2091	664
2091	665
2090	665
2090	667
2089	667
2089	669
2088	669
2088	670
2087	670
2087	671
2086	671
2086	672
2085	672
2085	673
2084	673
2084	674
2083	674
2083	675
2082	675
2082	676
2081	676
2081	677
2080	677
2080	702
2079	702
2079	707
2078	707
2078	708
2077	708
2077	710
2076	710
2076	712
2075	712
2075	713
2074	713
2074	714
2071	714
2071	715
2070	715
2070	716
2069	716
2069	717
2068	717
2068	718
2065	718
2065	719
2064	719
2064	720
2063	720
2063	721
2062	721
2062	722
2061	722
2061	725
2060	725
2060	726
2059	726
2059	727
2058	727
2058	728
2057	728
2057	732
2056	732
2056	737
2055	737
2055	738
2054	738
2054	740
2053	740
2053	741
2052	741
2052	742
2051	742
2051	743
2050	743
2050	744
2049	744
2049	746
2048	746
2048	747
2047	747
2047	748
2046	748
2046	749
2044	749
2044	750
2043	750
2043	751
2042	751
2042	752
2040	752
2040	753
2034	753
2034	754
2033	754
2033	755
2032	755
2032	756
2031	756
2031	757
2030	757
2030	758
2028	758
2028	760
2027	760
2027	761
2026	761
2026	762
2025	762
2025	763
2022	763
2022	764
2021	764
2021	765
2020	765
2020	766
2017	766
2017	767
2016	767
2016	768
2015	768
2015	769
2014	769
2014	770
2013	770
2013	771
2012	771
2012	772
2011	772
2011	778
2010	778
2010	782
2009	782
2009	783
2008	783
2008	785
2007	785
2007	786
2006	786
2006	787
2005	787
2005	788
2004	788
2004	789
2003	789
2003	790
2002	790
2002	792
2001	792
2001	793
2000	793
2000	794
1990	794
1990	793
1986	793
1986	792
1984	792
1984	791
1983	791
1983	790
1980	790
1980	789
1979	789
1979	788
1978	788
1978	787
1977	787
1977	786
1976	786
1976	785
1975	785
1975	784
1974	784
1974	779
1973	779
1973	778
1972	778
1972	777
1971	777
1971	776
1969	776
1969	775
1968	775
1968	774
1967	774
1967	773
1963	773
1963	772
1957	772
1957	771
1956	771
1956	770
1953	770
1953	769
1952	769
1952	768
1951	768
1951	767
1949	767
1949	766
1947	766
1947	765
1945	765
1945	764
1944	764
1944	763
1943	763
1943	761
1942	761
1942	760
1941	760
1941	757
1940	757
1940	756
1939	756
1939	754
1938	754
1938	753
1936	753
1936	752
1935	752
1935	751
1932	751
1932	750
1930	750
1930	749
1929	749
1929	748
1926	748
1926	747
1925	747
1925	746
1924	746
1924	745
1923	745
1923	744
1922	744
1922	743
1921	743
1921	742
1920	742
1920	741
1919	741
1919	740
1918	740
1918	739
1917	739
1917	738
1916	738
1916	737
1915	737
1915	736
1914	736
1914	735
1913	735
1913	734
1912	734
1912	733
1906	733
1906	732
1905	732
1905	731
1904	731
1904	730
1901	730
1901	729
1900	729
1900	728
1897	728
1897	727
1896	727
1896	726
1895	726
1895	725
1893	725
1893	724
1892	724
1892	723
1890	723
1890	722
1889	722
1889	721
1888	721
1888	720
1887	720
1887	719
1886	719
1886	718
1885	718
1885	717
1882	717
1882	716
1881	716
1881	715
1880	715
1880	714
1879	714
1879	713
1878	713
1878	712
1877	712
1877	711
1876	711
1876	710
1875	710
1875	709
1868	709
1868	708
1867	708
1867	707
1864	707
1864	706
1856	706
1856	705
1827	705
1827	706
1824	706
1824	707
1823	707
1823	708
1822	708
1822	709
1821	709
1821	710
1820	710
1820	711
1819	711
1819	712
1818	712
1818	713
1817	713
1817	715
1816	715
1816	718
1815	718
1815	719
1814	719
1814	721
1813	721
1813	722
1812	722
1812	724
1811	724
1811	725
1810	725
1810	727
1809	727
1809	728
1808	728
1808	729
1807	729
1807	732
1806	732
1806	733
1805	733
1805	734
1803	734
1803	735
1804	735
1804	736
1805	736
1805	737
1806	737
1806	766
1807	766
1807	768
1808	768
1808	814
1807	814
1807	815
1806	815
1806	828
1805	828
1805	838
1804	838
1804	839
1803	839
1803	840
1802	840
1802	841
1801	841
1801	842
1800	842
1800	843
1799	843
1799	844
1798	844
1798	845
1796	845
1796	846
1793	846
1793	847
1792	847
1792	848
1789	848
1789	851
1788	851
1788	852
1787	852
1787	853
1786	853
1786	854
1785	854
1785	855
1784	855
1784	857
1783	857
1783	858
1782	858
1782	859
1781	859
1781	860
1780	860
1780	862
1779	862
1779	863
1778	863
1778	864
1777	864
1777	865
1775	865
1775	866
1774	866
1774	867
1773	867
1773	868
1772	868
1772	869
1771	869
1771	870
1770	870
1770	871
1769	871
1769	872
1767	872
1767	873
1766	873
1766	874
1765	874
1765	875
1764	875
1764	876
1763	876
1763	877
1761	877
1761	878
1760	878
1760	879
1758	879
1758	880
1757	880
1757	881
1756	881
1756	882
1754	882
1754	883
1752	883
1752	884
1751	884
1751	885
1750	885
1750	886
1749	886
1749	887
1748	887
1748	888
1747	888
1747	889
1746	889
1746	890
1745	890
1745	892
1744	892
1744	893
1743	893
1743	895
1742	895
1742	896
1741	896
1741	897
1740	897
1740	899
1739	899
1739	901
1738	901
1738	902
1737	902
1737	906
1736	906
1736	907
1735	907
1735	908
1734	908
1734	913
1733	913
1733	918
1732	918
1732	922
1731	922
1731	925
1730	925
1730	928
1729	928
1729	929
1728	929
1728	930
1712	930
1712	929
1711	929
1711	928
1708	928
1708	927
1702	927
1702	926
1701	926
1701	925
1700	925
1700	924
1699	924
1699	923
1698	923
1698	922
1697	922
1697	920
1696	920
1696	918
1695	918
1695	917
1694	917
1694	897
1693	897
1693	896
1692	896
1692	894
1691	894
1691	890
1690	890
1690	889
1689	889
1689	888
1688	888
1688	887
1687	887
1687	882
1686	882
1686	881
1685	881
1685	880
1684	880
1684	879
1681	879
1681	878
1680	878
1680	877
1675	877
1675	876
1674	876
1674	875
1670	875
1670	874
1669	874
1669	873
1668	873
1668	871
1665	871
1665	870
1664	870
1664	869
1663	869
1663	868
1662	868
1662	867
1661	867
1661	866
1660	866
1660	865
1658	865
1658	864
1655	864
1655	863
1654	863
1654	862
1653	862
1653	861
1651	861
1651	860
1645	860
1645	859
1643	859
1643	858
1641	858
1641	857
1640	857
1640	856
1636	856
1636	855
1635	855
1635	854
1634	854
1634	853
1633	853
1633	852
1632	852
1632	851
1622	851
1622	852
1621	852
1621	853
1598	853
1598	854
1597	854
1597	855
1596	855
1596	856
1595	856
1595	857
1594	857
1594	858
1593	858
1593	859
1592	859
1592	860
1591	860
1591	861
1589	861
1589	862
1587	862
1587	863
1586	863
1586	864
1585	864
1585	865
1584	865
1584	866
1583	866
1583	867
1582	867
1582	868
1581	868
1581	870
1580	870
1580	871
1579	871
1579	874
1578	874
1578	875
1577	875
1577	876
1575	876
1575	877
1574	877
1574	881
1573	881
1573	882
1572	882
1572	883
1571	883
1571	884
1570	884
1570	885
1569	885
1569	886
1568	886
1568	887
1567	887
1567	888
1566	888
1566	889
1565	889
1565	890
1564	890
1564	891
1563	891
1563	892
1562	892
1562	893
1561	893
1561	894
1560	894
1560	895
1559	895
1559	896
1557	896
1557	897
1555	897
1555	899
1554	899
1554	900
1553	900
1553	901
1552	901
1552	902
1551	902
1551	903
1550	903
1550	906
1549	906
1549	907
1548	907
1548	909
1547	909
1547	912
1546	912
1546	913
1545	913
1545	914
1544	914
1544	919
1543	919
1543	920
1542	920
1542	921
1541	921
1541	922
1540	922
1540	923
1539	923
1539	931
1538	931
1538	940
1537	940
1537	941
1536	941
1536	943
1535	943
1535	944
1534	944
1534	945
1533	945
1533	948
1532	948
1532	989
1531	989
1531	990
1530	990
1530	991
1529	991
1529	992
1528	992
1528	993
1527	993
1527	994
1526	994
1526	995
1524	995
1524	996
1523	996
1523	997
1521	997
1521	998
1520	998
1520	999
1516	999
1516	1000
1515	1000
1515	1001
1514	1001
1514	1002
1511	1002
1511	1003
1510	1003
1510	1004
1507	1004
1507	1005
1506	1005
1506	1006
1504	1006
1504	1007
1503	1007
1503	1008
1500	1008
1500	1009
1498	1009
1498	1010
1497	1010
1497	1011
1496	1011
1496	1012
1494	1012
1494	1013
1465	1013
1465	1012
1464	1012
1464	1011
1463	1011
1463	1008
1462	1008
1462	1007
1461	1007
1461	1004
1460	1004
1460	1003
1459	1003
1459	999
1458	999
1458	998
1457	998
1457	914
1456	914
1456	901
1455	901
1455	900
1454	900
1454	897
1453	897
1453	887
1452	887
1452	886
1451	886
1451	885
1450	885
1450	874
1449	874
1449	873
1448	873
1448	871
1447	871
1447	869
1445	869
1445	868
1444	868
1444	867
1442	867
1442	866
1441	866
1441	865
1440	865
1440	864
1439	864
1439	863
1435	863
1435	862
1434	862
1434	861
1433	861
1433	856
1432	856
1432	855
1431	855
1431	854
1428	854
1428	853
1427	853
1427	852
1409	852
1409	853
1401	853
1401	854
1400	854
1400	855
1394	855
1394	856
1393	856
1393	857
1391	857
1391	858
1387	858
1387	859
1385	859
1385	860
1384	860
1384	861
1382	861
1382	862
1381	862
1381	863
1379	863
1379	864
1378	864
1378	865
1377	865
1377	866
1376	866
1376	867
1375	867
1375	870
1374	870
1374	871
1373	871
1373	872
1370	872
1370	873
1369	873
1369	874
1366	874
1366	875
1365	875
1365	876
1364	876
1364	877
1359	877
1359	878
1358	878
1358	879
1356	879
1356	880
1355	880
1355	882
1354	882
1354	888
1353	888
1353	901
1352	901
1352	908
1351	908
1351	913
1350	913
1350	914
1349	914
1349	919
1348	919
1348	920
1347	920
1347	926
1346	926
1346	931
1345	931
1345	961
1344	961
1344	962
1343	962
1343	963
1342	963
1342	964
1341	964
1341	965
1340	965
1340	966
1338	966
1338	967
1337	967
1337	968
1336	968
1336	969
1335	969
1335	970
1334	970
1334	971
1331	971
1331	972
1330	972
1330	975
1329	975
1329	979
1328	979
1328	982
1327	982
1327	983
1326	983
1326	984
1325	984
1325	985
1324	985
1324	986
1323	986
1323	988
1322	988
1322	989
1321	989
1321	990
1320	990
1320	991
1319	991
1319	992
1318	992
1318	993
1317	993
1317	994
1316	994
1316	995
1315	995
1315	998
1314	998
1314	999
1313	999
1313	1000
1312	1000
1312	1001
1311	1001
1311	1002
1305	1002
1305	1003
1304	1003
1304	1004
1298	1004
1298	1005
1295	1005
1295	1006
1273	1006
1273	1005
1237	1005
1237	1004
1236	1004
1236	1003
1235	1003
1235	1002
1234	1002
1234	1001
1231	1001
1231	1000
1229	1000
1229	999
1228	999
1228	998
1223	998
1223	999
1222	999
1222	1000
1221	1000
1221	1001
1220	1001
1220	1002
1219	1002
1219	1003
1218	1003
1218	1029
1217	1029
1217	1034
1216	1034
1216	1035
1215	1035
1215	1036
1214	1036
1214	1037
1212	1037
1212	1038
1190	1038
1190	1037
1186	1037
1186	1036
1185	1036
1185	1035
1173	1035
1173	1034
1170	1034
1170	1033
1169	1033
1169	1032
1168	1032
1168	1031
1167	1031
1167	1030
1166	1030
1166	1028
1165	1028
1165	1027
1164	1027
1164	1026
1163	1026
1163	1025
1162	1025
1162	1024
1161	1024
1161	1023
1160	1023
1160	1022
1159	1022
1159	1021
1158	1021
1158	1020
1157	1020
1157	1018
1156	1018
1156	1014
1155	1014
1155	1013
1154	1013
1154	1010
1153	1010
1153	1009
1152	1009
1152	1004
1151	1004
1151	1001
1150	1001
1150	1000
1149	1000
1149	998
1148	998
1148	996
1145	996
1145	995
1143	995
1143	994
1142	994
1142	993
1141	993
1141	992
1135	992
1135	991
1133	991
1133	990
1132	990
1132	989
1131	989
1131	988
1130	988
1130	987
1128	987
1128	986
1127	986
1127	985
1126	985
1126	984
1125	984
1125	982
1124	982
1124	981
1123	981
1123	979
1122	979
1122	977
1121	977
1121	976
1120	976
1120	975
1119	975
1119	966
1118	966
1118	965
1117	965
1117	964
1116	964
1116	960
1115	960
1115	959
1114	959
1114	958
1113	958
1113	950
1112	950
1112	949
1109	949
1109	948
1108	948
1108	947
1107	947
1107	946
1105	946
1105	945
1103	945
1103	944
1102	944
1102	943
1101	943
1101	942
1100	942
1100	941
1099	941
1099	940
1081	940
1081	941
1080	941
1080	942
1079	942
1079	943
1073	943
1073	944
1072	944
1072	945
1068	945
1068	946
1067	946
1067	947
1057	947
1057	948
1053	948
1053	949
1050	949
1050	950
1049	950
1049	951
1048	951
1048	952
1047	952
1047	953
1046	953
1046	954
1045	954
1045	955
1043	955
1043	956
1042	956
1042	958
1041	958
1041	959
1040	959
1040	960
1039	960
1039	961
1038	961
1038	962
1037	962
1037	963
1035	963
1035	966
1034	966
1034	967
1033	967
1033	968
1032	968
1032	969
1031	969
1031	970
1015	970
1015	969
1014	969
1014	968
1007	968
1007	967
1006	967
1006	966
1002	966
1002	965
1001	965
1001	964
1000	964
1000	963
999	963
999	933
998	933
998	929
997	929
997	928
996	928
996	927
995	927
995	925
994	925
994	924
993	924
993	923
992	923
992	922
991	922
991	920
990	920
990	919
989	919
989	918
988	918
988	917
987	917
987	911
986	911
986	910
985	910
985	900
984	900
984	899
962	899
962	900
961	900
961	901
949	901
949	902
948	902
948	903
928	903
928	902
921	902
921	901
920	901
920	900
917	900
917	899
916	899
916	898
915	898
915	897
911	897
911	896
910	896
910	895
909	895
909	892
908	892
908	891
907	891
907	890
906	890
906	889
905	889
905	888
904	888
904	887
898	887
898	886
894	886
894	885
891	885
891	884
890	884
890	883
847	883
847	882
844	882
844	881
830	881
830	882
829	882
829	883
819	883
819	884
816	884
816	885
815	885
815	886
814	886
814	887
809	887
809	888
803	888
803	889
789	889
789	890
781	890
781	891
779	891
779	892
775	892
775	893
772	893
772	894
766	894
766	895
765	895
765	896
763	896
763	897
762	897
762	898
757	898
757	899
755	899
755	900
754	900
754	901
745	901
745	902
742	902
742	903
733	903
733	904
732	904
732	905
730	905
730	906
729	906
729	907
728	907
728	908
722	908
722	909
721	909
721	910
719	910
719	911
718	911
718	912
717	912
717	915
716	915
716	916
715	916
715	917
714	917
714	918
713	918
713	941
712	941
712	942
711	942
711	943
694	943
694	942
693	942
693	941
691	941
691	940
690	940
690	939
688	939
688	938
684	938
684	937
683	937
683	936
682	936
682	934
681	934
681	933
680	933
680	932
679	932
679	929
678	929
678	922
677	922
677	913
676	913
676	894
675	894
675	893
674	893
674	892
673	892
673	891
672	891
672	885
671	885
671	883
670	883
670	882
669	882
669	880
665	880
665	879
664	879
664	878
662	878
662	877
661	877
661	876
660	876
660	874
659	874
659	870
658	870
658	869
657	869
657	865
656	865
656	846
655	846
655	845
651	845
651	844
650	844
650	843
649	843
649	842
648	842
648	841
647	841
647	840
646	840
646	839
645	839
645	838
644	838
644	837
643	837
643	836
642	836
642	831
639	831
639	832
638	832
638	833
637	833
637	834
636	834
636	838
635	838
635	839
634	839
634	840
633	840
633	843
632	843
632	845
631	845
631	847
630	847
630	851
629	851
629	853
628	853
628	854
627	854
627	860
626	860
626	864
625	864
625	866
624	866
624	870
623	870
623	874
622	874
622	875
621	875
621	876
620	876
620	877
619	877
619	878
618	878
618	879
616	879
616	880
615	880
615	881
613	881
613	882
610	882
610	883
609	883
609	884
608	884
608	885
605	885
605	887
604	887
604	888
603	888
603	889
602	889
602	890
598	890
598	891
597	891
597	892
580	892
580	891
579	891
579	890
577	890
577	889
574	889
574	888
572	888
572	887
571	887
571	886
570	886
570	885
569	885
569	884
568	884
568	883
567	883
567	882
566	882
566	881
565	881
565	880
564	880
564	878
561	878
561	877
560	877
560	876
558	876
558	875
557	875
557	874
556	874
556	873
552	873
552	872
551	872
551	871
550	871
550	870
549	870
549	867
548	867
548	830
549	830
549	828
550	828
550	815
551	815
551	809
552	809
552	797
553	797
553	796
554	796
554	793
555	793
555	791
556	791
556	790
557	790
557	788
558	788
558	787
559	787
559	783
558	783
558	782
557	782
557	781
556	781
556	780
552	780
552	779
529	779
529	780
526	780
526	781
525	781
525	782
522	782
522	783
521	783
521	784
519	784
519	785
501	785
501	784
500	784
500	783
499	783
499	782
498	782
498	778
492	778
492	777
491	777
491	776
490	776
490	775
484	775
484	774
483	774
483	773
482	773
482	772
479	772
479	771
478	771
478	770
477	770
477	769
476	769
476	768
475	768
475	766
474	766
474	763
473	763
473	762
472	762
472	761
471	761
471	757
468	757
468	756
463	756
463	755
462	755
462	754
460	754
460	753
459	753
459	752
457	752
457	751
456	751
456	750
455	750
455	747
454	747
454	746
453	746
453	731
452	731
452	730
451	730
451	727
450	727
450	726
449	726
449	725
448	725
448	720
446	720
446	721
445	721
445	722
441	722
441	723
437	723
437	724
432	724
432	725
397	725
397	724
391	724
391	723
390	723
390	722
366	722
366	721
365	721
365	720
364	720
364	691
365	691
365	690
366	690
366	689
367	689
367	687
368	687
368	671
367	671
367	657
368	657
368	656
369	656
369	654
370	654
370	651
369	651
369	641
368	641
368	636
367	636
367	635
366	635
366	631
365	631
365	625
364	625
364	624
363	624
363	618
362	618
362	616
361	616
361	608
360	608
360	605
359	605
359	604
358	604
358	603
357	603
357	602
351	602
351	603
350	603
350	608
349	608
349	609
348	609
348	610
343	610
343	609
328	609
328	608
327	608
327	607
326	607
326	606
324	606
324	605
323	605
323	604
320	604
320	603
319	603
319	602
318	602
318	601
317	601
317	600
316	600
316	599
315	599
315	598
314	598
314	597
313	597
313	596
312	596
312	595
311	595
311	594
310	594
310	593
309	593
309	589
308	589
308	588
307	588
307	584
306	584
306	580
305	580
305	578
304	578
304	577
303	577
303	576
302	576
302	575
301	575
301	574
300	574
300	573
299	573
299	572
298	572
298	571
297	571
297	570
296	570
296	569
295	569
295	568
294	568
294	567
293	567
293	566
292	566
292	565
291	565
291	564
290	564
290	563
289	563
289	562
288	562
288	561
287	561
287	558
286	558
286	557
285	557
285	556
284	556
284	555
283	555
283	554
282	554
282	550
281	550
281	549
280	549
280	546
279	546
279	545
278	545
278	544
277	544
277	543
275	543
275	542
274	542
274	541
251	541
251	540
250	540
250	539
249	539
249	538
248	538
248	537
247	537
247	531
246	531
246	528
245	528
245	483
246	483
246	480
245	480
245	476
246	476
246	474
247	474
247	470
248	470
248	469
249	469
249	466
250	466
250	464
251	464
251	458
252	458
252	453
253	453
253	452
254	452
254	450
255	450
255	449
256	449
256	437
255	437
255	436
254	436
254	435
253	435
253	434
252	434
252	433
251	433
251	432
250	432
250	431
249	431
249	430
248	430
248	429
246	429
246	428
245	428
245	427
243	427
243	426
242	426
242	425
241	425
241	424
237	424
237	425
228	425
228	426
159	426
159	425
155	425
155	424
151	424
151	423
150	423
150	422
138	422
138	421
137	421
137	420
135	420
135	419
134	419
134	418
133	418
133	403
134	403
134	361
132	361
132	360
131	360
131	359
128	359
128	358
127	358
127	357
126	357
126	355
125	355
125	354
124	354
124	353
123	353
123	345
122	345
122	336
121	336
121	328
120	328
120	327
119	327
119	325
118	325
118	321
117	321
117	274
118	274
118	267
119	267
119	261
120	261
120	260
121	260
121	259
125	259
125	260
126	260
126	261
127	261
127	270
126	270
126	277
125	277
125	318
126	318
126	322
127	322
127	324
128	324
128	325
129	325
129	333
130	333
130	342
131	342
131	349
132	349
132	350
133	350
133	351
134	351
134	352
135	352
135	353
138	353
138	354
139	354
139	355
140	355
140	357
141	357
141	358
142	358
142	407
141	407
141	413
142	413
142	414
153	414
153	415
154	415
154	416
158	416
158	417
162	417
162	418
225	418
225	417
234	417
234	416
246	416
246	417
247	417
247	418
248	418
248	420
249	420
249	421
251	421
251	422
252	422
252	423
253	423
253	424
254	424
254	425
255	425
255	426
256	426
256	427
257	427
257	428
258	428
258	429
259	429
259	430
260	430
260	431
261	431
261	432
262	432
262	433
263	433
263	434
264	434
264	452
263	452
263	453
262	453
262	456
261	456
261	457
260	457
260	461
259	461
259	467
258	467
258	469
257	469
257	472
256	472
256	473
255	473
255	477
254	477
254	486
253	486
253	525
254	525
254	528
255	528
255	533
278	533
278	534
279	534
279	535
282	535
282	536
283	536
283	537
284	537
284	538
285	538
285	539
286	539
286	540
287	540
287	541
288	541
288	545
289	545
289	546
290	546
290	550
291	550
291	551
292	551
292	552
293	552
293	553
294	553
294	554
295	554
295	557
296	557
296	558
297	558
297	559
298	559
298	560
299	560
299	561
300	561
300	562
301	562
301	563
302	563
302	564
303	564
303	565
304	565
304	566
305	566
305	567
306	567
306	568
307	568
307	569
308	569
308	570
309	570
309	571
310	571
310	572
311	572
311	573
312	573
312	575
313	575
313	576
314	576
314	581
315	581
315	585
316	585
316	586
317	586
317	590
318	590
318	591
319	591
319	592
320	592
320	593
321	593
321	594
322	594
322	595
323	595
323	596
326	596
326	597
327	597
327	598
329	598
329	599
331	599
331	600
332	600
332	601
342	601
342	599
343	599
343	598
344	598
344	597
345	597
345	596
346	596
346	595
347	595
347	594
363	594
363	595
364	595
364	596
365	596
365	599
366	599
366	601
367	601
367	602
368	602
368	604
369	604
369	612
370	612
370	615
371	615
371	620
372	620
372	621
373	621
373	628
374	628
374	632
375	632
375	633
376	633
376	637
377	637
377	648
378	648
378	659
377	659
377	660
376	660
376	661
375	661
375	668
376	668
376	690
375	690
375	693
374	693
374	694
373	694
373	695
372	695
372	714
393	714
393	715
394	715
394	716
400	716
400	717
428	717
428	716
433	716
433	715
438	715
438	714
441	714
441	713
442	713
442	712
453	712
453	713
454	713
454	714
455	714
455	717
456	717
456	721
457	721
457	722
458	722
458	723
459	723
459	726
460	726
460	727
461	727
461	742
462	742
462	743
463	743
463	745
464	745
464	746
465	746
465	747
466	747
466	748
471	748
471	749
475	749
475	750
476	750
476	751
477	751
477	753
478	753
478	754
479	754
479	757
480	757
480	759
481	759
481	760
482	760
482	763
483	763
483	764
485	764
485	765
486	765
486	766
487	766
487	767
493	767
493	768
495	768
495	769
496	769
496	770
504	770
504	771
505	771
505	772
506	772
506	777
516	777
516	776
518	776
518	775
519	775
519	774
522	774
522	773
523	773
523	772
526	772
526	771
555	771
555	772
561	772
561	773
562	773
562	774
563	774
563	775
564	775
564	777
565	777
565	778
566	778
566	779
567	779
567	791
566	791
566	792
565	792
565	793
564	793
564	794
563	794
563	796
562	796
562	800
561	800
561	801
560	801
560	812
559	812
559	819
558	819
558	831
557	831
557	834
556	834
556	863
557	863
557	865
561	865
561	866
562	866
562	867
563	867
563	869
564	869
564	870
567	870
567	871
568	871
568	872
569	872
569	873
570	873
570	874
571	874
571	875
572	875
572	876
573	876
573	877
574	877
574	878
575	878
575	879
576	879
576	880
577	880
577	881
580	881
580	882
583	882
583	883
584	883
584	884
594	884
594	883
595	883
595	882
598	882
598	881
599	881
599	880
600	880
600	879
601	879
601	878
602	878
602	877
604	877
604	876
605	876
605	875
606	875
606	874
609	874
609	873
612	873
612	872
613	872
613	871
614	871
614	870
615	870
615	866
616	866
616	863
617	863
617	861
618	861
618	856
619	856
619	851
620	851
620	850
621	850
621	848
622	848
622	844
623	844
623	841
624	841
624	840
625	840
625	837
626	837
626	836
627	836
627	834
628	834
628	831
629	831
629	830
630	830
630	828
631	828
631	827
632	827
632	826
633	826
633	825
634	825
634	824
635	824
635	823
647	823
647	824
648	824
648	825
649	825
649	826
650	826
650	833
651	833
651	834
654	834
654	835
655	835
655	836
656	836
656	837
659	837
659	838
660	838
660	839
661	839
661	840
662	840
662	842
663	842
663	843
664	843
664	861
665	861
665	865
666	865
666	866
667	866
667	871
668	871
668	872
674	872
674	873
675	873
675	874
676	874
676	875
677	875
677	879
678	879
678	880
679	880
679	882
680	882
680	888
681	888
681	889
682	889
682	890
683	890
683	891
684	891
684	910
685	910
685	919
686	919
686	926
687	926
687	928
688	928
688	929
689	929
689	930
692	930
692	931
693	931
693	932
694	932
694	933
697	933
697	934
698	934
698	935
705	935
705	914
706	914
706	913
707	913
707	912
708	912
708	911
709	911
709	909
710	909
710	907
711	907
711	906
712	906
712	905
713	905
713	904
714	904
714	903
715	903
715	902
717	902
717	901
718	901
718	900
725	900
725	899
726	899
726	898
727	898
727	897
729	897
729	896
730	896
730	895
739	895
739	894
741	894
741	893
751	893
751	892
752	892
752	891
754	891
754	890
759	890
759	889
760	889
760	888
762	888
762	887
763	887
763	886
768	886
768	885
772	885
772	884
776	884
776	883
777	883
777	882
785	882
785	881
800	881
800	880
806	880
806	879
810	879
810	878
811	878
811	877
813	877
813	876
815	876
815	875
826	875
826	874
827	874
827	873
847	873
847	874
850	874
850	875
893	875
893	876
895	876
895	877
897	877
897	878
901	878
901	879
908	879
908	880
910	880
910	881
911	881
911	882
912	882
912	885
914	885
914	886
915	886
915	887
916	887
916	889
918	889
918	890
919	890
919	891
920	891
920	892
923	892
923	893
925	893
925	894
932	894
932	895
945	895
945	894
946	894
946	893
958	893
958	892
959	892
959	891
988	891
988	892
990	892
990	893
991	893
991	894
992	894
992	897
993	897
993	906
994	906
994	907
995	907
995	913
996	913
996	914
997	914
997	915
998	915
998	916
999	916
999	919
1000	919
1000	920
1001	920
1001	921
1002	921
1002	922
1003	922
1003	923
1004	923
1004	924
1005	924
1005	925
1006	925
1006	930
1007	930
1007	958
1010	958
1010	959
1011	959
1011	960
1017	960
1017	961
1019	961
1019	962
1027	962
1027	959
1028	959
1028	958
1029	958
1029	957
1030	957
1030	956
1031	956
1031	955
1033	955
1033	954
1034	954
1034	952
1035	952
1035	951
1036	951
1036	950
1037	950
1037	949
1038	949
1038	948
1039	948
1039	947
1042	947
1042	946
1043	946
1043	945
1044	945
1044	944
1045	944
1045	943
1046	943
1046	942
1047	942
1047	941
1050	941
1050	940
1053	940
1053	939
1064	939
1064	938
1065	938
1065	937
1069	937
1069	936
1070	936
1070	935
1076	935
1076	934
1077	934
1077	933
1078	933
1078	932
1102	932
1102	933
1103	933
1103	934
1104	934
1104	935
1106	935
1106	936
1107	936
1107	937
1108	937
1108	938
1111	938
1111	939
1112	939
1112	940
1113	940
1113	941
1118	941
1118	942
1119	942
1119	943
1120	943
1120	946
1121	946
1121	954
1122	954
1122	955
1123	955
1123	957
1124	957
1124	961
1125	961
1125	962
1126	962
1126	963
1127	963
1127	972
1128	972
1128	973
1129	973
1129	974
1130	974
1130	976
1131	976
1131	977
1132	977
1132	978
1133	978
1133	980
1135	980
1135	981
1136	981
1136	982
1137	982
1137	983
1138	983
1138	984
1144	984
1144	985
1145	985
1145	986
1147	986
1147	987
1149	987
1149	988
1152	988
1152	989
1153	989
1153	990
1154	990
1154	991
1155	991
1155	992
1156	992
1156	995
1157	995
1157	997
1158	997
1158	998
1159	998
1159	1001
1160	1001
1160	1005
1161	1005
1161	1006
1162	1006
1162	1010
1163	1010
1163	1011
1164	1011
1164	1015
1165	1015
1165	1017
1167	1017
1167	1018
1168	1018
1168	1019
1169	1019
1169	1020
1170	1020
1170	1021
1171	1021
1171	1022
1172	1022
1172	1023
1173	1023
1173	1025
1174	1025
1174	1026
1176	1026
1176	1027
1188	1027
1188	1028
1189	1028
1189	1029
1193	1029
1193	1030
1209	1030
1209	1026
1210	1026
1210	999
1211	999
1211	998
1212	998
1212	997
1213	997
1213	996
1214	996
1214	994
1215	994
1215	993
1216	993
1216	992
1217	992
1217	991
1220	991
1220	990
1232	990
1232	991
1233	991
1233	992
1234	992
1234	993
1237	993
1237	994
1239	994
1239	995
1240	995
1240	996
1241	996
1241	997
1276	997
1276	998
1292	998
1292	997
1294	997
1294	996
1301	996
1301	995
1302	995
1302	994
1307	994
1307	992
1308	992
1308	991
1309	991
1309	990
1310	990
1310	989
1311	989
1311	988
1312	988
1312	987
1313	987
1313	986
1314	986
1314	985
1315	985
1315	982
1316	982
1316	981
1317	981
1317	980
1318	980
1318	979
1320	979
1320	976
1321	976
1321	972
1322	972
1322	968
1323	968
1323	967
1324	967
1324	966
1325	966
1325	965
1326	965
1326	964
1328	964
1328	963
1331	963
1331	962
1332	962
1332	961
1333	961
1333	960
1334	960
1334	959
1335	959
1335	958
1337	958
1337	928
1338	928
1338	923
1339	923
1339	917
1340	917
1340	915
1341	915
1341	910
1342	910
1342	909
1343	909
1343	905
1344	905
1344	898
1345	898
1345	884
1346	884
1346	879
1347	879
1347	876
1348	876
1348	875
1349	875
1349	874
1350	874
1350	873
1351	873
1351	872
1352	872
1352	871
1355	871
1355	870
1356	870
1356	869
1361	869
1361	868
1362	868
1362	867
1363	867
1363	866
1365	866
1365	865
1367	865
1367	864
1368	864
1368	863
1369	863
1369	861
1370	861
1370	860
1371	860
1371	859
1372	859
1372	858
1373	858
1373	857
1374	857
1374	856
1376	856
1376	855
1378	855
1378	854
1379	854
1379	853
1380	853
1380	852
1381	852
1381	851
1384	851
1384	850
1388	850
1388	849
1389	849
1389	848
1390	848
1390	847
1397	847
1397	846
1398	846
1398	845
1405	845
1405	844
1431	844
1431	845
1432	845
1432	846
1434	846
1434	847
1436	847
1436	848
1439	848
1439	849
1440	849
1440	850
1441	850
1441	855
1442	855
1442	856
1444	856
1444	857
1445	857
1445	858
1446	858
1446	859
1448	859
1448	860
1449	860
1449	861
1452	861
1452	862
1453	862
1453	863
1454	863
1454	864
1455	864
1455	868
1456	868
1456	869
1457	869
1457	870
1458	870
1458	881
1459	881
1459	882
1460	882
1460	883
1461	883
1461	894
1462	894
1462	897
1463	897
1463	898
1464	898
1464	911
1465	911
1465	994
1466	994
1466	996
1467	996
1467	1000
1468	1000
1468	1001
1469	1001
1469	1004
1470	1004
1470	1005
1491	1005
1491	1004
1492	1004
1492	1003
1493	1003
1493	1002
1494	1002
1494	1001
1497	1001
1497	1000
1499	1000
1499	999
1500	999
1500	998
1503	998
1503	997
1504	997
1504	996
1507	996
1507	995
1508	995
1508	994
1510	994
1510	993
1511	993
1511	992
1512	992
1512	991
1517	991
1517	990
1518	990
1518	989
1519	989
1519	988
1520	988
1520	987
1523	987
1523	986
1524	986
1524	945
1525	945
1525	942
1526	942
1526	941
1527	941
1527	940
1528	940
1528	938
1529	938
1529	937
1530	937
1530	928
1531	928
1531	919
1532	919
1532	918
1533	918
1533	917
1534	917
1534	916
1535	916
1535	915
1536	915
1536	911
1537	911
1537	910
1538	910
1538	909
1539	909
1539	906
1540	906
1540	904
1541	904
1541	903
1542	903
1542	900
1543	900
1543	899
1544	899
1544	898
1545	898
1545	897
1546	897
1546	896
1547	896
1547	894
1548	894
1548	893
1549	893
1549	892
1550	892
1550	891
1551	891
1551	890
1552	890
1552	889
1554	889
1554	888
1555	888
1555	887
1556	887
1556	886
1557	886
1557	885
1558	885
1558	884
1560	884
1560	881
1561	881
1561	880
1562	880
1562	879
1563	879
1563	877
1564	877
1564	876
1565	876
1565	875
1566	875
1566	874
1567	874
1567	873
1568	873
1568	872
1569	872
1569	871
1570	871
1570	870
1571	870
1571	868
1572	868
1572	867
1573	867
1573	865
1574	865
1574	864
1575	864
1575	863
1576	863
1576	861
1577	861
1577	860
1578	860
1578	859
1579	859
1579	858
1581	858
1581	857
1582	857
1582	856
1583	856
1583	855
1584	855
1584	854
1586	854
1586	853
1587	853
1587	852
1588	852
1588	851
1589	851
1589	850
1591	850
1591	848
1592	848
1592	847
1593	847
1593	846
1594	846
1594	845
1617	845
1617	844
1618	844
1618	843
1636	843
1636	844
1637	844
1637	845
1638	845
1638	846
1639	846
1639	847
1640	847
1640	848
1643	848
1643	849
1644	849
1644	850
1646	850
1646	851
1649	851
1649	852
1655	852
1655	853
1656	853
1656	854
1658	854
1658	855
1659	855
1659	856
1661	856
1661	857
1664	857
1664	858
1665	858
1665	859
1666	859
1666	860
1667	860
1667	861
1668	861
1668	862
1669	862
1669	863
1671	863
1671	864
1673	864
1673	865
1674	865
1674	866
1675	866
1675	867
1677	867
1677	868
1679	868
1679	869
1683	869
1683	870
1684	870
1684	871
1688	871
1688	872
1689	872
1689	873
1690	873
1690	874
1691	874
1691	875
1692	875
1692	876
1693	876
1693	877
1694	877
1694	878
1695	878
1695	883
1696	883
1696	885
1697	885
1697	886
1698	886
1698	887
1699	887
1699	891
1700	891
1700	893
1701	893
1701	894
1702	894
1702	913
1703	913
1703	914
1704	914
1704	917
1705	917
1705	918
1706	918
1706	919
1712	919
1712	920
1715	920
1715	921
1716	921
1716	922
1722	922
1722	921
1723	921
1723	918
1724	918
1724	914
1725	914
1725	910
1726	910
1726	904
1727	904
1727	903
1728	903
1728	902
1729	902
1729	898
1730	898
1730	897
1731	897
1731	896
1732	896
1732	894
1733	894
1733	893
1734	893
1734	892
1735	892
1735	890
1736	890
1736	889
1737	889
1737	887
1738	887
1738	886
1739	886
1739	885
1740	885
1740	884
1741	884
1741	883
1742	883
1742	881
1743	881
1743	880
1744	880
1744	879
1745	879
1745	878
1747	878
1747	877
1748	877
1748	876
1749	876
1749	875
1751	875
1751	874
1752	874
1752	873
1753	873
1753	872
1754	872
1754	871
1757	871
1757	870
1758	870
1758	869
1760	869
1760	868
1761	868
1761	866
1762	866
1762	865
1763	865
1763	864
1766	864
1766	863
1767	863
1767	860
1768	860
1768	859
1769	859
1769	858
1770	858
1770	857
1772	857
1772	856
1773	856
1773	855
1774	855
1774	854
1775	854
1775	853
1776	853
1776	852
1777	852
1777	851
1778	851
1778	850
1779	850
1779	849
1780	849
1780	848
1781	848
1781	844
1782	844
1782	843
1783	843
1783	842
1785	842
1785	841
1786	841
1786	840
1789	840
1789	839
1790	839
1790	838
1792	838
1792	837
1794	837
1794	836
1795	836
1795	835
1797	835
1797	825
1798	825
1798	811
1799	811
1799	810
1800	810
1800	772
1799	772
1799	769
1798	769
1798	745
1797	745
1797	744
1796	744
1796	743
1795	743
1795	731
1796	731
1796	730
1797	730
1797	729
1798	729
1798	728
1799	728
1799	725
1800	725
1800	724
1801	724
1801	723
1802	723
1802	722
1803	722
1803	721
1804	721
1804	718
1805	718
1805	717
1806	717
1806	715
1807	715
1807	714
1808	714
1808	712
1809	712
1809	709
1810	709
1810	708
1811	708
1811	707
1812	707
1812	706
1813	706
1813	705
1814	705
1814	704
1815	704
1815	703
1816	703
1816	702
1817	702
1817	701
1818	701
1818	700
1819	700
1819	699
1820	699
1820	698
1824	698
1824	697
1859	697
1859	698
1867	698
1867	699
1870	699
1870	700
1871	700
1871	701
1879	701
1879	702
1880	702
1880	703
1881	703
1881	704
1882	704
1882	705
1883	705
1883	706
1884	706
1884	707
1885	707
1885	708
1886	708
1886	709
1888	709
1888	710
1890	710
1890	711
1891	711
1891	712
1892	712
1892	713
1893	713
1893	714
1894	714
1894	715
1895	715
1895	716
1896	716
1896	717
1899	717
1899	718
1900	718
1900	719
1901	719
1901	720
1903	720
1903	721
1904	721
1904	722
1908	722
1908	723
1909	723
1909	724
1910	724
1910	725
1916	725
1916	726
1917	726
1917	727
1918	727
1918	728
1919	728
1919	729
1920	729
1920	730
1921	730
1921	731
1922	731
1922	732
1923	732
1923	733
1924	733
1924	734
1925	734
1925	736
1926	736
1926	737
1927	737
1927	738
1928	738
1928	739
1929	739
1929	740
1932	740
1932	741
1933	741
1933	742
1935	742
1935	743
1938	743
1938	744
1939	744
1939	745
1942	745
1942	746
1943	746
1943	747
1944	747
1944	748
1945	748
1945	749
1946	749
1946	750
1947	750
1947	753
1948	753
1948	754
1949	754
1949	757
1950	757
1950	758
1952	758
1952	759
1954	759
1954	760
1955	760
1955	761
1957	761
1957	762
1960	762
1960	763
1961	763
1961	764
1966	764
1966	765
1971	765
1971	766
1973	766
1973	767
1974	767
1974	768
1975	768
1975	769
1976	769
1976	770
1977	770
1977	771
1978	771
1978	772
1979	772
1979	774
1980	774
1980	775
1981	775
1981	776
1982	776
1982	779
1984	779
1984	780
1985	780
1985	781
1986	781
1986	783
1987	783
1987	784
1989	784
1989	785
1993	785
1993	786
1996	786
1996	785
1997	785
1997	784
1998	784
1998	783
1999	783
1999	782
2000	782
2000	780
2001	780
2001	778
2002	778
2002	775
2003	775
2003	768
2004	768
2004	767
2005	767
2005	766
2006	766
2006	765
2007	765
2007	764
2008	764
2008	763
2009	763
2009	762
2010	762
2010	761
2011	761
2011	760
2012	760
2012	759
2013	759
2013	758
2017	758
2017	757
2018	757
2018	756
2019	756
2019	755
2020	755
2020	754
2021	754
2021	753
2022	753
2022	752
2023	752
2023	751
2024	751
2024	750
2026	750
2026	749
2027	749
2027	748
2028	748
2028	747
2029	747
2029	746
2031	746
2031	745
2037	745
2037	744
2038	744
2038	743
2039	743
2039	742
2041	742
2041	741
2042	741
2042	739
2043	739
2043	738
2044	738
2044	737
2046	737
2046	735
2047	735
2047	733
2048	733
2048	728
2049	728
2049	725
2050	725
2050	724
2051	724
2051	723
2052	723
2052	722
2053	722
2053	719
2054	719
2054	718
2055	718
2055	716
2056	716
2056	714
2057	714
2057	713
2058	713
2058	712
2060	712
2060	711
2062	711
2062	710
2064	710
2064	709
2065	709
2065	708
2066	708
2066	707
2067	707
2067	706
2069	706
2069	704
2070	704
2070	703
2071	703
2071	699
2072	699
2072	671
2073	671
2073	670
2074	670
2074	669
2077	669
2077	668
2078	668
2078	667
2079	667
2079	666
2080	666
2080	665
2081	665
2081	664
2082	664
2082	662
2083	662
2083	660
2084	660
2084	659
2085	659
2085	658
2086	658
2086	657
2087	657
2087	655
2088	655
2088	654
2089	654
2089	649
2090	649
2090	647
2091	647
2091	646
2092	646
2092	645
2093	645
2093	634
2094	634
2094	631
2095	631
2095	601
2094	601
2094	600
2093	600
2093	599
2091	599
2091	598
2090	598
2090	597
2089	597
2089	596
2088	596
2088	595
2087	595
2087	594
2086	594
2086	593
2085	593
2085	592
2084	592
2084	591
2083	591
2083	590
2082	590
2082	589
2081	589
2081	586
2080	586
2080	585
2079	585
2079	562
2080	562
2080	561
2081	561
2081	559
2082	559
2082	558
2083	558
2083	557
2084	557
2084	555
2085	555
2085	554
2086	554
2086	553
2087	553
2087	552
2088	552
2088	551
2090	551
2090	550
2093	550
2093	549
2107	549
2107	550
2108	550
2108	551
2110	551
2110	552
2123	552
2123	551
2125	551
2125	550
2126	550
2126	549
2127	549
2127	548
2129	548
2129	547
2131	547
2131	546
2132	546
2132	545
2134	545
2134	544
2136	544
2136	543
2138	543
2138	542
2139	542
2139	541
2142	541
2142	540
2143	540
2143	539
2144	539
2144	538
2147	538
2147	537
2148	537
2148	536
2154	536
2154	535
2175	535
2175	536
2176	536
2176	537
2177	537
2177	538
2178	538
2178	539
2180	539
2180	540
2182	540
2182	541
2184	541
2184	542
2185	542
2185	543
2186	543
2186	544
2187	544
2187	545
2188	545
2188	546
2189	546
2189	547
2193	547
2193	548
2195	548
2195	549
2196	549
2196	550
2204	550
2204	551
2208	551
2208	552
2210	552
2210	553
2213	553
2213	520
2214	520
2214	519
2215	519
2215	515
2216	515
2216	514
2217	514
2217	513
2218	513
2218	510
2219	510
2219	509
2220	509
2220	507
2221	507
2221	505
2222	505
2222	504
2223	504
2223	503
2224	503
2224	502
2225	502
2225	501
2226	501
2226	500
2227	500
2227	499
2228	499
2228	498
2229	498
2229	497
2231	497
2231	496
2232	496
2232	495
2233	495
2233	494
2237	494
2237	493
2238	493
2238	492
2239	492
2239	491
2240	491
2240	490
2241	490
2241	489
2243	489
2243	488
2244	488
2244	487
2247	487
2247	486
2248	486
2248	485
2250	485
2250	484
2251	484
2251	483
2252	483
2252	482
2253	482
2253	481
2256	481
2256	480
2259	480
2259	479
2263	479
2263	478
2264	478
2264	477
2265	477
2265	476
2268	476
2268	475
2269	475
2269	470
2270	470
2270	468
2271	468
2271	466
2272	466
2272	465
2273	465
2273	462
2274	462
2274	461
2275	461
2275	460
2276	460
2276	455
2277	455
2277	454
2278	454
2278	451
2279	451
2279	450
2280	450
2280	449
2281	449
2281	448
2282	448
2282	447
2283	447
2283	446
2284	446
2284	445
2285	445
2285	444
2286	444
2286	443
2287	443
2287	436
2288	436
2288	425
2289	425
2289	424
2290	424
2290	417
2291	417
2291	413
2292	413
2292	412
2293	412
2293	411
2294	411
2294	407
2295	407
2295	393
2296	393
2296	392
2297	392
2297	327
2298	327
2298	325
2299	325
2299	323
2300	323
2300	322
2301	322
2301	321
2302	321
2302	320
2303	320
2303	319
2304	319
2304	318
2311	318
2311	317
2314	317
2314	316
2315	316
2315	315
2316	315
2316	314
2317	314
2317	313
2318	313
2318	306
2319	306
2319	305
2320	305
2320	302
2321	302
2321	301
2322	301
2322	299
2323	299
2323	296
2324	296
2324	294
2325	294
2325	290
2326	290
2326	289
2327	289
2327	288
2328	288
2328	287
2329	287
2329	285
2330	285
2330	284
2331	284
2331	283
2332	283
2332	282
2333	282
2333	281
2335	281
2335	280
2336	280
2336	279
2337	279
2337	278
2340	278
2340	277
2341	277
2341	276
2365	276
2365	277
2366	277
2366	278
2391	278
2391	277
2392	277
2392	276
2399	276
2399	275
2401	275
2401	274
2412	274
2412	273
2413	273
2413	271
2414	271
2414	270
2415	270
2415	269
2436	269
2436	267
2437	267
2437	265
2438	265
2438	263
2439	263
2439	262
2440	262
2440	261
2441	261
2441	260
2442	260
2442	259
2443	259
2443	258
2444	258
2444	256
2445	256
2445	255
2446	255
2446	254
2447	254
2447	252
2448	252
2448	250
2449	250
2449	249
2450	249
2450	248
2451	248
2451	244
2452	244
2452	239
2453	239
2453	234
2452	234
2452	214
2453	214
2453	213
2454	213
2454	212
2455	212
2455	211
2457	211
2457	210
2463	210
2463	209
2464	209
2464	208
2485	208
2485	207
2496	207
2496	206
2501	206
2501	205
2502	205
2502	204
2507	204
2507	205
2508	205
2508	206
2509	206
2509	210
2508	210
