2707	379
2706	379
2706	381
2705	381
2705	382
2704	382
2704	383
2599	383
2599	384
2598	384
2598	385
2595	385
2595	386
2591	386
2591	387
2590	387
2590	388
2584	388
2584	389
2583	389
2583	390
2567	390
2567	391
2557	391
2557	392
2543	392
2543	391
2542	391
2542	390
2540	390
2540	389
2536	389
2536	388
2533	388
2533	387
2527	387
2527	388
2526	388
2526	392
2525	392
2525	401
2524	401
2524	415
2523	415
2523	416
2522	416
2522	445
2521	445
2521	451
2520	451
2520	452
2519	452
2519	458
2518	458
2518	461
2517	461
2517	468
2516	468
2516	469
2515	469
2515	473
2514	473
2514	475
2513	475
2513	477
2512	477
2512	478
2511	478
2511	480
2510	480
2510	484
2509	484
2509	485
2508	485
2508	486
2507	486
2507	492
2506	492
2506	494
2505	494
2505	501
2504	501
2504	504
2503	504
2503	505
2502	505
2502	507
2501	507
2501	509
2500	509
2500	511
2499	511
2499	512
2498	512
2498	514
2497	514
2497	516
2496	516
2496	517
2495	517
2495	518
2494	518
2494	519
2493	519
2493	520
2492	520
2492	524
2491	524
2491	526
2490	526
2490	539
2489	539
2489	547
2488	547
2488	551
2487	551
2487	554
2486	554
2486	578
2485	578
2485	579
2484	579
2484	580
2483	580
2483	583
2482	583
2482	584
2481	584
2481	585
2480	585
2480	586
2479	586
2479	587
2478	587
2478	588
2477	588
2477	589
2476	589
2476	591
2475	591
2475	593
2474	593
2474	616
2473	616
2473	624
2472	624
2472	626
2471	626
2471	630
2470	630
2470	631
2469	631
2469	632
2467	632
2467	633
2466	633
2466	634
2465	634
2465	636
2464	636
2464	637
2463	637
2463	640
2462	640
2462	641
2461	641
2461	642
2459	642
2459	644
2458	644
2458	645
2457	645
2457	648
2456	648
2456	649
2455	649
2455	650
2454	650
2454	651
2453	651
2453	652
2452	652
2452	653
2451	653
2451	654
2450	654
2450	655
2448	655
2448	656
2443	656
2443	657
2442	657
2442	658
2440	658
2440	659
2439	659
2439	660
2414	660
2414	659
2413	659
2413	658
2399	658
2399	657
2398	657
2398	656
2393	656
2393	655
2391	655
2391	654
2389	654
2389	653
2384	653
2384	652
2383	652
2383	651
2382	651
2382	650
2377	650
2377	649
2376	649
2376	648
2375	648
2375	647
2373	647
2373	646
2372	646
2372	645
2364	645
2364	646
2361	646
2361	647
2358	647
2358	648
2354	648
2354	649
2351	649
2351	650
2350	650
2350	651
2349	651
2349	652
2345	652
2345	653
2344	653
2344	654
2343	654
2343	655
2342	655
2342	657
2341	657
2341	658
2340	658
2340	659
2325	659
2325	658
2322	658
2322	657
2319	657
2319	656
2315	656
2315	655
2313	655
2313	654
2312	654
2312	653
2304	653
2304	652
2303	652
2303	651
2300	651
2300	650
2297	650
2297	649
2295	649
2295	648
2294	648
2294	647
2293	647
2293	646
2292	646
2292	645
2291	645
2291	644
2290	644
2290	643
2289	643
2289	642
2287	642
2287	641
2285	641
2285	640
2284	640
2284	639
2282	639
2282	638
2279	638
2279	637
2278	637
2278	636
2277	636
2277	635
2276	635
2276	634
2273	634
2273	633
2272	633
2272	632
2270	632
2270	631
2269	631
2269	630
2268	630
2268	629
2266	629
2266	628
2265	628
2265	627
2238	627
2238	628
2226	628
2226	629
2224	629
2224	630
2220	630
2220	631
2217	631
2217	632
2215	632
2215	633
2214	633
2214	634
2213	634
2213	635
2211	635
2211	636
2209	636
2209	637
2202	637
2202	638
2201	638
2201	639
2200	639
2200	640
2198	640
2198	641
2196	641
2196	642
2195	642
2195	643
2194	643
2194	644
2193	644
2193	645
2192	645
2192	647
2191	647
2191	648
2190	648
2190	649
2189	649
2189	650
2188	650
2188	651
2187	651
2187	652
2186	652
2186	654
2185	654
2185	656
2187	656
2187	657
2188	657
2188	658
2189	658
2189	659
2190	659
2190	660
2191	660
2191	661
2192	661
2192	664
2193	664
2193	665
2194	665
2194	672
2195	672
2195	721
2194	721
2194	722
2193	722
2193	724
2192	724
2192	726
2191	726
2191	728
2190	728
2190	729
2189	729
2189	738
2190	738
2190	742
2189	742
2189	758
2188	758
2188	760
2187	760
2187	761
2186	761
2186	762
2185	762
2185	763
2184	763
2184	764
2183	764
2183	765
2182	765
2182	766
2180	766
2180	767
2161	767
2161	766
2160	766
2160	765
2154	765
2154	764
2153	764
2153	763
2150	763
2150	762
2149	762
2149	761
2143	761
2143	760
2142	760
2142	759
2141	759
2141	758
2136	758
2136	757
2131	757
2131	756
2107	756
2107	757
2105	757
2105	758
2102	758
2102	759
2097	759
2097	760
2096	760
2096	762
2095	762
2095	763
2094	763
2094	764
2092	764
2092	765
2090	765
2090	766
2088	766
2088	767
2087	767
2087	768
2086	768
2086	770
2085	770
2085	771
2084	771
2084	772
2078	772
2078	773
2077	773
2077	774
2071	774
2071	775
2070	775
2070	776
2062	776
2062	777
2061	777
2061	778
2059	778
2059	779
2058	779
2058	780
2050	780
2050	781
2049	781
2049	782
2038	782
2038	783
2037	783
2037	784
2035	784
2035	785
2034	785
2034	786
2030	786
2030	787
2029	787
2029	788
2025	788
2025	789
2024	789
2024	790
2021	790
2021	791
2019	791
2019	792
2018	792
2018	793
2017	793
2017	794
2016	794
2016	795
2015	795
2015	796
2014	796
2014	797
2013	797
2013	798
2010	798
2010	799
2009	799
2009	800
2008	800
2008	801
2007	801
2007	802
2006	802
2006	803
2005	803
2005	805
2004	805
2004	806
2003	806
2003	807
2001	807
2001	808
1977	808
1977	807
1974	807
1974	806
1970	806
1970	805
1969	805
1969	804
1966	804
1966	803
1964	803
1964	802
1954	802
1954	801
1953	801
1953	800
1951	800
1951	799
1947	799
1947	798
1944	798
1944	797
1943	797
1943	796
1941	796
1941	795
1940	795
1940	794
1938	794
1938	793
1937	793
1937	792
1936	792
1936	791
1935	791
1935	790
1934	790
1934	789
1933	789
1933	788
1932	788
1932	787
1931	787
1931	786
1923	786
1923	787
1921	787
1921	788
1920	788
1920	789
1919	789
1919	790
1918	790
1918	791
1916	791
1916	792
1915	792
1915	793
1913	793
1913	794
1912	794
1912	795
1911	795
1911	796
1909	796
1909	797
1907	797
1907	798
1906	798
1906	799
1905	799
1905	800
1904	800
1904	802
1903	802
1903	804
1902	804
1902	805
1901	805
1901	806
1900	806
1900	807
1899	807
1899	808
1898	808
1898	809
1897	809
1897	810
1896	810
1896	812
1895	812
1895	813
1894	813
1894	814
1893	814
1893	815
1892	815
1892	834
1893	834
1893	835
1894	835
1894	837
1895	837
1895	889
1894	889
1894	890
1893	890
1893	896
1892	896
1892	897
1891	897
1891	903
1890	903
1890	905
1889	905
1889	909
1888	909
1888	910
1887	910
1887	912
1886	912
1886	914
1885	914
1885	918
1884	918
1884	919
1883	919
1883	920
1882	920
1882	921
1881	921
1881	922
1880	922
1880	923
1877	923
1877	924
1876	924
1876	925
1871	925
1871	926
1869	926
1869	927
1868	927
1868	928
1867	928
1867	929
1866	929
1866	930
1864	930
1864	931
1861	931
1861	932
1860	932
1860	933
1859	933
1859	934
1856	934
1856	935
1854	935
1854	936
1853	936
1853	937
1852	937
1852	938
1851	938
1851	958
1850	958
1850	959
1849	959
1849	964
1848	964
1848	965
1847	965
1847	966
1846	966
1846	967
1845	967
1845	968
1844	968
1844	969
1843	969
1843	970
1842	970
1842	971
1841	971
1841	972
1840	972
1840	973
1837	973
1837	974
1836	974
1836	975
1835	975
1835	976
1828	976
1828	977
1827	977
1827	978
1802	978
1802	979
1797	979
1797	980
1795	980
1795	981
1794	981
1794	982
1793	982
1793	983
1791	983
1791	984
1785	984
1785	985
1783	985
1783	986
1763	986
1763	985
1762	985
1762	984
1761	984
1761	983
1760	983
1760	982
1757	982
1757	983
1754	983
1754	984
1753	984
1753	985
1752	985
1752	986
1751	986
1751	987
1739	987
1739	986
1738	986
1738	985
1737	985
1737	984
1736	984
1736	981
1735	981
1735	980
1734	980
1734	974
1733	974
1733	969
1732	969
1732	968
1731	968
1731	967
1730	967
1730	966
1729	966
1729	965
1728	965
1728	964
1727	964
1727	963
1724	963
1724	962
1723	962
1723	961
1722	961
1722	960
1721	960
1721	959
1720	959
1720	958
1719	958
1719	957
1718	957
1718	956
1717	956
1717	955
1715	955
1715	954
1714	954
1714	953
1710	953
1710	952
1709	952
1709	951
1708	951
1708	950
1707	950
1707	949
1706	949
1706	948
1705	948
1705	947
1704	947
1704	946
1703	946
1703	927
1704	927
1704	926
1705	926
1705	924
1706	924
1706	921
1707	921
1707	920
1708	920
1708	888
1706	888
1706	887
1705	887
1705	886
1703	886
1703	885
1702	885
1702	884
1701	884
1701	883
1700	883
1700	863
1699	863
1699	860
1698	860
1698	859
1697	859
1697	858
1696	858
1696	854
1695	854
1695	850
1694	850
1694	849
1693	849
1693	846
1692	846
1692	844
1691	844
1691	835
1690	835
1690	832
1689	832
1689	830
1688	830
1688	829
1687	829
1687	827
1686	827
1686	826
1685	826
1685	823
1684	823
1684	822
1683	822
1683	821
1682	821
1682	820
1681	820
1681	818
1680	818
1680	817
1679	817
1679	816
1678	816
1678	815
1677	815
1677	814
1675	814
1675	813
1673	813
1673	812
1667	812
1667	811
1647	811
1647	812
1638	812
1638	813
1636	813
1636	814
1635	814
1635	815
1631	815
1631	816
1630	816
1630	817
1627	817
1627	818
1626	818
1626	819
1625	819
1625	820
1624	820
1624	822
1623	822
1623	823
1622	823
1622	824
1621	824
1621	826
1620	826
1620	827
1619	827
1619	828
1618	828
1618	829
1617	829
1617	830
1616	830
1616	831
1615	831
1615	833
1614	833
1614	834
1613	834
1613	836
1612	836
1612	837
1611	837
1611	838
1610	838
1610	839
1609	839
1609	840
1608	840
1608	841
1607	841
1607	842
1606	842
1606	843
1605	843
1605	846
1604	846
1604	847
1603	847
1603	849
1602	849
1602	855
1601	855
1601	856
1600	856
1600	862
1599	862
1599	863
1598	863
1598	871
1597	871
1597	872
1596	872
1596	908
1595	908
1595	912
1594	912
1594	913
1593	913
1593	916
1592	916
1592	918
1591	918
1591	919
1590	919
1590	920
1588	920
1588	921
1587	921
1587	922
1541	922
1541	921
1534	921
1534	920
1532	920
1532	919
1509	919
1509	920
1502	920
1502	921
1482	921
1482	922
1479	922
1479	923
1476	923
1476	924
1475	924
1475	925
1472	925
1472	926
1471	926
1471	927
1469	927
1469	928
1468	928
1468	929
1467	929
1467	930
1465	930
1465	931
1441	931
1441	930
1440	930
1440	929
1439	929
1439	928
1438	928
1438	925
1437	925
1437	924
1436	924
1436	917
1435	917
1435	911
1434	911
1434	909
1433	909
1433	908
1432	908
1432	907
1431	907
1431	889
1432	889
1432	883
1433	883
1433	876
1434	876
1434	847
1435	847
1435	846
1436	846
1436	838
1437	838
1437	835
1438	835
1438	831
1439	831
1439	829
1440	829
1440	820
1439	820
1439	813
1438	813
1438	810
1437	810
1437	805
1436	805
1436	804
1414	804
1414	805
1413	805
1413	806
1403	806
1403	807
1402	807
1402	808
1400	808
1400	809
1399	809
1399	810
1397	810
1397	811
1396	811
1396	813
1395	813
1395	814
1394	814
1394	815
1393	815
1393	819
1392	819
1392	820
1391	820
1391	826
1390	826
1390	828
1389	828
1389	830
1388	830
1388	831
1387	831
1387	832
1385	832
1385	833
1384	833
1384	834
1382	834
1382	835
1376	835
1376	836
1370	836
1370	837
1369	837
1369	838
1368	838
1368	839
1367	839
1367	840
1366	840
1366	841
1365	841
1365	842
1364	842
1364	843
1363	843
1363	844
1361	844
1361	845
1360	845
1360	846
1359	846
1359	847
1357	847
1357	848
1356	848
1356	849
1353	849
1353	850
1351	850
1351	851
1350	851
1350	852
1349	852
1349	853
1348	853
1348	854
1347	854
1347	855
1320	855
1320	856
1314	856
1314	857
1312	857
1312	858
1309	858
1309	859
1308	859
1308	860
1307	860
1307	862
1306	862
1306	863
1305	863
1305	866
1304	866
1304	867
1303	867
1303	868
1302	868
1302	869
1300	869
1300	870
1299	870
1299	871
1295	871
1295	873
1294	873
1294	874
1293	874
1293	875
1284	875
1284	874
1278	874
1278	875
1277	875
1277	876
1273	876
1273	877
1272	877
1272	878
1271	878
1271	879
1270	879
1270	880
1268	880
1268	881
1267	881
1267	882
1264	882
1264	883
1262	883
1262	884
1261	884
1261	885
1260	885
1260	886
1259	886
1259	887
1257	887
1257	888
1256	888
1256	889
1255	889
1255	890
1253	890
1253	891
1252	891
1252	892
1251	892
1251	893
1250	893
1250	896
1249	896
1249	897
1248	897
1248	898
1246	898
1246	900
1245	900
1245	901
1244	901
1244	902
1243	902
1243	903
1242	903
1242	922
1241	922
1241	928
1240	928
1240	929
1239	929
1239	930
1238	930
1238	931
1237	931
1237	932
1236	932
1236	933
1213	933
1213	932
1212	932
1212	931
1207	931
1207	930
1206	930
1206	929
1205	929
1205	928
1201	928
1201	927
1200	927
1200	926
1195	926
1195	925
1173	925
1173	926
1172	926
1172	927
1170	927
1170	928
1169	928
1169	930
1168	930
1168	931
1167	931
1167	932
1166	932
1166	933
1165	933
1165	934
1164	934
1164	938
1163	938
1163	939
1162	939
1162	942
1161	942
1161	991
1160	991
1160	992
1159	992
1159	995
1158	995
1158	996
1157	996
1157	997
1143	997
1143	996
1139	996
1139	995
1138	995
1138	994
1136	994
1136	993
1135	993
1135	992
1133	992
1133	991
1132	991
1132	990
1130	990
1130	989
1129	989
1129	988
1127	988
1127	987
1126	987
1126	986
1125	986
1125	985
1124	985
1124	984
1123	984
1123	983
1122	983
1122	982
1121	982
1121	981
1120	981
1120	980
1119	980
1119	978
1118	978
1118	976
1117	976
1117	975
1116	975
1116	974
1115	974
1115	973
1114	973
1114	972
1113	972
1113	971
1112	971
1112	909
1113	909
1113	900
1114	900
1114	896
1115	896
1115	844
1114	844
1114	832
1113	832
1113	830
1112	830
1112	828
1111	828
1111	827
1110	827
1110	823
1109	823
1109	821
1108	821
1108	820
1107	820
1107	819
1105	819
1105	818
1089	818
1089	819
1088	819
1088	821
1087	821
1087	823
1086	823
1086	824
1085	824
1085	826
1084	826
1084	827
1083	827
1083	828
1082	828
1082	829
1073	829
1073	828
1072	828
1072	827
1071	827
1071	822
1070	822
1070	819
1069	819
1069	795
1068	795
1068	770
1067	770
1067	769
1066	769
1066	768
1063	768
1063	767
1062	767
1062	766
1061	766
1061	765
1060	765
1060	764
1059	764
1059	763
1058	763
1058	762
1057	762
1057	761
1056	761
1056	760
1052	760
1052	759
1051	759
1051	758
1050	758
1050	757
1049	757
1049	756
1044	756
1044	755
1042	755
1042	754
1036	754
1036	753
1035	753
1035	752
1033	752
1033	751
1032	751
1032	750
1031	750
1031	749
1030	749
1030	748
1029	748
1029	747
1028	747
1028	746
1027	746
1027	743
1026	743
1026	740
1025	740
1025	736
1024	736
1024	698
1025	698
1025	691
1026	691
1026	687
1027	687
1027	686
1028	686
1028	684
1029	684
1029	675
1028	675
1028	674
1027	674
1027	666
1026	666
1026	661
1022	661
1022	662
1021	662
1021	663
1018	663
1018	664
1017	664
1017	665
1016	665
1016	666
1015	666
1015	667
1014	667
1014	668
1010	668
1010	669
1009	669
1009	670
1007	670
1007	671
1006	671
1006	672
1005	672
1005	673
1003	673
1003	674
1001	674
1001	675
998	675
998	676
997	676
997	677
996	677
996	678
995	678
995	679
994	679
994	680
993	680
993	681
991	681
991	682
989	682
989	683
988	683
988	684
987	684
987	685
984	685
984	691
983	691
983	692
982	692
982	698
981	698
981	699
980	699
980	700
979	700
979	701
978	701
978	702
977	702
977	703
976	703
976	705
975	705
975	706
974	706
974	708
973	708
973	710
972	710
972	711
971	711
971	712
970	712
970	713
969	713
969	717
968	717
968	719
967	719
967	720
966	720
966	725
965	725
965	729
964	729
964	752
963	752
963	753
962	753
962	754
961	754
961	755
960	755
960	756
959	756
959	757
942	757
942	758
936	758
936	759
934	759
934	781
933	781
933	796
932	796
932	799
931	799
931	800
930	800
930	801
915	801
915	800
913	800
913	799
910	799
910	798
909	798
909	797
889	797
889	796
885	796
885	795
884	795
884	794
883	794
883	793
882	793
882	792
880	792
880	791
877	791
877	790
874	790
874	789
872	789
872	788
870	788
870	787
864	787
864	786
862	786
862	785
861	785
861	784
860	784
860	782
859	782
859	781
858	781
858	780
857	780
857	779
856	779
856	778
855	778
855	777
854	777
854	776
853	776
853	775
851	775
851	774
850	774
850	773
848	773
848	772
844	772
844	771
842	771
842	770
841	770
841	769
838	769
838	768
837	768
837	767
835	767
835	766
833	766
833	765
832	765
832	764
831	764
831	763
830	763
830	759
829	759
829	757
828	757
828	753
827	753
827	752
826	752
826	751
825	751
825	750
824	750
824	749
823	749
823	748
822	748
822	747
821	747
821	746
820	746
820	744
819	744
819	743
818	743
818	742
817	742
817	740
816	740
816	735
815	735
815	734
814	734
814	733
813	733
813	732
811	732
811	731
810	731
810	730
809	730
809	729
807	729
807	728
806	728
806	727
805	727
805	726
804	726
804	724
803	724
803	723
802	723
802	722
801	722
801	721
800	721
800	720
799	720
799	719
798	719
798	718
797	718
797	717
794	717
794	716
789	716
789	715
787	715
787	714
786	714
786	713
785	713
785	711
784	711
784	710
783	710
783	709
782	709
782	708
781	708
781	682
782	682
782	681
783	681
783	680
784	680
784	679
787	679
787	678
793	678
793	675
792	675
792	674
791	674
791	673
790	673
790	672
789	672
789	671
786	671
786	670
785	670
785	669
784	669
784	668
783	668
783	667
778	667
778	666
775	666
775	665
750	665
750	666
749	666
749	667
747	667
747	668
746	668
746	669
745	669
745	670
744	670
744	671
742	671
742	675
741	675
741	676
740	676
740	678
739	678
739	679
738	679
738	681
737	681
737	683
736	683
736	684
735	684
735	685
734	685
734	686
733	686
733	688
732	688
732	690
731	690
731	691
730	691
730	692
729	692
729	694
728	694
728	695
727	695
727	698
726	698
726	700
725	700
725	706
724	706
724	716
723	716
723	721
722	721
722	722
721	722
721	725
720	725
720	728
719	728
719	731
718	731
718	733
717	733
717	735
716	735
716	740
715	740
715	744
714	744
714	745
713	745
713	746
694	746
694	745
683	745
683	744
682	744
682	743
679	743
679	742
676	742
676	741
670	741
670	740
651	740
651	739
646	739
646	738
645	738
645	737
642	737
642	736
641	736
641	735
640	735
640	734
638	734
638	733
637	733
637	732
636	732
636	731
635	731
635	730
634	730
634	729
633	729
633	728
632	728
632	727
631	727
631	726
630	726
630	725
629	725
629	722
628	722
628	721
627	721
627	720
625	720
625	719
624	719
624	718
623	718
623	716
622	716
622	714
621	714
621	712
620	712
620	711
619	711
619	710
618	710
618	709
617	709
617	708
616	708
616	707
615	707
615	704
614	704
614	703
613	703
613	702
612	702
612	701
611	701
611	700
609	700
609	699
607	699
607	698
601	698
601	697
600	697
600	696
599	696
599	695
598	695
598	694
597	694
597	693
596	693
596	692
595	692
595	690
593	690
593	689
592	689
592	688
591	688
591	686
590	686
590	685
589	685
589	684
588	684
588	683
587	683
587	682
586	682
586	681
585	681
585	678
584	678
584	677
583	677
583	676
582	676
582	660
583	660
583	659
584	659
584	656
585	656
585	654
586	654
586	653
587	653
587	652
588	652
588	651
590	651
590	650
591	650
591	649
592	649
592	647
593	647
593	646
594	646
594	645
596	645
596	643
595	643
595	639
594	639
594	633
593	633
593	632
592	632
592	631
574	631
574	632
572	632
572	633
569	633
569	634
561	634
561	635
559	635
559	636
554	636
554	637
553	637
553	638
551	638
551	639
550	639
550	640
549	640
549	642
548	642
548	643
547	643
547	644
546	644
546	645
545	645
545	668
544	668
544	669
543	669
543	670
541	670
541	671
540	671
540	672
539	672
539	673
538	673
538	674
537	674
537	675
536	675
536	677
535	677
535	678
534	678
534	681
533	681
533	683
532	683
532	684
531	684
531	685
530	685
530	686
529	686
529	687
527	687
527	688
525	688
525	689
524	689
524	691
523	691
523	692
522	692
522	694
521	694
521	697
520	697
520	698
519	698
519	701
518	701
518	705
517	705
517	706
516	706
516	707
515	707
515	708
514	708
514	709
513	709
513	710
512	710
512	711
511	711
511	714
510	714
510	719
509	719
509	720
508	720
508	725
507	725
507	727
506	727
506	728
505	728
505	729
503	729
503	730
475	730
475	729
453	729
453	730
452	730
452	731
451	731
451	732
409	732
409	731
408	731
408	730
404	730
404	729
403	729
403	728
399	728
399	727
396	727
396	726
395	726
395	725
392	725
392	724
391	724
391	723
390	723
390	722
387	722
387	721
386	721
386	720
385	720
385	719
384	719
384	718
383	718
383	717
382	717
382	716
381	716
381	715
379	715
379	714
376	714
376	713
373	713
373	712
372	712
372	711
371	711
371	710
369	710
369	709
366	709
366	708
364	708
364	707
363	707
363	706
362	706
362	705
361	705
361	704
359	704
359	703
358	703
358	702
357	702
357	701
356	701
356	700
355	700
355	697
354	697
354	695
353	695
353	693
352	693
352	691
351	691
351	690
350	690
350	689
349	689
349	688
348	688
348	687
345	687
345	686
343	686
343	685
342	685
342	684
340	684
340	683
339	683
339	682
338	682
338	681
335	681
335	682
333	682
333	683
332	683
332	684
331	684
331	685
330	685
330	686
329	686
329	687
327	687
327	688
326	688
326	689
325	689
325	690
323	690
323	691
312	691
312	690
307	690
307	689
306	689
306	688
305	688
305	687
304	687
304	686
303	686
303	685
302	685
302	684
301	684
301	676
300	676
300	655
299	655
299	651
298	651
298	650
297	650
297	649
296	649
296	646
295	646
295	645
294	645
294	644
293	644
293	627
292	627
292	619
291	619
291	610
290	610
290	609
289	609
289	608
288	608
288	598
287	598
287	597
286	597
286	565
285	565
285	561
286	561
286	560
287	560
287	559
288	559
288	549
289	549
289	548
290	548
290	489
291	489
291	488
292	488
292	481
293	481
293	480
294	480
294	471
295	471
295	469
296	469
296	463
297	463
297	462
298	462
298	457
299	457
299	453
300	453
300	449
301	449
301	447
302	447
302	407
303	407
303	406
304	406
304	381
303	381
303	377
302	377
302	375
301	375
301	370
300	370
300	367
299	367
299	365
298	365
298	364
297	364
297	359
294	359
294	358
285	358
285	357
282	357
282	356
278	356
278	355
276	355
276	354
275	354
275	353
273	353
273	352
269	352
269	351
268	351
268	350
267	350
267	348
266	348
266	347
265	347
265	346
252	346
252	347
169	347
169	346
165	346
165	345
161	345
161	344
156	344
156	343
155	343
155	342
131	342
131	343
130	343
130	344
128	344
128	345
124	345
124	346
80	346
80	348
79	348
79	349
78	349
78	350
73	350
73	349
72	349
72	348
71	348
71	342
72	342
72	341
73	341
73	340
74	340
74	339
75	339
75	338
121	338
121	337
125	337
125	336
126	336
126	335
127	335
127	334
158	334
158	335
159	335
159	336
164	336
164	337
168	337
168	338
173	338
173	339
248	339
248	338
268	338
268	339
269	339
269	340
270	340
270	341
271	341
271	342
272	342
272	343
273	343
273	344
276	344
276	345
278	345
278	346
279	346
279	347
281	347
281	348
285	348
285	349
288	349
288	350
297	350
297	351
302	351
302	352
303	352
303	353
304	353
304	355
305	355
305	361
306	361
306	362
307	362
307	364
308	364
308	367
309	367
309	372
310	372
310	373
311	373
311	378
312	378
312	410
311	410
311	411
310	411
310	450
309	450
309	453
308	453
308	456
307	456
307	460
306	460
306	466
305	466
305	467
304	467
304	472
303	472
303	474
302	474
302	484
301	484
301	485
300	485
300	491
299	491
299	492
298	492
298	551
297	551
297	552
296	552
296	562
295	562
295	563
294	563
294	593
295	593
295	594
296	594
296	605
297	605
297	606
298	606
298	607
299	607
299	615
300	615
300	624
301	624
301	627
302	627
302	631
301	631
301	641
302	641
302	642
303	642
303	643
304	643
304	645
305	645
305	646
306	646
306	647
307	647
307	652
308	652
308	673
309	673
309	680
310	680
310	681
311	681
311	682
315	682
315	683
320	683
320	682
322	682
322	681
323	681
323	680
324	680
324	679
325	679
325	678
326	678
326	677
328	677
328	676
329	676
329	675
330	675
330	674
332	674
332	673
343	673
343	674
344	674
344	675
345	675
345	676
346	676
346	677
347	677
347	678
348	678
348	679
351	679
351	680
352	680
352	681
354	681
354	682
355	682
355	683
356	683
356	685
357	685
357	686
358	686
358	687
359	687
359	688
360	688
360	690
361	690
361	692
362	692
362	693
363	693
363	695
364	695
364	696
365	696
365	698
366	698
366	699
367	699
367	700
369	700
369	701
372	701
372	702
374	702
374	703
376	703
376	704
377	704
377	705
379	705
379	706
382	706
382	707
384	707
384	708
386	708
386	709
387	709
387	710
388	710
388	711
389	711
389	713
390	713
390	714
393	714
393	715
394	715
394	716
396	716
396	717
398	717
398	718
399	718
399	719
403	719
403	720
406	720
406	721
407	721
407	722
412	722
412	723
413	723
413	724
447	724
447	723
448	723
448	722
449	722
449	721
478	721
478	722
500	722
500	717
501	717
501	716
502	716
502	711
503	711
503	706
504	706
504	705
505	705
505	704
507	704
507	703
509	703
509	702
510	702
510	697
511	697
511	694
512	694
512	693
513	693
513	691
514	691
514	689
515	689
515	688
516	688
516	685
517	685
517	684
518	684
518	683
519	683
519	682
520	682
520	681
522	681
522	680
524	680
524	679
525	679
525	677
526	677
526	674
527	674
527	673
528	673
528	672
529	672
529	671
530	671
530	670
531	670
531	669
532	669
532	668
533	668
533	667
534	667
534	666
535	666
535	665
536	665
536	664
537	664
537	640
538	640
538	639
539	639
539	638
541	638
541	637
542	637
542	636
543	636
543	635
544	635
544	634
545	634
545	633
546	633
546	632
547	632
547	631
548	631
548	630
550	630
550	629
551	629
551	628
556	628
556	627
558	627
558	626
565	626
565	625
568	625
568	624
570	624
570	623
596	623
596	624
597	624
597	625
598	625
598	626
599	626
599	627
600	627
600	628
601	628
601	630
602	630
602	635
603	635
603	640
604	640
604	649
603	649
603	650
602	650
602	651
601	651
601	652
600	652
600	653
599	653
599	654
598	654
598	655
597	655
597	656
596	656
596	657
595	657
595	658
594	658
594	659
592	659
592	662
591	662
591	663
590	663
590	673
591	673
591	674
592	674
592	675
593	675
593	677
594	677
594	678
595	678
595	679
596	679
596	680
597	680
597	682
598	682
598	683
599	683
599	684
600	684
600	685
601	685
601	686
602	686
602	687
603	687
603	688
605	688
605	689
606	689
606	690
611	690
611	691
612	691
612	692
615	692
615	693
616	693
616	694
617	694
617	695
618	695
618	696
619	696
619	698
621	698
621	699
622	699
622	700
623	700
623	703
624	703
624	704
625	704
625	705
626	705
626	707
627	707
627	708
628	708
628	709
629	709
629	710
630	710
630	713
631	713
631	714
632	714
632	715
634	715
634	716
635	716
635	717
636	717
636	718
637	718
637	722
638	722
638	723
639	723
639	724
641	724
641	725
642	725
642	726
643	726
643	727
645	727
645	728
646	728
646	729
649	729
649	730
650	730
650	731
655	731
655	732
673	732
673	733
679	733
679	734
682	734
682	735
686	735
686	736
687	736
687	737
697	737
697	738
707	738
707	737
708	737
708	732
709	732
709	730
710	730
710	727
711	727
711	725
712	725
712	722
713	722
713	719
714	719
714	718
715	718
715	712
716	712
716	703
717	703
717	697
718	697
718	695
719	695
719	691
720	691
720	690
721	690
721	689
722	689
722	688
723	688
723	687
724	687
724	685
725	685
725	683
726	683
726	682
727	682
727	681
728	681
728	680
729	680
729	678
730	678
730	676
731	676
731	675
732	675
732	672
733	672
733	671
734	671
734	668
735	668
735	666
736	666
736	665
737	665
737	664
738	664
738	663
740	663
740	662
741	662
741	661
742	661
742	660
743	660
743	659
746	659
746	658
747	658
747	657
778	657
778	658
781	658
781	659
786	659
786	660
787	660
787	661
789	661
789	662
790	662
790	663
793	663
793	664
795	664
795	665
796	665
796	666
797	666
797	668
798	668
798	669
799	669
799	670
800	670
800	672
801	672
801	683
800	683
800	684
799	684
799	685
798	685
798	686
790	686
790	687
789	687
789	705
790	705
790	706
791	706
791	707
792	707
792	708
797	708
797	709
800	709
800	710
801	710
801	711
802	711
802	712
803	712
803	713
804	713
804	714
806	714
806	715
807	715
807	716
808	716
808	718
809	718
809	719
810	719
810	720
811	720
811	721
812	721
812	722
813	722
813	723
814	723
814	724
817	724
817	725
818	725
818	726
819	726
819	727
821	727
821	728
822	728
822	729
823	729
823	730
824	730
824	737
825	737
825	738
826	738
826	739
827	739
827	741
828	741
828	742
829	742
829	743
830	743
830	745
831	745
831	746
832	746
832	747
833	747
833	748
834	748
834	749
835	749
835	750
836	750
836	754
837	754
837	756
838	756
838	759
841	759
841	760
842	760
842	761
845	761
845	762
846	762
846	763
848	763
848	764
851	764
851	765
853	765
853	766
854	766
854	767
857	767
857	768
858	768
858	769
859	769
859	771
860	771
860	772
861	772
861	773
862	773
862	774
863	774
863	775
864	775
864	776
865	776
865	777
866	777
866	778
867	778
867	779
874	779
874	780
875	780
875	781
878	781
878	782
880	782
880	783
883	783
883	784
886	784
886	785
887	785
887	786
888	786
888	787
889	787
889	788
892	788
892	789
913	789
913	790
914	790
914	791
916	791
916	792
918	792
918	793
925	793
925	777
926	777
926	756
927	756
927	755
928	755
928	754
929	754
929	753
930	753
930	752
931	752
931	751
932	751
932	750
939	750
939	749
955	749
955	748
956	748
956	726
957	726
957	721
958	721
958	717
959	717
959	716
960	716
960	714
961	714
961	710
962	710
962	709
963	709
963	708
964	708
964	707
965	707
965	705
966	705
966	703
967	703
967	702
968	702
968	700
969	700
969	698
970	698
970	696
971	696
971	695
972	695
972	694
974	694
974	689
975	689
975	688
976	688
976	682
977	682
977	681
978	681
978	680
979	680
979	679
980	679
980	678
981	678
981	677
983	677
983	676
985	676
985	675
986	675
986	674
987	674
987	673
990	673
990	672
991	672
991	671
992	671
992	670
993	670
993	669
994	669
994	668
995	668
995	667
998	667
998	666
1000	666
1000	665
1002	665
1002	664
1003	664
1003	663
1004	663
1004	662
1006	662
1006	661
1007	661
1007	660
1010	660
1010	659
1011	659
1011	658
1012	658
1012	657
1013	657
1013	656
1014	656
1014	655
1018	655
1018	654
1019	654
1019	653
1022	653
1022	652
1030	652
1030	653
1031	653
1031	654
1032	654
1032	656
1033	656
1033	657
1034	657
1034	662
1035	662
1035	670
1036	670
1036	671
1037	671
1037	687
1036	687
1036	690
1035	690
1035	691
1034	691
1034	694
1033	694
1033	702
1032	702
1032	733
1033	733
1033	737
1034	737
1034	740
1035	740
1035	742
1036	742
1036	743
1037	743
1037	744
1039	744
1039	745
1040	745
1040	746
1045	746
1045	747
1047	747
1047	748
1052	748
1052	749
1053	749
1053	750
1056	750
1056	751
1057	751
1057	752
1059	752
1059	753
1060	753
1060	754
1062	754
1062	755
1063	755
1063	756
1064	756
1064	757
1065	757
1065	758
1066	758
1066	759
1067	759
1067	760
1070	760
1070	761
1071	761
1071	762
1072	762
1072	763
1073	763
1073	764
1074	764
1074	765
1075	765
1075	766
1076	766
1076	792
1077	792
1077	816
1078	816
1078	819
1079	819
1079	818
1080	818
1080	816
1081	816
1081	815
1082	815
1082	812
1083	812
1083	811
1084	811
1084	810
1109	810
1109	811
1110	811
1110	812
1111	812
1111	813
1112	813
1112	814
1113	814
1113	815
1114	815
1114	816
1115	816
1115	817
1116	817
1116	818
1117	818
1117	820
1118	820
1118	823
1119	823
1119	824
1120	824
1120	827
1121	827
1121	828
1122	828
1122	841
1123	841
1123	899
1122	899
1122	903
1121	903
1121	912
1120	912
1120	967
1121	967
1121	968
1122	968
1122	969
1123	969
1123	970
1124	970
1124	971
1125	971
1125	973
1126	973
1126	975
1127	975
1127	976
1128	976
1128	977
1129	977
1129	978
1130	978
1130	979
1131	979
1131	980
1132	980
1132	981
1133	981
1133	982
1135	982
1135	983
1137	983
1137	984
1138	984
1138	985
1140	985
1140	986
1141	986
1141	987
1143	987
1143	988
1146	988
1146	989
1152	989
1152	988
1153	988
1153	939
1154	939
1154	936
1155	936
1155	935
1156	935
1156	930
1157	930
1157	929
1158	929
1158	928
1160	928
1160	927
1161	927
1161	925
1162	925
1162	924
1163	924
1163	921
1164	921
1164	920
1165	920
1165	919
1168	919
1168	918
1169	918
1169	917
1198	917
1198	918
1204	918
1204	919
1205	919
1205	920
1208	920
1208	921
1209	921
1209	922
1211	922
1211	923
1215	923
1215	924
1216	924
1216	925
1232	925
1232	924
1233	924
1233	919
1234	919
1234	899
1235	899
1235	898
1236	898
1236	897
1237	897
1237	896
1238	896
1238	893
1239	893
1239	892
1240	892
1240	891
1242	891
1242	889
1243	889
1243	888
1244	888
1244	887
1245	887
1245	886
1246	886
1246	885
1247	885
1247	884
1249	884
1249	883
1250	883
1250	882
1251	882
1251	881
1253	881
1253	880
1254	880
1254	879
1255	879
1255	878
1256	878
1256	877
1257	877
1257	876
1259	876
1259	875
1260	875
1260	874
1264	874
1264	873
1265	873
1265	872
1266	872
1266	871
1267	871
1267	870
1268	870
1268	869
1269	869
1269	868
1274	868
1274	867
1275	867
1275	866
1287	866
1287	867
1289	867
1289	866
1290	866
1290	865
1291	865
1291	864
1292	864
1292	863
1295	863
1295	862
1296	862
1296	861
1297	861
1297	860
1298	860
1298	858
1299	858
1299	856
1300	856
1300	855
1301	855
1301	854
1302	854
1302	853
1303	853
1303	852
1304	852
1304	851
1306	851
1306	850
1309	850
1309	849
1311	849
1311	848
1317	848
1317	847
1343	847
1343	846
1344	846
1344	845
1346	845
1346	844
1347	844
1347	843
1348	843
1348	842
1350	842
1350	841
1353	841
1353	840
1354	840
1354	839
1355	839
1355	838
1356	838
1356	837
1357	837
1357	836
1359	836
1359	835
1360	835
1360	834
1361	834
1361	833
1362	833
1362	832
1363	832
1363	831
1364	831
1364	830
1365	830
1365	829
1366	829
1366	828
1372	828
1372	827
1379	827
1379	826
1381	826
1381	825
1382	825
1382	823
1383	823
1383	817
1384	817
1384	816
1385	816
1385	812
1386	812
1386	811
1387	811
1387	810
1388	810
1388	808
1389	808
1389	806
1390	806
1390	805
1391	805
1391	804
1392	804
1392	803
1393	803
1393	802
1396	802
1396	801
1397	801
1397	800
1399	800
1399	799
1400	799
1400	798
1409	798
1409	797
1410	797
1410	796
1440	796
1440	797
1441	797
1441	798
1442	798
1442	799
1443	799
1443	801
1444	801
1444	802
1445	802
1445	806
1446	806
1446	810
1447	810
1447	817
1448	817
1448	832
1447	832
1447	834
1446	834
1446	838
1445	838
1445	841
1444	841
1444	849
1443	849
1443	850
1442	850
1442	880
1441	880
1441	886
1440	886
1440	892
1439	892
1439	903
1440	903
1440	905
1441	905
1441	906
1442	906
1442	908
1443	908
1443	914
1444	914
1444	920
1445	920
1445	921
1446	921
1446	923
1462	923
1462	922
1463	922
1463	921
1464	921
1464	920
1466	920
1466	919
1468	919
1468	918
1469	918
1469	917
1471	917
1471	916
1472	916
1472	915
1476	915
1476	914
1479	914
1479	913
1499	913
1499	912
1506	912
1506	911
1536	911
1536	912
1537	912
1537	913
1544	913
1544	914
1584	914
1584	913
1585	913
1585	910
1586	910
1586	909
1587	909
1587	904
1588	904
1588	869
1589	869
1589	868
1590	868
1590	860
1591	860
1591	858
1592	858
1592	852
1593	852
1593	851
1594	851
1594	846
1595	846
1595	844
1596	844
1596	843
1597	843
1597	840
1598	840
1598	839
1599	839
1599	837
1600	837
1600	836
1601	836
1601	835
1602	835
1602	834
1603	834
1603	833
1604	833
1604	832
1605	832
1605	831
1606	831
1606	830
1607	830
1607	827
1608	827
1608	826
1609	826
1609	825
1610	825
1610	823
1611	823
1611	822
1612	822
1612	821
1613	821
1613	820
1615	820
1615	819
1616	819
1616	816
1617	816
1617	815
1618	815
1618	814
1619	814
1619	813
1620	813
1620	812
1621	812
1621	811
1622	811
1622	810
1623	810
1623	809
1627	809
1627	808
1628	808
1628	807
1631	807
1631	806
1632	806
1632	805
1635	805
1635	804
1643	804
1643	803
1670	803
1670	804
1676	804
1676	805
1678	805
1678	806
1680	806
1680	807
1682	807
1682	808
1683	808
1683	809
1684	809
1684	810
1685	810
1685	811
1686	811
1686	812
1687	812
1687	814
1688	814
1688	815
1689	815
1689	816
1691	816
1691	817
1692	817
1692	818
1693	818
1693	822
1694	822
1694	823
1695	823
1695	826
1696	826
1696	827
1697	827
1697	829
1698	829
1698	832
1699	832
1699	841
1700	841
1700	843
1701	843
1701	846
1702	846
1702	847
1703	847
1703	851
1704	851
1704	854
1705	854
1705	855
1706	855
1706	857
1707	857
1707	860
1708	860
1708	879
1709	879
1709	880
1712	880
1712	881
1713	881
1713	882
1714	882
1714	883
1715	883
1715	884
1716	884
1716	923
1715	923
1715	925
1714	925
1714	928
1713	928
1713	930
1712	930
1712	931
1711	931
1711	942
1712	942
1712	943
1713	943
1713	944
1714	944
1714	945
1717	945
1717	946
1718	946
1718	947
1720	947
1720	948
1722	948
1722	949
1724	949
1724	950
1725	950
1725	951
1726	951
1726	953
1728	953
1728	954
1729	954
1729	955
1730	955
1730	956
1731	956
1731	957
1732	957
1732	958
1733	958
1733	959
1734	959
1734	960
1735	960
1735	961
1736	961
1736	962
1737	962
1737	963
1738	963
1738	964
1739	964
1739	965
1740	965
1740	966
1741	966
1741	971
1742	971
1742	977
1743	977
1743	978
1744	978
1744	979
1747	979
1747	978
1748	978
1748	977
1749	977
1749	976
1751	976
1751	975
1754	975
1754	974
1757	974
1757	973
1765	973
1765	974
1766	974
1766	975
1767	975
1767	978
1780	978
1780	977
1782	977
1782	976
1788	976
1788	975
1790	975
1790	974
1791	974
1791	973
1792	973
1792	972
1794	972
1794	971
1798	971
1798	970
1823	970
1823	969
1824	969
1824	968
1831	968
1831	967
1832	967
1832	966
1834	966
1834	965
1836	965
1836	964
1838	964
1838	963
1839	963
1839	962
1840	962
1840	961
1841	961
1841	955
1842	955
1842	954
1843	954
1843	934
1844	934
1844	933
1845	933
1845	932
1846	932
1846	931
1847	931
1847	930
1848	930
1848	929
1849	929
1849	928
1850	928
1850	927
1853	927
1853	926
1855	926
1855	925
1856	925
1856	924
1857	924
1857	923
1861	923
1861	922
1863	922
1863	920
1864	920
1864	919
1865	919
1865	918
1868	918
1868	917
1870	917
1870	916
1873	916
1873	915
1876	915
1876	914
1877	914
1877	911
1878	911
1878	909
1879	909
1879	906
1880	906
1880	905
1881	905
1881	902
1882	902
1882	900
1883	900
1883	894
1884	894
1884	893
1885	893
1885	887
1886	887
1886	886
1887	886
1887	840
1886	840
1886	838
1885	838
1885	837
1884	837
1884	812
1885	812
1885	810
1886	810
1886	809
1887	809
1887	808
1888	808
1888	807
1889	807
1889	806
1890	806
1890	805
1891	805
1891	804
1892	804
1892	803
1893	803
1893	802
1894	802
1894	801
1895	801
1895	798
1896	798
1896	797
1897	797
1897	795
1898	795
1898	794
1899	794
1899	793
1900	793
1900	792
1901	792
1901	791
1903	791
1903	790
1904	790
1904	789
1906	789
1906	788
1907	788
1907	787
1908	787
1908	786
1909	786
1909	785
1911	785
1911	784
1913	784
1913	783
1915	783
1915	782
1916	782
1916	781
1917	781
1917	780
1918	780
1918	779
1919	779
1919	778
1935	778
1935	779
1936	779
1936	780
1937	780
1937	781
1938	781
1938	782
1939	782
1939	783
1940	783
1940	784
1941	784
1941	785
1942	785
1942	786
1943	786
1943	787
1944	787
1944	788
1946	788
1946	789
1947	789
1947	790
1950	790
1950	791
1954	791
1954	792
1956	792
1956	793
1957	793
1957	794
1967	794
1967	795
1969	795
1969	796
1972	796
1972	797
1973	797
1973	798
1977	798
1977	799
1980	799
1980	800
1998	800
1998	799
1999	799
1999	798
2000	798
2000	797
2001	797
2001	795
2002	795
2002	794
2003	794
2003	793
2004	793
2004	792
2005	792
2005	791
2006	791
2006	790
2009	790
2009	789
2010	789
2010	788
2012	788
2012	787
2013	787
2013	786
2014	786
2014	785
2015	785
2015	784
2016	784
2016	783
2018	783
2018	782
2021	782
2021	781
2022	781
2022	780
2026	780
2026	779
2027	779
2027	778
2030	778
2030	777
2031	777
2031	776
2034	776
2034	775
2035	775
2035	774
2046	774
2046	773
2047	773
2047	772
2054	772
2054	771
2055	771
2055	770
2058	770
2058	769
2059	769
2059	768
2066	768
2066	767
2067	767
2067	766
2073	766
2073	765
2074	765
2074	764
2080	764
2080	763
2081	763
2081	762
2082	762
2082	761
2083	761
2083	760
2084	760
2084	759
2085	759
2085	758
2087	758
2087	757
2089	757
2089	756
2090	756
2090	755
2091	755
2091	754
2092	754
2092	753
2093	753
2093	752
2094	752
2094	751
2099	751
2099	750
2102	750
2102	749
2104	749
2104	748
2134	748
2134	749
2139	749
2139	750
2144	750
2144	751
2146	751
2146	752
2147	752
2147	753
2152	753
2152	754
2153	754
2153	755
2156	755
2156	756
2157	756
2157	757
2163	757
2163	758
2164	758
2164	759
2177	759
2177	758
2178	758
2178	757
2179	757
2179	756
2180	756
2180	755
2181	755
2181	726
2182	726
2182	724
2183	724
2183	723
2184	723
2184	721
2185	721
2185	718
2186	718
2186	717
2187	717
2187	675
2186	675
2186	668
2185	668
2185	667
2184	667
2184	664
2182	664
2182	663
2180	663
2180	662
2178	662
2178	661
2177	661
2177	660
2176	660
2176	652
2177	652
2177	651
2178	651
2178	648
2179	648
2179	647
2180	647
2180	646
2182	646
2182	645
2183	645
2183	643
2184	643
2184	642
2185	642
2185	640
2186	640
2186	639
2187	639
2187	638
2188	638
2188	637
2189	637
2189	636
2190	636
2190	635
2192	635
2192	634
2193	634
2193	633
2194	633
2194	632
2196	632
2196	631
2197	631
2197	630
2198	630
2198	629
2206	629
2206	628
2207	628
2207	627
2209	627
2209	626
2210	626
2210	625
2211	625
2211	624
2214	624
2214	623
2216	623
2216	622
2221	622
2221	621
2222	621
2222	620
2235	620
2235	619
2268	619
2268	620
2269	620
2269	621
2271	621
2271	622
2273	622
2273	623
2274	623
2274	624
2275	624
2275	625
2276	625
2276	626
2279	626
2279	627
2281	627
2281	628
2282	628
2282	629
2283	629
2283	630
2285	630
2285	631
2287	631
2287	632
2288	632
2288	633
2290	633
2290	634
2292	634
2292	635
2293	635
2293	636
2294	636
2294	637
2296	637
2296	638
2297	638
2297	639
2298	639
2298	641
2301	641
2301	642
2303	642
2303	643
2306	643
2306	644
2307	644
2307	645
2315	645
2315	646
2316	646
2316	647
2318	647
2318	648
2322	648
2322	649
2325	649
2325	650
2329	650
2329	651
2335	651
2335	650
2336	650
2336	649
2337	649
2337	647
2338	647
2338	646
2339	646
2339	645
2340	645
2340	644
2346	644
2346	643
2347	643
2347	642
2348	642
2348	641
2351	641
2351	640
2355	640
2355	639
2358	639
2358	638
2361	638
2361	637
2376	637
2376	638
2377	638
2377	639
2378	639
2378	640
2379	640
2379	641
2380	641
2380	642
2386	642
2386	643
2387	643
2387	644
2388	644
2388	645
2392	645
2392	646
2394	646
2394	647
2396	647
2396	648
2401	648
2401	649
2402	649
2402	650
2417	650
2417	651
2418	651
2418	652
2435	652
2435	651
2436	651
2436	650
2439	650
2439	649
2440	649
2440	648
2445	648
2445	647
2446	647
2446	646
2447	646
2447	645
2448	645
2448	644
2449	644
2449	641
2450	641
2450	640
2451	640
2451	639
2452	639
2452	637
2453	637
2453	636
2454	636
2454	635
2455	635
2455	634
2456	634
2456	632
2457	632
2457	631
2458	631
2458	630
2459	630
2459	629
2460	629
2460	628
2461	628
2461	627
2462	627
2462	626
2463	626
2463	623
2464	623
2464	621
2465	621
2465	613
2466	613
2466	589
2467	589
2467	588
2468	588
2468	586
2469	586
2469	585
2470	585
2470	584
2471	584
2471	583
2472	583
2472	581
2473	581
2473	580
2474	580
2474	579
2475	579
2475	577
2476	577
2476	576
2477	576
2477	575
2478	575
2478	551
2479	551
2479	548
2480	548
2480	544
2481	544
2481	536
2482	536
2482	523
2483	523
2483	520
2484	520
2484	517
2485	517
2485	516
2486	516
2486	515
2487	515
2487	514
2488	514
2488	513
2489	513
2489	511
2490	511
2490	509
2491	509
2491	507
2492	507
2492	506
2493	506
2493	504
2494	504
2494	501
2495	501
2495	500
2496	500
2496	498
2497	498
2497	491
2498	491
2498	488
2499	488
2499	482
2500	482
2500	481
2501	481
2501	480
2502	480
2502	476
2503	476
2503	475
2504	475
2504	473
2505	473
2505	472
2506	472
2506	470
2507	470
2507	466
2508	466
2508	464
2509	464
2509	458
2510	458
2510	454
2511	454
2511	448
2512	448
2512	447
2513	447
2513	442
2514	442
2514	413
2515	413
2515	412
2516	412
2516	397
2517	397
2517	389
2518	389
2518	384
2519	384
2519	382
2520	382
2520	381
2521	381
2521	380
2522	380
2522	379
2537	379
2537	380
2539	380
2539	381
2543	381
2543	382
2545	382
2545	383
2546	383
2546	384
2554	384
2554	383
2564	383
2564	382
2580	382
2580	381
2581	381
2581	380
2587	380
2587	379
2588	379
2588	378
2592	378
2592	377
2595	377
2595	376
2596	376
2596	375
2699	375
2699	374
2700	374
2700	373
2701	373
2701	369
2702	369
2702	367
2703	367
2703	341
2704	341
2704	340
2705	340
2705	339
2709	339
2709	340
2710	340
2710	341
2711	341
2711	370
2710	370
2710	372
2709	372
2709	376
2708	376
2708	378
2707	378
