294	377
295	377
295	378
294	378
294	379
295	379
295	381
296	381
296	382
302	382
302	381
304	381
304	382
305	382
305	383
306	383
306	384
307	384
307	386
308	386
308	388
309	388
309	391
310	391
310	394
311	394
311	395
312	395
312	399
311	399
311	402
310	402
310	417
314	417
314	418
315	418
315	417
316	417
316	415
317	415
317	411
318	411
318	410
319	410
319	409
320	409
320	408
321	408
321	407
322	407
322	406
329	406
329	404
330	404
330	403
332	403
332	401
334	401
334	400
335	400
335	398
336	398
336	396
337	396
337	395
338	395
338	394
342	394
342	393
352	393
352	392
356	392
356	391
358	391
358	392
360	392
360	391
363	391
363	389
367	389
367	390
368	390
368	389
369	389
369	390
371	390
371	391
372	391
372	393
373	393
373	394
374	394
374	395
375	395
375	394
380	394
380	395
385	395
385	396
386	396
386	404
387	404
387	406
388	406
388	409
387	409
387	410
386	410
386	417
385	417
385	422
386	422
386	425
385	425
385	434
386	434
386	437
385	437
385	439
386	439
386	456
385	456
385	458
386	458
386	473
385	473
385	476
386	476
386	480
385	480
385	481
386	481
386	485
385	485
385	486
386	486
386	493
388	493
388	494
389	494
389	493
391	493
391	494
393	494
393	495
395	495
395	496
407	496
407	495
408	495
408	496
409	496
409	495
410	495
410	496
413	496
413	495
415	495
415	494
416	494
416	492
418	492
418	491
421	491
421	492
433	492
433	493
434	493
434	494
435	494
435	493
436	493
436	496
438	496
438	497
439	497
439	498
441	498
441	499
444	499
444	500
445	500
445	502
446	502
446	509
447	509
447	512
450	512
450	513
454	513
454	514
455	514
455	515
457	515
457	517
458	517
458	519
459	519
459	520
460	520
460	521
461	521
461	523
463	523
463	525
464	525
464	526
466	526
466	527
467	527
467	528
469	528
469	529
471	529
471	528
475	528
475	527
477	527
477	526
482	526
482	519
483	519
483	515
484	515
484	512
485	512
485	510
486	510
486	509
488	509
488	508
493	508
493	507
494	507
494	506
496	506
496	505
499	505
499	504
500	504
500	503
503	503
503	502
504	502
504	503
508	503
508	504
511	504
511	505
514	505
514	506
522	506
522	505
524	505
524	506
528	506
528	505
532	505
532	506
533	506
533	507
534	507
534	508
535	508
535	510
536	510
536	511
537	511
537	513
538	513
538	517
537	517
537	520
538	520
538	522
539	522
539	524
540	524
540	525
541	525
541	526
542	526
542	534
543	534
543	538
542	538
542	542
541	542
541	548
542	548
542	550
543	550
543	552
544	552
544	553
543	553
543	555
544	555
544	561
546	561
546	562
549	562
549	561
550	561
550	562
551	562
551	563
552	563
552	564
553	564
553	565
552	565
552	566
553	566
553	567
554	567
554	569
555	569
555	570
557	570
557	573
559	573
559	574
560	574
560	576
561	576
561	577
562	577
562	578
564	578
564	580
565	580
565	579
566	579
566	583
565	583
565	582
563	582
563	581
562	581
562	580
560	580
560	579
559	579
559	578
557	578
557	576
555	576
555	575
553	575
553	573
551	573
551	574
550	574
550	572
551	572
551	571
548	571
548	570
543	570
543	569
542	569
542	567
541	567
541	565
539	565
539	559
538	559
538	557
539	557
539	555
538	555
538	550
537	550
537	547
536	547
536	543
537	543
537	542
536	542
536	538
537	538
537	527
536	527
536	526
535	526
535	525
534	525
534	524
533	524
533	522
532	522
532	519
531	519
531	514
529	514
529	513
528	513
528	512
526	512
526	513
519	513
519	512
518	512
518	513
515	513
515	514
513	514
513	513
510	513
510	512
509	512
509	511
508	511
508	510
502	510
502	511
501	511
501	512
496	512
496	513
495	513
495	514
493	514
493	515
492	515
492	516
490	516
490	520
489	520
489	522
488	522
488	523
489	523
489	524
488	524
488	525
489	525
489	529
488	529
488	531
487	531
487	532
486	532
486	533
485	533
485	532
479	532
479	533
477	533
477	534
475	534
475	535
469	535
469	538
468	538
468	539
467	539
467	540
463	540
463	539
462	539
462	537
461	537
461	535
462	535
462	532
461	532
461	528
460	528
460	526
458	526
458	525
457	525
457	524
456	524
456	522
455	522
455	521
452	521
452	520
448	520
448	519
447	519
447	520
446	520
446	519
444	519
444	518
443	518
443	517
442	517
442	515
441	515
441	510
440	510
440	506
439	506
439	504
437	504
437	502
436	502
436	501
434	501
434	500
429	500
429	499
427	499
427	500
423	500
423	499
419	499
419	500
418	500
418	501
417	501
417	502
414	502
414	503
401	503
401	504
397	504
397	503
395	503
395	502
394	502
394	501
388	501
388	500
382	500
382	498
381	498
381	495
382	495
382	490
381	490
381	488
382	488
382	487
381	487
381	485
382	485
382	483
381	483
381	456
382	456
382	454
381	454
381	418
380	418
380	414
381	414
381	413
380	413
380	409
381	409
381	408
380	408
380	403
379	403
379	402
375	402
375	400
374	400
374	402
371	402
371	401
368	401
368	400
369	400
369	399
368	399
368	398
367	398
367	397
366	397
366	396
365	396
365	397
362	397
362	398
358	398
358	399
354	399
354	400
352	400
352	401
347	401
347	400
342	400
342	401
340	401
340	403
339	403
339	404
338	404
338	406
336	406
336	407
334	407
334	409
333	409
333	410
331	410
331	411
329	411
329	412
326	412
326	413
323	413
323	414
322	414
322	418
321	418
321	421
320	421
320	422
318	422
318	423
317	423
317	424
307	424
307	423
305	423
305	416
304	416
304	406
303	406
303	404
304	404
304	401
305	401
305	395
304	395
304	392
303	392
303	390
302	390
302	389
300	389
300	390
295	390
295	389
291	389
291	388
290	388
290	385
291	385
291	384
290	384
290	381
289	381
289	379
288	379
288	372
289	372
289	371
288	371
288	370
289	370
289	367
290	367
290	362
291	362
291	356
290	356
290	354
291	354
291	351
290	351
290	350
289	350
289	347
288	347
288	344
287	344
287	342
284	342
284	341
283	341
283	340
282	340
282	339
281	339
281	338
280	338
280	336
279	336
279	334
278	334
278	331
277	331
277	328
276	328
276	327
275	327
275	326
267	326
267	325
266	325
266	324
265	324
265	323
264	323
264	322
263	322
263	318
262	318
262	317
259	317
259	316
256	316
256	315
248	315
248	314
247	314
247	315
244	315
244	316
238	316
238	315
237	315
237	317
235	317
235	316
234	316
234	317
232	317
232	316
231	316
231	315
230	315
230	314
229	314
229	312
227	312
227	311
224	311
224	310
223	310
223	311
222	311
222	310
220	310
220	311
214	311
214	309
213	309
213	295
212	295
212	287
213	287
213	277
214	277
214	269
215	269
215	267
214	267
214	264
202	264
202	265
201	265
201	264
197	264
197	265
191	265
191	264
189	264
189	263
190	263
190	250
191	250
191	248
192	248
192	246
193	246
193	241
191	241
191	240
190	240
190	238
188	238
188	237
186	237
186	236
180	236
180	235
179	235
179	234
178	234
178	233
176	233
176	232
175	232
175	231
173	231
173	230
170	230
170	229
169	229
169	228
167	228
167	227
165	227
165	226
154	226
154	225
150	225
150	224
149	224
149	216
148	216
148	210
147	210
147	209
148	209
148	206
147	206
147	198
146	198
146	197
147	197
147	189
146	189
146	188
147	188
147	187
146	187
146	179
147	179
147	178
146	178
146	157
147	157
147	155
146	155
146	154
147	154
147	151
146	151
146	148
147	148
147	140
148	140
148	136
147	136
147	135
145	135
145	134
137	134
137	133
136	133
136	132
135	132
135	131
136	131
136	124
135	124
135	122
134	122
134	121
132	121
132	120
131	120
131	118
129	118
129	116
127	116
127	115
124	115
124	114
122	114
122	115
121	115
121	114
119	114
119	113
115	113
115	112
112	112
112	113
111	113
111	112
105	112
105	111
99	111
99	110
98	110
98	111
97	111
97	110
96	110
96	109
94	109
94	110
93	110
93	109
92	109
92	108
89	108
89	107
87	107
87	106
85	106
85	103
87	103
87	104
88	104
88	103
92	103
92	104
95	104
95	105
101	105
101	106
102	106
102	105
107	105
107	106
110	106
110	107
114	107
114	106
115	106
115	107
119	107
119	108
123	108
123	109
129	109
129	110
131	110
131	111
133	111
133	112
134	112
134	113
136	113
136	114
137	114
137	115
138	115
138	116
139	116
139	118
140	118
140	120
141	120
141	122
140	122
140	123
141	123
141	126
142	126
142	128
143	128
143	127
144	127
144	128
148	128
148	127
151	127
151	128
152	128
152	130
153	130
153	133
154	133
154	143
153	143
153	146
152	146
152	147
153	147
153	149
152	149
152	150
153	150
153	152
152	152
152	167
151	167
151	170
152	170
152	174
151	174
151	175
152	175
152	176
151	176
151	177
152	177
152	178
151	178
151	179
152	179
152	199
153	199
153	208
154	208
154	217
155	217
155	219
157	219
157	220
160	220
160	221
163	221
163	220
169	220
169	221
170	221
170	222
172	222
172	223
174	223
174	224
175	224
175	225
179	225
179	226
181	226
181	228
183	228
183	229
184	229
184	230
186	230
186	231
187	231
187	230
189	230
189	231
192	231
192	232
193	232
193	233
194	233
194	234
196	234
196	235
197	235
197	236
199	236
199	237
200	237
200	239
201	239
201	240
200	240
200	245
199	245
199	247
198	247
198	249
197	249
197	252
196	252
196	258
201	258
201	257
205	257
205	258
206	258
206	257
214	257
214	258
216	258
216	256
221	256
221	258
222	258
222	259
221	259
221	260
222	260
222	262
221	262
221	270
220	270
220	271
221	271
221	272
220	272
220	273
219	273
219	278
218	278
218	287
217	287
217	288
218	288
218	294
219	294
219	303
220	303
220	304
225	304
225	305
228	305
228	306
230	306
230	307
231	307
231	308
232	308
232	309
236	309
236	310
238	310
238	309
242	309
242	308
243	308
243	309
249	309
249	308
251	308
251	309
252	309
252	308
255	308
255	309
261	309
261	310
263	310
263	311
265	311
265	312
266	312
266	314
267	314
267	315
268	315
268	316
269	316
269	318
270	318
270	319
274	319
274	320
275	320
275	321
280	321
280	322
281	322
281	324
282	324
282	326
283	326
283	329
284	329
284	333
285	333
285	334
287	334
287	335
288	335
288	336
289	336
289	337
290	337
290	338
291	338
291	339
292	339
292	341
293	341
293	342
294	342
294	345
295	345
295	347
296	347
296	355
297	355
297	356
299	356
299	357
297	357
297	360
296	360
296	366
295	366
295	369
294	369
724	614
726	614
726	616
729	616
729	617
730	617
730	616
731	616
731	617
732	617
732	616
733	616
733	617
737	617
737	618
739	618
739	619
741	619
741	620
746	620
746	619
747	619
747	618
748	618
748	617
749	617
749	616
755	616
755	615
757	615
757	614
758	614
758	611
759	611
759	610
760	610
760	607
761	607
761	606
762	606
762	604
763	604
763	603
764	603
764	601
765	601
765	600
767	600
767	599
768	599
768	598
769	598
769	597
770	597
770	595
782	595
782	596
785	596
785	597
786	597
786	596
789	596
789	597
793	597
793	598
797	598
797	597
800	597
800	598
803	598
803	599
808	599
808	600
809	600
809	601
811	601
811	603
812	603
812	605
813	605
813	606
814	606
814	608
815	608
815	610
817	610
817	611
816	611
816	620
815	620
815	623
816	623
816	625
817	625
817	626
818	626
818	627
819	627
819	628
821	628
821	630
822	630
822	631
824	631
824	632
831	632
831	633
838	633
838	634
840	634
840	635
843	635
843	634
844	634
844	635
851	635
851	636
855	636
855	635
856	635
856	636
866	636
866	635
871	635
871	634
873	634
873	635
875	635
875	634
878	634
878	632
879	632
879	629
880	629
880	628
881	628
881	624
882	624
882	619
883	619
883	617
884	617
884	616
885	616
885	615
884	615
884	614
883	614
883	598
884	598
884	596
885	596
885	594
886	594
886	590
887	590
887	588
888	588
888	587
892	587
892	584
893	584
893	583
894	583
894	582
895	582
895	581
896	581
896	579
897	579
897	578
899	578
899	577
900	577
900	576
901	576
901	575
903	575
903	574
911	574
911	573
915	573
915	572
916	572
916	573
918	573
918	572
926	572
926	571
927	571
927	572
928	572
928	571
930	571
930	570
932	570
932	569
940	569
940	570
943	570
943	569
945	569
945	570
949	570
949	571
950	571
950	572
951	572
951	573
953	573
953	574
954	574
954	575
956	575
956	576
957	576
957	578
958	578
958	579
959	579
959	580
960	580
960	583
961	583
961	584
962	584
962	587
963	587
963	593
964	593
964	595
965	595
965	596
966	596
966	597
968	597
968	596
974	596
974	597
976	597
976	596
979	596
979	597
982	597
982	598
984	598
984	599
987	599
987	600
989	600
989	601
990	601
990	602
993	602
993	603
996	603
996	604
997	604
997	605
999	605
999	606
1000	606
1000	607
1001	607
1001	608
1002	608
1002	609
1004	609
1004	610
1005	610
1005	611
1007	611
1007	612
1008	612
1008	613
1009	613
1009	615
1010	615
1010	616
1012	616
1012	618
1015	618
1015	619
1017	619
1017	620
1019	620
1019	619
1032	619
1032	618
1033	618
1033	617
1038	617
1038	616
1039	616
1039	615
1041	615
1041	614
1045	614
1045	613
1057	613
1057	612
1059	612
1059	611
1060	611
1060	610
1062	610
1062	609
1064	609
1064	608
1065	608
1065	607
1067	607
1067	606
1069	606
1069	605
1072	605
1072	606
1073	606
1073	605
1077	605
1077	606
1082	606
1082	605
1088	605
1088	606
1098	606
1098	607
1105	607
1105	606
1106	606
1106	605
1108	605
1108	601
1109	601
1109	598
1108	598
1108	592
1107	592
1107	588
1106	588
1106	583
1107	583
1107	581
1106	581
1106	580
1107	580
1107	579
1106	579
1106	577
1107	577
1107	576
1106	576
1106	573
1105	573
1105	567
1106	567
1106	565
1105	565
1105	562
1104	562
1104	559
1103	559
1103	558
1102	558
1102	547
1101	547
1101	540
1102	540
1102	539
1103	539
1103	536
1104	536
1104	533
1105	533
1105	532
1106	532
1106	531
1107	531
1107	530
1108	530
1108	529
1109	529
1109	530
1110	530
1110	528
1115	528
1115	527
1118	527
1118	526
1119	526
1119	525
1120	525
1120	524
1123	524
1123	523
1126	523
1126	522
1131	522
1131	521
1136	521
1136	520
1141	520
1141	519
1145	519
1145	518
1146	518
1146	519
1147	519
1147	518
1150	518
1150	517
1154	517
1154	518
1155	518
1155	517
1159	517
1159	518
1160	518
1160	517
1163	517
1163	518
1167	518
1167	519
1169	519
1169	523
1170	523
1170	527
1171	527
1171	529
1172	529
1172	532
1173	532
1173	538
1174	538
1174	540
1173	540
1173	544
1174	544
1174	548
1175	548
1175	549
1176	549
1176	551
1177	551
1177	552
1178	552
1178	554
1179	554
1179	555
1180	555
1180	556
1181	556
1181	558
1182	558
1182	559
1183	559
1183	560
1187	560
1187	561
1188	561
1188	560
1189	560
1189	559
1190	559
1190	547
1192	547
1192	546
1191	546
1191	543
1190	543
1190	541
1191	541
1191	540
1190	540
1190	525
1191	525
1191	522
1192	522
1192	512
1193	512
1193	510
1194	510
1194	509
1195	509
1195	508
1196	508
1196	506
1197	506
1197	505
1200	505
1200	504
1202	504
1202	503
1203	503
1203	502
1205	502
1205	501
1207	501
1207	500
1210	500
1210	499
1214	499
1214	498
1217	498
1217	497
1226	497
1226	498
1228	498
1228	499
1229	499
1229	501
1231	501
1231	503
1232	503
1232	504
1233	504
1233	505
1235	505
1235	506
1236	506
1236	508
1237	508
1237	510
1238	510
1238	511
1241	511
1241	512
1243	512
1243	513
1246	513
1246	514
1253	514
1253	515
1256	515
1256	516
1257	516
1257	515
1260	515
1260	514
1261	514
1261	513
1262	513
1262	511
1263	511
1263	510
1265	510
1265	508
1267	508
1267	507
1269	507
1269	506
1270	506
1270	505
1271	505
1271	504
1273	504
1273	503
1274	503
1274	502
1275	502
1275	501
1276	501
1276	500
1278	500
1278	499
1279	499
1279	498
1280	498
1280	497
1282	497
1282	495
1285	495
1285	494
1286	494
1286	493
1287	493
1287	492
1289	492
1289	491
1290	491
1290	490
1291	490
1291	489
1293	489
1293	488
1294	488
1294	487
1295	487
1295	486
1297	486
1297	487
1296	487
1296	488
1295	488
1295	489
1294	489
1294	491
1293	491
1293	492
1292	492
1292	493
1291	493
1291	494
1290	494
1290	495
1289	495
1289	496
1288	496
1288	497
1286	497
1286	499
1285	499
1285	501
1284	501
1284	502
1283	502
1283	504
1282	504
1282	506
1281	506
1281	507
1280	507
1280	508
1279	508
1279	509
1277	509
1277	514
1280	514
1280	515
1282	515
1282	514
1284	514
1284	513
1285	513
1285	511
1286	511
1286	509
1287	509
1287	508
1288	508
1288	506
1289	506
1289	505
1290	505
1290	504
1291	504
1291	508
1290	508
1290	521
1291	521
1291	525
1290	525
1290	531
1291	531
1291	532
1290	532
1290	536
1291	536
1291	537
1293	537
1293	538
1295	538
1295	537
1298	537
1298	536
1297	536
1297	535
1298	535
1298	533
1297	533
1297	528
1296	528
1296	527
1297	527
1297	525
1296	525
1296	514
1295	514
1295	512
1296	512
1296	511
1295	511
1295	510
1296	510
1296	500
1297	500
1297	499
1296	499
1296	498
1297	498
1297	496
1298	496
1298	495
1300	495
1300	496
1301	496
1301	499
1302	499
1302	500
1303	500
1303	501
1304	501
1304	503
1306	503
1306	504
1307	504
1307	505
1308	505
1308	506
1310	506
1310	507
1312	507
1312	506
1314	506
1314	502
1313	502
1313	499
1311	499
1311	498
1309	498
1309	496
1308	496
1308	495
1307	495
1307	493
1306	493
1306	492
1305	492
1305	490
1303	490
1303	487
1301	487
1301	486
1297	486
1297	485
1299	485
1299	484
1301	484
1301	483
1305	483
1305	482
1309	482
1309	481
1310	481
1310	480
1313	480
1313	479
1315	479
1315	480
1316	480
1316	479
1318	479
1318	478
1320	478
1320	477
1327	477
1327	476
1332	476
1332	475
1333	475
1333	476
1336	476
1336	475
1338	475
1338	474
1339	474
1339	475
1342	475
1342	474
1349	474
1349	473
1350	473
1350	474
1353	474
1353	473
1356	473
1356	472
1361	472
1361	471
1365	471
1365	470
1366	470
1366	468
1367	468
1367	466
1368	466
1368	465
1367	465
1367	464
1366	464
1366	461
1365	461
1365	460
1364	460
1364	454
1365	454
1365	450
1366	450
1366	449
1365	449
1365	447
1366	447
1366	446
1365	446
1365	443
1366	443
1366	442
1365	442
1365	431
1364	431
1364	429
1366	429
1366	428
1364	428
1364	424
1365	424
1365	423
1364	423
1364	422
1365	422
1365	417
1366	417
1366	415
1367	415
1367	414
1368	414
1368	411
1377	411
1377	410
1381	410
1381	409
1385	409
1385	408
1390	408
1390	407
1391	407
1391	408
1394	408
1394	407
1396	407
1396	408
1401	408
1401	409
1402	409
1402	408
1408	408
1408	407
1410	407
1410	406
1416	406
1416	405
1421	405
1421	404
1423	404
1423	403
1427	403
1427	404
1429	404
1429	403
1430	403
1430	402
1436	402
1436	401
1438	401
1438	400
1441	400
1441	399
1444	399
1444	398
1447	398
1447	397
1449	397
1449	396
1450	396
1450	397
1451	397
1451	395
1455	395
1455	394
1457	394
1457	393
1460	393
1460	392
1461	392
1461	393
1462	393
1462	392
1463	392
1463	391
1466	391
1466	390
1467	390
1467	388
1468	388
1468	386
1469	386
1469	385
1470	385
1470	382
1471	382
1471	381
1473	381
1473	380
1474	380
1474	378
1475	378
1475	376
1476	376
1476	374
1477	374
1477	373
1478	373
1478	372
1479	372
1479	371
1480	371
1480	370
1482	370
1482	369
1484	369
1484	368
1486	368
1486	367
1488	367
1488	366
1489	366
1489	365
1491	365
1491	363
1493	363
1493	362
1494	362
1494	360
1496	360
1496	359
1497	359
1497	360
1501	360
1501	361
1506	361
1506	360
1509	360
1509	359
1513	359
1513	358
1514	358
1514	357
1515	357
1515	358
1517	358
1517	356
1518	356
1518	357
1519	357
1519	356
1522	356
1522	355
1527	355
1527	354
1531	354
1531	353
1538	353
1538	352
1540	352
1540	351
1547	351
1547	352
1550	352
1550	351
1552	351
1552	350
1553	350
1553	348
1554	348
1554	347
1555	347
1555	346
1557	346
1557	345
1558	345
1558	343
1560	343
1560	342
1561	342
1561	341
1563	341
1563	339
1564	339
1564	337
1565	337
1565	336
1566	336
1566	334
1567	334
1567	330
1568	330
1568	329
1567	329
1567	327
1566	327
1566	326
1565	326
1565	320
1564	320
1564	317
1563	317
1563	314
1562	314
1562	295
1561	295
1561	287
1560	287
1560	284
1559	284
1559	281
1558	281
1558	280
1557	280
1557	278
1556	278
1556	274
1555	274
1555	271
1554	271
1554	269
1553	269
1553	263
1552	263
1552	259
1551	259
1551	258
1553	258
1553	257
1552	257
1552	252
1553	252
1553	251
1554	251
1554	248
1557	248
1557	247
1558	247
1558	246
1562	246
1562	245
1564	245
1564	244
1570	244
1570	243
1571	243
1571	244
1573	244
1573	243
1588	243
1588	244
1593	244
1593	245
1597	245
1597	246
1600	246
1600	247
1602	247
1602	248
1604	248
1604	250
1605	250
1605	249
1607	249
1607	250
1609	250
1609	251
1616	251
1616	252
1617	252
1617	251
1618	251
1618	248
1619	248
1619	246
1618	246
1618	244
1613	244
1613	243
1611	243
1611	242
1610	242
1610	243
1609	243
1609	242
1606	242
1606	241
1602	241
1602	240
1599	240
1599	239
1595	239
1595	238
1592	238
1592	237
1586	237
1586	236
1582	236
1582	237
1581	237
1581	236
1580	236
1580	237
1568	237
1568	238
1561	238
1561	239
1558	239
1558	240
1554	240
1554	241
1553	241
1553	242
1552	242
1552	243
1550	243
1550	244
1548	244
1548	247
1547	247
1547	248
1546	248
1546	249
1545	249
1545	254
1546	254
1546	255
1545	255
1545	258
1544	258
1544	259
1545	259
1545	261
1546	261
1546	262
1545	262
1545	267
1546	267
1546	269
1547	269
1547	272
1548	272
1548	273
1547	273
1547	274
1548	274
1548	275
1549	275
1549	278
1550	278
1550	280
1551	280
1551	282
1552	282
1552	284
1553	284
1553	286
1554	286
1554	287
1553	287
1553	289
1554	289
1554	292
1555	292
1555	299
1556	299
1556	300
1555	300
1555	312
1556	312
1556	320
1557	320
1557	323
1558	323
1558	324
1555	324
1555	325
1554	325
1554	324
1552	324
1552	329
1553	329
1553	330
1555	330
1555	331
1556	331
1556	332
1557	332
1557	336
1555	336
1555	337
1552	337
1552	340
1551	340
1551	341
1550	341
1550	342
1549	342
1549	343
1547	343
1547	344
1544	344
1544	345
1542	345
1542	346
1537	346
1537	347
1533	347
1533	348
1527	348
1527	349
1524	349
1524	350
1517	350
1517	351
1514	351
1514	352
1512	352
1512	353
1509	353
1509	354
1508	354
1508	353
1506	353
1506	354
1501	354
1501	353
1497	353
1497	352
1493	352
1493	353
1491	353
1491	354
1490	354
1490	356
1489	356
1489	357
1488	357
1488	359
1487	359
1487	360
1485	360
1485	361
1484	361
1484	362
1482	362
1482	363
1480	363
1480	364
1478	364
1478	365
1476	365
1476	366
1474	366
1474	367
1473	367
1473	369
1472	369
1472	370
1471	370
1471	372
1470	372
1470	374
1469	374
1469	375
1468	375
1468	376
1467	376
1467	377
1465	377
1465	379
1464	379
1464	381
1463	381
1463	383
1461	383
1461	386
1460	386
1460	387
1456	387
1456	388
1452	388
1452	389
1450	389
1450	390
1449	390
1449	391
1446	391
1446	392
1443	392
1443	393
1441	393
1441	394
1439	394
1439	395
1436	395
1436	396
1432	396
1432	397
1429	397
1429	398
1421	398
1421	399
1415	399
1415	400
1411	400
1411	401
1406	401
1406	402
1395	402
1395	401
1393	401
1393	402
1391	402
1391	401
1387	401
1387	402
1378	402
1378	403
1365	403
1365	405
1364	405
1364	406
1363	406
1363	408
1362	408
1362	410
1361	410
1361	413
1360	413
1360	415
1359	415
1359	416
1358	416
1358	441
1359	441
1359	445
1358	445
1358	449
1359	449
1359	450
1358	450
1358	453
1357	453
1357	454
1358	454
1358	457
1357	457
1357	459
1358	459
1358	462
1359	462
1359	465
1356	465
1356	466
1350	466
1350	467
1342	467
1342	468
1341	468
1341	467
1340	467
1340	468
1336	468
1336	469
1327	469
1327	470
1322	470
1322	471
1318	471
1318	472
1316	472
1316	473
1311	473
1311	474
1307	474
1307	475
1302	475
1302	476
1298	476
1298	477
1296	477
1296	478
1294	478
1294	479
1293	479
1293	480
1292	480
1292	481
1290	481
1290	483
1289	483
1289	484
1287	484
1287	485
1286	485
1286	486
1285	486
1285	487
1283	487
1283	488
1282	488
1282	489
1281	489
1281	490
1279	490
1279	491
1278	491
1278	492
1276	492
1276	493
1275	493
1275	494
1274	494
1274	495
1273	495
1273	496
1271	496
1271	497
1270	497
1270	498
1269	498
1269	499
1267	499
1267	500
1266	500
1266	501
1264	501
1264	502
1262	502
1262	503
1261	503
1261	504
1260	504
1260	505
1259	505
1259	506
1257	506
1257	507
1255	507
1255	508
1251	508
1251	507
1246	507
1246	506
1243	506
1243	505
1241	505
1241	504
1240	504
1240	503
1239	503
1239	501
1238	501
1238	500
1237	500
1237	499
1236	499
1236	498
1235	498
1235	497
1234	497
1234	495
1232	495
1232	493
1231	493
1231	492
1230	492
1230	491
1227	491
1227	490
1222	490
1222	491
1213	491
1213	492
1211	492
1211	493
1207	493
1207	494
1204	494
1204	495
1201	495
1201	496
1199	496
1199	497
1196	497
1196	498
1195	498
1195	499
1193	499
1193	500
1192	500
1192	501
1191	501
1191	502
1190	502
1190	503
1189	503
1189	504
1188	504
1188	507
1187	507
1187	508
1186	508
1186	513
1185	513
1185	518
1184	518
1184	519
1183	519
1183	520
1184	520
1184	524
1185	524
1185	525
1184	525
1184	526
1185	526
1185	527
1184	527
1184	529
1185	529
1185	536
1186	536
1186	542
1187	542
1187	547
1186	547
1186	549
1185	549
1185	551
1184	551
1184	552
1183	552
1183	550
1182	550
1182	548
1181	548
1181	546
1180	546
1180	545
1179	545
1179	536
1178	536
1178	534
1179	534
1179	533
1178	533
1178	529
1177	529
1177	526
1176	526
1176	524
1177	524
1177	523
1175	523
1175	521
1174	521
1174	517
1173	517
1173	516
1172	516
1172	514
1170	514
1170	513
1167	513
1167	512
1160	512
1160	511
1156	511
1156	512
1154	512
1154	511
1152	511
1152	512
1151	512
1151	513
1150	513
1150	512
1149	512
1149	513
1140	513
1140	514
1134	514
1134	515
1127	515
1127	516
1121	516
1121	517
1119	517
1119	518
1116	518
1116	519
1113	519
1113	520
1112	520
1112	521
1111	521
1111	522
1110	522
1110	521
1108	521
1108	522
1105	522
1105	523
1104	523
1104	524
1103	524
1103	525
1101	525
1101	527
1100	527
1100	528
1099	528
1099	529
1098	529
1098	531
1097	531
1097	533
1096	533
1096	536
1095	536
1095	537
1094	537
1094	547
1095	547
1095	549
1094	549
1094	551
1095	551
1095	556
1096	556
1096	560
1097	560
1097	565
1098	565
1098	575
1099	575
1099	579
1100	579
1100	582
1099	582
1099	584
1100	584
1100	589
1101	589
1101	590
1100	590
1100	592
1101	592
1101	593
1100	593
1100	594
1101	594
1101	597
1102	597
1102	599
1101	599
1101	600
1098	600
1098	601
1097	601
1097	600
1091	600
1091	601
1088	601
1088	600
1076	600
1076	599
1074	599
1074	600
1073	600
1073	601
1072	601
1072	600
1070	600
1070	601
1069	601
1069	600
1068	600
1068	601
1063	601
1063	602
1061	602
1061	603
1059	603
1059	604
1058	604
1058	605
1057	605
1057	606
1056	606
1056	607
1050	607
1050	608
1049	608
1049	607
1044	607
1044	608
1043	608
1043	607
1041	607
1041	608
1037	608
1037	609
1035	609
1035	610
1031	610
1031	611
1027	611
1027	610
1026	610
1026	612
1017	612
1017	611
1015	611
1015	610
1011	610
1011	609
1010	609
1010	608
1009	608
1009	607
1008	607
1008	606
1007	606
1007	605
1004	605
1004	604
1003	604
1003	603
1002	603
1002	602
999	602
999	601
998	601
998	600
995	600
995	598
993	598
993	597
992	597
992	596
990	596
990	595
988	595
988	593
983	593
983	592
979	592
979	591
978	591
978	590
975	590
975	589
974	589
974	588
972	588
972	589
969	589
969	588
968	588
968	586
967	586
967	582
966	582
966	579
965	579
965	577
964	577
964	575
963	575
963	573
962	573
962	572
961	572
961	571
960	571
960	569
958	569
958	568
957	568
957	567
955	567
955	566
954	566
954	565
953	565
953	564
952	564
952	563
948	563
948	562
947	562
947	563
942	563
942	562
941	562
941	563
939	563
939	562
931	562
931	563
930	563
930	564
921	564
921	565
919	565
919	566
918	566
918	565
916	565
916	566
911	566
911	567
902	567
902	568
898	568
898	569
897	569
897	570
896	570
896	571
894	571
894	572
893	572
893	573
892	573
892	574
891	574
891	575
890	575
890	576
889	576
889	578
888	578
888	577
882	577
882	578
881	578
881	583
880	583
880	584
881	584
881	585
880	585
880	590
879	590
879	591
878	591
878	596
877	596
877	598
876	598
876	606
877	606
877	609
876	609
876	610
877	610
877	612
876	612
876	614
877	614
877	615
876	615
876	616
877	616
877	617
876	617
876	621
875	621
875	625
874	625
874	626
873	626
873	627
870	627
870	628
865	628
865	629
861	629
861	630
860	630
860	629
859	629
859	630
855	630
855	629
847	629
847	628
846	628
846	629
844	629
844	628
840	628
840	627
837	627
837	626
833	626
833	627
831	627
831	626
829	626
829	625
827	625
827	626
825	626
825	625
824	625
824	623
823	623
823	622
822	622
822	621
821	621
821	620
820	620
820	612
821	612
821	607
820	607
820	606
819	606
819	602
818	602
818	599
817	599
817	597
816	597
816	596
814	596
814	595
813	595
813	594
812	594
812	593
809	593
809	592
808	592
808	591
801	591
801	590
796	590
796	591
795	591
795	590
794	590
794	591
793	591
793	590
786	590
786	589
782	589
782	588
774	588
774	587
773	587
773	588
767	588
767	590
766	590
766	592
765	592
765	593
763	593
763	594
761	594
761	596
760	596
760	597
759	597
759	598
758	598
758	603
757	603
757	605
756	605
756	606
755	606
755	608
754	608
754	609
753	609
753	610
748	610
748	611
744	611
744	612
742	612
742	613
739	613
739	612
738	612
738	611
736	611
736	610
732	610
732	609
730	609
730	608
728	608
728	607
726	607
726	606
722	606
722	605
716	605
716	604
706	604
706	603
704	603
704	604
703	604
703	605
702	605
702	604
698	604
698	605
692	605
692	604
683	604
683	603
678	603
678	602
677	602
677	597
676	597
676	596
678	596
678	594
677	594
677	592
678	592
678	588
679	588
679	587
678	587
678	582
677	582
677	576
675	576
675	575
674	575
674	574
672	574
672	573
673	573
673	570
672	570
672	568
671	568
671	567
670	567
670	566
669	566
669	558
668	558
668	550
667	550
667	544
666	544
666	542
664	542
664	539
663	539
663	538
660	538
660	535
659	535
659	533
658	533
658	531
657	531
657	530
656	530
656	529
655	529
655	528
652	528
652	529
641	529
641	528
640	528
640	529
638	529
638	528
637	528
637	529
635	529
635	528
630	528
630	529
629	529
629	530
626	530
626	531
624	531
624	533
621	533
621	534
620	534
620	535
618	535
618	536
616	536
616	537
615	537
615	539
614	539
614	540
613	540
613	541
612	541
612	542
611	542
611	544
610	544
610	546
609	546
609	547
608	547
608	548
607	548
607	555
606	555
606	560
605	560
605	563
606	563
606	566
605	566
605	571
604	571
604	572
603	572
603	573
602	573
602	574
598	574
598	576
597	576
597	580
595	580
595	581
594	581
594	582
593	582
593	584
592	584
592	585
590	585
590	586
589	586
589	587
588	587
588	588
587	588
587	587
585	587
585	586
578	586
578	585
577	585
577	586
575	586
575	587
573	587
573	586
571	586
571	585
569	585
569	584
567	584
567	585
569	585
569	586
570	586
570	587
571	587
571	588
572	588
572	589
574	589
574	591
575	591
575	592
576	592
576	593
580	593
580	594
581	594
581	593
587	593
587	594
591	594
591	593
592	593
592	592
593	592
593	591
594	591
594	590
595	590
595	589
596	589
596	588
597	588
597	587
598	587
598	586
599	586
599	584
600	584
600	583
601	583
601	581
602	581
602	580
605	580
605	579
606	579
606	578
607	578
607	577
608	577
608	576
609	576
609	574
610	574
610	572
611	572
611	568
612	568
612	566
611	566
611	564
612	564
612	560
611	560
611	559
612	559
612	556
613	556
613	551
614	551
614	550
615	550
615	549
616	549
616	547
617	547
617	544
618	544
618	543
619	543
619	542
620	542
620	541
622	541
622	539
624	539
624	538
627	538
627	537
629	537
629	536
631	536
631	535
635	535
635	536
638	536
638	535
639	535
639	536
643	536
643	535
644	535
644	536
649	536
649	535
650	535
650	536
653	536
653	537
654	537
654	539
656	539
656	541
657	541
657	542
658	542
658	543
659	543
659	544
660	544
660	545
661	545
661	549
662	549
662	553
663	553
663	555
662	555
662	558
663	558
663	565
664	565
664	570
665	570
665	571
666	571
666	573
667	573
667	575
669	575
669	576
670	576
670	578
671	578
671	583
672	583
672	590
673	590
673	592
672	592
672	597
671	597
671	598
672	598
672	602
671	602
671	607
672	607
672	608
673	608
673	609
675	609
675	610
676	610
676	611
678	611
678	609
680	609
680	610
682	610
682	611
684	611
684	612
688	612
688	611
694	611
694	612
697	612
697	613
698	613
698	612
701	612
701	611
703	611
703	610
705	610
705	609
709	609
709	610
711	610
711	611
712	611
712	610
713	610
713	611
716	611
716	610
717	610
717	611
721	611
721	612
723	612
723	613
724	613
1626	188
1627	188
1627	190
1626	190
1626	191
1627	191
1627	196
1628	196
1628	204
1627	204
1627	209
1626	209
1626	213
1625	213
1625	217
1624	217
1624	218
1625	218
1625	220
1624	220
1624	223
1625	223
1625	224
1624	224
1624	226
1625	226
1625	230
1624	230
1624	235
1623	235
1623	238
1622	238
1622	239
1621	239
1621	240
1616	240
1616	238
1614	238
1614	237
1613	237
1613	233
1616	233
1616	232
1617	232
1617	231
1618	231
1618	223
1617	223
1617	221
1618	221
1618	214
1619	214
1619	207
1620	207
1620	205
1621	205
1621	197
1622	197
1622	196
1621	196
1621	190
1620	190
1620	172
1619	172
1619	171
1620	171
1620	166
1619	166
1619	161
1620	161
1620	159
1619	159
1619	151
1618	151
1618	150
1619	150
1619	148
1618	148
1618	142
1617	142
1617	134
1616	134
1616	127
1615	127
1615	125
1616	125
1616	117
1617	117
1617	116
1616	116
1616	114
1617	114
1617	113
1616	113
1616	112
1617	112
1617	110
1616	110
1616	108
1615	108
1615	106
1616	106
1616	104
1618	104
1618	103
1620	103
1620	99
1621	99
1621	95
1622	95
1622	90
1623	90
1623	88
1625	88
1625	87
1626	87
1626	88
1628	88
1628	87
1633	87
1633	88
1635	88
1635	87
1641	87
1641	86
1643	86
1643	84
1644	84
1644	83
1646	83
1646	82
1648	82
1648	81
1649	81
1649	80
1650	80
1650	79
1655	79
1655	78
1662	78
1662	77
1664	77
1664	76
1666	76
1666	75
1669	75
1669	74
1672	74
1672	73
1681	73
1681	72
1682	72
1682	73
1683	73
1683	74
1684	74
1684	75
1687	75
1687	77
1686	77
1686	79
1685	79
1685	80
1684	80
1684	81
1685	81
1685	82
1683	82
1683	81
1681	81
1681	80
1680	80
1680	81
1679	81
1679	80
1678	80
1678	81
1672	81
1672	80
1671	80
1671	81
1669	81
1669	82
1668	82
1668	83
1666	83
1666	84
1660	84
1660	85
1653	85
1653	86
1651	86
1651	87
1650	87
1650	89
1648	89
1648	91
1646	91
1646	93
1644	93
1644	94
1637	94
1637	95
1629	95
1629	97
1628	97
1628	103
1627	103
1627	105
1626	105
1626	107
1625	107
1625	108
1624	108
1624	109
1623	109
1623	110
1624	110
1624	111
1623	111
1623	124
1622	124
1622	127
1623	127
1623	130
1622	130
1622	132
1623	132
1623	139
1624	139
1624	140
1623	140
1623	141
1624	141
1624	143
1625	143
1625	147
1626	147
1626	176
1627	176
1627	177
1626	177
