1660	178
1661	178
1661	179
1662	179
1662	183
1661	183
1661	184
1660	184
1660	185
1656	185
1656	184
1654	184
1654	183
1653	183
1653	182
1652	182
1652	181
1632	181
1632	182
1631	182
1631	183
1630	183
1630	184
1628	184
1628	185
1626	185
1626	186
1625	186
1625	187
1624	187
1624	208
1623	208
1623	215
1622	215
1622	216
1621	216
1621	217
1620	217
1620	220
1619	220
1619	223
1618	223
1618	234
1617	234
1617	235
1616	235
1616	236
1614	236
1614	246
1613	246
1613	247
1612	247
1612	250
1611	250
1611	259
1610	259
1610	263
1609	263
1609	264
1608	264
1608	265
1607	265
1607	266
1606	266
1606	267
1605	267
1605	268
1604	268
1604	269
1603	269
1603	272
1602	272
1602	278
1601	278
1601	279
1600	279
1600	280
1598	280
1598	282
1597	282
1597	283
1596	283
1596	284
1595	284
1595	294
1594	294
1594	295
1593	295
1593	296
1592	296
1592	297
1591	297
1591	299
1590	299
1590	300
1589	300
1589	301
1587	301
1587	302
1586	302
1586	303
1585	303
1585	304
1584	304
1584	305
1583	305
1583	306
1582	306
1582	307
1581	307
1581	308
1579	308
1579	310
1578	310
1578	311
1577	311
1577	312
1575	312
1575	315
1574	315
1574	316
1573	316
1573	317
1572	317
1572	319
1571	319
1571	328
1570	328
1570	344
1569	344
1569	345
1568	345
1568	356
1567	356
1567	357
1566	357
1566	363
1565	363
1565	364
1564	364
1564	378
1563	378
1563	380
1562	380
1562	387
1561	387
1561	388
1560	388
1560	432
1559	432
1559	434
1558	434
1558	444
1557	444
1557	445
1556	445
1556	472
1555	472
1555	474
1554	474
1554	479
1553	479
1553	480
1552	480
1552	503
1551	503
1551	504
1550	504
1550	505
1546	505
1546	506
1545	506
1545	507
1544	507
1544	508
1529	508
1529	509
1526	509
1526	510
1525	510
1525	511
1524	511
1524	512
1522	512
1522	513
1521	513
1521	514
1494	514
1494	513
1460	513
1460	512
1453	512
1453	511
1452	511
1452	510
1441	510
1441	509
1419	509
1419	510
1417	510
1417	527
1418	527
1418	559
1417	559
1417	560
1416	560
1416	561
1415	561
1415	572
1414	572
1414	573
1413	573
1413	600
1412	600
1412	601
1411	601
1411	603
1410	603
1410	614
1409	614
1409	618
1408	618
1408	619
1407	619
1407	628
1406	628
1406	635
1405	635
1405	636
1404	636
1404	637
1403	637
1403	638
1402	638
1402	639
1401	639
1401	640
1400	640
1400	641
1399	641
1399	642
1398	642
1398	643
1397	643
1397	644
1396	644
1396	645
1395	645
1395	646
1394	646
1394	647
1393	647
1393	654
1392	654
1392	655
1391	655
1391	656
1390	656
1390	658
1389	658
1389	659
1388	659
1388	660
1387	660
1387	661
1386	661
1386	662
1385	662
1385	663
1384	663
1384	664
1383	664
1383	665
1371	665
1371	666
1336	666
1336	667
1335	667
1335	668
1325	668
1325	669
1323	669
1323	670
1321	670
1321	671
1320	671
1320	672
1317	672
1317	673
1315	673
1315	674
1314	674
1314	675
1313	675
1313	676
1299	676
1299	677
1297	677
1297	678
1288	678
1288	679
1287	679
1287	680
1268	680
1268	681
1263	681
1263	682
1246	682
1246	683
1245	683
1245	684
1244	684
1244	685
1240	685
1240	686
1230	686
1230	687
1229	687
1229	688
1228	688
1228	689
1167	689
1167	688
1153	688
1153	687
1152	687
1152	686
1149	686
1149	685
1147	685
1147	684
1146	684
1146	683
1145	683
1145	682
1144	682
1144	681
1143	681
1143	679
1142	679
1142	678
1129	678
1129	679
1128	679
1128	680
1098	680
1098	681
1097	681
1097	682
1096	682
1096	683
1095	683
1095	684
1093	684
1093	690
1092	690
1092	691
1091	691
1091	692
1089	692
1089	696
1088	696
1088	697
1087	697
1087	698
1086	698
1086	703
1085	703
1085	707
1084	707
1084	708
1083	708
1083	709
1082	709
1082	711
1081	711
1081	715
1080	715
1080	716
1079	716
1079	717
1078	717
1078	720
1077	720
1077	722
1076	722
1076	723
1075	723
1075	724
1073	724
1073	732
1072	732
1072	733
1071	733
1071	734
1070	734
1070	746
1069	746
1069	748
1068	748
1068	749
1067	749
1067	750
1066	750
1066	751
1065	751
1065	752
1061	752
1061	754
1060	754
1060	755
1059	755
1059	767
1058	767
1058	770
1057	770
1057	771
1056	771
1056	772
1055	772
1055	773
1044	773
1044	774
1024	774
1024	775
1023	775
1023	776
1021	776
1021	778
1020	778
1020	779
1019	779
1019	780
1017	780
1017	782
1016	782
1016	783
1015	783
1015	784
1014	784
1014	785
1013	785
1013	786
1012	786
1012	787
1011	787
1011	788
996	788
996	787
995	787
995	786
994	786
994	777
981	777
981	776
980	776
980	775
979	775
979	772
977	772
977	771
976	771
976	770
975	770
975	769
973	769
973	768
972	768
972	767
971	767
971	766
970	766
970	765
952	765
952	764
951	764
951	763
950	763
950	762
947	762
947	761
946	761
946	760
945	760
945	756
944	756
944	755
943	755
943	754
942	754
942	729
943	729
943	722
944	722
944	721
945	721
945	719
946	719
946	718
947	718
947	717
948	717
948	716
949	716
949	713
950	713
950	709
951	709
951	708
952	708
952	707
953	707
953	687
952	687
952	686
951	686
951	677
950	677
950	675
949	675
949	672
937	672
937	674
936	674
936	675
935	675
935	676
931	676
931	678
930	678
930	679
929	679
929	680
927	680
927	681
925	681
925	682
922	682
922	683
921	683
921	684
917	684
917	686
916	686
916	687
915	687
915	688
907	688
907	689
905	689
905	690
904	690
904	691
903	691
903	692
817	692
817	693
816	693
816	694
801	694
801	695
800	695
800	696
789	696
789	699
788	699
788	700
787	700
787	701
786	701
786	703
785	703
785	706
784	706
784	707
783	707
783	708
781	708
781	710
780	710
780	711
779	711
779	712
777	712
777	716
776	716
776	717
775	717
775	718
717	718
717	717
716	717
716	716
708	716
708	715
707	715
707	714
705	714
705	713
704	713
704	712
703	712
703	711
702	711
702	710
701	710
701	709
700	709
700	708
699	708
699	707
698	707
698	706
697	706
697	705
696	705
696	704
695	704
695	674
694	674
694	661
693	661
693	655
692	655
692	654
691	654
691	653
690	653
690	652
679	652
679	651
678	651
678	650
676	650
676	649
675	649
675	648
674	648
674	645
673	645
673	643
672	643
672	641
671	641
671	640
670	640
670	639
669	639
669	638
668	638
668	637
667	637
667	636
666	636
666	633
665	633
665	632
664	632
664	627
663	627
663	626
662	626
662	625
661	625
661	624
660	624
660	623
659	623
659	622
658	622
658	621
657	621
657	620
656	620
656	619
655	619
655	618
654	618
654	617
653	617
653	614
652	614
652	611
651	611
651	610
650	610
650	606
648	606
648	605
647	605
647	604
646	604
646	601
645	601
645	600
642	600
642	599
641	599
641	598
640	598
640	595
639	595
639	594
638	594
638	589
637	589
637	588
636	588
636	587
635	587
635	585
634	585
634	577
633	577
633	576
584	576
584	575
583	575
583	574
576	574
576	573
575	573
575	572
574	572
574	571
573	571
573	570
572	570
572	569
571	569
571	568
570	568
570	567
567	567
567	566
558	566
558	565
557	565
557	564
556	564
556	563
555	563
555	562
554	562
554	561
553	561
553	560
552	560
552	559
551	559
551	558
550	558
550	556
548	556
548	555
547	555
547	554
546	554
546	549
545	549
545	548
544	548
544	547
543	547
543	546
526	546
526	545
525	545
525	544
520	544
520	543
519	543
519	542
518	542
518	541
517	541
517	539
516	539
516	537
515	537
515	536
514	536
514	535
513	535
513	534
504	534
504	533
503	533
503	532
502	532
502	531
501	531
501	529
500	529
500	525
499	525
499	524
498	524
498	523
497	523
497	521
496	521
496	519
495	519
495	518
490	518
490	517
489	517
489	516
488	516
488	515
487	515
487	514
486	514
486	510
484	510
484	509
483	509
483	508
482	508
482	507
481	507
481	506
476	506
476	505
475	505
475	504
474	504
474	503
473	503
473	502
472	502
472	501
471	501
471	500
470	500
470	429
469	429
469	428
468	428
468	409
467	409
467	408
466	408
466	407
465	407
465	406
464	406
464	402
440	402
440	401
439	401
439	400
438	400
438	399
436	399
436	398
432	398
432	397
431	397
431	396
430	396
430	395
428	395
428	394
422	394
422	393
421	393
421	392
396	392
396	391
395	391
395	390
394	390
394	389
393	389
393	388
392	388
392	384
391	384
391	381
390	381
390	380
386	380
386	379
385	379
385	378
384	378
384	377
383	377
383	376
378	376
378	375
377	375
377	374
376	374
376	372
374	372
374	371
373	371
373	370
372	370
372	365
371	365
371	364
370	364
370	363
369	363
369	362
368	362
368	361
367	361
367	360
366	360
366	359
365	359
365	358
364	358
364	354
360	354
360	353
359	353
359	352
358	352
358	350
356	350
356	349
355	349
355	348
354	348
354	345
353	345
353	344
352	344
352	341
351	341
351	340
350	340
350	331
349	331
349	330
348	330
348	329
347	329
347	328
346	328
346	327
345	327
345	326
344	326
344	322
340	322
340	321
339	321
339	320
338	320
338	310
339	310
339	309
340	309
340	299
339	299
339	298
318	298
318	297
317	297
317	296
316	296
316	295
315	295
315	294
314	294
314	293
313	293
313	292
312	292
312	287
311	287
311	286
310	286
310	278
308	278
308	277
307	277
307	276
306	276
306	271
305	271
305	270
304	270
304	269
303	269
303	268
302	268
302	265
301	265
301	264
300	264
300	261
299	261
299	260
298	260
298	259
297	259
297	258
296	258
296	253
295	253
295	252
294	252
294	251
293	251
293	250
276	250
276	249
275	249
275	248
274	248
274	247
273	247
273	246
272	246
272	241
271	241
271	240
270	240
270	203
269	203
269	202
268	202
268	201
267	201
267	200
266	200
266	199
265	199
265	198
264	198
264	197
263	197
263	196
262	196
262	191
260	191
260	190
248	190
248	189
247	189
247	188
246	188
246	187
245	187
245	186
226	186
226	185
225	185
225	184
220	184
220	183
219	183
219	182
218	182
218	180
202	180
202	182
201	182
201	183
200	183
200	184
194	184
194	183
193	183
193	182
192	182
192	178
193	178
193	177
194	177
194	176
195	176
195	175
196	175
196	174
197	174
197	173
198	173
198	172
224	172
224	173
225	173
225	174
226	174
226	176
230	176
230	177
231	177
231	178
248	178
248	179
249	179
249	180
250	180
250	181
251	181
251	182
263	182
263	183
265	183
265	184
266	184
266	185
267	185
267	186
268	186
268	187
269	187
269	188
270	188
270	193
271	193
271	194
272	194
272	195
273	195
273	196
274	196
274	197
275	197
275	198
276	198
276	199
277	199
277	200
278	200
278	237
279	237
279	238
280	238
280	242
296	242
296	243
297	243
297	244
298	244
298	245
299	245
299	246
300	246
300	247
301	247
301	248
302	248
302	249
303	249
303	250
304	250
304	253
305	253
305	254
306	254
306	257
307	257
307	258
308	258
308	261
309	261
309	262
310	262
310	264
312	264
312	265
313	265
313	266
314	266
314	271
315	271
315	272
316	272
316	273
317	273
317	274
318	274
318	283
319	283
319	284
320	284
320	289
321	289
321	290
342	290
342	291
343	291
343	292
346	292
346	293
347	293
347	294
348	294
348	312
347	312
347	313
346	313
346	314
350	314
350	315
351	315
351	316
352	316
352	321
353	321
353	322
354	322
354	323
355	323
355	324
356	324
356	327
357	327
357	328
358	328
358	337
359	337
359	338
360	338
360	339
361	339
361	340
362	340
362	343
363	343
363	344
364	344
364	345
365	345
365	346
368	346
368	347
369	347
369	348
370	348
370	349
371	349
371	350
372	350
372	354
374	354
374	355
375	355
375	356
376	356
376	358
378	358
378	359
379	359
379	360
380	360
380	365
381	365
381	366
382	366
382	367
383	367
383	368
388	368
388	369
389	369
389	370
390	370
390	371
391	371
391	372
396	372
396	373
397	373
397	374
398	374
398	378
399	378
399	380
400	380
400	383
401	383
401	384
424	384
424	385
425	385
425	386
431	386
431	387
433	387
433	388
436	388
436	389
437	389
437	390
439	390
439	391
441	391
441	392
442	392
442	393
443	393
443	394
467	394
467	395
469	395
469	396
470	396
470	397
471	397
471	398
472	398
472	401
473	401
473	402
474	402
474	405
475	405
475	406
476	406
476	423
477	423
477	424
478	424
478	497
479	497
479	498
484	498
484	499
485	499
485	500
486	500
486	501
487	501
487	502
490	502
490	503
491	503
491	504
492	504
492	505
493	505
493	506
494	506
494	510
498	510
498	511
499	511
499	512
500	512
500	513
501	513
501	514
502	514
502	515
503	515
503	516
504	516
504	518
505	518
505	520
506	520
506	521
507	521
507	522
508	522
508	526
516	526
516	527
517	527
517	528
518	528
518	529
519	529
519	530
520	530
520	531
521	531
521	532
522	532
522	533
523	533
523	534
524	534
524	536
530	536
530	537
531	537
531	538
546	538
546	539
547	539
547	540
548	540
548	541
549	541
549	542
552	542
552	543
553	543
553	544
554	544
554	549
555	549
555	550
556	550
556	551
557	551
557	552
558	552
558	554
560	554
560	555
561	555
561	556
562	556
562	558
570	558
570	559
573	559
573	560
574	560
574	561
575	561
575	562
576	562
576	563
577	563
577	564
578	564
578	565
579	565
579	566
586	566
586	567
587	567
587	568
636	568
636	569
637	569
637	570
638	570
638	571
639	571
639	572
640	572
640	573
641	573
641	574
642	574
642	582
643	582
643	584
644	584
644	585
645	585
645	586
646	586
646	591
647	591
647	592
648	592
648	593
649	593
649	594
650	594
650	595
651	595
651	596
652	596
652	597
653	597
653	598
654	598
654	599
655	599
655	600
656	600
656	601
657	601
657	602
658	602
658	607
659	607
659	608
660	608
660	611
661	611
661	614
662	614
662	615
663	615
663	616
664	616
664	617
665	617
665	618
666	618
666	619
667	619
667	620
668	620
668	621
669	621
669	622
670	622
670	623
671	623
671	624
672	624
672	629
673	629
673	630
674	630
674	633
675	633
675	634
676	634
676	635
677	635
677	636
678	636
678	637
679	637
679	638
680	638
680	640
681	640
681	642
682	642
682	644
695	644
695	645
696	645
696	646
697	646
697	647
698	647
698	648
699	648
699	649
700	649
700	650
701	650
701	658
702	658
702	670
703	670
703	701
704	701
704	702
705	702
705	703
706	703
706	704
707	704
707	705
708	705
708	706
711	706
711	707
712	707
712	708
719	708
719	709
720	709
720	710
769	710
769	708
770	708
770	707
771	707
771	706
772	706
772	705
773	705
773	702
774	702
774	701
775	701
775	700
778	700
778	697
779	697
779	696
780	696
780	695
781	695
781	692
782	692
782	691
783	691
783	690
784	690
784	689
785	689
785	688
796	688
796	687
797	687
797	686
812	686
812	685
813	685
813	684
898	684
898	683
899	683
899	682
900	682
900	681
904	681
904	680
911	680
911	679
912	679
912	678
913	678
913	677
914	677
914	676
916	676
916	675
917	675
917	674
921	674
921	673
924	673
924	671
925	671
925	670
926	670
926	669
928	669
928	668
931	668
931	667
932	667
932	666
933	666
933	665
934	665
934	664
955	664
955	665
956	665
956	666
957	666
957	672
958	672
958	674
959	674
959	682
960	682
960	683
961	683
961	712
960	712
960	713
959	713
959	714
958	714
958	716
957	716
957	720
956	720
956	721
955	721
955	722
954	722
954	723
953	723
953	724
952	724
952	725
951	725
951	732
950	732
950	749
951	749
951	750
952	750
952	751
953	751
953	755
954	755
954	756
955	756
955	757
975	757
975	758
976	758
976	759
977	759
977	761
979	761
979	762
980	762
980	763
981	763
981	764
983	764
983	765
984	765
984	766
985	766
985	767
986	767
986	768
987	768
987	769
1000	769
1000	770
1001	770
1001	771
1002	771
1002	780
1007	780
1007	779
1008	779
1008	778
1009	778
1009	776
1010	776
1010	775
1011	775
1011	774
1013	774
1013	770
1014	770
1014	769
1015	769
1015	768
1019	768
1019	767
1020	767
1020	766
1041	766
1041	765
1045	765
1045	764
1049	764
1049	765
1050	765
1050	763
1051	763
1051	751
1052	751
1052	750
1053	750
1053	749
1054	749
1054	748
1055	748
1055	747
1056	747
1056	746
1057	746
1057	745
1058	745
1058	744
1060	744
1060	743
1061	743
1061	742
1062	742
1062	731
1063	731
1063	730
1064	730
1064	729
1065	729
1065	719
1066	719
1066	718
1067	718
1067	717
1069	717
1069	716
1070	716
1070	712
1071	712
1071	711
1072	711
1072	710
1073	710
1073	708
1074	708
1074	704
1075	704
1075	703
1076	703
1076	702
1077	702
1077	699
1078	699
1078	694
1079	694
1079	693
1080	693
1080	692
1081	692
1081	688
1082	688
1082	687
1083	687
1083	686
1084	686
1084	685
1085	685
1085	679
1086	679
1086	678
1087	678
1087	677
1090	677
1090	676
1091	676
1091	675
1092	675
1092	674
1094	674
1094	673
1095	673
1095	672
1123	672
1123	671
1124	671
1124	670
1147	670
1147	671
1148	671
1148	672
1149	672
1149	674
1150	674
1150	675
1151	675
1151	677
1152	677
1152	678
1156	678
1156	679
1157	679
1157	680
1170	680
1170	681
1223	681
1223	680
1224	680
1224	679
1225	679
1225	678
1236	678
1236	677
1241	677
1241	676
1242	676
1242	675
1243	675
1243	674
1260	674
1260	673
1265	673
1265	672
1284	672
1284	671
1285	671
1285	670
1294	670
1294	669
1296	669
1296	668
1310	668
1310	667
1311	667
1311	666
1312	666
1312	665
1314	665
1314	664
1317	664
1317	663
1318	663
1318	662
1320	662
1320	661
1321	661
1321	660
1331	660
1331	659
1332	659
1332	658
1367	658
1367	657
1379	657
1379	656
1380	656
1380	655
1381	655
1381	654
1382	654
1382	653
1383	653
1383	650
1384	650
1384	649
1385	649
1385	643
1386	643
1386	642
1387	642
1387	641
1388	641
1388	640
1389	640
1389	639
1390	639
1390	638
1391	638
1391	636
1392	636
1392	635
1393	635
1393	634
1395	634
1395	632
1396	632
1396	631
1397	631
1397	630
1398	630
1398	624
1399	624
1399	614
1400	614
1400	613
1401	613
1401	611
1402	611
1402	599
1403	599
1403	598
1404	598
1404	597
1405	597
1405	570
1406	570
1406	569
1407	569
1407	556
1408	556
1408	555
1409	555
1409	554
1410	554
1410	531
1409	531
1409	506
1410	506
1410	505
1411	505
1411	504
1412	504
1412	503
1414	503
1414	502
1415	502
1415	501
1444	501
1444	502
1456	502
1456	503
1457	503
1457	504
1463	504
1463	505
1498	505
1498	506
1518	506
1518	505
1519	505
1519	503
1520	503
1520	502
1521	502
1521	501
1525	501
1525	500
1541	500
1541	499
1542	499
1542	498
1543	498
1543	497
1544	497
1544	476
1545	476
1545	475
1546	475
1546	471
1547	471
1547	469
1548	469
1548	442
1549	442
1549	441
1550	441
1550	430
1551	430
1551	429
1552	429
1552	384
1553	384
1553	383
1554	383
1554	377
1555	377
1555	374
1556	374
1556	360
1557	360
1557	359
1558	359
1558	353
1559	353
1559	352
1560	352
1560	342
1561	342
1561	341
1562	341
1562	325
1563	325
1563	316
1564	316
1564	314
1565	314
1565	313
1566	313
1566	312
1567	312
1567	309
1568	309
1568	307
1569	307
1569	306
1570	306
1570	305
1571	305
1571	304
1572	304
1572	303
1573	303
1573	302
1574	302
1574	301
1575	301
1575	300
1576	300
1576	299
1577	299
1577	298
1578	298
1578	297
1580	297
1580	295
1581	295
1581	294
1582	294
1582	293
1584	293
1584	292
1585	292
1585	291
1586	291
1586	290
1587	290
1587	281
1588	281
1588	280
1589	280
1589	279
1590	279
1590	277
1591	277
1591	276
1592	276
1592	275
1593	275
1593	274
1594	274
1594	269
1595	269
1595	265
1596	265
1596	264
1597	264
1597	263
1598	263
1598	262
1599	262
1599	261
1600	261
1600	260
1601	260
1601	259
1602	259
1602	256
1603	256
1603	247
1604	247
1604	244
1605	244
1605	243
1606	243
1606	233
1607	233
1607	232
1608	232
1608	231
1609	231
1609	230
1610	230
1610	219
1611	219
1611	217
1612	217
1612	214
1613	214
1613	213
1614	213
1614	212
1615	212
1615	204
1616	204
1616	183
1617	183
1617	182
1618	182
1618	181
1619	181
1619	180
1620	180
1620	179
1621	179
1621	178
1623	178
1623	177
1625	177
1625	176
1626	176
1626	175
1627	175
1627	174
1628	174
1628	173
1656	173
1656	174
1657	174
1657	175
1658	175
1658	176
1659	176
1659	177
1660	177
