4193	273
4192	273
4192	274
4191	274
4191	275
4188	275
4188	276
4180	276
4180	277
4179	277
4179	278
4178	278
4178	279
4176	279
4176	280
4175	280
4175	281
4174	281
4174	282
4172	282
4172	283
4168	283
4168	284
4166	284
4166	285
4164	285
4164	286
4162	286
4162	287
4160	287
4160	288
4156	288
4156	289
4155	289
4155	290
4152	290
4152	291
4150	291
4150	292
4149	292
4149	293
4148	293
4148	294
4147	294
4147	295
4144	295
4144	296
4142	296
4142	297
4141	297
4141	298
4140	298
4140	299
4137	299
4137	300
4136	300
4136	301
4135	301
4135	302
4132	302
4132	303
4130	303
4130	304
4129	304
4129	305
4128	305
4128	306
4127	306
4127	307
4122	307
4122	308
4121	308
4121	309
4120	309
4120	310
4116	310
4116	311
4112	311
4112	312
4111	312
4111	313
4110	313
4110	314
4104	314
4104	315
4103	315
4103	316
4096	316
4096	317
4093	317
4093	318
4090	318
4090	319
4084	319
4084	320
4083	320
4083	321
4082	321
4082	322
4075	322
4075	323
4074	323
4074	324
4069	324
4069	325
4068	325
4068	326
4064	326
4064	327
4063	327
4063	328
4061	328
4061	329
4060	329
4060	330
4058	330
4058	331
4055	331
4055	332
4052	332
4052	333
4051	333
4051	334
4050	334
4050	335
4048	335
4048	336
4045	336
4045	337
4043	337
4043	338
4037	338
4037	356
4038	356
4038	357
4039	357
4039	358
4040	358
4040	360
4041	360
4041	362
4042	362
4042	364
4043	364
4043	365
4044	365
4044	369
4045	369
4045	393
4044	393
4044	394
4043	394
4043	395
4035	395
4035	394
4034	394
4034	393
4033	393
4033	391
4031	391
4031	390
4030	390
4030	389
4029	389
4029	388
4027	388
4027	387
4026	387
4026	386
4019	386
4019	387
3997	387
3997	388
3996	388
3996	389
3995	389
3995	390
3953	390
3953	392
3952	392
3952	393
3951	393
3951	394
3942	394
3942	395
3939	395
3939	396
3937	396
3937	397
3936	397
3936	398
3935	398
3935	399
3923	399
3923	400
3921	400
3921	401
3920	401
3920	402
3884	402
3884	403
3870	403
3870	404
3869	404
3869	405
3868	405
3868	406
3828	406
3828	407
3827	407
3827	408
3822	408
3822	409
3821	409
3821	410
3820	410
3820	411
3817	411
3817	412
3816	412
3816	413
3815	413
3815	414
3814	414
3814	415
3783	415
3783	416
3779	416
3779	417
3778	417
3778	418
3773	418
3773	420
3772	420
3772	421
3771	421
3771	422
3770	422
3770	423
3769	423
3769	424
3768	424
3768	425
3767	425
3767	426
3766	426
3766	427
3760	427
3760	428
3754	428
3754	429
3753	429
3753	430
3752	430
3752	431
3751	431
3751	432
3745	432
3745	433
3744	433
3744	434
3743	434
3743	435
3742	435
3742	438
3741	438
3741	440
3740	440
3740	444
3739	444
3739	445
3738	445
3738	446
3737	446
3737	450
3736	450
3736	474
3735	474
3735	475
3734	475
3734	476
3733	476
3733	477
3732	477
3732	478
3731	478
3731	479
3720	479
3720	480
3711	480
3711	481
3710	481
3710	482
3708	482
3708	483
3706	483
3706	484
3704	484
3704	486
3703	486
3703	487
3702	487
3702	488
3699	488
3699	489
3698	489
3698	490
3696	490
3696	491
3668	491
3668	490
3666	490
3666	489
3664	489
3664	488
3656	488
3656	492
3655	492
3655	493
3654	493
3654	497
3653	497
3653	516
3654	516
3654	517
3655	517
3655	518
3656	518
3656	530
3657	530
3657	549
3658	549
3658	572
3657	572
3657	573
3656	573
3656	574
3652	574
3652	575
3648	575
3648	576
3647	576
3647	577
3646	577
3646	578
3623	578
3623	579
3620	579
3620	580
3619	580
3619	581
3618	581
3618	585
3617	585
3617	586
3616	586
3616	609
3615	609
3615	610
3614	610
3614	611
3613	611
3613	612
3612	612
3612	613
3611	613
3611	614
3610	614
3610	615
3608	615
3608	616
3605	616
3605	617
3604	617
3604	618
3600	618
3600	619
3599	619
3599	620
3596	620
3596	621
3595	621
3595	622
3594	622
3594	623
3591	623
3591	624
3588	624
3588	626
3587	626
3587	627
3586	627
3586	628
3585	628
3585	629
3584	629
3584	632
3583	632
3583	633
3582	633
3582	634
3536	634
3536	633
3535	633
3535	632
3528	632
3528	631
3527	631
3527	630
3519	630
3519	629
3518	629
3518	628
3516	628
3516	627
3515	627
3515	626
3512	626
3512	625
3511	625
3511	624
3510	624
3510	623
3509	623
3509	622
3506	622
3506	621
3505	621
3505	620
3504	620
3504	619
3502	619
3502	618
3501	618
3501	617
3500	617
3500	615
3498	615
3498	614
3496	614
3496	613
3495	613
3495	612
3494	612
3494	611
3493	611
3493	594
3492	594
3492	593
3491	593
3491	592
3490	592
3490	590
3489	590
3489	586
3488	586
3488	585
3487	585
3487	584
3486	584
3486	581
3485	581
3485	580
3484	580
3484	579
3483	579
3483	578
3482	578
3482	577
3481	577
3481	576
3480	576
3480	575
3479	575
3479	574
3478	574
3478	573
3477	573
3477	572
3476	572
3476	571
3472	571
3472	570
3471	570
3471	569
3470	569
3470	568
3469	568
3469	567
3468	567
3468	566
3462	566
3462	565
3461	565
3461	564
3460	564
3460	562
3459	562
3459	561
3458	561
3458	559
3456	559
3456	558
3452	558
3452	557
3451	557
3451	556
3450	556
3450	554
3448	554
3448	553
3447	553
3447	552
3446	552
3446	551
3445	551
3445	547
3443	547
3443	546
3442	546
3442	545
3441	545
3441	544
3440	544
3440	543
3439	543
3439	542
3438	542
3438	541
3437	541
3437	540
3436	540
3436	537
3435	537
3435	536
3434	536
3434	532
3433	532
3433	530
3432	530
3432	527
3431	527
3431	526
3420	526
3420	527
3416	527
3416	528
3415	528
3415	529
3414	529
3414	530
3411	530
3411	531
3407	531
3407	532
3403	532
3403	533
3402	533
3402	534
3388	534
3388	536
3387	536
3387	537
3386	537
3386	538
3385	538
3385	546
3386	546
3386	547
3387	547
3387	548
3388	548
3388	586
3387	586
3387	587
3386	587
3386	590
3385	590
3385	591
3384	591
3384	592
3383	592
3383	593
3382	593
3382	594
3381	594
3381	595
3380	595
3380	597
3379	597
3379	598
3378	598
3378	599
3376	599
3376	601
3375	601
3375	602
3374	602
3374	604
3373	604
3373	614
3372	614
3372	624
3371	624
3371	625
3370	625
3370	626
3369	626
3369	661
3368	661
3368	662
3367	662
3367	663
3366	663
3366	690
3365	690
3365	693
3364	693
3364	708
3363	708
3363	709
3362	709
3362	710
3343	710
3343	709
3342	709
3342	708
3341	708
3341	707
3326	707
3326	708
3325	708
3325	709
3324	709
3324	712
3323	712
3323	713
3322	713
3322	714
3320	714
3320	716
3319	716
3319	717
3318	717
3318	718
3316	718
3316	720
3315	720
3315	721
3314	721
3314	722
3313	722
3313	724
3312	724
3312	725
3311	725
3311	726
3309	726
3309	727
3307	727
3307	728
3306	728
3306	730
3305	730
3305	731
3304	731
3304	733
3303	733
3303	734
3302	734
3302	736
3301	736
3301	737
3300	737
3300	738
3298	738
3298	739
3292	739
3292	740
3279	740
3279	739
3272	739
3272	738
3271	738
3271	737
3270	737
3270	736
3268	736
3268	735
3267	735
3267	734
3266	734
3266	730
3264	730
3264	729
3263	729
3263	728
3262	728
3262	722
3251	722
3251	723
3250	723
3250	724
3249	724
3249	725
3248	725
3248	728
3247	728
3247	729
3246	729
3246	730
3243	730
3243	731
3242	731
3242	732
3241	732
3241	736
3240	736
3240	740
3239	740
3239	741
3238	741
3238	742
3237	742
3237	745
3236	745
3236	746
3235	746
3235	747
3226	747
3226	746
3224	746
3224	745
3223	745
3223	744
3222	744
3222	743
3221	743
3221	742
3211	742
3211	743
3210	743
3210	744
3209	744
3209	780
3210	780
3210	791
3211	791
3211	792
3212	792
3212	808
3211	808
3211	809
3210	809
3210	810
3208	810
3208	811
3186	811
3186	810
3184	810
3184	809
3183	809
3183	808
3182	808
3182	807
3181	807
3181	806
3178	806
3178	805
3177	805
3177	804
3176	804
3176	802
3175	802
3175	801
3174	801
3174	800
3173	800
3173	796
3172	796
3172	794
3171	794
3171	793
3170	793
3170	792
3169	792
3169	785
3168	785
3168	783
3162	783
3162	784
3160	784
3160	785
3159	785
3159	786
3158	786
3158	788
3157	788
3157	789
3156	789
3156	792
3155	792
3155	793
3154	793
3154	794
3153	794
3153	796
3152	796
3152	798
3151	798
3151	799
3150	799
3150	800
3149	800
3149	801
3148	801
3148	802
3147	802
3147	803
3146	803
3146	804
3143	804
3143	805
3142	805
3142	806
3136	806
3136	807
3128	807
3128	808
3127	808
3127	809
3123	809
3123	808
3122	808
3122	807
3121	807
3121	784
3112	784
3112	783
3111	783
3111	782
3110	782
3110	781
3104	781
3104	780
3103	780
3103	779
3102	779
3102	778
3101	778
3101	777
3100	777
3100	776
3099	776
3099	775
3098	775
3098	774
3097	774
3097	767
3096	767
3096	766
3095	766
3095	757
3094	757
3094	754
3082	754
3082	755
3081	755
3081	756
3065	756
3065	755
3064	755
3064	754
3051	754
3051	753
3050	753
3050	752
3046	752
3046	751
3045	751
3045	750
3044	750
3044	748
3041	748
3041	747
3040	747
3040	746
3039	746
3039	745
3038	745
3038	744
3035	744
3035	743
3034	743
3034	742
3033	742
3033	741
3032	741
3032	740
3031	740
3031	739
3030	739
3030	738
3029	738
3029	737
3028	737
3028	736
3024	736
3024	735
3023	735
3023	734
3022	734
3022	733
3019	733
3019	732
3017	732
3017	731
3016	731
3016	730
3015	730
3015	729
3014	729
3014	728
3013	728
3013	727
3012	727
3012	726
3011	726
3011	725
3010	725
3010	724
3009	724
3009	723
3008	723
3008	722
3007	722
3007	721
3006	721
3006	720
3005	720
3005	719
3004	719
3004	718
3003	718
3003	715
3002	715
3002	714
3001	714
3001	713
2992	713
2992	714
2986	714
2986	715
2985	715
2985	716
2984	716
2984	717
2977	717
2977	718
2966	718
2966	719
2965	719
2965	720
2964	720
2964	721
2956	721
2956	722
2954	722
2954	723
2952	723
2952	724
2951	724
2951	725
2949	725
2949	726
2948	726
2948	727
2947	727
2947	728
2941	728
2941	752
2942	752
2942	754
2943	754
2943	757
2944	757
2944	758
2945	758
2945	772
2946	772
2946	774
2947	774
2947	795
2946	795
2946	796
2945	796
2945	799
2946	799
2946	800
2947	800
2947	801
2948	801
2948	802
2949	802
2949	806
2950	806
2950	816
2951	816
2951	818
2952	818
2952	819
2953	819
2953	823
2954	823
2954	870
2953	870
2953	871
2952	871
2952	872
2950	872
2950	876
2949	876
2949	877
2948	877
2948	878
2944	878
2944	877
2937	877
2937	876
2932	876
2932	875
2931	875
2931	874
2930	874
2930	873
2929	873
2929	872
2925	872
2925	871
2924	871
2924	870
2917	870
2917	869
2916	869
2916	868
2908	868
2908	867
2907	867
2907	866
2904	866
2904	865
2901	865
2901	864
2900	864
2900	863
2899	863
2899	862
2898	862
2898	861
2895	861
2895	860
2894	860
2894	859
2893	859
2893	858
2892	858
2892	856
2891	856
2891	855
2890	855
2890	853
2889	853
2889	852
2888	852
2888	851
2887	851
2887	844
2886	844
2886	843
2885	843
2885	841
2884	841
2884	840
2883	840
2883	838
2882	838
2882	836
2881	836
2881	835
2880	835
2880	834
2841	834
2841	833
2787	833
2787	832
2785	832
2785	831
2784	831
2784	830
2783	830
2783	829
2772	829
2772	828
2771	828
2771	827
2770	827
2770	826
2768	826
2768	825
2767	825
2767	824
2761	824
2761	823
2760	823
2760	822
2753	822
2753	821
2752	821
2752	820
2751	820
2751	819
2750	819
2750	818
2749	818
2749	817
2748	817
2748	816
2747	816
2747	814
2746	814
2746	813
2745	813
2745	812
2744	812
2744	811
2743	811
2743	729
2742	729
2742	721
2741	721
2741	718
2740	718
2740	716
2739	716
2739	715
2738	715
2738	709
2737	709
2737	678
2717	678
2717	679
2716	679
2716	680
2715	680
2715	681
2711	681
2711	682
2709	682
2709	683
2708	683
2708	684
2705	684
2705	685
2700	685
2700	686
2697	686
2697	687
2696	687
2696	688
2695	688
2695	689
2687	689
2687	690
2681	690
2681	691
2680	691
2680	692
2673	692
2673	693
2667	693
2667	694
2666	694
2666	695
2665	695
2665	696
2663	696
2663	702
2664	702
2664	703
2665	703
2665	735
2666	735
2666	756
2667	756
2667	758
2668	758
2668	759
2669	759
2669	774
2670	774
2670	775
2671	775
2671	777
2672	777
2672	778
2673	778
2673	779
2674	779
2674	786
2675	786
2675	795
2676	795
2676	796
2677	796
2677	800
2678	800
2678	804
2679	804
2679	805
2680	805
2680	806
2681	806
2681	810
2682	810
2682	851
2681	851
2681	887
2680	887
2680	888
2679	888
2679	891
2678	891
2678	892
2677	892
2677	896
2676	896
2676	897
2675	897
2675	902
2674	902
2674	903
2673	903
2673	904
2668	904
2668	905
2654	905
2654	931
2653	931
2653	935
2654	935
2654	938
2655	938
2655	948
2654	948
2654	949
2653	949
2653	950
2649	950
2649	949
2648	949
2648	948
2647	948
2647	941
2646	941
2646	938
2645	938
2645	919
2644	919
2644	918
2643	918
2643	917
2642	917
2642	915
2641	915
2641	913
2640	913
2640	911
2639	911
2639	909
2638	909
2638	908
2637	908
2637	907
2636	907
2636	906
2635	906
2635	904
2633	904
2633	903
2632	903
2632	902
2631	902
2631	901
2630	901
2630	897
2629	897
2629	896
2628	896
2628	895
2627	895
2627	894
2626	894
2626	893
2619	893
2619	894
2618	894
2618	895
2617	895
2617	896
2616	896
2616	897
2615	897
2615	899
2614	899
2614	900
2613	900
2613	901
2603	901
2603	900
2601	900
2601	899
2600	899
2600	898
2599	898
2599	897
2598	897
2598	895
2597	895
2597	891
2596	891
2596	890
2595	890
2595	889
2594	889
2594	886
2593	886
2593	885
2590	885
2590	884
2589	884
2589	883
2588	883
2588	881
2587	881
2587	879
2586	879
2586	878
2581	878
2581	877
2580	877
2580	876
2579	876
2579	866
2577	866
2577	865
2576	865
2576	864
2575	864
2575	863
2574	863
2574	862
2573	862
2573	861
2572	861
2572	860
2571	860
2571	859
2570	859
2570	858
2569	858
2569	857
2564	857
2564	856
2563	856
2563	855
2562	855
2562	854
2561	854
2561	852
2560	852
2560	851
2559	851
2559	845
2558	845
2558	843
2557	843
2557	839
2556	839
2556	838
2555	838
2555	836
2554	836
2554	817
2555	817
2555	807
2554	807
2554	806
2553	806
2553	805
2552	805
2552	804
2551	804
2551	801
2550	801
2550	800
2549	800
2549	788
2545	788
2545	787
2544	787
2544	786
2543	786
2543	785
2537	785
2537	784
2535	784
2535	783
2534	783
2534	782
2533	782
2533	780
2532	780
2532	779
2531	779
2531	778
2529	778
2529	777
2528	777
2528	776
2527	776
2527	759
2526	759
2526	750
2525	750
2525	749
2524	749
2524	748
2523	748
2523	746
2522	746
2522	744
2521	744
2521	741
2520	741
2520	740
2519	740
2519	739
2518	739
2518	731
2517	731
2517	727
2516	727
2516	726
2515	726
2515	723
2514	723
2514	722
2513	722
2513	717
2512	717
2512	716
2511	716
2511	714
2497	714
2497	713
2496	713
2496	712
2495	712
2495	711
2494	711
2494	710
2493	710
2493	707
2492	707
2492	706
2491	706
2491	705
2489	705
2489	704
2488	704
2488	703
2487	703
2487	702
2486	702
2486	701
2485	701
2485	700
2484	700
2484	699
2483	699
2483	673
2482	673
2482	669
2475	669
2475	670
2474	670
2474	671
2473	671
2473	672
2459	672
2459	673
2458	673
2458	674
2457	674
2457	675
2456	675
2456	676
2425	676
2425	678
2424	678
2424	679
2423	679
2423	680
2421	680
2421	681
2420	681
2420	682
2419	682
2419	683
2418	683
2418	684
2417	684
2417	686
2416	686
2416	687
2415	687
2415	688
2413	688
2413	689
2409	689
2409	690
2404	690
2404	691
2403	691
2403	692
2401	692
2401	693
2397	693
2397	695
2398	695
2398	698
2399	698
2399	699
2400	699
2400	700
2401	700
2401	702
2402	702
2402	703
2403	703
2403	704
2404	704
2404	705
2405	705
2405	706
2406	706
2406	718
2405	718
2405	719
2404	719
2404	720
2396	720
2396	719
2395	719
2395	718
2394	718
2394	717
2382	717
2382	772
2381	772
2381	778
2380	778
2380	779
2379	779
2379	780
2378	780
2378	788
2379	788
2379	789
2380	789
2380	790
2381	790
2381	807
2380	807
2380	808
2379	808
2379	809
2378	809
2378	811
2377	811
2377	814
2376	814
2376	815
2375	815
2375	816
2372	816
2372	817
2371	817
2371	822
2370	822
2370	824
2369	824
2369	831
2368	831
2368	832
2367	832
2367	835
2366	835
2366	836
2365	836
2365	847
2366	847
2366	849
2367	849
2367	850
2368	850
2368	851
2369	851
2369	859
2370	859
2370	860
2371	860
2371	882
2370	882
2370	883
2369	883
2369	884
2368	884
2368	885
2367	885
2367	886
2366	886
2366	888
2365	888
2365	889
2364	889
2364	890
2362	890
2362	891
2361	891
2361	892
2360	892
2360	893
2358	893
2358	894
2357	894
2357	895
2356	895
2356	896
2355	896
2355	898
2354	898
2354	899
2353	899
2353	900
2352	900
2352	902
2351	902
2351	907
2350	907
2350	908
2349	908
2349	910
2348	910
2348	911
2347	911
2347	912
2345	912
2345	913
2328	913
2328	914
2322	914
2322	915
2321	915
2321	916
2318	916
2318	917
2317	917
2317	918
2315	918
2315	919
2313	919
2313	920
2304	920
2304	921
2303	921
2303	926
2302	926
2302	927
2301	927
2301	928
2299	928
2299	929
2297	929
2297	930
2294	930
2294	934
2293	934
2293	936
2292	936
2292	937
2291	937
2291	938
2287	938
2287	937
2285	937
2285	936
2283	936
2283	935
2282	935
2282	934
2281	934
2281	933
2280	933
2280	932
2279	932
2279	931
2278	931
2278	930
2277	930
2277	925
2276	925
2276	924
2275	924
2275	923
2274	923
2274	882
2273	882
2273	876
2272	876
2272	875
2271	875
2271	874
2270	874
2270	858
2269	858
2269	847
2268	847
2268	846
2267	846
2267	841
2264	841
2264	840
2256	840
2256	839
2255	839
2255	838
2254	838
2254	833
2251	833
2251	832
2250	832
2250	831
2249	831
2249	829
2239	829
2239	828
2235	828
2235	827
2234	827
2234	826
2233	826
2233	825
2205	825
2205	824
2204	824
2204	823
2203	823
2203	821
2193	821
2193	822
2192	822
2192	823
2191	823
2191	824
2173	824
2173	823
2172	823
2172	822
2171	822
2171	821
2170	821
2170	820
2169	820
2169	819
2168	819
2168	818
2165	818
2165	817
2163	817
2163	816
2161	816
2161	815
2160	815
2160	814
2157	814
2157	813
2148	813
2148	812
2145	812
2145	811
2144	811
2144	810
2143	810
2143	808
2141	808
2141	807
2140	807
2140	806
2139	806
2139	804
2138	804
2138	803
2137	803
2137	801
2136	801
2136	800
2135	800
2135	794
2134	794
2134	793
2133	793
2133	788
2132	788
2132	787
2131	787
2131	786
2130	786
2130	785
2129	785
2129	781
2128	781
2128	780
2127	780
2127	779
2126	779
2126	777
2125	777
2125	776
2124	776
2124	775
2123	775
2123	769
2122	769
2122	768
2112	768
2112	767
2111	767
2111	766
2110	766
2110	765
2101	765
2101	764
2099	764
2099	763
2098	763
2098	762
2097	762
2097	761
2096	761
2096	760
2095	760
2095	759
2094	759
2094	757
2092	757
2092	756
2091	756
2091	755
2090	755
2090	753
2089	753
2089	750
2088	750
2088	749
2087	749
2087	748
2085	748
2085	747
2084	747
2084	746
2083	746
2083	744
2082	744
2082	738
2081	738
2081	737
2080	737
2080	736
2079	736
2079	735
2078	735
2078	733
2077	733
2077	732
2076	732
2076	731
2075	731
2075	730
2074	730
2074	723
2073	723
2073	721
2072	721
2072	720
2071	720
2071	695
2070	695
2070	692
2069	692
2069	691
2068	691
2068	690
2067	690
2067	689
2066	689
2066	688
2060	688
2060	687
2058	687
2058	686
2047	686
2047	685
2043	685
2043	684
2042	684
2042	683
2041	683
2041	682
2031	682
2031	681
2015	681
2015	682
2002	682
2002	683
2001	683
2001	684
1986	684
1986	686
1985	686
1985	687
1984	687
1984	688
1980	688
1980	689
1979	689
1979	706
1980	706
1980	707
1981	707
1981	715
1982	715
1982	730
1983	730
1983	731
1984	731
1984	732
1985	732
1985	734
1986	734
1986	736
1987	736
1987	737
1988	737
1988	738
1989	738
1989	774
1988	774
1988	775
1987	775
1987	783
1986	783
1986	786
1985	786
1985	791
1984	791
1984	792
1983	792
1983	808
1982	808
1982	809
1981	809
1981	810
1977	810
1977	809
1976	809
1976	808
1975	808
1975	806
1974	806
1974	804
1973	804
1973	802
1972	802
1972	801
1969	801
1969	800
1968	800
1968	799
1967	799
1967	795
1966	795
1966	794
1965	794
1965	793
1964	793
1964	792
1963	792
1963	791
1962	791
1962	776
1961	776
1961	774
1959	774
1959	773
1956	773
1956	772
1955	772
1955	771
1954	771
1954	770
1952	770
1952	769
1947	769
1947	768
1944	768
1944	767
1943	767
1943	766
1942	766
1942	764
1941	764
1941	763
1940	763
1940	762
1939	762
1939	761
1937	761
1937	760
1936	760
1936	759
1935	759
1935	751
1934	751
1934	750
1933	750
1933	749
1932	749
1932	748
1864	748
1864	747
1863	747
1863	746
1862	746
1862	745
1860	745
1860	744
1855	744
1855	743
1854	743
1854	742
1848	742
1848	741
1847	741
1847	740
1839	740
1839	739
1838	739
1838	738
1807	738
1807	737
1804	737
1804	736
1801	736
1801	735
1799	735
1799	734
1796	734
1796	733
1792	733
1792	732
1791	732
1791	731
1790	731
1790	730
1788	730
1788	729
1787	729
1787	728
1785	728
1785	727
1784	727
1784	726
1783	726
1783	725
1775	725
1775	726
1767	726
1767	727
1766	727
1766	728
1765	728
1765	729
1755	729
1755	730
1750	730
1750	731
1749	731
1749	732
1744	732
1744	733
1743	733
1743	734
1740	734
1740	735
1739	735
1739	736
1737	736
1737	737
1736	737
1736	738
1732	738
1732	739
1731	739
1731	740
1729	740
1729	742
1728	742
1728	743
1727	743
1727	744
1707	744
1707	743
1706	743
1706	742
1704	742
1704	741
1703	741
1703	740
1699	740
1699	739
1698	739
1698	738
1697	738
1697	737
1696	737
1696	736
1695	736
1695	735
1694	735
1694	732
1693	732
1693	731
1692	731
1692	730
1691	730
1691	729
1689	729
1689	728
1684	728
1684	727
1683	727
1683	726
1682	726
1682	724
1681	724
1681	723
1680	723
1680	722
1679	722
1679	721
1678	721
1678	717
1673	717
1673	716
1672	716
1672	715
1671	715
1671	714
1670	714
1670	713
1669	713
1669	712
1667	712
1667	711
1666	711
1666	710
1665	710
1665	705
1664	705
1664	704
1663	704
1663	703
1662	703
1662	701
1661	701
1661	699
1660	699
1660	698
1659	698
1659	695
1658	695
1658	693
1657	693
1657	692
1655	692
1655	691
1654	691
1654	690
1653	690
1653	689
1652	689
1652	688
1651	688
1651	687
1650	687
1650	685
1649	685
1649	684
1648	684
1648	683
1647	683
1647	650
1648	650
1648	649
1649	649
1649	648
1650	648
1650	647
1651	647
1651	625
1650	625
1650	624
1649	624
1649	623
1648	623
1648	622
1647	622
1647	621
1646	621
1646	617
1645	617
1645	616
1644	616
1644	615
1643	615
1643	614
1642	614
1642	606
1641	606
1641	605
1640	605
1640	604
1639	604
1639	600
1637	600
1637	599
1636	599
1636	598
1635	598
1635	589
1634	589
1634	586
1633	586
1633	577
1632	577
1632	576
1631	576
1631	575
1630	575
1630	570
1629	570
1629	569
1628	569
1628	568
1627	568
1627	563
1626	563
1626	557
1602	557
1602	558
1601	558
1601	559
1600	559
1600	560
1592	560
1592	561
1591	561
1591	562
1587	562
1587	563
1586	563
1586	564
1585	564
1585	566
1584	566
1584	567
1583	567
1583	568
1580	568
1580	569
1578	569
1578	572
1577	572
1577	573
1576	573
1576	574
1574	574
1574	578
1573	578
1573	579
1572	579
1572	580
1571	580
1571	586
1570	586
1570	592
1569	592
1569	606
1568	606
1568	607
1567	607
1567	608
1566	608
1566	611
1565	611
1565	612
1564	612
1564	613
1563	613
1563	616
1562	616
1562	618
1561	618
1561	626
1560	626
1560	627
1559	627
1559	646
1558	646
1558	647
1557	647
1557	662
1556	662
1556	663
1555	663
1555	664
1553	664
1553	666
1552	666
1552	667
1551	667
1551	668
1548	668
1548	669
1547	669
1547	671
1546	671
1546	672
1545	672
1545	674
1544	674
1544	675
1543	675
1543	676
1542	676
1542	678
1541	678
1541	679
1540	679
1540	680
1539	680
1539	682
1538	682
1538	683
1537	683
1537	684
1535	684
1535	685
1520	685
1520	684
1519	684
1519	683
1518	683
1518	682
1517	682
1517	681
1513	681
1513	680
1511	680
1511	679
1510	679
1510	678
1509	678
1509	677
1508	677
1508	676
1507	676
1507	675
1506	675
1506	674
1505	674
1505	673
1503	673
1503	672
1501	672
1501	671
1500	671
1500	670
1499	670
1499	668
1492	668
1492	667
1491	667
1491	666
1489	666
1489	665
1488	665
1488	664
1487	664
1487	663
1486	663
1486	662
1484	662
1484	661
1476	661
1476	660
1475	660
1475	659
1474	659
1474	658
1473	658
1473	657
1472	657
1472	656
1471	656
1471	655
1469	655
1469	654
1467	654
1467	653
1466	653
1466	652
1464	652
1464	651
1463	651
1463	650
1461	650
1461	649
1460	649
1460	648
1457	648
1457	647
1456	647
1456	646
1455	646
1455	645
1454	645
1454	644
1453	644
1453	643
1452	643
1452	642
1451	642
1451	641
1450	641
1450	640
1420	640
1420	639
1419	639
1419	638
1415	638
1415	637
1411	637
1411	636
1409	636
1409	635
1408	635
1408	634
1407	634
1407	633
1406	633
1406	632
1405	632
1405	631
1404	631
1404	630
1403	630
1403	629
1402	629
1402	628
1401	628
1401	627
1400	627
1400	626
1399	626
1399	625
1398	625
1398	624
1397	624
1397	623
1396	623
1396	622
1395	622
1395	621
1394	621
1394	619
1393	619
1393	597
1392	597
1392	596
1391	596
1391	590
1390	590
1390	589
1389	589
1389	585
1388	585
1388	584
1387	584
1387	583
1386	583
1386	582
1385	582
1385	579
1384	579
1384	578
1383	578
1383	566
1382	566
1382	563
1381	563
1381	561
1379	561
1379	560
1372	560
1372	559
1371	559
1371	558
1337	558
1337	557
1333	557
1333	556
1329	556
1329	555
1328	555
1328	554
1327	554
1327	553
1326	553
1326	552
1325	552
1325	551
1324	551
1324	550
1323	550
1323	546
1322	546
1322	544
1321	544
1321	543
1320	543
1320	542
1319	542
1319	541
1318	541
1318	540
1317	540
1317	539
1316	539
1316	538
1315	538
1315	537
1314	537
1314	536
1313	536
1313	535
1312	535
1312	534
1311	534
1311	533
1310	533
1310	531
1309	531
1309	518
1304	518
1304	517
1303	517
1303	516
1301	516
1301	515
1300	515
1300	514
1299	514
1299	513
1298	513
1298	512
1297	512
1297	511
1296	511
1296	510
1295	510
1295	506
1294	506
1294	505
1293	505
1293	504
1292	504
1292	503
1291	503
1291	502
1288	502
1288	501
1287	501
1287	500
1284	500
1284	499
1283	499
1283	498
1281	498
1281	497
1280	497
1280	496
1279	496
1279	495
1278	495
1278	494
1274	494
1274	493
1273	493
1273	492
1272	492
1272	491
1271	491
1271	490
1270	490
1270	489
1269	489
1269	488
1268	488
1268	487
1267	487
1267	486
1262	486
1262	485
1261	485
1261	484
1260	484
1260	483
1251	483
1251	482
1247	482
1247	481
1231	481
1231	480
1230	480
1230	479
1229	479
1229	478
1219	478
1219	477
1218	477
1218	476
1217	476
1217	475
1214	475
1214	474
1213	474
1213	473
1207	473
1207	472
1206	472
1206	471
1205	471
1205	462
1206	462
1206	461
1207	461
1207	460
1208	460
1208	459
1210	459
1210	458
1211	458
1211	457
1213	457
1213	451
1184	451
1184	452
1183	452
1183	453
1179	453
1179	454
1168	454
1168	455
1161	455
1161	456
1160	456
1160	457
1156	457
1156	459
1155	459
1155	460
1154	460
1154	461
1152	461
1152	462
1151	462
1151	463
1148	463
1148	464
1147	464
1147	465
1136	465
1136	466
1124	466
1124	465
1122	465
1122	464
1121	464
1121	463
1102	463
1102	462
1100	462
1100	461
1092	461
1092	460
1091	460
1091	459
1086	459
1086	458
1085	458
1085	457
1080	457
1080	456
1079	456
1079	455
1071	455
1071	454
1066	454
1066	453
1065	453
1065	452
1064	452
1064	451
1058	451
1058	450
1056	450
1056	449
1052	449
1052	448
1051	448
1051	447
1050	447
1050	444
1049	444
1049	440
1048	440
1048	439
1047	439
1047	438
1044	438
1044	437
1042	437
1042	436
1041	436
1041	435
1040	435
1040	434
1039	434
1039	433
1038	433
1038	432
1037	432
1037	431
1026	431
1026	430
1025	430
1025	429
1020	429
1020	428
1019	428
1019	427
1018	427
1018	426
1014	426
1014	425
1006	425
1006	424
1005	424
1005	423
999	423
999	422
995	422
995	421
994	421
994	420
993	420
993	418
992	418
992	417
968	417
968	416
967	416
967	415
966	415
966	414
963	414
963	413
962	413
962	412
961	412
961	410
960	410
960	406
956	406
956	405
955	405
955	404
954	404
954	403
944	403
944	402
942	402
942	401
938	401
938	400
937	400
937	399
936	399
936	398
935	398
935	397
934	397
934	396
933	396
933	395
932	395
932	394
931	394
931	393
927	393
927	392
926	392
926	391
925	391
925	390
919	390
919	389
914	389
914	388
913	388
913	387
902	387
902	386
899	386
899	385
892	385
892	384
891	384
891	383
889	383
889	382
884	382
884	381
879	381
879	380
878	380
878	379
877	379
877	378
875	378
875	377
874	377
874	376
873	376
873	375
872	375
872	374
871	374
871	373
870	373
870	372
869	372
869	371
868	371
868	370
862	370
862	369
861	369
861	368
860	368
860	367
858	367
858	366
856	366
856	365
854	365
854	364
853	364
853	363
826	363
826	362
823	362
823	361
820	361
820	360
816	360
816	359
812	359
812	358
810	358
810	357
807	357
807	356
806	356
806	355
803	355
803	354
800	354
800	353
799	353
799	352
797	352
797	351
796	351
796	350
773	350
773	351
772	351
772	352
771	352
771	353
767	353
767	354
766	354
766	355
765	355
765	356
764	356
764	359
763	359
763	360
762	360
762	361
759	361
759	362
758	362
758	363
757	363
757	364
756	364
756	365
752	365
752	369
751	369
751	370
750	370
750	371
749	371
749	372
748	372
748	373
747	373
747	374
726	374
726	373
718	373
718	372
717	372
717	371
716	371
716	370
710	370
710	369
708	369
708	368
707	368
707	367
706	367
706	366
705	366
705	365
703	365
703	364
702	364
702	363
701	363
701	362
700	362
700	307
699	307
699	306
698	306
698	305
697	305
697	301
696	301
696	293
695	293
695	292
694	292
694	291
693	291
693	262
692	262
692	261
691	261
691	260
690	260
690	256
689	256
689	255
688	255
688	254
687	254
687	253
616	253
616	254
614	254
614	255
594	255
594	254
590	254
590	253
589	253
589	252
588	252
588	251
586	251
586	250
584	250
584	249
583	249
583	248
582	248
582	247
581	247
581	240
580	240
580	234
579	234
579	233
578	233
578	232
577	232
577	231
575	231
575	230
574	230
574	229
572	229
572	228
571	228
571	227
570	227
570	226
568	226
568	225
567	225
567	224
566	224
566	223
564	223
564	222
562	222
562	221
559	221
559	220
558	220
558	219
557	219
557	218
556	218
556	217
555	217
555	216
554	216
554	215
552	215
552	214
548	214
548	213
547	213
547	212
546	212
546	211
544	211
544	210
542	210
542	209
541	209
541	208
540	208
540	204
539	204
539	203
538	203
538	201
537	201
537	200
536	200
536	199
535	199
535	197
534	197
534	195
532	195
532	196
531	196
531	197
524	197
524	198
523	198
523	199
520	199
520	200
519	200
519	201
500	201
500	200
499	200
499	199
495	199
495	198
480	198
480	197
478	197
478	196
476	196
476	195
412	195
412	194
407	194
407	193
406	193
406	192
404	192
404	191
398	191
398	190
372	190
372	191
362	191
362	192
361	192
361	193
360	193
360	194
355	194
355	195
350	195
350	196
349	196
349	197
348	197
348	198
338	198
338	199
337	199
337	200
336	200
336	201
332	201
332	203
331	203
331	204
330	204
330	205
328	205
328	207
327	207
327	208
326	208
326	209
324	209
324	215
323	215
323	216
322	216
322	217
320	217
320	219
319	219
319	220
318	220
318	223
317	223
317	227
316	227
316	231
315	231
315	232
314	232
314	233
312	233
312	235
311	235
311	236
310	236
310	240
309	240
309	275
308	275
308	276
307	276
307	277
278	277
278	323
277	323
277	324
276	324
276	325
275	325
275	326
242	326
242	327
236	327
236	328
235	328
235	329
234	329
234	330
212	330
212	329
207	329
207	328
206	328
206	327
205	327
205	326
198	326
198	325
194	325
194	324
193	324
193	323
192	323
192	321
175	321
175	320
174	320
174	319
173	319
173	315
172	315
172	314
171	314
171	313
170	313
170	311
169	311
169	306
168	306
168	290
166	290
166	289
163	289
163	288
162	288
162	287
161	287
161	286
159	286
159	285
155	285
155	284
154	284
154	283
153	283
153	282
151	282
151	281
149	281
149	280
148	280
148	279
147	279
147	278
146	278
146	277
143	277
143	276
142	276
142	275
139	275
139	274
138	274
138	273
137	273
137	271
135	271
135	270
134	270
134	269
133	269
133	265
132	265
132	264
131	264
131	263
130	263
130	240
129	240
129	239
128	239
128	232
127	232
127	231
126	231
126	230
125	230
125	224
124	224
124	217
123	217
123	216
122	216
122	215
121	215
121	214
120	214
120	213
119	213
119	212
118	212
118	211
117	211
117	210
116	210
116	209
114	209
114	208
113	208
113	207
111	207
111	206
110	206
110	205
107	205
107	204
106	204
106	203
105	203
105	202
104	202
104	201
102	201
102	200
101	200
101	199
84	199
84	198
83	198
83	197
82	197
82	193
83	193
83	192
84	192
84	191
104	191
104	192
105	192
105	193
109	193
109	194
110	194
110	195
111	195
111	196
112	196
112	197
114	197
114	198
115	198
115	199
116	199
116	200
117	200
117	201
120	201
120	202
122	202
122	203
123	203
123	204
124	204
124	206
125	206
125	207
126	207
126	208
127	208
127	209
128	209
128	210
129	210
129	211
130	211
130	212
131	212
131	213
132	213
132	221
133	221
133	226
134	226
134	227
135	227
135	228
136	228
136	236
137	236
137	237
138	237
138	259
139	259
139	260
140	260
140	261
141	261
141	265
142	265
142	266
143	266
143	267
146	267
146	268
147	268
147	269
149	269
149	270
152	270
152	271
153	271
153	272
154	272
154	273
155	273
155	274
158	274
158	275
159	275
159	276
160	276
160	277
163	277
163	278
166	278
166	279
167	279
167	280
168	280
168	281
170	281
170	282
171	282
171	283
172	283
172	284
173	284
173	285
174	285
174	286
175	286
175	287
176	287
176	303
177	303
177	307
178	307
178	310
179	310
179	311
180	311
180	312
181	312
181	313
198	313
198	314
199	314
199	315
200	315
200	317
202	317
202	318
208	318
208	319
209	319
209	320
210	320
210	321
215	321
215	322
229	322
229	321
230	321
230	320
231	320
231	319
239	319
239	318
270	318
270	272
271	272
271	271
272	271
272	270
273	270
273	269
301	269
301	237
302	237
302	231
303	231
303	230
304	230
304	229
306	229
306	228
307	228
307	227
308	227
308	224
309	224
309	220
310	220
310	216
311	216
311	215
312	215
312	214
313	214
313	212
314	212
314	211
315	211
315	210
316	210
316	205
317	205
317	204
318	204
318	203
319	203
319	202
321	202
321	201
322	201
322	200
323	200
323	199
324	199
324	197
325	197
325	196
326	196
326	195
327	195
327	194
329	194
329	193
331	193
331	192
332	192
332	191
335	191
335	190
344	190
344	189
345	189
345	188
346	188
346	187
352	187
352	186
354	186
354	185
358	185
358	184
359	184
359	183
369	183
369	182
371	182
371	181
375	181
375	182
401	182
401	183
407	183
407	184
409	184
409	185
410	185
410	186
415	186
415	187
479	187
479	188
481	188
481	189
483	189
483	190
498	190
498	191
503	191
503	192
504	192
504	193
514	193
514	192
515	192
515	191
519	191
519	190
520	190
520	189
527	189
527	188
528	188
528	187
540	187
540	188
541	188
541	189
542	189
542	194
544	194
544	195
545	195
545	196
546	196
546	199
547	199
547	200
548	200
548	203
550	203
550	204
551	204
551	205
552	205
552	206
555	206
555	207
557	207
557	208
558	208
558	209
559	209
559	210
560	210
560	211
561	211
561	212
562	212
562	213
565	213
565	214
567	214
567	215
569	215
569	216
570	216
570	217
571	217
571	218
573	218
573	219
574	219
574	220
575	220
575	221
578	221
578	222
579	222
579	223
583	223
583	224
584	224
584	225
585	225
585	229
586	229
586	230
587	230
587	231
588	231
588	236
589	236
589	243
592	243
592	244
593	244
593	245
594	245
594	246
597	246
597	247
611	247
611	246
613	246
613	245
691	245
691	246
692	246
692	247
695	247
695	248
696	248
696	249
697	249
697	253
698	253
698	254
699	254
699	255
700	255
700	256
701	256
701	287
702	287
702	288
703	288
703	289
704	289
704	297
705	297
705	302
706	302
706	303
707	303
707	304
708	304
708	358
709	358
709	359
710	359
710	360
711	360
711	361
713	361
713	362
719	362
719	363
720	363
720	364
721	364
721	365
730	365
730	366
742	366
742	365
743	365
743	364
744	364
744	361
745	361
745	360
746	360
746	359
747	359
747	358
749	358
749	357
752	357
752	356
753	356
753	355
754	355
754	354
756	354
756	353
757	353
757	351
758	351
758	350
759	350
759	349
760	349
760	348
761	348
761	347
762	347
762	346
763	346
763	345
766	345
766	344
767	344
767	343
768	343
768	342
799	342
799	343
800	343
800	344
802	344
802	345
803	345
803	346
807	346
807	347
811	347
811	348
812	348
812	349
813	349
813	350
815	350
815	351
819	351
819	352
823	352
823	353
826	353
826	354
830	354
830	355
856	355
856	356
857	356
857	357
859	357
859	358
861	358
861	359
863	359
863	360
865	360
865	361
866	361
866	362
871	362
871	363
874	363
874	364
875	364
875	365
876	365
876	368
877	368
877	369
878	369
878	370
881	370
881	371
882	371
882	372
883	372
883	373
887	373
887	374
892	374
892	375
894	375
894	376
895	376
895	377
902	377
902	378
906	378
906	379
916	379
916	380
917	380
917	381
923	381
923	382
930	382
930	383
931	383
931	384
932	384
932	385
935	385
935	386
936	386
936	387
937	387
937	388
938	388
938	389
940	389
940	390
941	390
941	391
942	391
942	393
945	393
945	394
947	394
947	395
959	395
959	396
960	396
960	397
961	397
961	398
963	398
963	399
964	399
964	400
965	400
965	401
966	401
966	402
967	402
967	403
968	403
968	406
971	406
971	407
972	407
972	408
973	408
973	409
995	409
995	410
997	410
997	411
998	411
998	412
999	412
999	413
1000	413
1000	414
1003	414
1003	415
1008	415
1008	416
1009	416
1009	417
1017	417
1017	418
1023	418
1023	419
1024	419
1024	420
1025	420
1025	421
1028	421
1028	422
1029	422
1029	423
1040	423
1040	424
1041	424
1041	425
1042	425
1042	426
1043	426
1043	427
1044	427
1044	428
1045	428
1045	429
1047	429
1047	430
1050	430
1050	431
1051	431
1051	432
1052	432
1052	433
1053	433
1053	434
1055	434
1055	435
1056	435
1056	436
1057	436
1057	441
1060	441
1060	442
1061	442
1061	443
1067	443
1067	444
1068	444
1068	445
1069	445
1069	446
1074	446
1074	447
1083	447
1083	448
1084	448
1084	449
1089	449
1089	450
1090	450
1090	451
1096	451
1096	452
1097	452
1097	453
1103	453
1103	454
1105	454
1105	455
1126	455
1126	456
1127	456
1127	457
1128	457
1128	458
1133	458
1133	457
1143	457
1143	456
1144	456
1144	455
1147	455
1147	454
1148	454
1148	453
1149	453
1149	452
1150	452
1150	451
1151	451
1151	450
1152	450
1152	449
1155	449
1155	448
1156	448
1156	447
1165	447
1165	446
1176	446
1176	445
1178	445
1178	444
1179	444
1179	443
1219	443
1219	444
1220	444
1220	445
1221	445
1221	463
1220	463
1220	464
1219	464
1219	465
1216	465
1216	466
1217	466
1217	467
1221	467
1221	468
1222	468
1222	469
1223	469
1223	470
1232	470
1232	471
1233	471
1233	472
1234	472
1234	473
1251	473
1251	474
1255	474
1255	475
1266	475
1266	476
1267	476
1267	477
1268	477
1268	478
1270	478
1270	479
1271	479
1271	480
1272	480
1272	481
1273	481
1273	482
1274	482
1274	483
1275	483
1275	484
1276	484
1276	485
1277	485
1277	486
1284	486
1284	487
1285	487
1285	488
1286	488
1286	490
1287	490
1287	491
1288	491
1288	492
1291	492
1291	493
1292	493
1292	494
1294	494
1294	495
1295	495
1295	496
1297	496
1297	497
1298	497
1298	498
1300	498
1300	499
1301	499
1301	500
1302	500
1302	502
1303	502
1303	504
1304	504
1304	505
1305	505
1305	506
1306	506
1306	509
1307	509
1307	510
1313	510
1313	511
1314	511
1314	512
1315	512
1315	514
1316	514
1316	515
1317	515
1317	527
1318	527
1318	528
1319	528
1319	529
1320	529
1320	530
1321	530
1321	531
1322	531
1322	533
1323	533
1323	534
1324	534
1324	535
1325	535
1325	536
1326	536
1326	537
1328	537
1328	538
1329	538
1329	539
1330	539
1330	543
1331	543
1331	545
1332	545
1332	546
1333	546
1333	547
1334	547
1334	548
1336	548
1336	549
1340	549
1340	550
1374	550
1374	551
1376	551
1376	552
1382	552
1382	553
1384	553
1384	554
1385	554
1385	555
1386	555
1386	556
1387	556
1387	557
1388	557
1388	558
1389	558
1389	560
1390	560
1390	563
1391	563
1391	574
1392	574
1392	575
1393	575
1393	578
1394	578
1394	580
1395	580
1395	581
1396	581
1396	582
1397	582
1397	585
1398	585
1398	586
1399	586
1399	593
1400	593
1400	594
1401	594
1401	616
1402	616
1402	617
1403	617
1403	618
1404	618
1404	619
1405	619
1405	620
1406	620
1406	621
1407	621
1407	622
1408	622
1408	623
1409	623
1409	624
1410	624
1410	625
1411	625
1411	626
1412	626
1412	627
1413	627
1413	628
1414	628
1414	629
1418	629
1418	630
1423	630
1423	631
1424	631
1424	632
1454	632
1454	633
1455	633
1455	634
1456	634
1456	635
1457	635
1457	636
1458	636
1458	637
1459	637
1459	638
1460	638
1460	639
1461	639
1461	640
1464	640
1464	641
1465	641
1465	642
1468	642
1468	643
1469	643
1469	644
1471	644
1471	645
1472	645
1472	646
1473	646
1473	647
1474	647
1474	648
1475	648
1475	649
1479	649
1479	650
1480	650
1480	651
1481	651
1481	653
1487	653
1487	654
1489	654
1489	655
1491	655
1491	656
1492	656
1492	657
1493	657
1493	658
1494	658
1494	659
1496	659
1496	660
1503	660
1503	661
1504	661
1504	662
1505	662
1505	663
1506	663
1506	664
1507	664
1507	665
1508	665
1508	666
1509	666
1509	667
1510	667
1510	668
1511	668
1511	669
1512	669
1512	670
1513	670
1513	671
1514	671
1514	672
1516	672
1516	673
1520	673
1520	674
1521	674
1521	675
1522	675
1522	676
1523	676
1523	677
1531	677
1531	676
1532	676
1532	675
1533	675
1533	674
1534	674
1534	671
1535	671
1535	670
1536	670
1536	669
1537	669
1537	667
1538	667
1538	666
1539	666
1539	665
1541	665
1541	664
1542	664
1542	663
1543	663
1543	662
1544	662
1544	661
1545	661
1545	660
1546	660
1546	659
1547	659
1547	658
1548	658
1548	657
1549	657
1549	643
1550	643
1550	642
1551	642
1551	622
1552	622
1552	621
1553	621
1553	615
1554	615
1554	613
1555	613
1555	610
1556	610
1556	609
1557	609
1557	608
1558	608
1558	604
1559	604
1559	603
1560	603
1560	602
1561	602
1561	588
1562	588
1562	582
1563	582
1563	575
1564	575
1564	574
1565	574
1565	573
1566	573
1566	569
1567	569
1567	568
1568	568
1568	567
1569	567
1569	566
1570	566
1570	564
1571	564
1571	563
1572	563
1572	562
1573	562
1573	561
1576	561
1576	560
1579	560
1579	558
1580	558
1580	557
1581	557
1581	556
1582	556
1582	555
1583	555
1583	554
1587	554
1587	553
1588	553
1588	552
1595	552
1595	551
1596	551
1596	550
1597	550
1597	549
1630	549
1630	550
1631	550
1631	551
1632	551
1632	552
1633	552
1633	554
1634	554
1634	560
1635	560
1635	565
1636	565
1636	566
1637	566
1637	567
1638	567
1638	569
1639	569
1639	570
1640	570
1640	571
1641	571
1641	583
1642	583
1642	586
1643	586
1643	593
1644	593
1644	594
1645	594
1645	595
1646	595
1646	596
1647	596
1647	601
1648	601
1648	602
1649	602
1649	603
1650	603
1650	610
1651	610
1651	611
1652	611
1652	612
1653	612
1653	614
1654	614
1654	617
1656	617
1656	618
1657	618
1657	619
1658	619
1658	622
1659	622
1659	652
1658	652
1658	653
1657	653
1657	654
1655	654
1655	680
1656	680
1656	681
1657	681
1657	682
1658	682
1658	684
1660	684
1660	685
1662	685
1662	686
1664	686
1664	687
1665	687
1665	688
1666	688
1666	692
1667	692
1667	695
1668	695
1668	696
1669	696
1669	698
1670	698
1670	700
1671	700
1671	701
1672	701
1672	702
1673	702
1673	705
1674	705
1674	706
1675	706
1675	707
1676	707
1676	708
1677	708
1677	709
1684	709
1684	710
1685	710
1685	711
1686	711
1686	717
1688	717
1688	718
1689	718
1689	719
1690	719
1690	720
1692	720
1692	721
1695	721
1695	722
1696	722
1696	723
1697	723
1697	724
1699	724
1699	725
1700	725
1700	726
1701	726
1701	727
1702	727
1702	732
1707	732
1707	733
1708	733
1708	734
1709	734
1709	735
1710	735
1710	736
1722	736
1722	735
1723	735
1723	734
1724	734
1724	733
1725	733
1725	732
1726	732
1726	731
1727	731
1727	730
1732	730
1732	729
1733	729
1733	728
1734	728
1734	727
1735	727
1735	726
1739	726
1739	725
1740	725
1740	724
1746	724
1746	723
1747	723
1747	722
1752	722
1752	721
1761	721
1761	720
1762	720
1762	719
1763	719
1763	718
1772	718
1772	717
1787	717
1787	718
1788	718
1788	719
1789	719
1789	720
1791	720
1791	721
1792	721
1792	722
1793	722
1793	723
1794	723
1794	724
1795	724
1795	725
1799	725
1799	726
1802	726
1802	727
1805	727
1805	728
1807	728
1807	729
1810	729
1810	730
1841	730
1841	731
1843	731
1843	732
1850	732
1850	733
1852	733
1852	734
1859	734
1859	735
1860	735
1860	736
1863	736
1863	737
1868	737
1868	738
1869	738
1869	739
1870	739
1870	740
1936	740
1936	741
1937	741
1937	742
1938	742
1938	743
1940	743
1940	744
1941	744
1941	745
1942	745
1942	748
1943	748
1943	754
1944	754
1944	755
1945	755
1945	756
1947	756
1947	757
1948	757
1948	758
1949	758
1949	759
1950	759
1950	761
1955	761
1955	762
1957	762
1957	763
1959	763
1959	764
1960	764
1960	765
1962	765
1962	766
1965	766
1965	767
1966	767
1966	768
1967	768
1967	770
1968	770
1968	771
1969	771
1969	772
1970	772
1970	788
1971	788
1971	789
1972	789
1972	790
1973	790
1973	791
1974	791
1974	792
1975	792
1975	788
1976	788
1976	787
1977	787
1977	783
1978	783
1978	779
1979	779
1979	770
1980	770
1980	769
1981	769
1981	743
1980	743
1980	742
1979	742
1979	741
1978	741
1978	737
1976	737
1976	736
1975	736
1975	735
1974	735
1974	718
1973	718
1973	712
1972	712
1972	711
1971	711
1971	683
1972	683
1972	682
1973	682
1973	681
1977	681
1977	680
1979	680
1979	678
1980	678
1980	677
1981	677
1981	676
1998	676
1998	675
1999	675
1999	674
2012	674
2012	673
2034	673
2034	674
2044	674
2044	675
2045	675
2045	676
2046	676
2046	677
2050	677
2050	678
2061	678
2061	679
2063	679
2063	680
2069	680
2069	681
2070	681
2070	682
2071	682
2071	683
2072	683
2072	684
2074	684
2074	685
2075	685
2075	686
2076	686
2076	687
2077	687
2077	688
2078	688
2078	692
2079	692
2079	717
2080	717
2080	718
2081	718
2081	720
2082	720
2082	725
2083	725
2083	726
2084	726
2084	727
2085	727
2085	728
2086	728
2086	730
2088	730
2088	731
2089	731
2089	732
2090	732
2090	740
2091	740
2091	741
2092	741
2092	742
2093	742
2093	743
2094	743
2094	745
2095	745
2095	746
2096	746
2096	747
2097	747
2097	749
2098	749
2098	750
2101	750
2101	751
2103	751
2103	752
2104	752
2104	753
2105	753
2105	755
2106	755
2106	756
2107	756
2107	757
2114	757
2114	758
2115	758
2115	759
2116	759
2116	760
2127	760
2127	761
2128	761
2128	762
2129	762
2129	763
2130	763
2130	766
2131	766
2131	770
2132	770
2132	771
2133	771
2133	772
2134	772
2134	776
2135	776
2135	777
2136	777
2136	778
2137	778
2137	781
2138	781
2138	782
2139	782
2139	783
2140	783
2140	784
2141	784
2141	790
2142	790
2142	791
2143	791
2143	795
2144	795
2144	796
2145	796
2145	799
2146	799
2146	800
2147	800
2147	801
2148	801
2148	802
2149	802
2149	803
2150	803
2150	804
2152	804
2152	805
2161	805
2161	806
2163	806
2163	807
2164	807
2164	808
2166	808
2166	809
2168	809
2168	810
2172	810
2172	811
2173	811
2173	812
2174	812
2174	813
2175	813
2175	814
2176	814
2176	815
2177	815
2177	816
2187	816
2187	815
2188	815
2188	814
2189	814
2189	813
2209	813
2209	814
2210	814
2210	815
2211	815
2211	817
2236	817
2236	818
2237	818
2237	819
2238	819
2238	820
2242	820
2242	821
2254	821
2254	822
2255	822
2255	823
2256	823
2256	824
2257	824
2257	825
2259	825
2259	826
2260	826
2260	827
2261	827
2261	830
2262	830
2262	832
2268	832
2268	833
2272	833
2272	834
2273	834
2273	835
2274	835
2274	838
2275	838
2275	842
2276	842
2276	843
2277	843
2277	854
2278	854
2278	870
2279	870
2279	871
2280	871
2280	872
2281	872
2281	878
2282	878
2282	920
2283	920
2283	921
2284	921
2284	922
2285	922
2285	927
2286	927
2286	925
2287	925
2287	924
2288	924
2288	923
2289	923
2289	922
2294	922
2294	921
2295	921
2295	916
2296	916
2296	915
2297	915
2297	914
2299	914
2299	913
2300	913
2300	912
2310	912
2310	911
2311	911
2311	910
2312	910
2312	909
2313	909
2313	908
2316	908
2316	907
2317	907
2317	906
2324	906
2324	905
2342	905
2342	904
2343	904
2343	899
2344	899
2344	897
2345	897
2345	896
2346	896
2346	895
2347	895
2347	890
2348	890
2348	889
2349	889
2349	888
2351	888
2351	887
2352	887
2352	886
2353	886
2353	885
2357	885
2357	884
2358	884
2358	880
2359	880
2359	879
2360	879
2360	878
2363	878
2363	864
2362	864
2362	863
2361	863
2361	856
2360	856
2360	855
2359	855
2359	854
2358	854
2358	850
2357	850
2357	848
2356	848
2356	844
2357	844
2357	832
2358	832
2358	831
2359	831
2359	828
2360	828
2360	827
2361	827
2361	821
2362	821
2362	819
2363	819
2363	812
2364	812
2364	811
2365	811
2365	810
2368	810
2368	809
2369	809
2369	808
2370	808
2370	805
2371	805
2371	804
2372	804
2372	803
2373	803
2373	793
2372	793
2372	792
2371	792
2371	791
2370	791
2370	776
2371	776
2371	775
2372	775
2372	774
2373	774
2373	768
2374	768
2374	711
2375	711
2375	710
2376	710
2376	709
2396	709
2396	708
2395	708
2395	707
2394	707
2394	706
2393	706
2393	705
2392	705
2392	704
2391	704
2391	703
2390	703
2390	700
2387	700
2387	699
2386	699
2386	698
2385	698
2385	697
2384	697
2384	696
2383	696
2383	690
2384	690
2384	689
2385	689
2385	688
2390	688
2390	687
2391	687
2391	686
2392	686
2392	685
2398	685
2398	684
2400	684
2400	683
2401	683
2401	682
2406	682
2406	681
2410	681
2410	679
2411	679
2411	678
2412	678
2412	677
2413	677
2413	676
2414	676
2414	675
2415	675
2415	674
2417	674
2417	673
2418	673
2418	671
2419	671
2419	670
2420	670
2420	669
2422	669
2422	668
2451	668
2451	667
2452	667
2452	666
2453	666
2453	665
2456	665
2456	664
2470	664
2470	663
2471	663
2471	662
2472	662
2472	661
2488	661
2488	662
2489	662
2489	663
2490	663
2490	670
2491	670
2491	694
2492	694
2492	695
2493	695
2493	696
2494	696
2494	697
2495	697
2495	698
2497	698
2497	699
2498	699
2498	700
2499	700
2499	702
2500	702
2500	703
2501	703
2501	706
2516	706
2516	707
2517	707
2517	708
2518	708
2518	710
2519	710
2519	713
2520	713
2520	714
2521	714
2521	718
2522	718
2522	719
2523	719
2523	722
2524	722
2524	723
2525	723
2525	727
2526	727
2526	736
2527	736
2527	737
2528	737
2528	738
2529	738
2529	741
2530	741
2530	742
2531	742
2531	745
2532	745
2532	746
2533	746
2533	747
2534	747
2534	756
2535	756
2535	772
2536	772
2536	773
2539	773
2539	774
2540	774
2540	775
2541	775
2541	777
2546	777
2546	778
2548	778
2548	779
2549	779
2549	780
2555	780
2555	781
2556	781
2556	782
2557	782
2557	797
2558	797
2558	798
2559	798
2559	800
2560	800
2560	801
2561	801
2561	802
2562	802
2562	803
2563	803
2563	820
2562	820
2562	832
2563	832
2563	833
2564	833
2564	834
2565	834
2565	840
2566	840
2566	842
2567	842
2567	847
2568	847
2568	848
2569	848
2569	849
2572	849
2572	850
2573	850
2573	851
2574	851
2574	852
2575	852
2575	853
2576	853
2576	854
2577	854
2577	855
2578	855
2578	856
2579	856
2579	857
2580	857
2580	858
2584	858
2584	859
2585	859
2585	860
2586	860
2586	862
2587	862
2587	870
2589	870
2589	871
2590	871
2590	872
2591	872
2591	873
2592	873
2592	874
2593	874
2593	875
2594	875
2594	876
2595	876
2595	877
2596	877
2596	878
2597	878
2597	879
2598	879
2598	880
2599	880
2599	881
2600	881
2600	882
2601	882
2601	883
2602	883
2602	884
2603	884
2603	885
2604	885
2604	886
2605	886
2605	892
2606	892
2606	893
2609	893
2609	892
2610	892
2610	891
2611	891
2611	890
2612	890
2612	889
2613	889
2613	888
2614	888
2614	887
2615	887
2615	886
2616	886
2616	885
2631	885
2631	886
2632	886
2632	887
2633	887
2633	889
2634	889
2634	890
2636	890
2636	891
2637	891
2637	892
2638	892
2638	896
2639	896
2639	897
2640	897
2640	898
2641	898
2641	899
2642	899
2642	900
2643	900
2643	901
2644	901
2644	902
2645	902
2645	903
2646	903
2646	900
2647	900
2647	899
2648	899
2648	898
2649	898
2649	897
2665	897
2665	896
2667	896
2667	894
2668	894
2668	892
2669	892
2669	889
2670	889
2670	888
2671	888
2671	884
2672	884
2672	883
2673	883
2673	848
2674	848
2674	813
2673	813
2673	810
2672	810
2672	809
2671	809
2671	808
2670	808
2670	803
2669	803
2669	799
2668	799
2668	798
2667	798
2667	789
2666	789
2666	787
2665	787
2665	783
2666	783
2666	782
2665	782
2665	781
2664	781
2664	780
2663	780
2663	779
2662	779
2662	778
2661	778
2661	762
2660	762
2660	761
2659	761
2659	759
2658	759
2658	739
2657	739
2657	707
2656	707
2656	706
2655	706
2655	691
2656	691
2656	690
2657	690
2657	689
2658	689
2658	688
2660	688
2660	687
2663	687
2663	686
2664	686
2664	685
2670	685
2670	684
2676	684
2676	683
2677	683
2677	682
2684	682
2684	681
2692	681
2692	680
2693	680
2693	679
2694	679
2694	678
2696	678
2696	677
2702	677
2702	676
2705	676
2705	675
2706	675
2706	674
2708	674
2708	673
2711	673
2711	672
2712	672
2712	671
2713	671
2713	670
2743	670
2743	671
2744	671
2744	672
2745	672
2745	706
2746	706
2746	711
2747	711
2747	713
2748	713
2748	714
2749	714
2749	718
2750	718
2750	726
2751	726
2751	806
2752	806
2752	807
2753	807
2753	808
2754	808
2754	811
2755	811
2755	813
2756	813
2756	814
2764	814
2764	815
2765	815
2765	816
2770	816
2770	817
2772	817
2772	818
2773	818
2773	819
2775	819
2775	820
2776	820
2776	821
2787	821
2787	822
2788	822
2788	823
2789	823
2789	824
2790	824
2790	825
2844	825
2844	826
2883	826
2883	827
2884	827
2884	828
2886	828
2886	829
2887	829
2887	830
2888	830
2888	831
2889	831
2889	832
2890	832
2890	835
2891	835
2891	837
2892	837
2892	838
2893	838
2893	839
2894	839
2894	840
2895	840
2895	847
2896	847
2896	848
2897	848
2897	850
2898	850
2898	851
2899	851
2899	853
2903	853
2903	854
2904	854
2904	855
2905	855
2905	857
2908	857
2908	858
2912	858
2912	859
2913	859
2913	860
2919	860
2919	861
2920	861
2920	862
2928	862
2928	863
2929	863
2929	864
2932	864
2932	865
2935	865
2935	866
2936	866
2936	867
2937	867
2937	868
2941	868
2941	869
2943	869
2943	867
2944	867
2944	866
2945	866
2945	865
2946	865
2946	826
2945	826
2945	822
2944	822
2944	821
2943	821
2943	820
2942	820
2942	809
2941	809
2941	807
2940	807
2940	804
2939	804
2939	803
2938	803
2938	802
2937	802
2937	800
2936	800
2936	796
2937	796
2937	793
2936	793
2936	792
2935	792
2935	791
2934	791
2934	786
2933	786
2933	782
2932	782
2932	781
2931	781
2931	780
2930	780
2930	778
2929	778
2929	771
2930	771
2930	770
2931	770
2931	769
2935	769
2935	770
2936	770
2936	771
2937	771
2937	761
2936	761
2936	760
2935	760
2935	757
2934	757
2934	756
2933	756
2933	722
2934	722
2934	721
2935	721
2935	720
2942	720
2942	719
2943	719
2943	718
2945	718
2945	717
2947	717
2947	716
2949	716
2949	715
2951	715
2951	714
2953	714
2953	713
2959	713
2959	712
2960	712
2960	711
2961	711
2961	710
2974	710
2974	709
2981	709
2981	708
2982	708
2982	707
2983	707
2983	706
2989	706
2989	705
3006	705
3006	706
3007	706
3007	707
3008	707
3008	708
3009	708
3009	710
3010	710
3010	711
3011	711
3011	713
3012	713
3012	714
3013	714
3013	715
3014	715
3014	716
3015	716
3015	717
3016	717
3016	718
3017	718
3017	720
3019	720
3019	721
3020	721
3020	722
3021	722
3021	723
3022	723
3022	725
3025	725
3025	726
3026	726
3026	727
3027	727
3027	728
3031	728
3031	729
3032	729
3032	730
3033	730
3033	731
3034	731
3034	732
3035	732
3035	733
3036	733
3036	734
3037	734
3037	735
3038	735
3038	736
3043	736
3043	737
3044	737
3044	738
3045	738
3045	740
3048	740
3048	741
3049	741
3049	742
3050	742
3050	743
3051	743
3051	744
3053	744
3053	745
3055	745
3055	746
3069	746
3069	747
3070	747
3070	748
3078	748
3078	747
3079	747
3079	746
3097	746
3097	747
3098	747
3098	748
3100	748
3100	749
3101	749
3101	750
3102	750
3102	754
3103	754
3103	763
3104	763
3104	764
3105	764
3105	770
3106	770
3106	771
3107	771
3107	772
3108	772
3108	773
3114	773
3114	774
3115	774
3115	775
3116	775
3116	776
3124	776
3124	777
3126	777
3126	778
3127	778
3127	779
3128	779
3128	780
3129	780
3129	799
3133	799
3133	798
3139	798
3139	797
3140	797
3140	796
3142	796
3142	794
3143	794
3143	793
3144	793
3144	792
3145	792
3145	790
3146	790
3146	789
3147	789
3147	788
3148	788
3148	785
3149	785
3149	784
3150	784
3150	781
3151	781
3151	780
3152	780
3152	778
3153	778
3153	776
3154	776
3154	775
3155	775
3155	774
3160	774
3160	775
3174	775
3174	776
3175	776
3175	777
3176	777
3176	781
3177	781
3177	787
3178	787
3178	788
3179	788
3179	789
3180	789
3180	793
3181	793
3181	796
3182	796
3182	797
3183	797
3183	798
3185	798
3185	799
3187	799
3187	800
3188	800
3188	801
3189	801
3189	803
3204	803
3204	797
3203	797
3203	796
3202	796
3202	783
3201	783
3201	781
3200	781
3200	777
3201	777
3201	741
3202	741
3202	738
3203	738
3203	737
3204	737
3204	736
3207	736
3207	735
3208	735
3208	734
3225	734
3225	735
3226	735
3226	736
3227	736
3227	737
3228	737
3228	738
3229	738
3229	739
3230	739
3230	736
3231	736
3231	735
3232	735
3232	733
3233	733
3233	729
3234	729
3234	728
3235	728
3235	727
3236	727
3236	726
3237	726
3237	725
3238	725
3238	724
3239	724
3239	723
3240	723
3240	722
3241	722
3241	721
3242	721
3242	720
3243	720
3243	719
3244	719
3244	718
3245	718
3245	717
3246	717
3246	716
3247	716
3247	715
3248	715
3248	714
3266	714
3266	715
3267	715
3267	716
3268	716
3268	717
3269	717
3269	718
3270	718
3270	723
3271	723
3271	724
3272	724
3272	725
3273	725
3273	726
3274	726
3274	730
3275	730
3275	731
3282	731
3282	732
3289	732
3289	731
3295	731
3295	729
3296	729
3296	727
3297	727
3297	726
3298	726
3298	725
3299	725
3299	724
3300	724
3300	723
3301	723
3301	722
3302	722
3302	721
3303	721
3303	720
3304	720
3304	719
3305	719
3305	718
3306	718
3306	717
3307	717
3307	716
3308	716
3308	715
3309	715
3309	713
3310	713
3310	712
3311	712
3311	711
3313	711
3313	709
3314	709
3314	708
3315	708
3315	707
3316	707
3316	705
3317	705
3317	704
3318	704
3318	703
3319	703
3319	702
3320	702
3320	701
3321	701
3321	700
3322	700
3322	699
3346	699
3346	700
3347	700
3347	701
3348	701
3348	702
3356	702
3356	690
3357	690
3357	687
3358	687
3358	660
3359	660
3359	658
3360	658
3360	657
3361	657
3361	623
3362	623
3362	622
3363	622
3363	621
3364	621
3364	611
3365	611
3365	601
3366	601
3366	599
3367	599
3367	597
3368	597
3368	596
3369	596
3369	595
3370	595
3370	594
3371	594
3371	593
3372	593
3372	592
3373	592
3373	591
3374	591
3374	590
3375	590
3375	589
3376	589
3376	587
3377	587
3377	586
3378	586
3378	582
3379	582
3379	581
3380	581
3380	553
3379	553
3379	552
3378	552
3378	551
3377	551
3377	533
3378	533
3378	532
3379	532
3379	531
3380	531
3380	528
3381	528
3381	527
3382	527
3382	526
3397	526
3397	525
3398	525
3398	524
3403	524
3403	523
3408	523
3408	522
3409	522
3409	521
3410	521
3410	520
3411	520
3411	519
3417	519
3417	518
3436	518
3436	519
3437	519
3437	520
3438	520
3438	521
3439	521
3439	522
3440	522
3440	526
3441	526
3441	529
3442	529
3442	532
3443	532
3443	533
3444	533
3444	537
3445	537
3445	538
3446	538
3446	539
3450	539
3450	540
3451	540
3451	541
3452	541
3452	544
3453	544
3453	546
3454	546
3454	547
3455	547
3455	548
3456	548
3456	549
3457	549
3457	550
3459	550
3459	551
3463	551
3463	552
3464	552
3464	553
3465	553
3465	554
3466	554
3466	557
3467	557
3467	558
3472	558
3472	559
3474	559
3474	560
3475	560
3475	561
3476	561
3476	563
3479	563
3479	564
3480	564
3480	565
3481	565
3481	566
3483	566
3483	567
3484	567
3484	568
3485	568
3485	569
3487	569
3487	570
3488	570
3488	571
3489	571
3489	574
3490	574
3490	575
3491	575
3491	576
3492	576
3492	577
3493	577
3493	578
3494	578
3494	579
3495	579
3495	580
3496	580
3496	581
3497	581
3497	586
3498	586
3498	587
3499	587
3499	588
3500	588
3500	589
3501	589
3501	607
3503	607
3503	608
3504	608
3504	609
3505	609
3505	610
3506	610
3506	611
3509	611
3509	612
3510	612
3510	613
3511	613
3511	614
3512	614
3512	615
3514	615
3514	616
3516	616
3516	617
3517	617
3517	618
3518	618
3518	619
3519	619
3519	620
3521	620
3521	621
3523	621
3523	622
3531	622
3531	623
3532	623
3532	624
3539	624
3539	625
3540	625
3540	626
3577	626
3577	623
3578	623
3578	622
3579	622
3579	621
3580	621
3580	618
3581	618
3581	617
3582	617
3582	616
3588	616
3588	615
3589	615
3589	614
3590	614
3590	613
3591	613
3591	612
3596	612
3596	611
3597	611
3597	610
3599	610
3599	609
3602	609
3602	608
3605	608
3605	607
3606	607
3606	606
3607	606
3607	605
3608	605
3608	583
3609	583
3609	582
3610	582
3610	576
3611	576
3611	575
3612	575
3612	574
3613	574
3613	573
3614	573
3614	572
3615	572
3615	571
3619	571
3619	570
3643	570
3643	569
3644	569
3644	568
3645	568
3645	567
3649	567
3649	566
3650	566
3650	552
3649	552
3649	550
3648	550
3648	546
3649	546
3649	533
3648	533
3648	523
3647	523
3647	522
3646	522
3646	521
3645	521
3645	494
3646	494
3646	488
3647	488
3647	487
3648	487
3648	481
3649	481
3649	480
3650	480
3650	479
3654	479
3654	480
3655	480
3655	479
3659	479
3659	480
3667	480
3667	481
3669	481
3669	482
3671	482
3671	483
3692	483
3692	482
3693	482
3693	481
3694	481
3694	480
3696	480
3696	478
3697	478
3697	477
3698	477
3698	476
3703	476
3703	475
3705	475
3705	474
3706	474
3706	473
3707	473
3707	472
3717	472
3717	471
3727	471
3727	470
3728	470
3728	446
3729	446
3729	441
3730	441
3730	440
3731	440
3731	439
3732	439
3732	437
3733	437
3733	435
3734	435
3734	432
3735	432
3735	431
3736	431
3736	430
3737	430
3737	429
3738	429
3738	428
3739	428
3739	427
3740	427
3740	426
3741	426
3741	425
3742	425
3742	424
3747	424
3747	422
3748	422
3748	421
3749	421
3749	420
3756	420
3756	419
3763	419
3763	418
3764	418
3764	417
3765	417
3765	415
3766	415
3766	414
3767	414
3767	413
3768	413
3768	412
3769	412
3769	411
3770	411
3770	410
3771	410
3771	409
3774	409
3774	408
3780	408
3780	407
3811	407
3811	406
3812	406
3812	405
3813	405
3813	404
3814	404
3814	403
3817	403
3817	402
3818	402
3818	401
3819	401
3819	400
3824	400
3824	399
3825	399
3825	398
3826	398
3826	397
3830	397
3830	398
3865	398
3865	397
3866	397
3866	396
3867	396
3867	395
3881	395
3881	394
3917	394
3917	393
3918	393
3918	392
3920	392
3920	391
3932	391
3932	390
3933	390
3933	389
3934	389
3934	388
3935	388
3935	387
3938	387
3938	386
3946	386
3946	385
3947	385
3947	384
3948	384
3948	383
3949	383
3949	382
3950	382
3950	381
3954	381
3954	382
3990	382
3990	381
3991	381
3991	380
3992	380
3992	379
4016	379
4016	378
4030	378
4030	379
4031	379
4031	380
4034	380
4034	381
4035	381
4035	382
4036	382
4036	383
4037	383
4037	372
4036	372
4036	368
4035	368
4035	367
4034	367
4034	365
4033	365
4033	364
4032	364
4032	361
4031	361
4031	360
4030	360
4030	359
4029	359
4029	333
4030	333
4030	332
4031	332
4031	331
4032	331
4032	330
4040	330
4040	329
4042	329
4042	328
4044	328
4044	327
4045	327
4045	326
4046	326
4046	325
4047	325
4047	324
4052	324
4052	323
4055	323
4055	322
4057	322
4057	321
4058	321
4058	320
4059	320
4059	319
4061	319
4061	318
4062	318
4062	317
4066	317
4066	316
4067	316
4067	315
4071	315
4071	314
4077	314
4077	313
4078	313
4078	312
4080	312
4080	311
4086	311
4086	310
4090	310
4090	309
4093	309
4093	308
4096	308
4096	307
4100	307
4100	306
4105	306
4105	305
4106	305
4106	304
4109	304
4109	303
4112	303
4112	302
4117	302
4117	301
4118	301
4118	300
4119	300
4119	299
4122	299
4122	298
4123	298
4123	297
4124	297
4124	296
4125	296
4125	295
4129	295
4129	294
4130	294
4130	293
4131	293
4131	292
4132	292
4132	291
4136	291
4136	290
4137	290
4137	289
4138	289
4138	288
4141	288
4141	287
4144	287
4144	286
4145	286
4145	285
4146	285
4146	284
4147	284
4147	283
4149	283
4149	282
4150	282
4150	281
4151	281
4151	280
4157	280
4157	279
4159	279
4159	278
4161	278
4161	277
4163	277
4163	276
4165	276
4165	275
4168	275
4168	274
4169	274
4169	273
4170	273
4170	272
4172	272
4172	271
4174	271
4174	270
4175	270
4175	269
4176	269
4176	268
4185	268
4185	267
4187	267
4187	266
4188	266
4188	265
4190	265
4190	264
4192	264
4192	263
4194	263
4194	262
4197	262
4197	261
4200	261
4200	260
4206	260
4206	261
4207	261
4207	262
4208	262
4208	266
4207	266
4207	267
4206	267
4206	268
4203	268
4203	269
4200	269
4200	270
4198	270
4198	271
4195	271
4195	272
4193	272
