476	519
477	519
477	520
478	520
478	521
479	521
479	522
478	522
478	525
479	525
479	527
478	527
478	529
479	529
479	533
480	533
480	534
481	534
481	537
483	537
483	538
484	538
484	539
485	539
485	540
486	540
486	544
487	544
487	545
488	545
488	548
487	548
487	552
485	552
485	553
486	553
486	556
485	556
485	558
486	558
486	569
485	569
485	570
486	570
486	581
485	581
485	594
486	594
486	595
485	595
485	597
484	597
484	599
485	599
485	605
484	605
484	608
483	608
483	609
484	609
484	612
483	612
483	616
482	616
482	619
483	619
483	620
482	620
482	622
483	622
483	624
482	624
482	626
483	626
483	634
484	634
484	635
483	635
483	638
484	638
484	642
485	642
485	643
486	643
486	647
487	647
487	650
488	650
488	659
489	659
489	661
490	661
490	667
491	667
491	673
492	673
492	683
493	683
493	686
494	686
494	687
493	687
493	688
494	688
494	689
495	689
495	690
506	690
506	691
507	691
507	692
510	692
510	693
515	693
515	694
517	694
517	693
518	693
518	694
531	694
531	695
537	695
537	696
544	696
544	697
548	697
548	696
555	696
555	695
556	695
556	694
558	694
558	693
560	693
560	692
564	692
564	691
566	691
566	692
570	692
570	693
576	693
576	694
602	694
602	695
608	695
608	694
609	694
609	695
611	695
611	696
613	696
613	695
617	695
617	693
619	693
619	691
621	691
621	689
623	689
623	688
624	688
624	687
627	687
627	686
628	686
628	687
630	687
630	686
631	686
631	687
633	687
633	686
641	686
641	685
642	685
642	684
643	684
643	685
644	685
644	686
645	686
645	687
650	687
650	688
652	688
652	689
653	689
653	688
659	688
659	689
666	689
666	690
671	690
671	691
674	691
674	693
676	693
676	694
677	694
677	693
683	693
683	694
685	694
685	693
689	693
689	692
690	692
690	691
692	691
692	690
696	690
696	689
697	689
697	688
698	688
698	687
700	687
700	688
701	688
701	687
702	687
702	686
703	686
703	685
705	685
705	684
707	684
707	683
709	683
709	682
711	682
711	680
713	680
713	679
714	679
714	677
715	677
715	676
716	676
716	675
717	675
717	674
718	674
718	673
720	673
720	672
723	672
723	671
727	671
727	670
728	670
728	671
729	671
729	670
731	670
731	671
735	671
735	670
740	670
740	669
741	669
741	670
745	670
745	671
746	671
746	670
748	670
748	671
750	671
750	672
752	672
752	671
758	671
758	672
763	672
763	671
765	671
765	672
768	672
768	671
769	671
769	672
771	672
771	671
772	671
772	672
774	672
774	671
776	671
776	672
777	672
777	673
778	673
778	672
779	672
779	671
780	671
780	672
787	672
787	673
791	673
791	674
792	674
792	673
793	673
793	674
797	674
797	675
798	675
798	673
800	673
800	672
801	672
801	671
802	671
802	669
803	669
803	667
805	667
805	665
806	665
806	664
808	664
808	665
812	665
812	666
813	666
813	667
815	667
815	668
820	668
820	669
828	669
828	670
830	670
830	671
832	671
832	672
834	672
834	674
836	674
836	675
838	675
838	676
841	676
841	677
846	677
846	678
847	678
847	679
848	679
848	680
851	680
851	679
855	679
855	678
856	678
856	679
857	679
857	680
858	680
858	681
860	681
860	679
864	679
864	680
865	680
865	679
867	679
867	680
872	680
872	681
875	681
875	682
878	682
878	683
880	683
880	684
883	684
883	685
884	685
884	686
885	686
885	687
886	687
886	685
891	685
891	684
901	684
901	685
905	685
905	684
912	684
912	685
914	685
914	684
919	684
919	683
920	683
920	684
926	684
926	683
928	683
928	684
930	684
930	683
933	683
933	682
934	682
934	683
937	683
937	684
945	684
945	683
948	683
948	684
949	684
949	683
951	683
951	684
957	684
957	686
960	686
960	687
962	687
962	686
966	686
966	687
968	687
968	686
969	686
969	687
974	687
974	686
976	686
976	684
977	684
977	681
979	681
979	680
985	680
985	679
987	679
987	680
988	680
988	681
989	681
989	680
994	680
994	679
996	679
996	680
1003	680
1003	681
1005	681
1005	682
1006	682
1006	683
1015	683
1015	684
1017	684
1017	685
1018	685
1018	686
1019	686
1019	687
1020	687
1020	688
1022	688
1022	689
1025	689
1025	690
1026	690
1026	691
1027	691
1027	692
1028	692
1028	694
1029	694
1029	695
1030	695
1030	696
1031	696
1031	697
1032	697
1032	698
1033	698
1033	699
1034	699
1034	701
1035	701
1035	703
1036	703
1036	705
1037	705
1037	706
1039	706
1039	707
1040	707
1040	708
1041	708
1041	709
1044	709
1044	710
1069	710
1069	709
1070	709
1070	708
1071	708
1071	709
1075	709
1075	710
1076	710
1076	709
1080	709
1080	708
1082	708
1082	709
1083	709
1083	707
1084	707
1084	708
1090	708
1090	707
1092	707
1092	708
1098	708
1098	707
1105	707
1105	706
1106	706
1106	707
1111	707
1111	706
1112	706
1112	707
1114	707
1114	709
1116	709
1116	710
1118	710
1118	709
1119	709
1119	710
1122	710
1122	709
1123	709
1123	710
1135	710
1135	711
1141	711
1141	710
1143	710
1143	709
1145	709
1145	708
1146	708
1146	707
1148	707
1148	706
1150	706
1150	705
1151	705
1151	704
1152	704
1152	703
1153	703
1153	702
1155	702
1155	701
1158	701
1158	700
1164	700
1164	699
1165	699
1165	698
1170	698
1170	699
1172	699
1172	700
1173	700
1173	699
1174	699
1174	697
1175	697
1175	692
1174	692
1174	691
1173	691
1173	689
1172	689
1172	688
1171	688
1171	686
1170	686
1170	684
1169	684
1169	681
1168	681
1168	674
1169	674
1169	669
1170	669
1170	668
1171	668
1171	662
1170	662
1170	661
1171	661
1171	658
1172	658
1172	657
1174	657
1174	656
1177	656
1177	654
1178	654
1178	652
1179	652
1179	651
1180	651
1180	650
1181	650
1181	649
1182	649
1182	648
1183	648
1183	647
1184	647
1184	646
1186	646
1186	645
1187	645
1187	644
1189	644
1189	641
1190	641
1190	640
1191	640
1191	638
1192	638
1192	635
1193	635
1193	634
1194	634
1194	632
1196	632
1196	631
1197	631
1197	630
1205	630
1205	631
1209	631
1209	632
1210	632
1210	631
1214	631
1214	630
1216	630
1216	631
1218	631
1218	630
1222	630
1222	631
1226	631
1226	632
1229	632
1229	633
1230	633
1230	634
1244	634
1244	632
1245	632
1245	631
1246	631
1246	632
1248	632
1248	633
1252	633
1252	635
1253	635
1253	636
1252	636
1252	637
1253	637
1253	638
1254	638
1254	639
1257	639
1257	640
1259	640
1259	638
1262	638
1262	639
1263	639
1263	640
1267	640
1267	639
1270	639
1270	638
1271	638
1271	639
1274	639
1274	638
1278	638
1278	639
1279	639
1279	640
1282	640
1282	644
1285	644
1285	645
1287	645
1287	646
1288	646
1288	647
1289	647
1289	648
1291	648
1291	649
1293	649
1293	650
1294	650
1294	651
1298	651
1298	653
1300	653
1300	654
1302	654
1302	655
1304	655
1304	656
1307	656
1307	657
1309	657
1309	658
1311	658
1311	659
1314	659
1314	660
1315	660
1315	661
1318	661
1318	662
1319	662
1319	663
1323	663
1323	664
1325	664
1325	665
1327	665
1327	666
1330	666
1330	664
1332	664
1332	665
1336	665
1336	666
1337	666
1337	665
1338	665
1338	664
1341	664
1341	663
1342	663
1342	664
1344	664
1344	663
1358	663
1358	664
1360	664
1360	666
1362	666
1362	665
1364	665
1364	664
1365	664
1365	665
1368	665
1368	664
1370	664
1370	665
1372	665
1372	666
1374	666
1374	665
1377	665
1377	666
1384	666
1384	667
1386	667
1386	668
1389	668
1389	669
1391	669
1391	668
1394	668
1394	667
1396	667
1396	668
1405	668
1405	669
1407	669
1407	670
1408	670
1408	669
1410	669
1410	668
1414	668
1414	669
1417	669
1417	671
1418	671
1418	668
1419	668
1419	669
1421	669
1421	668
1428	668
1428	667
1435	667
1435	668
1438	668
1438	667
1439	667
1439	666
1438	666
1438	655
1437	655
1437	650
1438	650
1438	648
1437	648
1437	639
1438	639
1438	637
1439	637
1439	631
1440	631
1440	630
1441	630
1441	629
1443	629
1443	626
1444	626
1444	624
1445	624
1445	623
1446	623
1446	621
1448	621
1448	620
1449	620
1449	619
1450	619
1450	618
1451	618
1451	616
1452	616
1452	615
1454	615
1454	614
1456	614
1456	613
1460	613
1460	612
1461	612
1461	611
1462	611
1462	610
1465	610
1465	609
1466	609
1466	608
1467	608
1467	606
1468	606
1468	605
1469	605
1469	601
1470	601
1470	600
1471	600
1471	598
1472	598
1472	597
1473	597
1473	596
1474	596
1474	595
1475	595
1475	593
1479	593
1479	592
1482	592
1482	591
1483	591
1483	590
1484	590
1484	588
1486	588
1486	587
1490	587
1490	586
1492	586
1492	585
1493	585
1493	584
1496	584
1496	583
1497	583
1497	582
1503	582
1503	583
1504	583
1504	582
1505	582
1505	581
1509	581
1509	580
1510	580
1510	581
1519	581
1519	582
1521	582
1521	583
1523	583
1523	584
1527	584
1527	585
1529	585
1529	586
1531	586
1531	587
1534	587
1534	588
1535	588
1535	589
1538	589
1538	590
1539	590
1539	593
1540	593
1540	594
1541	594
1541	597
1543	597
1543	599
1544	599
1544	604
1545	604
1545	605
1546	605
1546	608
1547	608
1547	609
1548	609
1548	613
1550	613
1550	614
1551	614
1551	619
1552	619
1552	627
1553	627
1553	630
1552	630
1552	631
1553	631
1553	633
1555	633
1555	634
1554	634
1554	639
1555	639
1555	642
1554	642
1554	643
1555	643
1555	647
1556	647
1556	649
1557	649
1557	650
1558	650
1558	653
1560	653
1560	654
1561	654
1561	656
1562	656
1562	659
1564	659
1564	660
1565	660
1565	661
1566	661
1566	662
1567	662
1567	664
1568	664
1568	665
1569	665
1569	666
1571	666
1571	667
1572	667
1572	669
1573	669
1573	670
1574	670
1574	671
1577	671
1577	672
1578	672
1578	674
1580	674
1580	675
1582	675
1582	676
1583	676
1583	675
1586	675
1586	676
1591	676
1591	677
1593	677
1593	678
1595	678
1595	677
1597	677
1597	678
1599	678
1599	677
1600	677
1600	676
1601	676
1601	677
1603	677
1603	678
1607	678
1607	679
1608	679
1608	680
1609	680
1609	681
1610	681
1610	680
1620	680
1620	681
1622	681
1622	680
1624	680
1624	681
1630	681
1630	680
1632	680
1632	679
1633	679
1633	678
1634	678
1634	677
1636	677
1636	676
1638	676
1638	674
1640	674
1640	672
1642	672
1642	670
1643	670
1643	669
1644	669
1644	668
1646	668
1646	667
1648	667
1648	666
1650	666
1650	665
1652	665
1652	664
1653	664
1653	663
1655	663
1655	662
1658	662
1658	661
1659	661
1659	660
1660	660
1660	659
1661	659
1661	657
1662	657
1662	656
1663	656
1663	655
1664	655
1664	654
1665	654
1665	652
1666	652
1666	651
1667	651
1667	650
1668	650
1668	646
1669	646
1669	644
1670	644
1670	637
1671	637
1671	630
1672	630
1672	627
1673	627
1673	624
1674	624
1674	621
1675	621
1675	618
1676	618
1676	617
1677	617
1677	615
1678	615
1678	614
1679	614
1679	610
1680	610
1680	606
1681	606
1681	605
1682	605
1682	601
1683	601
1683	599
1684	599
1684	597
1685	597
1685	596
1686	596
1686	591
1687	591
1687	587
1688	587
1688	583
1689	583
1689	581
1688	581
1688	579
1687	579
1687	573
1688	573
1688	571
1689	571
1689	567
1690	567
1690	566
1691	566
1691	559
1692	559
1692	554
1693	554
1693	552
1694	552
1694	543
1695	543
1695	540
1696	540
1696	539
1695	539
1695	537
1696	537
1696	536
1697	536
1697	532
1698	532
1698	530
1699	530
1699	529
1700	529
1700	527
1701	527
1701	524
1703	524
1703	523
1706	523
1706	521
1708	521
1708	520
1710	520
1710	519
1711	519
1711	518
1712	518
1712	517
1714	517
1714	513
1716	513
1716	512
1717	512
1717	511
1718	511
1718	510
1719	510
1719	509
1720	509
1720	508
1722	508
1722	507
1726	507
1726	506
1732	506
1732	505
1734	505
1734	506
1736	506
1736	507
1739	507
1739	508
1740	508
1740	509
1746	509
1746	510
1751	510
1751	511
1752	511
1752	510
1754	510
1754	511
1755	511
1755	512
1757	512
1757	513
1759	513
1759	514
1761	514
1761	515
1763	515
1763	516
1765	516
1765	517
1766	517
1766	518
1767	518
1767	517
1770	517
1770	518
1771	518
1771	519
1775	519
1775	520
1777	520
1777	522
1779	522
1779	523
1780	523
1780	524
1781	524
1781	526
1783	526
1783	527
1784	527
1784	528
1785	528
1785	529
1786	529
1786	530
1788	530
1788	531
1789	531
1789	532
1790	532
1790	534
1791	534
1791	535
1794	535
1794	536
1795	536
1795	538
1796	538
1796	539
1797	539
1797	540
1798	540
1798	542
1799	542
1799	543
1800	543
1800	545
1802	545
1802	546
1803	546
1803	547
1804	547
1804	548
1806	548
1806	549
1812	549
1812	551
1813	551
1813	552
1814	552
1814	556
1818	556
1818	557
1820	557
1820	558
1821	558
1821	559
1822	559
1822	562
1823	562
1823	563
1824	563
1824	565
1825	565
1825	566
1827	566
1827	567
1828	567
1828	571
1831	571
1831	573
1835	573
1835	574
1837	574
1837	575
1838	575
1838	576
1839	576
1839	577
1840	577
1840	578
1841	578
1841	579
1842	579
1842	580
1844	580
1844	581
1845	581
1845	583
1846	583
1846	584
1848	584
1848	585
1850	585
1850	586
1851	586
1851	587
1854	587
1854	589
1855	589
1855	590
1857	590
1857	591
1858	591
1858	592
1860	592
1860	593
1862	593
1862	594
1863	594
1863	595
1864	595
1864	596
1865	596
1865	595
1875	595
1875	596
1876	596
1876	597
1880	597
1880	598
1898	598
1898	599
1906	599
1906	598
1907	598
1907	599
1908	599
1908	598
1910	598
1910	599
1911	599
1911	598
1914	598
1914	599
1915	599
1915	598
1918	598
1918	597
1922	597
1922	596
1923	596
1923	595
1924	595
1924	594
1925	594
1925	593
1926	593
1926	592
1929	592
1929	590
1930	590
1930	589
1933	589
1933	588
1934	588
1934	586
1935	586
1935	585
1936	585
1936	584
1938	584
1938	583
1940	583
1940	581
1941	581
1941	580
1942	580
1942	579
1943	579
1943	578
1944	578
1944	577
1945	577
1945	573
1946	573
1946	570
1947	570
1947	569
1948	569
1948	566
1949	566
1949	561
1950	561
1950	556
1951	556
1951	554
1952	554
1952	548
1953	548
1953	543
1952	543
1952	542
1953	542
1953	541
1952	541
1952	539
1953	539
1953	524
1954	524
1954	523
1953	523
1953	509
1952	509
1952	508
1953	508
1953	507
1952	507
1952	497
1953	497
1953	496
1954	496
1954	489
1955	489
1955	484
1956	484
1956	482
1957	482
1957	479
1958	479
1958	478
1959	478
1959	476
1960	476
1960	474
1961	474
1961	473
1962	473
1962	471
1963	471
1963	472
1965	472
1965	471
1966	471
1966	470
1969	470
1969	469
1970	469
1970	468
1972	468
1972	467
1974	467
1974	466
1976	466
1976	465
1978	465
1978	464
1979	464
1979	465
1981	465
1981	464
1982	464
1982	465
1984	465
1984	464
1985	464
1985	462
1986	462
1986	460
1987	460
1987	458
1988	458
1988	456
1989	456
1989	455
1990	455
1990	454
1991	454
1991	452
1992	452
1992	451
1994	451
1994	450
1995	450
1995	449
1996	449
1996	448
1997	448
1997	447
1999	447
1999	445
2000	445
2000	443
2001	443
2001	441
2002	441
2002	439
2005	439
2005	437
2006	437
2006	435
2008	435
2008	434
2009	434
2009	433
2010	433
2010	432
2011	432
2011	431
2013	431
2013	430
2014	430
2014	429
2018	429
2018	428
2019	428
2019	427
2021	427
2021	426
2023	426
2023	425
2024	425
2024	424
2025	424
2025	423
2027	423
2027	422
2026	422
2026	420
2027	420
2027	421
2028	421
2028	422
2029	422
2029	421
2033	421
2033	420
2035	420
2035	419
2037	419
2037	418
2039	418
2039	417
2040	417
2040	416
2043	416
2043	415
2044	415
2044	414
2046	414
2046	412
2051	412
2051	411
2052	411
2052	410
2054	410
2054	409
2056	409
2056	408
2058	408
2058	407
2060	407
2060	406
2062	406
2062	405
2064	405
2064	404
2065	404
2065	403
2069	403
2069	402
2071	402
2071	401
2073	401
2073	400
2075	400
2075	399
2076	399
2076	398
2078	398
2078	397
2079	397
2079	396
2084	396
2084	395
2085	395
2085	394
2086	394
2086	393
2088	393
2088	392
2090	392
2090	390
2091	390
2091	389
2093	389
2093	388
2095	388
2095	387
2096	387
2096	386
2097	386
2097	385
2098	385
2098	384
2100	384
2100	383
2101	383
2101	382
2102	382
2102	379
2103	379
2103	378
2104	378
2104	375
2105	375
2105	373
2106	373
2106	372
2107	372
2107	371
2108	371
2108	370
2110	370
2110	369
2112	369
2112	368
2113	368
2113	367
2116	367
2116	365
2117	365
2117	363
2118	363
2118	362
2119	362
2119	360
2120	360
2120	359
2122	359
2122	357
2123	357
2123	353
2125	353
2125	351
2126	351
2126	348
2128	348
2128	347
2129	347
2129	346
2131	346
2131	345
2133	345
2133	344
2134	344
2134	343
2136	343
2136	342
2137	342
2137	341
2138	341
2138	340
2140	340
2140	339
2141	339
2141	337
2142	337
2142	336
2143	336
2143	335
2145	335
2145	334
2146	334
2146	333
2147	333
2147	332
2149	332
2149	331
2150	331
2150	330
2151	330
2151	329
2153	329
2153	328
2154	328
2154	327
2155	327
2155	326
2156	326
2156	325
2157	325
2157	324
2158	324
2158	323
2159	323
2159	322
2160	322
2160	321
2161	321
2161	320
2162	320
2162	319
2163	319
2163	318
2164	318
2164	317
2166	317
2166	315
2168	315
2168	314
2169	314
2169	313
2171	313
2171	312
2172	312
2172	311
2174	311
2174	310
2175	310
2175	309
2176	309
2176	308
2177	308
2177	307
2178	307
2178	305
2180	305
2180	303
2182	303
2182	302
2183	302
2183	301
2184	301
2184	300
2185	300
2185	299
2186	299
2186	298
2187	298
2187	297
2188	297
2188	295
2190	295
2190	294
2191	294
2191	292
2192	292
2192	291
2193	291
2193	289
2194	289
2194	287
2195	287
2195	286
2196	286
2196	285
2198	285
2198	283
2199	283
2199	282
2200	282
2200	281
2201	281
2201	280
2202	280
2202	281
2203	281
2203	280
2204	280
2204	278
2205	278
2205	277
2206	277
2206	276
2207	276
2207	274
2208	274
2208	273
2209	273
2209	271
2210	271
2210	270
2211	270
2211	269
2212	269
2212	267
2213	267
2213	266
2214	266
2214	265
2215	265
2215	264
2216	264
2216	263
2217	263
2217	261
2219	261
2219	260
2220	260
2220	259
2222	259
2222	258
2224	258
2224	257
2225	257
2225	256
2227	256
2227	255
2230	255
2230	254
2231	254
2231	253
2233	253
2233	252
2234	252
2234	251
2236	251
2236	250
2238	250
2238	249
2241	249
2241	248
2243	248
2243	247
2246	247
2246	246
2249	246
2249	245
2250	245
2250	244
2254	244
2254	243
2255	243
2255	242
2258	242
2258	241
2262	241
2262	240
2266	240
2266	239
2269	239
2269	240
2271	240
2271	241
2274	241
2274	242
2277	242
2277	243
2278	243
2278	244
2282	244
2282	245
2286	245
2286	246
2287	246
2287	247
2288	247
2288	246
2289	246
2289	247
2294	247
2294	248
2295	248
2295	249
2296	249
2296	250
2298	250
2298	249
2299	249
2299	250
2301	250
2301	249
2306	249
2306	250
2310	250
2310	251
2320	251
2320	252
2322	252
2322	251
2326	251
2326	252
2340	252
2340	253
2350	253
2350	254
2355	254
2355	252
2356	252
2356	251
2357	251
2357	249
2358	249
2358	246
2360	246
2360	243
2361	243
2361	242
2362	242
2362	241
2363	241
2363	240
2364	240
2364	239
2365	239
2365	238
2367	238
2367	237
2368	237
2368	233
2370	233
2370	231
2372	231
2372	228
2374	228
2374	226
2375	226
2375	225
2376	225
2376	224
2377	224
2377	223
2378	223
2378	220
2379	220
2379	219
2380	219
2380	218
2382	218
2382	216
2383	216
2383	215
2384	215
2384	214
2385	214
2385	213
2386	213
2386	209
2388	209
2388	207
2390	207
2390	204
2391	204
2391	202
2392	202
2392	201
2393	201
2393	198
2394	198
2394	196
2395	196
2395	194
2396	194
2396	192
2397	192
2397	191
2398	191
2398	189
2399	189
2399	188
2398	188
2398	187
2399	187
2399	185
2400	185
2400	182
2401	182
2401	181
2402	181
2402	180
2403	180
2403	178
2404	178
2404	176
2405	176
2405	175
2406	175
2406	174
2407	174
2407	168
2408	168
2408	166
2409	166
2409	164
2410	164
2410	163
2411	163
2411	160
2412	160
2412	159
2413	159
2413	156
2414	156
2414	155
2415	155
2415	152
2416	152
2416	149
2417	149
2417	145
2418	145
2418	144
2419	144
2419	140
2420	140
2420	138
2421	138
2421	136
2422	136
2422	134
2423	134
2423	133
2425	133
2425	132
2424	132
2424	130
2425	130
2425	127
2426	127
2426	124
2427	124
2427	121
2429	121
2429	120
2430	120
2430	118
2431	118
2431	117
2433	117
2433	116
2434	116
2434	115
2435	115
2435	114
2438	114
2438	113
2440	113
2440	111
2441	111
2441	110
2442	110
2442	109
2445	109
2445	108
2449	108
2449	107
2456	107
2456	106
2461	106
2461	104
2462	104
2462	103
2465	103
2465	102
2466	102
2466	101
2468	101
2468	99
2469	99
2469	97
2470	97
2470	96
2471	96
2471	93
2472	93
2472	92
2473	92
2473	88
2472	88
2472	87
2473	87
2473	86
2472	86
2472	79
2471	79
2471	78
2470	78
2470	72
2469	72
2469	67
2468	67
2468	63
2467	63
2467	61
2468	61
2468	58
2470	58
2470	57
2471	57
2471	56
2473	56
2473	58
2474	58
2474	59
2475	59
2475	60
2478	60
2478	62
2476	62
2476	72
2477	72
2477	73
2478	73
2478	74
2477	74
2477	75
2478	75
2478	81
2479	81
2479	87
2480	87
2480	92
2479	92
2479	98
2478	98
2478	100
2477	100
2477	101
2476	101
2476	103
2475	103
2475	104
2474	104
2474	106
2472	106
2472	107
2470	107
2470	109
2468	109
2468	110
2466	110
2466	111
2465	111
2465	113
2461	113
2461	114
2460	114
2460	113
2459	113
2459	114
2457	114
2457	115
2455	115
2455	116
2454	116
2454	115
2452	115
2452	116
2450	116
2450	117
2445	117
2445	118
2444	118
2444	119
2443	119
2443	120
2442	120
2442	121
2441	121
2441	122
2439	122
2439	123
2437	123
2437	125
2436	125
2436	126
2435	126
2435	127
2434	127
2434	129
2433	129
2433	130
2432	130
2432	132
2431	132
2431	134
2430	134
2430	135
2429	135
2429	137
2428	137
2428	141
2426	141
2426	142
2425	142
2425	145
2424	145
2424	151
2423	151
2423	155
2422	155
2422	158
2421	158
2421	160
2420	160
2420	161
2419	161
2419	165
2418	165
2418	166
2417	166
2417	170
2416	170
2416	171
2415	171
2415	172
2414	172
2414	174
2413	174
2413	177
2412	177
2412	179
2411	179
2411	182
2410	182
2410	183
2409	183
2409	184
2408	184
2408	186
2407	186
2407	188
2406	188
2406	191
2405	191
2405	193
2404	193
2404	195
2403	195
2403	197
2402	197
2402	198
2401	198
2401	200
2400	200
2400	202
2399	202
2399	204
2398	204
2398	205
2397	205
2397	207
2396	207
2396	210
2395	210
2395	211
2394	211
2394	213
2393	213
2393	214
2392	214
2392	216
2391	216
2391	217
2390	217
2390	218
2389	218
2389	220
2388	220
2388	221
2387	221
2387	222
2385	222
2385	223
2386	223
2386	224
2385	224
2385	225
2384	225
2384	226
2383	226
2383	227
2382	227
2382	230
2381	230
2381	231
2380	231
2380	232
2379	232
2379	234
2378	234
2378	236
2376	236
2376	239
2374	239
2374	241
2373	241
2373	242
2372	242
2372	244
2371	244
2371	245
2370	245
2370	246
2368	246
2368	247
2367	247
2367	248
2366	248
2366	249
2365	249
2365	250
2364	250
2364	253
2363	253
2363	256
2362	256
2362	258
2361	258
2361	259
2360	259
2360	261
2346	261
2346	260
2341	260
2341	261
2339	261
2339	260
2329	260
2329	259
2324	259
2324	260
2323	260
2323	259
2315	259
2315	258
2311	258
2311	257
2300	257
2300	256
2294	256
2294	255
2292	255
2292	254
2291	254
2291	255
2287	255
2287	254
2285	254
2285	253
2281	253
2281	252
2280	252
2280	251
2278	251
2278	250
2277	250
2277	249
2272	249
2272	248
2268	248
2268	247
2266	247
2266	248
2264	248
2264	249
2259	249
2259	250
2257	250
2257	251
2254	251
2254	252
2252	252
2252	253
2248	253
2248	254
2245	254
2245	255
2244	255
2244	256
2242	256
2242	257
2240	257
2240	258
2238	258
2238	259
2237	259
2237	260
2235	260
2235	261
2231	261
2231	262
2229	262
2229	263
2228	263
2228	264
2225	264
2225	265
2224	265
2224	267
2223	267
2223	268
2221	268
2221	269
2220	269
2220	270
2219	270
2219	272
2218	272
2218	273
2217	273
2217	275
2216	275
2216	276
2215	276
2215	277
2214	277
2214	279
2213	279
2213	280
2212	280
2212	282
2211	282
2211	283
2210	283
2210	284
2209	284
2209	285
2208	285
2208	286
2207	286
2207	288
2205	288
2205	289
2204	289
2204	290
2203	290
2203	291
2202	291
2202	292
2201	292
2201	293
2199	293
2199	294
2198	294
2198	297
2197	297
2197	299
2196	299
2196	301
2194	301
2194	303
2193	303
2193	304
2192	304
2192	305
2190	305
2190	306
2189	306
2189	307
2188	307
2188	308
2187	308
2187	309
2186	309
2186	310
2185	310
2185	311
2184	311
2184	312
2183	312
2183	313
2182	313
2182	314
2180	314
2180	316
2179	316
2179	317
2177	317
2177	318
2176	318
2176	319
2174	319
2174	320
2173	320
2173	321
2171	321
2171	322
2170	322
2170	324
2169	324
2169	325
2167	325
2167	326
2166	326
2166	327
2165	327
2165	328
2164	328
2164	329
2162	329
2162	330
2161	330
2161	331
2160	331
2160	332
2159	332
2159	333
2158	333
2158	334
2157	334
2157	335
2155	335
2155	337
2152	337
2152	338
2151	338
2151	339
2150	339
2150	340
2149	340
2149	341
2148	341
2148	343
2147	343
2147	344
2145	344
2145	345
2144	345
2144	346
2143	346
2143	347
2142	347
2142	348
2141	348
2141	349
2140	349
2140	350
2138	350
2138	351
2135	351
2135	352
2134	352
2134	353
2133	353
2133	354
2132	354
2132	356
2131	356
2131	358
2130	358
2130	359
2129	359
2129	361
2128	361
2128	362
2127	362
2127	364
2126	364
2126	365
2125	365
2125	366
2124	366
2124	368
2123	368
2123	370
2122	370
2122	371
2120	371
2120	374
2118	374
2118	375
2116	375
2116	376
2114	376
2114	377
2113	377
2113	378
2112	378
2112	380
2111	380
2111	381
2110	381
2110	383
2109	383
2109	384
2108	384
2108	386
2107	386
2107	389
2106	389
2106	390
2105	390
2105	391
2104	391
2104	392
2101	392
2101	393
2100	393
2100	394
2099	394
2099	395
2097	395
2097	396
2096	396
2096	397
2095	397
2095	398
2094	398
2094	399
2092	399
2092	400
2091	400
2091	401
2090	401
2090	402
2088	402
2088	403
2086	403
2086	402
2084	402
2084	404
2083	404
2083	405
2081	405
2081	406
2079	406
2079	407
2078	407
2078	408
2074	408
2074	409
2072	409
2072	410
2071	410
2071	411
2068	411
2068	412
2066	412
2066	413
2064	413
2064	414
2063	414
2063	415
2059	415
2059	416
2057	416
2057	417
2055	417
2055	418
2054	418
2054	419
2050	419
2050	421
2048	421
2048	422
2047	422
2047	423
2046	423
2046	424
2045	424
2045	426
2044	426
2044	424
2042	424
2042	425
2039	425
2039	427
2036	427
2036	428
2034	428
2034	429
2032	429
2032	430
2030	430
2030	433
2028	433
2028	432
2026	432
2026	433
2024	433
2024	434
2022	434
2022	435
2021	435
2021	436
2019	436
2019	437
2018	437
2018	438
2015	438
2015	439
2013	439
2013	440
2012	440
2012	441
2011	441
2011	442
2010	442
2010	443
2009	443
2009	445
2008	445
2008	446
2007	446
2007	448
2006	448
2006	449
2005	449
2005	451
2004	451
2004	452
2003	452
2003	454
2001	454
2001	456
1999	456
1999	457
1998	457
1998	458
1997	458
1997	460
1996	460
1996	461
1995	461
1995	462
1994	462
1994	463
1993	463
1993	467
1992	467
1992	468
1991	468
1991	470
1990	470
1990	472
1989	472
1989	473
1988	473
1988	475
1986	475
1986	474
1982	474
1982	473
1979	473
1979	474
1978	474
1978	475
1975	475
1975	476
1974	476
1974	477
1972	477
1972	478
1969	478
1969	479
1967	479
1967	480
1966	480
1966	482
1965	482
1965	483
1964	483
1964	487
1963	487
1963	488
1962	488
1962	495
1961	495
1961	499
1960	499
1960	503
1959	503
1959	507
1960	507
1960	520
1961	520
1961	523
1960	523
1960	526
1961	526
1961	527
1960	527
1960	534
1959	534
1959	535
1960	535
1960	549
1959	549
1959	557
1958	557
1958	560
1957	560
1957	562
1956	562
1956	568
1955	568
1955	571
1954	571
1954	573
1953	573
1953	576
1952	576
1952	579
1951	579
1951	581
1950	581
1950	582
1949	582
1949	584
1948	584
1948	586
1946	586
1946	587
1944	587
1944	588
1943	588
1943	590
1942	590
1942	592
1940	592
1940	593
1939	593
1939	595
1935	595
1935	596
1934	596
1934	597
1933	597
1933	598
1931	598
1931	599
1930	599
1930	600
1929	600
1929	602
1928	602
1928	603
1926	603
1926	604
1922	604
1922	605
1921	605
1921	606
1918	606
1918	605
1917	605
1917	606
1913	606
1913	607
1896	607
1896	606
1894	606
1894	607
1891	607
1891	606
1882	606
1882	605
1876	605
1876	604
1866	604
1866	603
1863	603
1863	602
1861	602
1861	600
1859	600
1859	599
1856	599
1856	598
1855	598
1855	597
1854	597
1854	596
1853	596
1853	595
1852	595
1852	594
1851	594
1851	593
1850	593
1850	592
1848	592
1848	591
1847	591
1847	590
1846	590
1846	589
1844	589
1844	588
1843	588
1843	587
1842	587
1842	586
1841	586
1841	585
1838	585
1838	583
1835	583
1835	581
1834	581
1834	580
1832	580
1832	579
1830	579
1830	578
1828	578
1828	577
1827	577
1827	576
1826	576
1826	575
1824	575
1824	574
1823	574
1823	572
1822	572
1822	570
1820	570
1820	568
1819	568
1819	566
1818	566
1818	565
1817	565
1817	563
1816	563
1816	561
1814	561
1814	560
1813	560
1813	559
1809	559
1809	558
1808	558
1808	557
1802	557
1802	556
1801	556
1801	555
1800	555
1800	554
1799	554
1799	553
1798	553
1798	552
1797	552
1797	551
1796	551
1796	550
1795	550
1795	549
1794	549
1794	547
1793	547
1793	545
1791	545
1791	544
1790	544
1790	543
1789	543
1789	542
1788	542
1788	541
1787	541
1787	540
1786	540
1786	539
1785	539
1785	538
1783	538
1783	537
1782	537
1782	535
1780	535
1780	534
1779	534
1779	533
1778	533
1778	532
1777	532
1777	530
1776	530
1776	529
1774	529
1774	528
1773	528
1773	527
1771	527
1771	526
1766	526
1766	525
1763	525
1763	524
1762	524
1762	523
1761	523
1761	522
1760	522
1760	521
1758	521
1758	519
1755	519
1755	520
1754	520
1754	521
1752	521
1752	520
1748	520
1748	519
1744	519
1744	518
1740	518
1740	517
1738	517
1738	516
1735	516
1735	515
1734	515
1734	514
1728	514
1728	515
1727	515
1727	514
1726	514
1726	515
1724	515
1724	516
1722	516
1722	517
1721	517
1721	518
1720	518
1720	519
1719	519
1719	520
1718	520
1718	522
1717	522
1717	523
1716	523
1716	524
1714	524
1714	527
1713	527
1713	528
1712	528
1712	529
1710	529
1710	530
1707	530
1707	531
1706	531
1706	532
1705	532
1705	535
1704	535
1704	537
1703	537
1703	538
1702	538
1702	546
1701	546
1701	552
1700	552
1700	554
1699	554
1699	555
1700	555
1700	557
1699	557
1699	561
1698	561
1698	565
1696	565
1696	566
1697	566
1697	568
1696	568
1696	571
1695	571
1695	586
1694	586
1694	590
1695	590
1695	593
1694	593
1694	597
1693	597
1693	598
1692	598
1692	600
1691	600
1691	602
1690	602
1690	604
1689	604
1689	605
1688	605
1688	607
1687	607
1687	609
1686	609
1686	612
1685	612
1685	616
1684	616
1684	619
1683	619
1683	621
1682	621
1682	624
1680	624
1680	626
1681	626
1681	627
1680	627
1680	631
1679	631
1679	632
1678	632
1678	637
1677	637
1677	640
1676	640
1676	641
1677	641
1677	642
1676	642
1676	645
1675	645
1675	646
1676	646
1676	648
1675	648
1675	651
1674	651
1674	655
1673	655
1673	657
1672	657
1672	659
1671	659
1671	660
1670	660
1670	661
1668	661
1668	662
1667	662
1667	665
1665	665
1665	666
1664	666
1664	667
1663	667
1663	668
1661	668
1661	669
1660	669
1660	670
1659	670
1659	671
1656	671
1656	672
1654	672
1654	673
1652	673
1652	674
1649	674
1649	675
1648	675
1648	676
1647	676
1647	678
1646	678
1646	679
1645	679
1645	680
1644	680
1644	681
1642	681
1642	682
1641	682
1641	683
1640	683
1640	684
1639	684
1639	685
1636	685
1636	686
1635	686
1635	687
1632	687
1632	688
1630	688
1630	689
1624	689
1624	688
1621	688
1621	689
1618	689
1618	688
1614	688
1614	687
1609	687
1609	686
1604	686
1604	687
1603	687
1603	686
1596	686
1596	685
1595	685
1595	684
1590	684
1590	683
1586	683
1586	684
1584	684
1584	683
1580	683
1580	682
1578	682
1578	680
1576	680
1576	679
1575	679
1575	678
1574	678
1574	677
1573	677
1573	676
1571	676
1571	675
1569	675
1569	674
1567	674
1567	673
1566	673
1566	672
1565	672
1565	671
1564	671
1564	670
1563	670
1563	669
1562	669
1562	668
1561	668
1561	666
1560	666
1560	665
1558	665
1558	663
1557	663
1557	662
1556	662
1556	661
1555	661
1555	659
1554	659
1554	657
1553	657
1553	655
1552	655
1552	653
1551	653
1551	650
1550	650
1550	640
1549	640
1549	637
1548	637
1548	631
1547	631
1547	627
1546	627
1546	624
1545	624
1545	617
1544	617
1544	615
1543	615
1543	613
1542	613
1542	612
1541	612
1541	611
1540	611
1540	607
1539	607
1539	603
1537	603
1537	599
1536	599
1536	598
1534	598
1534	596
1533	596
1533	595
1532	595
1532	594
1531	594
1531	595
1530	595
1530	594
1528	594
1528	593
1526	593
1526	592
1524	592
1524	591
1522	591
1522	590
1515	590
1515	589
1507	589
1507	590
1503	590
1503	589
1501	589
1501	590
1500	590
1500	591
1497	591
1497	592
1496	592
1496	593
1495	593
1495	594
1494	594
1494	595
1491	595
1491	596
1488	596
1488	597
1485	597
1485	599
1483	599
1483	600
1482	600
1482	601
1479	601
1479	603
1477	603
1477	604
1476	604
1476	605
1475	605
1475	607
1474	607
1474	608
1473	608
1473	610
1474	610
1474	611
1473	611
1473	612
1472	612
1472	615
1471	615
1471	617
1466	617
1466	618
1465	618
1465	619
1463	619
1463	620
1461	620
1461	621
1459	621
1459	622
1456	622
1456	623
1455	623
1455	624
1454	624
1454	625
1452	625
1452	627
1451	627
1451	629
1449	629
1449	630
1448	630
1448	632
1447	632
1447	633
1446	633
1446	637
1445	637
1445	640
1444	640
1444	648
1443	648
1443	650
1444	650
1444	655
1445	655
1445	657
1444	657
1444	660
1445	660
1445	662
1446	662
1446	663
1445	663
1445	673
1444	673
1444	674
1443	674
1443	675
1439	675
1439	676
1438	676
1438	675
1436	675
1436	676
1435	676
1435	675
1432	675
1432	676
1420	676
1420	677
1418	677
1418	676
1414	676
1414	677
1406	677
1406	676
1404	676
1404	677
1403	677
1403	676
1401	676
1401	677
1398	677
1398	676
1395	676
1395	675
1392	675
1392	674
1391	674
1391	675
1389	675
1389	674
1383	674
1383	673
1382	673
1382	674
1372	674
1372	673
1371	673
1371	674
1367	674
1367	673
1363	673
1363	672
1340	672
1340	673
1338	673
1338	672
1334	672
1334	671
1333	671
1333	672
1330	672
1330	671
1327	671
1327	670
1325	670
1325	669
1324	669
1324	668
1322	668
1322	667
1319	667
1319	666
1318	666
1318	665
1317	665
1317	666
1316	666
1316	665
1315	665
1315	664
1313	664
1313	663
1310	663
1310	662
1308	662
1308	661
1306	661
1306	660
1304	660
1304	658
1303	658
1303	659
1302	659
1302	658
1299	658
1299	657
1297	657
1297	656
1295	656
1295	655
1293	655
1293	654
1291	654
1291	653
1290	653
1290	652
1289	652
1289	651
1286	651
1286	650
1285	650
1285	649
1284	649
1284	648
1280	648
1280	647
1275	647
1275	646
1266	646
1266	645
1256	645
1256	644
1254	644
1254	642
1246	642
1246	643
1244	643
1244	642
1243	642
1243	643
1242	643
1242	642
1234	642
1234	641
1231	641
1231	640
1227	640
1227	639
1224	639
1224	638
1211	638
1211	637
1202	637
1202	638
1201	638
1201	639
1200	639
1200	640
1198	640
1198	643
1197	643
1197	644
1196	644
1196	646
1194	646
1194	647
1193	647
1193	649
1192	649
1192	651
1190	651
1190	652
1187	652
1187	653
1186	653
1186	654
1185	654
1185	656
1184	656
1184	659
1183	659
1183	662
1182	662
1182	663
1180	663
1180	664
1179	664
1179	665
1178	665
1178	668
1177	668
1177	670
1176	670
1176	676
1175	676
1175	680
1176	680
1176	682
1177	682
1177	685
1179	685
1179	687
1180	687
1180	688
1179	688
1179	690
1181	690
1181	693
1182	693
1182	698
1183	698
1183	700
1181	700
1181	702
1180	702
1180	703
1178	703
1178	704
1175	704
1175	705
1174	705
1174	704
1168	704
1168	705
1163	705
1163	706
1162	706
1162	707
1160	707
1160	708
1158	708
1158	709
1157	709
1157	710
1156	710
1156	711
1155	711
1155	712
1153	712
1153	713
1152	713
1152	715
1149	715
1149	718
1148	718
1148	719
1147	719
1147	720
1145	720
1145	721
1144	721
1144	720
1142	720
1142	719
1141	719
1141	716
1138	716
1138	715
1136	715
1136	714
1131	714
1131	715
1130	715
1130	714
1124	714
1124	713
1122	713
1122	714
1120	714
1120	713
1118	713
1118	714
1116	714
1116	713
1114	713
1114	712
1112	712
1112	711
1110	711
1110	712
1108	712
1108	711
1102	711
1102	712
1086	712
1086	713
1075	713
1075	714
1074	714
1074	715
1072	715
1072	717
1065	717
1065	718
1056	718
1056	717
1054	717
1054	718
1047	718
1047	717
1043	717
1043	716
1039	716
1039	715
1037	715
1037	714
1036	714
1036	713
1035	713
1035	712
1033	712
1033	711
1032	711
1032	709
1031	709
1031	707
1030	707
1030	705
1029	705
1029	703
1028	703
1028	701
1027	701
1027	699
1026	699
1026	698
1025	698
1025	697
1024	697
1024	695
1023	695
1023	694
1022	694
1022	693
1020	693
1020	692
1019	692
1019	691
1016	691
1016	690
1013	690
1013	691
1012	691
1012	690
1009	690
1009	689
1006	689
1006	688
991	688
991	687
989	687
989	688
986	688
986	689
985	689
985	688
982	688
982	689
981	689
981	690
980	690
980	691
979	691
979	692
978	692
978	695
968	695
968	694
967	694
967	695
966	695
966	694
960	694
960	693
957	693
957	692
954	692
954	691
937	691
937	690
933	690
933	691
923	691
923	692
919	692
919	693
916	693
916	692
908	692
908	693
901	693
901	692
899	692
899	693
897	693
897	692
896	692
896	693
894	693
894	692
892	692
892	693
886	693
886	692
885	692
885	693
880	693
880	692
878	692
878	691
876	691
876	690
874	690
874	689
873	689
873	688
867	688
867	687
864	687
864	686
862	686
862	687
859	687
859	686
858	686
858	687
855	687
855	686
851	686
851	687
850	687
850	686
845	686
845	685
843	685
843	684
842	684
842	685
839	685
839	684
835	684
835	682
833	682
833	681
831	681
831	680
828	680
828	679
826	679
826	678
825	678
825	677
817	677
817	676
815	676
815	675
814	675
814	674
812	674
812	673
808	673
808	674
807	674
807	676
806	676
806	678
803	678
803	679
802	679
802	680
801	680
801	682
793	682
793	681
786	681
786	680
784	680
784	681
781	681
781	680
777	680
777	679
769	679
769	680
758	680
758	679
749	679
749	678
748	678
748	679
744	679
744	678
737	678
737	679
734	679
734	678
725	678
725	679
724	679
724	680
723	680
723	681
720	681
720	683
718	683
718	684
717	684
717	685
716	685
716	686
715	686
715	687
714	687
714	688
713	688
713	690
711	690
711	691
708	691
708	692
707	692
707	693
705	693
705	694
704	694
704	695
702	695
702	696
698	696
698	697
696	697
696	698
694	698
694	699
693	699
693	700
689	700
689	701
688	701
688	702
676	702
676	701
674	701
674	700
673	700
673	699
669	699
669	698
667	698
667	699
666	699
666	698
664	698
664	697
661	697
661	696
654	696
654	695
651	695
651	694
647	694
647	695
646	695
646	694
645	694
645	693
644	693
644	694
636	694
636	695
633	695
633	694
627	694
627	695
626	695
626	697
623	697
623	699
621	699
621	700
620	700
620	701
619	701
619	702
618	702
618	703
617	703
617	704
614	704
614	705
613	705
613	704
611	704
611	703
607	703
607	702
605	702
605	703
602	703
602	702
597	702
597	701
593	701
593	700
592	700
592	701
574	701
574	700
563	700
563	701
558	701
558	702
557	702
557	703
554	703
554	704
551	704
551	705
547	705
547	704
542	704
542	703
530	703
530	702
528	702
528	701
524	701
524	702
518	702
518	701
512	701
512	700
506	700
506	699
503	699
503	698
496	698
496	699
494	699
494	701
493	701
493	702
492	702
492	703
491	703
491	702
488	702
488	700
487	700
487	697
488	697
488	695
487	695
487	692
486	692
486	688
485	688
485	682
484	682
484	673
483	673
483	672
484	672
484	668
483	668
483	663
482	663
482	659
481	659
481	655
480	655
480	651
479	651
479	646
478	646
478	641
477	641
477	639
476	639
476	636
475	636
475	629
474	629
474	628
475	628
475	617
476	617
476	611
477	611
477	605
478	605
478	602
479	602
479	599
478	599
478	597
479	597
479	574
480	574
480	552
479	552
479	551
480	551
480	546
479	546
479	544
478	544
478	542
477	542
477	541
476	541
476	539
475	539
475	538
474	538
474	536
473	536
473	533
472	533
472	530
471	530
471	527
470	527
470	526
466	526
466	525
460	525
460	524
458	524
458	523
455	523
455	524
454	524
454	523
453	523
453	524
452	524
452	523
451	523
451	524
448	524
448	525
447	525
447	524
443	524
443	523
441	523
441	524
439	524
439	523
436	523
436	522
431	522
431	523
430	523
430	522
426	522
426	521
424	521
424	520
423	520
423	518
422	518
422	517
421	517
421	516
420	516
420	514
419	514
419	509
418	509
418	508
417	508
417	505
416	505
416	500
415	500
415	497
414	497
414	496
413	496
413	495
412	495
412	492
411	492
411	491
410	491
410	490
409	490
409	489
408	489
408	487
407	487
407	484
406	484
406	483
404	483
404	482
403	482
403	481
402	481
402	480
401	480
401	479
400	479
400	478
399	478
399	477
398	477
398	476
397	476
397	475
396	475
396	476
391	476
391	475
383	475
383	476
382	476
382	475
380	475
380	473
379	473
379	471
378	471
378	470
377	470
377	468
376	468
376	467
375	467
375	466
374	466
374	464
373	464
373	463
372	463
372	462
370	462
370	460
369	460
369	459
368	459
368	457
366	457
366	456
364	456
364	455
363	455
363	454
362	454
362	451
361	451
361	450
360	450
360	449
357	449
357	448
350	448
350	447
348	447
348	446
347	446
347	445
346	445
346	442
345	442
345	441
344	441
344	440
343	440
343	438
342	438
342	435
341	435
341	434
340	434
340	433
339	433
339	429
337	429
337	427
336	427
336	426
335	426
335	424
334	424
334	422
333	422
333	421
332	421
332	420
333	420
333	419
332	419
332	418
331	418
331	416
330	416
330	415
329	415
329	413
328	413
328	412
327	412
327	409
326	409
326	407
325	407
325	406
324	406
324	405
323	405
323	402
322	402
322	397
320	397
320	395
319	395
319	393
318	393
318	391
317	391
317	390
316	390
316	383
315	383
315	375
314	375
314	371
313	371
313	369
312	369
312	363
311	363
311	360
310	360
310	356
309	356
309	354
308	354
308	353
307	353
307	352
306	352
306	351
304	351
304	350
303	350
303	349
302	349
302	348
300	348
300	347
299	347
299	346
298	346
298	344
296	344
296	342
290	342
290	343
289	343
289	342
281	342
281	341
280	341
280	342
279	342
279	341
276	341
276	340
275	340
275	339
274	339
274	338
273	338
273	337
272	337
272	335
271	335
271	334
270	334
270	333
269	333
269	332
268	332
268	331
267	331
267	330
266	330
266	329
264	329
264	328
263	328
263	327
262	327
262	326
257	326
257	327
251	327
251	328
250	328
250	329
249	329
249	330
248	330
248	329
244	329
244	330
242	330
242	331
240	331
240	332
239	332
239	333
238	333
238	334
237	334
237	335
236	335
236	337
235	337
235	338
234	338
234	339
233	339
233	340
231	340
231	341
230	341
230	343
229	343
229	344
226	344
226	345
225	345
225	346
224	346
224	347
222	347
222	348
220	348
220	349
218	349
218	350
217	350
217	351
215	351
215	352
214	352
214	353
212	353
212	354
211	354
211	355
208	355
208	356
206	356
206	357
203	357
203	358
202	358
202	359
199	359
199	360
197	360
197	361
192	361
192	362
188	362
188	361
175	361
175	360
172	360
172	359
168	359
168	358
163	358
163	357
162	357
162	354
161	354
161	353
160	353
160	350
159	350
159	349
158	349
158	346
159	346
159	345
158	345
158	344
157	344
157	343
156	343
156	342
155	342
155	341
154	341
154	338
153	338
153	337
152	337
152	335
150	335
150	334
149	334
149	333
148	333
148	332
146	332
146	331
145	331
145	329
144	329
144	328
143	328
143	327
142	327
142	325
140	325
140	324
135	324
135	323
127	323
127	322
126	322
126	321
125	321
125	318
124	318
124	317
123	317
123	313
122	313
122	312
121	312
121	310
120	310
120	309
119	309
119	308
118	308
118	305
117	305
117	304
116	304
116	303
115	303
115	302
114	302
114	301
113	301
113	299
112	299
112	296
111	296
111	295
110	295
110	293
109	293
109	289
108	289
108	286
107	286
107	282
106	282
106	280
105	280
105	279
104	279
104	277
103	277
103	275
102	275
102	273
99	273
99	272
95	272
95	273
88	273
88	272
87	272
87	273
85	273
85	272
84	272
84	270
83	270
83	267
82	267
82	264
81	264
81	262
80	262
80	259
79	259
79	254
78	254
78	245
77	245
77	242
76	242
76	236
75	236
75	229
74	229
74	228
75	228
75	200
74	200
74	191
75	191
75	180
74	180
74	178
75	178
75	174
74	174
74	172
73	172
73	169
72	169
72	165
71	165
71	163
70	163
70	160
69	160
69	159
68	159
68	156
67	156
67	154
66	154
66	153
65	153
65	150
64	150
64	149
60	149
60	150
59	150
59	149
52	149
52	148
48	148
48	147
46	147
46	146
45	146
45	145
44	145
44	144
43	144
43	143
41	143
41	142
40	142
40	141
39	141
39	140
38	140
38	139
37	139
37	137
36	137
36	136
35	136
35	135
33	135
33	134
32	134
32	133
31	133
31	132
29	132
29	131
27	131
27	130
26	130
26	129
25	129
25	128
23	128
23	127
22	127
22	126
20	126
20	124
19	124
19	122
20	122
20	121
22	121
22	119
24	119
24	118
28	118
28	120
27	120
27	122
28	122
28	123
30	123
30	124
31	124
31	125
33	125
33	126
34	126
34	127
36	127
36	128
37	128
37	129
38	129
38	130
40	130
40	131
41	131
41	132
42	132
42	133
43	133
43	134
44	134
44	135
45	135
45	136
46	136
46	137
47	137
47	138
48	138
48	139
49	139
49	140
51	140
51	141
54	141
54	142
55	142
55	141
58	141
58	142
64	142
64	143
65	143
65	142
67	142
67	143
69	143
69	144
70	144
70	145
71	145
71	147
72	147
72	149
73	149
73	151
74	151
74	152
75	152
75	156
76	156
76	158
77	158
77	160
78	160
78	164
80	164
80	166
81	166
81	171
82	171
82	174
83	174
83	181
82	181
82	183
83	183
83	193
82	193
82	207
83	207
83	236
84	236
84	239
85	239
85	249
86	249
86	254
87	254
87	259
88	259
88	262
89	262
89	263
90	263
90	264
92	264
92	265
98	265
98	264
99	264
99	265
104	265
104	266
106	266
106	268
107	268
107	269
108	269
108	270
109	270
109	272
110	272
110	273
111	273
111	275
112	275
112	277
113	277
113	279
114	279
114	282
115	282
115	284
116	284
116	287
117	287
117	289
118	289
118	291
119	291
119	295
121	295
121	297
122	297
122	298
123	298
123	300
124	300
124	302
126	302
126	305
127	305
127	306
128	306
128	309
129	309
129	311
130	311
130	312
131	312
131	314
132	314
132	316
142	316
142	317
144	317
144	318
145	318
145	319
146	319
146	320
147	320
147	321
148	321
148	322
149	322
149	323
150	323
150	324
152	324
152	325
154	325
154	327
156	327
156	328
157	328
157	329
158	329
158	331
159	331
159	332
160	332
160	333
161	333
161	335
162	335
162	338
163	338
163	340
164	340
164	341
165	341
165	343
166	343
166	347
167	347
167	348
168	348
168	350
169	350
169	351
175	351
175	352
176	352
176	353
180	353
180	354
195	354
195	353
198	353
198	352
200	352
200	351
203	351
203	350
206	350
206	349
207	349
207	348
209	348
209	347
210	347
210	346
212	346
212	345
214	345
214	344
215	344
215	343
217	343
217	342
220	342
220	341
221	341
221	340
223	340
223	339
224	339
224	338
225	338
225	337
226	337
226	336
227	336
227	335
228	335
228	333
230	333
230	331
231	331
231	329
232	329
232	328
233	328
233	327
234	327
234	326
236	326
236	324
238	324
238	323
240	323
240	322
242	322
242	321
244	321
244	322
246	322
246	321
248	321
248	320
251	320
251	319
252	319
252	318
254	318
254	319
257	319
257	318
258	318
258	317
261	317
261	318
263	318
263	317
264	317
264	318
266	318
266	319
267	319
267	320
269	320
269	321
270	321
270	323
271	323
271	324
272	324
272	325
274	325
274	326
275	326
275	327
276	327
276	328
277	328
277	329
278	329
278	331
279	331
279	332
280	332
280	333
281	333
281	334
294	334
294	335
296	335
296	334
298	334
298	335
301	335
301	336
303	336
303	337
304	337
304	339
305	339
305	340
307	340
307	342
308	342
308	343
310	343
310	344
312	344
312	345
313	345
313	347
314	347
314	348
315	348
315	349
316	349
316	352
317	352
317	356
318	356
318	362
319	362
319	367
320	367
320	368
321	368
321	371
322	371
322	374
323	374
323	379
324	379
324	386
325	386
325	390
326	390
326	391
327	391
327	393
328	393
328	396
329	396
329	399
330	399
330	401
332	401
332	403
333	403
333	405
334	405
334	406
333	406
333	407
334	407
334	408
335	408
335	409
336	409
336	410
337	410
337	413
338	413
338	415
339	415
339	416
340	416
340	420
341	420
341	421
342	421
342	423
341	423
341	425
342	425
342	426
345	426
345	428
347	428
347	432
348	432
348	433
350	433
350	435
351	435
351	438
352	438
352	439
358	439
358	440
361	440
361	441
362	441
362	442
363	442
363	443
364	443
364	444
365	444
365	445
366	445
366	447
368	447
368	448
371	448
371	449
372	449
372	450
373	450
373	451
374	451
374	453
375	453
375	454
376	454
376	455
377	455
377	456
378	456
378	457
379	457
379	458
380	458
380	461
381	461
381	462
382	462
382	463
384	463
384	465
385	465
385	466
386	466
386	467
390	467
390	468
392	468
392	467
393	467
393	468
395	468
395	467
400	467
400	466
401	466
401	467
403	467
403	468
404	468
404	469
405	469
405	470
406	470
406	474
408	474
408	476
409	476
409	477
410	477
410	479
411	479
411	480
412	480
412	481
413	481
413	484
415	484
415	485
417	485
417	486
418	486
418	489
419	489
419	490
420	490
420	491
421	491
421	494
422	494
422	496
423	496
423	498
424	498
424	503
426	503
426	505
425	505
425	510
426	510
426	512
427	512
427	513
434	513
434	514
438	514
438	515
439	515
439	516
440	516
440	515
447	515
447	514
448	514
448	515
456	515
456	514
458	514
458	515
462	515
462	516
464	516
464	518
465	518
465	517
467	517
467	516
469	516
469	517
471	517
471	518
476	518
