132	357
131	357
131	366
132	366
132	372
131	372
131	386
133	386
133	387
136	387
136	386
137	386
137	387
144	387
144	388
145	388
145	387
146	387
146	388
150	388
150	387
163	387
163	386
164	386
164	385
166	385
166	384
168	384
168	383
170	383
170	382
172	382
172	381
174	381
174	379
175	379
175	377
176	377
176	376
177	376
177	375
180	375
180	374
181	374
181	373
186	373
186	372
196	372
196	373
204	373
204	374
206	374
206	375
210	375
210	374
212	374
212	372
215	372
215	371
217	371
217	369
218	369
218	368
219	368
219	367
221	367
221	366
222	366
222	365
223	365
223	364
224	364
224	363
225	363
225	361
226	361
226	359
228	359
228	357
229	357
229	354
230	354
230	352
231	352
231	350
232	350
232	348
233	348
233	344
234	344
234	342
235	342
235	336
237	336
237	334
238	334
238	332
240	332
240	333
241	333
241	334
242	334
242	335
243	335
243	338
244	338
244	340
245	340
245	342
246	342
246	343
248	343
248	344
251	344
251	345
276	345
276	344
280	344
280	343
283	343
283	342
285	342
285	341
286	341
286	340
287	340
287	344
288	344
288	347
289	347
289	349
290	349
290	350
292	350
292	351
309	351
309	360
308	360
308	362
307	362
307	364
306	364
306	367
305	367
305	371
304	371
304	374
305	374
305	375
304	375
304	390
303	390
303	391
304	391
304	397
303	397
303	412
304	412
304	413
303	413
303	414
304	414
304	419
303	419
303	422
304	422
304	424
306	424
306	425
308	425
308	426
337	426
337	438
335	438
335	441
337	441
337	442
338	442
338	443
339	443
339	444
367	444
367	445
368	445
368	446
369	446
369	448
370	448
370	449
375	449
375	450
379	450
379	451
380	451
380	450
398	450
398	451
400	451
400	452
402	452
402	453
403	453
403	454
406	454
406	455
411	455
411	456
413	456
413	457
414	457
414	458
416	458
416	459
418	459
418	460
433	460
433	461
434	461
434	462
435	462
435	463
448	463
448	464
449	464
449	465
450	465
450	466
454	466
454	467
490	467
490	466
491	466
491	465
492	465
492	463
494	463
494	462
496	462
496	461
497	461
497	460
524	460
524	459
531	459
531	460
534	460
534	461
535	461
535	460
537	460
537	461
542	461
542	460
544	460
544	459
545	459
545	457
546	457
546	456
555	456
555	455
556	455
556	454
557	454
557	453
558	453
558	451
559	451
559	450
560	450
560	433
561	433
561	430
564	430
564	429
565	429
565	427
564	427
564	424
565	424
565	423
566	423
566	422
570	422
570	421
571	421
571	420
572	420
572	419
579	419
579	420
581	420
581	421
582	421
582	422
602	422
602	421
603	421
603	420
604	420
604	419
605	419
605	418
606	418
606	417
607	417
607	416
608	416
608	414
611	414
611	413
612	413
612	412
614	412
614	413
615	413
615	414
618	414
618	415
619	415
619	416
621	416
621	417
622	417
622	418
627	418
627	419
630	419
630	420
650	420
650	419
652	419
652	420
653	420
653	421
658	421
658	424
659	424
659	425
660	425
660	426
661	426
661	428
662	428
662	429
663	429
663	430
664	430
664	431
665	431
665	434
666	434
666	435
667	435
667	436
668	436
668	437
669	437
669	438
670	438
670	439
671	439
671	440
673	440
673	441
674	441
674	442
692	442
692	441
693	441
693	440
694	440
694	460
695	460
695	461
696	461
696	463
697	463
697	467
698	467
698	468
699	468
699	469
700	469
700	472
701	472
701	473
702	473
702	474
703	474
703	475
706	475
706	477
705	477
705	480
706	480
706	481
712	481
712	480
714	480
714	482
715	482
715	484
716	484
716	485
717	485
717	486
718	486
718	497
719	497
719	498
720	498
720	499
722	499
722	500
721	500
721	507
720	507
720	516
719	516
719	517
720	517
720	518
719	518
719	520
718	520
718	529
717	529
717	532
716	532
716	536
715	536
715	540
714	540
714	544
713	544
713	545
712	545
712	549
711	549
711	551
710	551
710	554
709	554
709	555
708	555
708	557
707	557
707	559
706	559
706	560
705	560
705	562
704	562
704	564
703	564
703	565
701	565
701	566
700	566
700	570
701	570
701	572
703	572
703	573
706	573
706	572
708	572
708	573
716	573
716	572
720	572
720	571
722	571
722	570
725	570
725	569
731	569
731	567
732	567
732	566
734	566
734	565
735	565
735	564
736	564
736	562
738	562
738	561
742	561
742	562
744	562
744	563
746	563
746	565
747	565
747	568
748	568
748	571
750	571
750	572
756	572
756	571
757	571
757	572
758	572
758	571
759	571
759	572
762	572
762	571
766	571
766	572
765	572
765	576
766	576
766	577
767	577
767	578
770	578
770	579
771	579
771	580
773	580
773	581
774	581
774	582
778	582
778	583
780	583
780	584
781	584
781	585
782	585
782	586
784	586
784	587
786	587
786	588
787	588
787	589
788	589
788	590
792	590
792	591
794	591
794	592
795	592
795	593
796	593
796	594
801	594
801	595
802	595
802	596
805	596
805	597
806	597
806	600
807	600
807	601
808	601
808	602
810	602
810	603
813	603
813	604
814	604
814	606
816	606
816	608
817	608
817	610
816	610
816	613
815	613
815	619
814	619
814	620
812	620
812	622
813	622
813	623
814	623
814	624
815	624
815	625
816	625
816	626
819	626
819	627
820	627
820	626
824	626
824	625
828	625
828	626
834	626
834	625
835	625
835	626
849	626
849	627
851	627
851	626
852	626
852	627
853	627
853	626
855	626
855	627
859	627
859	626
862	626
862	627
863	627
863	626
866	626
866	627
869	627
869	628
874	628
874	627
879	627
879	628
886	628
886	629
888	629
888	630
889	630
889	631
890	631
890	632
891	632
891	633
895	633
895	632
896	632
896	631
897	631
897	628
898	628
898	627
897	627
897	620
898	620
898	619
897	619
897	615
898	615
898	613
899	613
899	612
900	612
900	605
901	605
901	604
902	604
902	603
904	603
904	601
905	601
905	600
908	600
908	598
911	598
911	597
914	597
914	596
917	596
917	595
918	595
918	594
920	594
920	593
923	593
923	592
952	592
952	593
954	593
954	592
955	592
955	593
957	593
957	592
960	592
960	591
963	591
963	590
966	590
966	589
967	589
967	588
968	588
968	586
970	586
970	584
971	584
971	582
972	582
972	580
975	580
975	579
974	579
974	577
975	577
975	575
976	575
976	574
977	574
977	572
976	572
976	571
977	571
977	570
979	570
979	569
981	569
981	567
982	567
982	565
983	565
983	563
984	563
984	560
985	560
985	556
986	556
986	555
989	555
989	554
990	554
990	552
991	552
991	551
992	551
992	549
993	549
993	548
995	548
995	547
997	547
997	546
1000	546
1000	545
1002	545
1002	544
1003	544
1003	543
1004	543
1004	542
1006	542
1006	541
1009	541
1009	540
1010	540
1010	539
1011	539
1011	538
1012	538
1012	537
1013	537
1013	536
1014	536
1014	535
1015	535
1015	534
1016	534
1016	533
1017	533
1017	532
1018	532
1018	530
1019	530
1019	528
1020	528
1020	527
1021	527
1021	525
1022	525
1022	524
1024	524
1024	523
1025	523
1025	522
1026	522
1026	521
1027	521
1027	520
1028	520
1028	519
1029	519
1029	518
1030	518
1030	515
1031	515
1031	514
1032	514
1032	512
1034	512
1034	511
1035	511
1035	510
1036	510
1036	509
1037	509
1037	508
1038	508
1038	507
1039	507
1039	506
1040	506
1040	505
1041	505
1041	504
1042	504
1042	503
1044	503
1044	502
1046	502
1046	501
1047	501
1047	500
1048	500
1048	498
1050	498
1050	497
1051	497
1051	496
1052	496
1052	493
1053	493
1053	492
1054	492
1054	491
1055	491
1055	490
1056	490
1056	489
1057	489
1057	488
1058	488
1058	486
1062	486
1062	485
1063	485
1063	484
1064	484
1064	483
1067	483
1067	482
1068	482
1068	483
1071	483
1071	481
1072	481
1072	479
1074	479
1074	478
1075	478
1075	477
1076	477
1076	472
1078	472
1078	471
1079	471
1079	470
1080	470
1080	469
1081	469
1081	468
1082	468
1082	467
1087	467
1087	466
1088	466
1088	465
1089	465
1089	464
1090	464
1090	463
1093	463
1093	462
1102	462
1102	461
1105	461
1105	462
1106	462
1106	463
1109	463
1109	464
1110	464
1110	465
1111	465
1111	467
1112	467
1112	468
1114	468
1114	469
1115	469
1115	470
1116	470
1116	471
1117	471
1117	473
1118	473
1118	474
1119	474
1119	475
1118	475
1118	476
1119	476
1119	487
1118	487
1118	488
1119	488
1119	495
1120	495
1120	500
1121	500
1121	506
1122	506
1122	507
1126	507
1126	505
1128	505
1128	503
1129	503
1129	502
1140	502
1140	503
1143	503
1143	504
1144	504
1144	505
1145	505
1145	506
1146	506
1146	508
1147	508
1147	509
1148	509
1148	511
1150	511
1150	513
1151	513
1151	514
1152	514
1152	516
1154	516
1154	518
1155	518
1155	520
1156	520
1156	522
1157	522
1157	523
1158	523
1158	524
1159	524
1159	525
1160	525
1160	527
1162	527
1162	528
1163	528
1163	529
1164	529
1164	530
1166	530
1166	531
1168	531
1168	532
1170	532
1170	533
1171	533
1171	535
1172	535
1172	536
1173	536
1173	537
1174	537
1174	540
1175	540
1175	541
1177	541
1177	542
1178	542
1178	543
1179	543
1179	545
1180	545
1180	546
1181	546
1181	547
1182	547
1182	549
1183	549
1183	550
1184	550
1184	551
1185	551
1185	552
1186	552
1186	553
1187	553
1187	554
1188	554
1188	556
1189	556
1189	559
1191	559
1191	561
1192	561
1192	562
1193	562
1193	563
1196	563
1196	564
1197	564
1197	565
1198	565
1198	566
1199	566
1199	567
1201	567
1201	568
1203	568
1203	569
1205	569
1205	570
1206	570
1206	569
1208	569
1208	570
1211	570
1211	571
1214	571
1214	572
1215	572
1215	573
1217	573
1217	574
1219	574
1219	575
1220	575
1220	576
1233	576
1233	577
1236	577
1236	578
1237	578
1237	579
1243	579
1243	580
1247	580
1247	581
1249	581
1249	582
1250	582
1250	585
1251	585
1251	588
1252	588
1252	591
1253	591
1253	593
1254	593
1254	595
1255	595
1255	598
1256	598
1256	600
1257	600
1257	601
1259	601
1259	602
1263	602
1263	603
1265	603
1265	602
1266	602
1266	603
1267	603
1267	604
1268	604
1268	605
1269	605
1269	606
1271	606
1271	608
1272	608
1272	609
1273	609
1273	611
1274	611
1274	613
1275	613
1275	614
1277	614
1277	615
1278	615
1278	617
1279	617
1279	620
1282	620
1282	624
1283	624
1283	625
1282	625
1282	627
1283	627
1283	628
1284	628
1284	629
1283	629
1283	630
1284	630
1284	632
1285	632
1285	633
1284	633
1284	655
1283	655
1283	656
1284	656
1284	659
1283	659
1283	662
1284	662
1284	664
1285	664
1285	665
1290	665
1290	664
1293	664
1293	663
1295	663
1295	665
1297	665
1297	666
1298	666
1298	667
1300	667
1300	669
1301	669
1301	670
1302	670
1302	672
1304	672
1304	673
1307	673
1307	674
1311	674
1311	675
1312	675
1312	674
1321	674
1321	673
1322	673
1322	674
1326	674
1326	675
1330	675
1330	674
1331	674
1331	675
1340	675
1340	676
1347	676
1347	675
1349	675
1349	676
1354	676
1354	675
1361	675
1361	676
1365	676
1365	677
1368	677
1368	676
1382	676
1382	677
1384	677
1384	676
1385	676
1385	677
1388	677
1388	676
1392	676
1392	677
1393	677
1393	676
1396	676
1396	677
1401	677
1401	676
1403	676
1403	677
1405	677
1405	676
1411	676
1411	677
1414	677
1414	676
1416	676
1416	677
1417	677
1417	676
1420	676
1420	677
1426	677
1426	676
1431	676
1431	675
1433	675
1433	676
1434	676
1434	675
1438	675
1438	676
1443	676
1443	675
1447	675
1447	674
1454	674
1454	675
1456	675
1456	676
1457	676
1457	677
1459	677
1459	676
1460	676
1460	675
1461	675
1461	676
1479	676
1479	677
1480	677
1480	676
1486	676
1486	675
1488	675
1488	676
1490	676
1490	675
1497	675
1497	673
1498	673
1498	670
1499	670
1499	667
1500	667
1500	665
1501	665
1501	663
1502	663
1502	662
1503	662
1503	661
1504	661
1504	659
1505	659
1505	657
1506	657
1506	656
1507	656
1507	654
1508	654
1508	653
1509	653
1509	650
1511	650
1511	647
1512	647
1512	645
1513	645
1513	641
1514	641
1514	624
1516	624
1516	623
1518	623
1518	624
1519	624
1519	623
1520	623
1520	622
1522	622
1522	621
1525	621
1525	620
1531	620
1531	619
1534	619
1534	618
1538	618
1538	617
1543	617
1543	618
1544	618
1544	619
1547	619
1547	620
1548	620
1548	621
1549	621
1549	622
1550	622
1550	623
1551	623
1551	624
1552	624
1552	626
1553	626
1553	628
1559	628
1559	629
1560	629
1560	628
1564	628
1564	627
1565	627
1565	628
1567	628
1567	629
1569	629
1569	628
1574	628
1574	629
1575	629
1575	630
1578	630
1578	629
1582	629
1582	630
1583	630
1583	631
1584	631
1584	632
1587	632
1587	633
1589	633
1589	632
1592	632
1592	638
1591	638
1591	639
1592	639
1592	640
1591	640
1591	643
1590	643
1590	649
1589	649
1589	652
1588	652
1588	653
1587	653
1587	654
1586	654
1586	660
1585	660
1585	665
1584	665
1584	669
1585	669
1585	693
1584	693
1584	696
1586	696
1586	697
1587	697
1587	698
1590	698
1590	699
1594	699
1594	698
1597	698
1597	699
1598	699
1598	698
1604	698
1604	697
1609	697
1609	696
1611	696
1611	695
1613	695
1613	694
1614	694
1614	695
1615	695
1615	694
1616	694
1616	693
1618	693
1618	692
1620	692
1620	691
1621	691
1621	690
1622	690
1622	689
1624	689
1624	688
1625	688
1625	686
1626	686
1626	684
1627	684
1627	683
1628	683
1628	681
1629	681
1629	680
1630	680
1630	679
1631	679
1631	678
1632	678
1632	675
1633	675
1633	669
1632	669
1632	667
1631	667
1631	666
1632	666
1632	665
1631	665
1631	663
1633	663
1633	662
1632	662
1632	659
1631	659
1631	657
1630	657
1630	651
1629	651
1629	649
1630	649
1630	647
1631	647
1631	645
1632	645
1632	643
1633	643
1633	641
1634	641
1634	640
1638	640
1638	639
1637	639
1637	637
1639	637
1639	636
1642	636
1642	635
1648	635
1648	636
1649	636
1649	637
1656	637
1656	638
1657	638
1657	637
1658	637
1658	638
1662	638
1662	639
1664	639
1664	640
1665	640
1665	641
1671	641
1671	642
1674	642
1674	643
1675	643
1675	644
1677	644
1677	645
1684	645
1684	646
1687	646
1687	647
1689	647
1689	648
1690	648
1690	650
1691	650
1691	651
1692	651
1692	652
1693	652
1693	653
1694	653
1694	654
1696	654
1696	655
1697	655
1697	656
1698	656
1698	657
1700	657
1700	658
1701	658
1701	660
1703	660
1703	663
1704	663
1704	664
1706	664
1706	665
1713	665
1713	666
1714	666
1714	667
1715	667
1715	668
1717	668
1717	669
1718	669
1718	670
1719	670
1719	671
1720	671
1720	672
1722	672
1722	673
1727	673
1727	675
1730	675
1730	676
1731	676
1731	677
1732	677
1732	678
1734	678
1734	679
1735	679
1735	681
1736	681
1736	683
1737	683
1737	686
1738	686
1738	688
1739	688
1739	690
1740	690
1740	692
1741	692
1741	694
1742	694
1742	698
1743	698
1743	700
1744	700
1744	701
1743	701
1743	702
1744	702
1744	707
1745	707
1745	714
1746	714
1746	716
1747	716
1747	717
1749	717
1749	718
1754	718
1754	717
1756	717
1756	718
1759	718
1759	719
1761	719
1761	718
1768	718
1768	719
1769	719
1769	718
1773	718
1773	717
1776	717
1776	716
1777	716
1777	714
1778	714
1778	713
1779	713
1779	711
1780	711
1780	703
1779	703
1779	702
1780	702
1780	698
1779	698
1779	696
1780	696
1780	688
1779	688
1779	687
1780	687
1780	685
1779	685
1779	683
1780	683
1780	681
1781	681
1781	675
1782	675
1782	672
1783	672
1783	671
1784	671
1784	670
1785	670
1785	667
1786	667
1786	666
1787	666
1787	665
1789	665
1789	663
1792	663
1792	662
1794	662
1794	663
1795	663
1795	662
1797	662
1797	661
1800	661
1800	660
1803	660
1803	659
1805	659
1805	658
1807	658
1807	657
1808	657
1808	656
1810	656
1810	655
1813	655
1813	654
1817	654
1817	653
1818	653
1818	652
1819	652
1819	651
1820	651
1820	650
1821	650
1821	649
1822	649
1822	648
1825	648
1825	647
1826	647
1826	646
1828	646
1828	645
1831	645
1831	644
1832	644
1832	643
1837	643
1837	642
1839	642
1839	641
1840	641
1840	640
1843	640
1843	639
1845	639
1845	638
1847	638
1847	637
1850	637
1850	636
1854	636
1854	635
1857	635
1857	634
1861	634
1861	633
1864	633
1864	632
1873	632
1873	631
1874	631
1874	630
1876	630
1876	629
1878	629
1878	628
1879	628
1879	627
1881	627
1881	626
1882	626
1882	625
1883	625
1883	624
1884	624
1884	621
1885	621
1885	617
1886	617
1886	615
1887	615
1887	614
1888	614
1888	613
1889	613
1889	612
1890	612
1890	611
1891	611
1891	610
1892	610
1892	608
1893	608
1893	606
1895	606
1895	604
1896	604
1896	603
1897	603
1897	602
1898	602
1898	601
1900	601
1900	600
1901	600
1901	599
1903	599
1903	598
1904	598
1904	597
1905	597
1905	596
1908	596
1908	595
1909	595
1909	594
1911	594
1911	593
1913	593
1913	592
1914	592
1914	591
1916	591
1916	590
1919	590
1919	588
1924	588
1924	587
1919	587
1919	586
1920	586
1920	585
1925	585
1925	584
1933	584
1933	586
1934	586
1934	588
1936	588
1936	591
1937	591
1937	592
1938	592
1938	595
1939	595
1939	596
1940	596
1940	598
1941	598
1941	601
1942	601
1942	602
1944	602
1944	603
1947	603
1947	604
1952	604
1952	605
1953	605
1953	606
1954	606
1954	607
1955	607
1955	609
1956	609
1956	611
1957	611
1957	612
1958	612
1958	614
1959	614
1959	616
1960	616
1960	617
1961	617
1961	618
1962	618
1962	619
1963	619
1963	620
1964	620
1964	621
1965	621
1965	622
1967	622
1967	623
1968	623
1968	625
1970	625
1970	626
1971	626
1971	627
1973	627
1973	629
1975	629
1975	631
1977	631
1977	632
1979	632
1979	633
1980	633
1980	634
1981	634
1981	635
1982	635
1982	636
1983	636
1983	637
1984	637
1984	638
1985	638
1985	639
1987	639
1987	641
1988	641
1988	642
1989	642
1989	643
1990	643
1990	644
1991	644
1991	645
1992	645
1992	646
1994	646
1994	648
1995	648
1995	649
1996	649
1996	651
1997	651
1997	652
1998	652
1998	653
1999	653
1999	654
2000	654
2000	655
2001	655
2001	656
2002	656
2002	657
2006	657
2006	658
2008	658
2008	659
2010	659
2010	660
2012	660
2012	661
2015	661
2015	662
2019	662
2019	663
2020	663
2020	664
2023	664
2023	665
2026	665
2026	666
2028	666
2028	667
2031	667
2031	668
2032	668
2032	669
2035	669
2035	671
2038	671
2038	672
2039	672
2039	673
2042	673
2042	674
2057	674
2057	675
2059	675
2059	674
2060	674
2060	675
2064	675
2064	676
2065	676
2065	677
2071	677
2071	678
2074	678
2074	679
2075	679
2075	680
2076	680
2076	681
2077	681
2077	680
2078	680
2078	683
2079	683
2079	684
2080	684
2080	685
2081	685
2081	688
2082	688
2082	689
2085	689
2085	690
2088	690
2088	691
2089	691
2089	690
2092	690
2092	691
2095	691
2095	692
2096	692
2096	693
2097	693
2097	694
2100	694
2100	695
2101	695
2101	696
2102	696
2102	697
2103	697
2103	698
2105	698
2105	700
2107	700
2107	701
2108	701
2108	702
2110	702
2110	703
2111	703
2111	702
2112	702
2112	703
2115	703
2115	704
2116	704
2116	705
2117	705
2117	706
2119	706
2119	707
2120	707
2120	708
2122	708
2122	709
2123	709
2123	712
2125	712
2125	713
2126	713
2126	714
2127	714
2127	715
2128	715
2128	716
2130	716
2130	718
2132	718
2132	719
2135	719
2135	720
2139	720
2139	721
2140	721
2140	720
2141	720
2141	719
2144	719
2144	718
2148	718
2148	717
2153	717
2153	716
2154	716
2154	715
2158	715
2158	714
2160	714
2160	713
2163	713
2163	712
2165	712
2165	711
2168	711
2168	710
2170	710
2170	709
2172	709
2172	708
2175	708
2175	707
2178	707
2178	706
2181	706
2181	705
2185	705
2185	704
2188	704
2188	703
2190	703
2190	704
2191	704
2191	703
2192	703
2192	702
2198	702
2198	701
2199	701
2199	700
2201	700
2201	701
2203	701
2203	699
2208	699
2208	698
2212	698
2212	697
2219	697
2219	696
2224	696
2224	695
2230	695
2230	694
2236	694
2236	693
2241	693
2241	694
2244	694
2244	693
2245	693
2245	694
2248	694
2248	693
2252	693
2252	692
2254	692
2254	693
2257	693
2257	692
2259	692
2259	693
2261	693
2261	692
2269	692
2269	691
2275	691
2275	690
2278	690
2278	691
2279	691
2279	690
2280	690
2280	691
2281	691
2281	690
2288	690
2288	691
2289	691
2289	690
2292	690
2292	689
2299	689
2299	690
2300	690
2300	689
2310	689
2310	688
2311	688
2311	689
2331	689
2331	688
2337	688
2337	689
2338	689
2338	688
2342	688
2342	689
2343	689
2343	688
2346	688
2346	687
2350	687
2350	688
2351	688
2351	687
2353	687
2353	688
2356	688
2356	687
2357	687
2357	688
2358	688
2358	687
2360	687
2360	688
2368	688
2368	689
2376	689
2376	690
2377	690
2377	689
2379	689
2379	690
2380	690
2380	689
2381	689
2381	690
2388	690
2388	689
2391	689
2391	690
2396	690
2396	691
2398	691
2398	690
2400	690
2400	691
2405	691
2405	692
2406	692
2406	691
2411	691
2411	692
2412	692
2412	691
2413	691
2413	692
2425	692
2425	693
2426	693
2426	692
2427	692
2427	693
2428	693
2428	692
2431	692
2431	693
2438	693
2438	692
2440	692
2440	693
2441	693
2441	692
2442	692
2442	691
2443	691
2443	692
2451	692
2451	691
2459	691
2459	690
2465	690
2465	689
2467	689
2467	688
2471	688
2471	687
2476	687
2476	686
2478	686
2478	685
2482	685
2482	684
2487	684
2487	683
2490	683
2490	682
2494	682
2494	681
2497	681
2497	680
2499	680
2499	679
2505	679
2505	678
2510	678
2510	677
2512	677
2512	676
2514	676
2514	675
2515	675
2515	674
2519	674
2519	673
2521	673
2521	672
2523	672
2523	671
2525	671
2525	670
2528	670
2528	669
2532	669
2532	668
2533	668
2533	667
2534	667
2534	666
2535	666
2535	665
2536	665
2536	664
2537	664
2537	663
2538	663
2538	662
2539	662
2539	661
2541	661
2541	659
2543	659
2543	658
2544	658
2544	657
2545	657
2545	656
2546	656
2546	655
2547	655
2547	654
2548	654
2548	652
2549	652
2549	651
2551	651
2551	650
2552	650
2552	649
2553	649
2553	648
2554	648
2554	647
2555	647
2555	646
2557	646
2557	645
2558	645
2558	642
2560	642
2560	641
2562	641
2562	639
2565	639
2565	638
2566	638
2566	637
2567	637
2567	635
2568	635
2568	634
2569	634
2569	633
2570	633
2570	632
2571	632
2571	631
2573	631
2573	630
2575	630
2575	628
2577	628
2577	627
2578	627
2578	626
2579	626
2579	625
2580	625
2580	624
2582	624
2582	623
2583	623
2583	622
2585	622
2585	621
2586	621
2586	620
2587	620
2587	619
2588	619
2588	618
2589	618
2589	617
2591	617
2591	616
2592	616
2592	615
2593	615
2593	614
2595	614
2595	612
2596	612
2596	611
2599	611
2599	609
2601	609
2601	607
2602	607
2602	606
2603	606
2603	605
2604	605
2604	604
2605	604
2605	603
2606	603
2606	602
2607	602
2607	601
2609	601
2609	599
2611	599
2611	597
2612	597
2612	595
2613	595
2613	593
2615	593
2615	592
2616	592
2616	589
2617	589
2617	588
2618	588
2618	587
2620	587
2620	585
2621	585
2621	584
2622	584
2622	583
2623	583
2623	581
2625	581
2625	579
2626	579
2626	577
2627	577
2627	575
2628	575
2628	573
2629	573
2629	570
2630	570
2630	571
2631	571
2631	569
2632	569
2632	567
2633	567
2633	566
2634	566
2634	564
2635	564
2635	562
2637	562
2637	561
2638	561
2638	560
2637	560
2637	558
2638	558
2638	555
2639	555
2639	553
2640	553
2640	551
2641	551
2641	549
2642	549
2642	548
2644	548
2644	546
2645	546
2645	545
2646	545
2646	542
2647	542
2647	541
2648	541
2648	539
2649	539
2649	538
2652	538
2652	539
2653	539
2653	538
2652	538
2652	535
2653	535
2653	534
2654	534
2654	532
2655	532
2655	531
2656	531
2656	530
2657	530
2657	529
2658	529
2658	528
2659	528
2659	527
2661	527
2661	525
2664	525
2664	524
2665	524
2665	523
2667	523
2667	522
2668	522
2668	521
2671	521
2671	520
2672	520
2672	519
2673	519
2673	518
2676	518
2676	517
2677	517
2677	516
2680	516
2680	515
2681	515
2681	514
2683	514
2683	513
2684	513
2684	512
2686	512
2686	511
2687	511
2687	510
2689	510
2689	509
2691	509
2691	508
2693	508
2693	507
2695	507
2695	506
2697	506
2697	504
2699	504
2699	503
2701	503
2701	502
2703	502
2703	501
2704	501
2704	500
2705	500
2705	499
2707	499
2707	498
2708	498
2708	497
2709	497
2709	496
2713	496
2713	494
2717	494
2717	493
2719	493
2719	494
2721	494
2721	493
2726	493
2726	492
2730	492
2730	491
2735	491
2735	490
2738	490
2738	489
2741	489
2741	488
2747	488
2747	487
2752	487
2752	486
2755	486
2755	485
2763	485
2763	484
2765	484
2765	485
2766	485
2766	484
2776	484
2776	483
2793	483
2793	484
2796	484
2796	485
2798	485
2798	486
2802	486
2802	487
2806	487
2806	488
2808	488
2808	489
2809	489
2809	490
2811	490
2811	493
2813	493
2813	492
2814	492
2814	493
2816	493
2816	494
2817	494
2817	495
2818	495
2818	496
2819	496
2819	497
2820	497
2820	498
2822	498
2822	499
2823	499
2823	500
2825	500
2825	501
2826	501
2826	502
2827	502
2827	503
2828	503
2828	504
2829	504
2829	505
2831	505
2831	507
2833	507
2833	509
2834	509
2834	510
2835	510
2835	512
2836	512
2836	513
2837	513
2837	514
2838	514
2838	516
2839	516
2839	518
2840	518
2840	519
2841	519
2841	521
2842	521
2842	523
2843	523
2843	526
2844	526
2844	528
2845	528
2845	530
2846	530
2846	534
2847	534
2847	539
2850	539
2850	540
2860	540
2860	539
2863	539
2863	540
2864	540
2864	539
2865	539
2865	540
2867	540
2867	541
2868	541
2868	542
2869	542
2869	543
2870	543
2870	544
2871	544
2871	545
2872	545
2872	546
2873	546
2873	547
2874	547
2874	549
2875	549
2875	551
2877	551
2877	552
2884	552
2884	551
2888	551
2888	550
2911	550
2911	551
2916	551
2916	552
2921	552
2921	551
2922	551
2922	552
2928	552
2928	551
2941	551
2941	552
2944	552
2944	553
2946	553
2946	554
2947	554
2947	555
2955	555
2955	556
2956	556
2956	555
2957	555
2957	556
2965	556
2965	557
2967	557
2967	558
2969	558
2969	559
2971	559
2971	560
2972	560
2972	561
2974	561
2974	562
2975	562
2975	563
2978	563
2978	562
2980	562
2980	563
2986	563
2986	562
2988	562
2988	563
2989	563
2989	562
2995	562
2995	563
2998	563
2998	564
2999	564
2999	563
3001	563
3001	562
3005	562
3005	563
3007	563
3007	564
3011	564
3011	563
3012	563
3012	564
3031	564
3031	563
3037	563
3037	562
3041	562
3041	561
3042	561
3042	562
3047	562
3047	561
3048	561
3048	562
3051	562
3051	561
3064	561
3064	560
3065	560
3065	561
3070	561
3070	560
3080	560
3080	561
3084	561
3084	560
3088	560
3088	561
3092	561
3092	560
3094	560
3094	561
3095	561
3095	562
3097	562
3097	561
3099	561
3099	562
3100	562
3100	561
3101	561
3101	559
3103	559
3103	558
3104	558
3104	557
3105	557
3105	556
3107	556
3107	555
3108	555
3108	553
3109	553
3109	552
3110	552
3110	551
3113	551
3113	550
3115	550
3115	549
3116	549
3116	548
3117	548
3117	547
3120	547
3120	546
3121	546
3121	545
3123	545
3123	544
3124	544
3124	545
3125	545
3125	544
3126	544
3126	543
3128	543
3128	542
3130	542
3130	541
3131	541
3131	540
3133	540
3133	539
3136	539
3136	538
3137	538
3137	537
3140	537
3140	536
3142	536
3142	535
3146	535
3146	534
3147	534
3147	533
3154	533
3154	532
3158	532
3158	531
3165	531
3165	530
3173	530
3173	529
3179	529
3179	528
3184	528
3184	527
3188	527
3188	526
3192	526
3192	525
3195	525
3195	524
3197	524
3197	523
3201	523
3201	522
3203	522
3203	521
3207	521
3207	520
3209	520
3209	519
3212	519
3212	518
3216	518
3216	517
3220	517
3220	516
3224	516
3224	515
3231	515
3231	514
3232	514
3232	515
3250	515
3250	516
3251	516
3251	515
3254	515
3254	514
3259	514
3259	513
3263	513
3263	512
3267	512
3267	511
3271	511
3271	510
3273	510
3273	509
3276	509
3276	508
3277	508
3277	507
3279	507
3279	506
3282	506
3282	505
3284	505
3284	504
3286	504
3286	503
3287	503
3287	502
3288	502
3288	501
3291	501
3291	500
3295	500
3295	499
3296	499
3296	498
3297	498
3297	497
3299	497
3299	496
3300	496
3300	495
3301	495
3301	493
3302	493
3302	489
3303	489
3303	488
3304	488
3304	486
3305	486
3305	485
3306	485
3306	484
3307	484
3307	483
3308	483
3308	481
3309	481
3309	480
3310	480
3310	478
3311	478
3311	477
3312	477
3312	476
3314	476
3314	475
3313	475
3313	474
3314	474
3314	473
3316	473
3316	472
3317	472
3317	471
3319	471
3319	470
3321	470
3321	469
3322	469
3322	468
3323	468
3323	467
3324	467
3324	465
3325	465
3325	464
3326	464
3326	463
3327	463
3327	462
3328	462
3328	461
3329	461
3329	460
3330	460
3330	459
3331	459
3331	458
3332	458
3332	456
3334	456
3334	454
3335	454
3335	453
3336	453
3336	452
3337	452
3337	451
3338	451
3338	449
3339	449
3339	448
3340	448
3340	447
3342	447
3342	446
3343	446
3343	445
3344	445
3344	444
3347	444
3347	443
3348	443
3348	442
3349	442
3349	440
3350	440
3350	439
3351	439
3351	438
3353	438
3353	437
3354	437
3354	436
3355	436
3355	434
3357	434
3357	433
3358	433
3358	432
3360	432
3360	430
3363	430
3363	429
3362	429
3362	427
3363	427
3363	426
3364	426
3364	424
3365	424
3365	423
3366	423
3366	422
3367	422
3367	420
3369	420
3369	418
3370	418
3370	416
3372	416
3372	414
3373	414
3373	413
3374	413
3374	411
3375	411
3375	409
3376	409
3376	408
3377	408
3377	405
3378	405
3378	404
3379	404
3379	400
3380	400
3380	398
3381	398
3381	394
3382	394
3382	393
3383	393
3383	388
3385	388
3385	387
3384	387
3384	385
3385	385
3385	380
3386	380
3386	379
3385	379
3385	377
3386	377
3386	373
3387	373
3387	365
3388	365
3388	357
3387	357
3387	354
3388	354
3388	351
3389	351
3389	347
3390	347
3390	345
3391	345
3391	344
3392	344
3392	342
3393	342
3393	341
3392	341
3392	338
3393	338
3393	337
3394	337
3394	336
3395	336
3395	332
3396	332
3396	329
3397	329
3397	326
3398	326
3398	323
3399	323
3399	320
3400	320
3400	319
3401	319
3401	318
3402	318
3402	316
3403	316
3403	314
3404	314
3404	313
3403	313
3403	311
3404	311
3404	309
3406	309
3406	306
3405	306
3405	305
3406	305
3406	304
3407	304
3407	303
3408	303
3408	299
3409	299
3409	298
3408	298
3408	297
3409	297
3409	296
3410	296
3410	295
3409	295
3409	293
3410	293
3410	287
3411	287
3411	286
3412	286
3412	284
3413	284
3413	283
3414	283
3414	282
3415	282
3415	281
3416	281
3416	279
3417	279
3417	277
3418	277
3418	276
3419	276
3419	275
3420	275
3420	274
3421	274
3421	272
3423	272
3423	270
3425	270
3425	269
3427	269
3427	268
3428	268
3428	267
3430	267
3430	266
3432	266
3432	265
3435	265
3435	264
3439	264
3439	263
3441	263
3441	262
3444	262
3444	261
3445	261
3445	260
3448	260
3448	259
3450	259
3450	258
3455	258
3455	257
3459	257
3459	256
3460	256
3460	257
3461	257
3461	256
3465	256
3465	255
3468	255
3468	254
3470	254
3470	253
3471	253
3471	252
3475	252
3475	253
3477	253
3477	252
3491	252
3491	251
3497	251
3497	250
3501	250
3501	249
3505	249
3505	248
3506	248
3506	247
3508	247
3508	246
3510	246
3510	245
3511	245
3511	244
3512	244
3512	243
3514	243
3514	242
3515	242
3515	241
3516	241
3516	240
3518	240
3518	239
3519	239
3519	237
3520	237
3520	236
3521	236
3521	235
3523	235
3523	234
3525	234
3525	233
3526	233
3526	232
3528	232
3528	231
3529	231
3529	230
3530	230
3530	229
3531	229
3531	228
3533	228
3533	227
3534	227
3534	226
3535	226
3535	225
3536	225
3536	224
3537	224
3537	223
3538	223
3538	221
3540	221
3540	219
3541	219
3541	218
3542	218
3542	217
3543	217
3543	215
3545	215
3545	213
3549	213
3549	212
3555	212
3555	211
3558	211
3558	212
3560	212
3560	211
3566	211
3566	210
3573	210
3573	209
3577	209
3577	208
3579	208
3579	207
3583	207
3583	206
3584	206
3584	205
3596	205
3596	204
3597	204
3597	203
3598	203
3598	202
3600	202
3600	314
3599	314
3599	316
3600	316
3600	772
3599	772
3599	774
3600	774
3600	847
3599	847
3599	852
3600	852
3600	857
3599	857
3599	860
3600	860
3600	863
3599	863
3599	862
3598	862
3598	863
3599	863
3599	865
3600	865
3600	936
3325	936
3325	935
3324	935
3324	936
0	936
0	0
2773	0
2773	2
2774	2
2774	0
3600	0
3600	30
3599	30
3599	29
3598	29
3598	28
3597	28
3597	27
3596	27
3596	28
3597	28
3597	29
3598	29
3598	30
3599	30
3599	31
3600	31
3600	45
3599	45
3599	47
3600	47
3600	193
3599	193
3599	192
3597	192
3597	191
3596	191
3596	190
3594	190
3594	189
3593	189
3593	190
3592	190
3592	191
3591	191
3591	195
3592	195
3592	196
3590	196
3590	197
3585	197
3585	199
3579	199
3579	200
3577	200
3577	201
3576	201
3576	200
3573	200
3573	201
3568	201
3568	202
3561	202
3561	201
3560	201
3560	202
3558	202
3558	203
3549	203
3549	204
3546	204
3546	205
3545	205
3545	204
3544	204
3544	205
3541	205
3541	204
3540	204
3540	206
3539	206
3539	207
3538	207
3538	208
3537	208
3537	211
3536	211
3536	212
3535	212
3535	213
3534	213
3534	215
3532	215
3532	217
3531	217
3531	218
3529	218
3529	219
3528	219
3528	220
3527	220
3527	222
3526	222
3526	223
3523	223
3523	225
3522	225
3522	226
3521	226
3521	227
3519	227
3519	228
3518	228
3518	229
3517	229
3517	230
3515	230
3515	231
3513	231
3513	232
3512	232
3512	233
3511	233
3511	234
3509	234
3509	235
3508	235
3508	236
3506	236
3506	237
3505	237
3505	239
3502	239
3502	240
3501	240
3501	241
3497	241
3497	242
3495	242
3495	243
3481	243
3481	244
3475	244
3475	243
3474	243
3474	244
3469	244
3469	245
3467	245
3467	246
3463	246
3463	247
3458	247
3458	248
3454	248
3454	249
3452	249
3452	250
3448	250
3448	251
3445	251
3445	252
3443	252
3443	253
3439	253
3439	254
3437	254
3437	255
3435	255
3435	256
3432	256
3432	257
3430	257
3430	258
3427	258
3427	259
3425	259
3425	260
3423	260
3423	261
3422	261
3422	262
3419	262
3419	264
3418	264
3418	265
3417	265
3417	267
3415	267
3415	268
3414	268
3414	269
3413	269
3413	270
3412	270
3412	271
3411	271
3411	273
3409	273
3409	274
3408	274
3408	276
3407	276
3407	277
3406	277
3406	278
3405	278
3405	280
3404	280
3404	282
3403	282
3403	283
3402	283
3402	286
3401	286
3401	296
3400	296
3400	297
3401	297
3401	298
3400	298
3400	299
3401	299
3401	301
3400	301
3400	302
3399	302
3399	305
3398	305
3398	308
3397	308
3397	311
3396	311
3396	314
3395	314
3395	315
3394	315
3394	317
3393	317
3393	318
3392	318
3392	320
3391	320
3391	322
3390	322
3390	323
3391	323
3391	324
3390	324
3390	327
3389	327
3389	328
3388	328
3388	331
3387	331
3387	333
3386	333
3386	335
3385	335
3385	336
3384	336
3384	337
3385	337
3385	340
3383	340
3383	342
3384	342
3384	343
3383	343
3383	345
3382	345
3382	349
3381	349
3381	351
3380	351
3380	352
3381	352
3381	354
3380	354
3380	357
3379	357
3379	360
3380	360
3380	361
3379	361
3379	366
3378	366
3378	371
3377	371
3377	375
3378	375
3378	378
3377	378
3377	381
3376	381
3376	387
3375	387
3375	389
3374	389
3374	394
3373	394
3373	396
3372	396
3372	397
3371	397
3371	400
3370	400
3370	402
3369	402
3369	406
3368	406
3368	407
3367	407
3367	408
3366	408
3366	409
3365	409
3365	411
3364	411
3364	412
3363	412
3363	413
3362	413
3362	414
3361	414
3361	416
3359	416
3359	419
3358	419
3358	420
3357	420
3357	421
3356	421
3356	423
3355	423
3355	424
3354	424
3354	425
3353	425
3353	426
3351	426
3351	429
3349	429
3349	430
3348	430
3348	431
3347	431
3347	432
3345	432
3345	434
3343	434
3343	435
3342	435
3342	436
3341	436
3341	437
3340	437
3340	439
3339	439
3339	440
3338	440
3338	441
3337	441
3337	440
3336	440
3336	439
3335	439
3335	441
3332	441
3332	442
3333	442
3333	444
3332	444
3332	445
3331	445
3331	446
3329	446
3329	448
3328	448
3328	449
3327	449
3327	451
3326	451
3326	453
3324	453
3324	455
3323	455
3323	457
3322	457
3322	458
3321	458
3321	460
3319	460
3319	462
3317	462
3317	463
3314	463
3314	464
3313	464
3313	465
3311	465
3311	466
3310	466
3310	467
3308	467
3308	470
3307	470
3307	471
3305	471
3305	474
3303	474
3303	476
3302	476
3302	479
3300	479
3300	480
3299	480
3299	482
3298	482
3298	483
3297	483
3297	486
3296	486
3296	488
3295	488
3295	490
3294	490
3294	491
3293	491
3293	492
3291	492
3291	493
3288	493
3288	494
3286	494
3286	495
3283	495
3283	496
3282	496
3282	497
3280	497
3280	498
3278	498
3278	499
3276	499
3276	500
3273	500
3273	501
3271	501
3271	502
3270	502
3270	503
3268	503
3268	504
3265	504
3265	505
3264	505
3264	504
3263	504
3263	505
3259	505
3259	506
3254	506
3254	507
3251	507
3251	508
3250	508
3250	507
3241	507
3241	506
3239	506
3239	507
3238	507
3238	506
3236	506
3236	507
3234	507
3234	506
3230	506
3230	507
3227	507
3227	506
3226	506
3226	507
3223	507
3223	508
3220	508
3220	509
3217	509
3217	510
3215	510
3215	509
3214	509
3214	508
3213	508
3213	509
3212	509
3212	511
3211	511
3211	512
3210	512
3210	511
3208	511
3208	512
3205	512
3205	513
3202	513
3202	514
3200	514
3200	515
3197	515
3197	516
3194	516
3194	517
3193	517
3193	518
3192	518
3192	519
3189	519
3189	520
3187	520
3187	519
3184	519
3184	520
3180	520
3180	521
3174	521
3174	522
3173	522
3173	521
3172	521
3172	522
3168	522
3168	523
3165	523
3165	524
3162	524
3162	523
3161	523
3161	524
3159	524
3159	525
3158	525
3158	524
3157	524
3157	525
3156	525
3156	524
3154	524
3154	525
3151	525
3151	526
3146	526
3146	527
3140	527
3140	528
3139	528
3139	529
3137	529
3137	530
3132	530
3132	531
3131	531
3131	533
3130	533
3130	534
3127	534
3127	535
3124	535
3124	536
3122	536
3122	537
3118	537
3118	538
3117	538
3117	539
3116	539
3116	540
3114	540
3114	541
3111	541
3111	542
3109	542
3109	543
3108	543
3108	544
3106	544
3106	545
3105	545
3105	547
3102	547
3102	549
3100	549
3100	550
3098	550
3098	552
3096	552
3096	553
3093	553
3093	552
3091	552
3091	553
3088	553
3088	554
3087	554
3087	553
3086	553
3086	552
3084	552
3084	553
3079	553
3079	554
3076	554
3076	553
3075	553
3075	554
3073	554
3073	553
3069	553
3069	552
3067	552
3067	553
3061	553
3061	554
3060	554
3060	555
3058	555
3058	554
3057	554
3057	553
3053	553
3053	554
3051	554
3051	553
3049	553
3049	554
3039	554
3039	555
3036	555
3036	556
3032	556
3032	555
3030	555
3030	556
3024	556
3024	557
3022	557
3022	556
3015	556
3015	555
3012	555
3012	554
3011	554
3011	555
3010	555
3010	554
3009	554
3009	555
3004	555
3004	556
3003	556
3003	555
2999	555
2999	556
2990	556
2990	555
2978	555
2978	554
2977	554
2977	555
2974	555
2974	554
2973	554
2973	552
2968	552
2968	551
2967	551
2967	550
2966	550
2966	549
2965	549
2965	548
2960	548
2960	549
2959	549
2959	547
2955	547
2955	548
2953	548
2953	547
2952	547
2952	548
2946	548
2946	547
2944	547
2944	546
2943	546
2943	544
2942	544
2942	543
2941	543
2941	542
2933	542
2933	543
2930	543
2930	542
2923	542
2923	543
2921	543
2921	544
2917	544
2917	545
2913	545
2913	544
2912	544
2912	542
2910	542
2910	541
2907	541
2907	542
2904	542
2904	543
2903	543
2903	544
2902	544
2902	543
2899	543
2899	541
2896	541
2896	542
2893	542
2893	541
2892	541
2892	542
2884	542
2884	541
2883	541
2883	542
2881	542
2881	543
2878	543
2878	542
2877	542
2877	541
2875	541
2875	540
2873	540
2873	539
2872	539
2872	538
2871	538
2871	537
2870	537
2870	536
2869	536
2869	535
2868	535
2868	533
2867	533
2867	532
2865	532
2865	531
2857	531
2857	530
2856	530
2856	531
2852	531
2852	530
2851	530
2851	528
2850	528
2850	524
2849	524
2849	523
2848	523
2848	522
2847	522
2847	518
2846	518
2846	517
2845	517
2845	513
2843	513
2843	512
2844	512
2844	510
2843	510
2843	509
2842	509
2842	508
2841	508
2841	507
2840	507
2840	505
2839	505
2839	504
2838	504
2838	502
2837	502
2837	501
2836	501
2836	500
2835	500
2835	499
2834	499
2834	498
2832	498
2832	497
2831	497
2831	496
2830	496
2830	495
2829	495
2829	494
2828	494
2828	493
2827	493
2827	492
2826	492
2826	491
2824	491
2824	489
2821	489
2821	487
2820	487
2820	486
2818	486
2818	485
2816	485
2816	484
2815	484
2815	483
2812	483
2812	481
2810	481
2810	480
2807	480
2807	479
2803	479
2803	478
2800	478
2800	477
2794	477
2794	476
2788	476
2788	475
2786	475
2786	476
2778	476
2778	475
2775	475
2775	476
2766	476
2766	477
2757	477
2757	478
2751	478
2751	479
2748	479
2748	480
2746	480
2746	479
2744	479
2744	480
2739	480
2739	481
2736	481
2736	482
2732	482
2732	483
2730	483
2730	484
2724	484
2724	485
2717	485
2717	486
2714	486
2714	487
2713	487
2713	486
2711	486
2711	487
2710	487
2710	488
2707	488
2707	489
2705	489
2705	490
2704	490
2704	491
2702	491
2702	492
2701	492
2701	493
2700	493
2700	494
2699	494
2699	495
2697	495
2697	496
2695	496
2695	497
2692	497
2692	499
2690	499
2690	500
2688	500
2688	501
2687	501
2687	502
2685	502
2685	503
2682	503
2682	504
2681	504
2681	505
2679	505
2679	506
2678	506
2678	507
2676	507
2676	508
2674	508
2674	509
2673	509
2673	510
2672	510
2672	511
2670	511
2670	512
2667	512
2667	513
2665	513
2665	514
2663	514
2663	515
2662	515
2662	516
2660	516
2660	517
2658	517
2658	518
2657	518
2657	519
2656	519
2656	520
2655	520
2655	521
2652	521
2652	523
2651	523
2651	524
2650	524
2650	525
2649	525
2649	527
2648	527
2648	528
2647	528
2647	529
2646	529
2646	531
2645	531
2645	532
2644	532
2644	534
2643	534
2643	535
2641	535
2641	536
2639	536
2639	540
2638	540
2638	541
2637	541
2637	542
2636	542
2636	544
2635	544
2635	545
2634	545
2634	546
2633	546
2633	548
2632	548
2632	552
2631	552
2631	553
2630	553
2630	554
2629	554
2629	555
2630	555
2630	556
2629	556
2629	558
2628	558
2628	559
2627	559
2627	560
2625	560
2625	564
2624	564
2624	566
2623	566
2623	568
2622	568
2622	569
2621	569
2621	570
2620	570
2620	571
2619	571
2619	572
2618	572
2618	575
2617	575
2617	577
2616	577
2616	578
2615	578
2615	580
2614	580
2614	581
2613	581
2613	583
2612	583
2612	584
2611	584
2611	585
2609	585
2609	587
2608	587
2608	589
2607	589
2607	590
2606	590
2606	592
2604	592
2604	593
2603	593
2603	594
2601	594
2601	595
2600	595
2600	597
2599	597
2599	598
2598	598
2598	599
2597	599
2597	600
2596	600
2596	601
2595	601
2595	602
2593	602
2593	603
2592	603
2592	605
2591	605
2591	606
2590	606
2590	607
2588	607
2588	608
2587	608
2587	610
2586	610
2586	611
2584	611
2584	612
2582	612
2582	613
2581	613
2581	614
2580	614
2580	615
2578	615
2578	617
2577	617
2577	619
2574	619
2574	620
2572	620
2572	621
2570	621
2570	622
2569	622
2569	623
2568	623
2568	624
2567	624
2567	625
2566	625
2566	626
2564	626
2564	627
2562	627
2562	629
2561	629
2561	630
2559	630
2559	632
2557	632
2557	633
2556	633
2556	635
2555	635
2555	636
2553	636
2553	637
2552	637
2552	638
2551	638
2551	639
2550	639
2550	640
2548	640
2548	641
2547	641
2547	642
2546	642
2546	643
2545	643
2545	644
2543	644
2543	645
2542	645
2542	647
2541	647
2541	648
2540	648
2540	649
2538	649
2538	651
2537	651
2537	653
2536	653
2536	654
2533	654
2533	655
2532	655
2532	656
2531	656
2531	657
2530	657
2530	659
2528	659
2528	660
2526	660
2526	661
2525	661
2525	662
2522	662
2522	663
2521	663
2521	664
2518	664
2518	665
2515	665
2515	666
2513	666
2513	667
2512	667
2512	668
2510	668
2510	669
2507	669
2507	670
2506	670
2506	669
2505	669
2505	670
2503	670
2503	671
2499	671
2499	672
2496	672
2496	673
2493	673
2493	674
2487	674
2487	675
2485	675
2485	676
2478	676
2478	677
2475	677
2475	678
2470	678
2470	679
2468	679
2468	680
2465	680
2465	681
2463	681
2463	682
2456	682
2456	683
2442	683
2442	684
2440	684
2440	683
2436	683
2436	684
2432	684
2432	685
2425	685
2425	686
2424	686
2424	685
2421	685
2421	684
2420	684
2420	685
2413	685
2413	684
2411	684
2411	685
2410	685
2410	686
2409	686
2409	684
2402	684
2402	683
2390	683
2390	682
2380	682
2380	683
2379	683
2379	682
2376	682
2376	681
2367	681
2367	682
2366	682
2366	681
2363	681
2363	680
2329	680
2329	681
2326	681
2326	680
2324	680
2324	681
2317	681
2317	682
2316	682
2316	681
2300	681
2300	682
2297	682
2297	681
2292	681
2292	682
2291	682
2291	681
2282	681
2282	682
2271	682
2271	683
2267	683
2267	682
2265	682
2265	683
2257	683
2257	684
2247	684
2247	683
2246	683
2246	684
2244	684
2244	683
2242	683
2242	684
2236	684
2236	685
2229	685
2229	686
2225	686
2225	687
2221	687
2221	688
2219	688
2219	687
2217	687
2217	688
2213	688
2213	689
2211	689
2211	690
2206	690
2206	691
2203	691
2203	692
2197	692
2197	693
2195	693
2195	694
2193	694
2193	695
2192	695
2192	694
2190	694
2190	695
2187	695
2187	696
2186	696
2186	697
2185	697
2185	696
2183	696
2183	697
2182	697
2182	698
2177	698
2177	699
2174	699
2174	700
2171	700
2171	701
2169	701
2169	702
2167	702
2167	703
2165	703
2165	704
2160	704
2160	705
2156	705
2156	706
2154	706
2154	707
2149	707
2149	708
2145	708
2145	709
2144	709
2144	710
2140	710
2140	711
2135	711
2135	710
2132	710
2132	709
2131	709
2131	708
2129	708
2129	705
2128	705
2128	703
2127	703
2127	702
2125	702
2125	700
2123	700
2123	699
2121	699
2121	698
2119	698
2119	697
2117	697
2117	696
2115	696
2115	695
2112	695
2112	694
2107	694
2107	693
2106	693
2106	692
2105	692
2105	691
2104	691
2104	690
2103	690
2103	688
2101	688
2101	687
2096	687
2096	686
2094	686
2094	685
2093	685
2093	682
2091	682
2091	681
2086	681
2086	680
2084	680
2084	679
2083	679
2083	677
2082	677
2082	676
2081	676
2081	675
2079	675
2079	674
2078	674
2078	673
2077	673
2077	672
2076	672
2076	671
2075	671
2075	670
2073	670
2073	669
2070	669
2070	670
2066	670
2066	671
2063	671
2063	669
2062	669
2062	667
2061	667
2061	666
2058	666
2058	665
2057	665
2057	666
2053	666
2053	667
2052	667
2052	666
2045	666
2045	667
2044	667
2044	668
2043	668
2043	666
2040	666
2040	665
2037	665
2037	664
2033	664
2033	662
2031	662
2031	661
2029	661
2029	660
2028	660
2028	659
2026	659
2026	660
2024	660
2024	658
2023	658
2023	657
2021	657
2021	656
2020	656
2020	655
2018	655
2018	654
2012	654
2012	653
2011	653
2011	652
2010	652
2010	651
2009	651
2009	650
2008	650
2008	649
2005	649
2005	650
2004	650
2004	651
2003	651
2003	650
2002	650
2002	649
2001	649
2001	648
2000	648
2000	645
1998	645
1998	644
1997	644
1997	641
1996	641
1996	640
1994	640
1994	639
1993	639
1993	638
1991	638
1991	637
1990	637
1990	635
1989	635
1989	634
1987	634
1987	633
1986	633
1986	632
1985	632
1985	631
1984	631
1984	629
1983	629
1983	628
1981	628
1981	627
1980	627
1980	626
1978	626
1978	624
1977	624
1977	623
1974	623
1974	622
1973	622
1973	621
1972	621
1972	620
1971	620
1971	619
1970	619
1970	618
1969	618
1969	616
1968	616
1968	615
1967	615
1967	614
1966	614
1966	613
1965	613
1965	611
1964	611
1964	610
1963	610
1963	609
1962	609
1962	608
1961	608
1961	607
1960	607
1960	606
1958	606
1958	605
1957	605
1957	603
1956	603
1956	601
1955	601
1955	600
1954	600
1954	597
1953	597
1953	595
1947	595
1947	594
1946	594
1946	593
1945	593
1945	590
1944	590
1944	588
1943	588
1943	586
1942	586
1942	584
1941	584
1941	581
1940	581
1940	579
1939	579
1939	578
1938	578
1938	577
1937	577
1937	576
1936	576
1936	575
1935	575
1935	574
1931	574
1931	575
1930	575
1930	576
1924	576
1924	577
1919	577
1919	578
1918	578
1918	577
1916	577
1916	579
1915	579
1915	580
1913	580
1913	582
1912	582
1912	583
1911	583
1911	585
1910	585
1910	586
1909	586
1909	587
1905	587
1905	588
1904	588
1904	589
1903	589
1903	590
1902	590
1902	591
1900	591
1900	592
1898	592
1898	593
1896	593
1896	594
1895	594
1895	595
1894	595
1894	596
1893	596
1893	597
1891	597
1891	598
1890	598
1890	599
1889	599
1889	601
1888	601
1888	602
1887	602
1887	603
1886	603
1886	604
1885	604
1885	605
1884	605
1884	606
1883	606
1883	608
1882	608
1882	609
1881	609
1881	610
1880	610
1880	612
1879	612
1879	615
1878	615
1878	619
1877	619
1877	620
1875	620
1875	621
1874	621
1874	622
1872	622
1872	623
1869	623
1869	624
1863	624
1863	625
1858	625
1858	626
1854	626
1854	627
1852	627
1852	628
1849	628
1849	629
1848	629
1848	630
1843	630
1843	631
1841	631
1841	632
1839	632
1839	633
1837	633
1837	634
1833	634
1833	635
1830	635
1830	636
1828	636
1828	637
1826	637
1826	638
1823	638
1823	639
1821	639
1821	640
1820	640
1820	641
1819	641
1819	642
1817	642
1817	643
1816	643
1816	644
1814	644
1814	645
1812	645
1812	647
1811	647
1811	648
1810	648
1810	649
1808	649
1808	648
1806	648
1806	649
1805	649
1805	650
1803	650
1803	651
1799	651
1799	652
1797	652
1797	653
1794	653
1794	654
1785	654
1785	655
1783	655
1783	656
1782	656
1782	658
1781	658
1781	660
1780	660
1780	661
1779	661
1779	663
1778	663
1778	665
1777	665
1777	666
1775	666
1775	674
1774	674
1774	679
1773	679
1773	682
1772	682
1772	684
1771	684
1771	693
1770	693
1770	694
1769	694
1769	695
1771	695
1771	696
1772	696
1772	698
1773	698
1773	701
1774	701
1774	707
1773	707
1773	711
1771	711
1771	712
1768	712
1768	713
1767	713
1767	710
1766	710
1766	711
1761	711
1761	710
1753	710
1753	709
1750	709
1750	704
1749	704
1749	703
1750	703
1750	699
1749	699
1749	698
1750	698
1750	696
1749	696
1749	691
1748	691
1748	689
1747	689
1747	688
1746	688
1746	687
1745	687
1745	684
1744	684
1744	683
1743	683
1743	681
1742	681
1742	680
1741	680
1741	679
1740	679
1740	678
1739	678
1739	676
1738	676
1738	675
1737	675
1737	674
1736	674
1736	673
1735	673
1735	672
1734	672
1734	667
1733	667
1733	666
1731	666
1731	665
1725	665
1725	664
1724	664
1724	665
1722	665
1722	663
1721	663
1721	661
1719	661
1719	660
1716	660
1716	658
1715	658
1715	657
1714	657
1714	656
1712	656
1712	655
1709	655
1709	656
1708	656
1708	655
1707	655
1707	654
1705	654
1705	652
1704	652
1704	651
1703	651
1703	650
1702	650
1702	649
1700	649
1700	648
1699	648
1699	647
1698	647
1698	646
1697	646
1697	645
1693	645
1693	644
1691	644
1691	643
1689	643
1689	642
1690	642
1690	641
1689	641
1689	639
1687	639
1687	638
1686	638
1686	637
1685	637
1685	636
1682	636
1682	635
1680	635
1680	634
1671	634
1671	633
1669	633
1669	632
1667	632
1667	631
1665	631
1665	630
1662	630
1662	629
1648	629
1648	628
1647	628
1647	627
1640	627
1640	628
1639	628
1639	627
1638	627
1638	628
1636	628
1636	629
1633	629
1633	630
1632	630
1632	629
1631	629
1631	631
1630	631
1630	632
1629	632
1629	633
1628	633
1628	635
1627	635
1627	637
1626	637
1626	638
1625	638
1625	639
1624	639
1624	640
1623	640
1623	644
1622	644
1622	648
1621	648
1621	649
1622	649
1622	657
1623	657
1623	659
1624	659
1624	666
1625	666
1625	667
1624	667
1624	668
1623	668
1623	670
1624	670
1624	672
1625	672
1625	675
1624	675
1624	676
1623	676
1623	677
1622	677
1622	679
1621	679
1621	680
1620	680
1620	681
1619	681
1619	683
1617	683
1617	684
1616	684
1616	685
1615	685
1615	686
1613	686
1613	687
1612	687
1612	688
1607	688
1607	687
1606	687
1606	688
1603	688
1603	689
1598	689
1598	690
1595	690
1595	689
1590	689
1590	667
1591	667
1591	663
1592	663
1592	660
1593	660
1593	658
1594	658
1594	656
1595	656
1595	654
1596	654
1596	649
1597	649
1597	628
1596	628
1596	627
1591	627
1591	628
1587	628
1587	627
1582	627
1582	628
1580	628
1580	627
1578	627
1578	626
1577	626
1577	625
1573	625
1573	626
1570	626
1570	625
1559	625
1559	624
1555	624
1555	623
1554	623
1554	621
1553	621
1553	620
1551	620
1551	619
1550	619
1550	618
1548	618
1548	617
1547	617
1547	615
1545	615
1545	614
1543	614
1543	613
1541	613
1541	614
1536	614
1536	615
1529	615
1529	616
1525	616
1525	617
1523	617
1523	618
1519	618
1519	619
1513	619
1513	620
1510	620
1510	621
1509	621
1509	624
1510	624
1510	625
1509	625
1509	639
1508	639
1508	640
1507	640
1507	643
1506	643
1506	646
1505	646
1505	648
1504	648
1504	650
1503	650
1503	651
1502	651
1502	653
1501	653
1501	655
1500	655
1500	658
1499	658
1499	659
1498	659
1498	660
1497	660
1497	661
1495	661
1495	663
1493	663
1493	665
1491	665
1491	667
1490	667
1490	669
1488	669
1488	670
1480	670
1480	671
1475	671
1475	670
1471	670
1471	671
1470	671
1470	670
1467	670
1467	669
1459	669
1459	670
1456	670
1456	669
1454	669
1454	667
1452	667
1452	665
1451	665
1451	666
1446	666
1446	667
1445	667
1445	666
1444	666
1444	667
1443	667
1443	668
1428	668
1428	669
1424	669
1424	668
1423	668
1423	669
1419	669
1419	670
1417	670
1417	669
1414	669
1414	668
1411	668
1411	669
1409	669
1409	668
1400	668
1400	667
1398	667
1398	668
1390	668
1390	669
1372	669
1372	668
1368	668
1368	669
1358	669
1358	668
1350	668
1350	667
1348	667
1348	666
1338	666
1338	667
1337	667
1337	666
1321	666
1321	665
1318	665
1318	666
1316	666
1316	665
1312	665
1312	664
1309	664
1309	665
1305	665
1305	664
1304	664
1304	663
1302	663
1302	662
1301	662
1301	660
1299	660
1299	656
1298	656
1298	655
1295	655
1295	654
1290	654
1290	652
1291	652
1291	651
1290	651
1290	627
1289	627
1289	625
1290	625
1290	621
1289	621
1289	620
1288	620
1288	618
1287	618
1287	617
1285	617
1285	615
1284	615
1284	614
1285	614
1285	612
1283	612
1283	611
1282	611
1282	609
1281	609
1281	607
1280	607
1280	606
1279	606
1279	604
1278	604
1278	602
1277	602
1277	601
1276	601
1276	600
1275	600
1275	599
1274	599
1274	598
1273	598
1273	597
1270	597
1270	596
1269	596
1269	595
1268	595
1268	594
1267	594
1267	593
1263	593
1263	592
1261	592
1261	591
1260	591
1260	589
1259	589
1259	587
1258	587
1258	583
1257	583
1257	579
1256	579
1256	575
1255	575
1255	574
1253	574
1253	573
1251	573
1251	572
1246	572
1246	574
1242	574
1242	573
1240	573
1240	572
1238	572
1238	571
1237	571
1237	570
1234	570
1234	568
1233	568
1233	569
1228	569
1228	568
1227	568
1227	567
1226	567
1226	566
1225	566
1225	567
1222	567
1222	566
1220	566
1220	565
1218	565
1218	564
1216	564
1216	563
1215	563
1215	562
1214	562
1214	563
1213	563
1213	562
1212	562
1212	561
1211	561
1211	562
1208	562
1208	561
1207	561
1207	560
1204	560
1204	559
1202	559
1202	558
1200	558
1200	557
1199	557
1199	556
1198	556
1198	555
1197	555
1197	554
1196	554
1196	553
1195	553
1195	552
1194	552
1194	551
1193	551
1193	550
1192	550
1192	548
1191	548
1191	547
1190	547
1190	546
1188	546
1188	543
1187	543
1187	542
1186	542
1186	541
1185	541
1185	539
1183	539
1183	537
1182	537
1182	536
1181	536
1181	535
1179	535
1179	534
1178	534
1178	533
1179	533
1179	531
1178	531
1178	529
1177	529
1177	528
1176	528
1176	527
1173	527
1173	526
1170	526
1170	525
1169	525
1169	523
1168	523
1168	522
1166	522
1166	521
1163	521
1163	520
1162	520
1162	519
1160	519
1160	517
1159	517
1159	515
1158	515
1158	514
1157	514
1157	513
1156	513
1156	512
1155	512
1155	511
1154	511
1154	510
1153	510
1153	509
1152	509
1152	508
1151	508
1151	507
1150	507
1150	506
1148	506
1148	505
1147	505
1147	504
1146	504
1146	503
1145	503
1145	502
1144	502
1144	501
1143	501
1143	500
1142	500
1142	499
1140	499
1140	500
1129	500
1129	499
1124	499
1124	494
1123	494
1123	491
1122	491
1122	478
1123	478
1123	475
1122	475
1122	473
1121	473
1121	471
1120	471
1120	469
1119	469
1119	468
1118	468
1118	467
1116	467
1116	466
1115	466
1115	465
1114	465
1114	466
1113	466
1113	464
1112	464
1112	463
1111	463
1111	462
1110	462
1110	461
1108	461
1108	460
1107	460
1107	459
1104	459
1104	456
1103	456
1103	455
1102	455
1102	454
1100	454
1100	453
1099	453
1099	452
1092	452
1092	453
1091	453
1091	454
1088	454
1088	455
1087	455
1087	456
1086	456
1086	457
1085	457
1085	458
1084	458
1084	459
1079	459
1079	460
1075	460
1075	461
1074	461
1074	462
1073	462
1073	464
1071	464
1071	465
1070	465
1070	466
1069	466
1069	467
1068	467
1068	472
1066	472
1066	473
1065	473
1065	474
1064	474
1064	475
1060	475
1060	476
1058	476
1058	477
1057	477
1057	478
1055	478
1055	479
1053	479
1053	480
1052	480
1052	481
1051	481
1051	482
1050	482
1050	484
1049	484
1049	486
1048	486
1048	487
1046	487
1046	488
1044	488
1044	489
1043	489
1043	490
1042	490
1042	492
1041	492
1041	494
1039	494
1039	495
1038	495
1038	496
1037	496
1037	497
1035	497
1035	498
1034	498
1034	499
1033	499
1033	501
1032	501
1032	502
1031	502
1031	504
1027	504
1027	505
1026	505
1026	506
1025	506
1025	507
1024	507
1024	511
1023	511
1023	512
1022	512
1022	514
1021	514
1021	515
1020	515
1020	516
1019	516
1019	517
1018	517
1018	524
1017	524
1017	525
1016	525
1016	526
1015	526
1015	527
1014	527
1014	528
1013	528
1013	530
1012	530
1012	531
1011	531
1011	533
1010	533
1010	534
1008	534
1008	535
1007	535
1007	536
1006	536
1006	537
1005	537
1005	538
1003	538
1003	539
1001	539
1001	540
997	540
997	541
995	541
995	542
993	542
993	543
991	543
991	544
990	544
990	545
988	545
988	547
987	547
987	548
986	548
986	549
985	549
985	550
984	550
984	552
983	552
983	553
982	553
982	555
980	555
980	556
979	556
979	559
978	559
978	562
977	562
977	564
975	564
975	565
974	565
974	566
972	566
972	569
971	569
971	571
970	571
970	572
969	572
969	575
968	575
968	576
967	576
967	578
966	578
966	579
965	579
965	580
964	580
964	581
962	581
962	582
961	582
961	583
959	583
959	584
957	584
957	583
958	583
958	582
956	582
956	583
955	583
955	584
948	584
948	585
946	585
946	584
941	584
941	585
940	585
940	586
933	586
933	585
922	585
922	586
919	586
919	587
915	587
915	588
913	588
913	589
912	589
912	590
910	590
910	591
908	591
908	592
903	592
903	593
902	593
902	594
901	594
901	596
900	596
900	597
897	597
897	598
896	598
896	600
895	600
895	601
894	601
894	602
893	602
893	604
892	604
892	606
891	606
891	607
892	607
892	608
891	608
891	610
890	610
890	611
889	611
889	612
890	612
890	616
889	616
889	617
888	617
888	618
887	618
887	621
886	621
886	622
865	622
865	621
864	621
864	622
856	622
856	621
850	621
850	622
848	622
848	621
832	621
832	620
830	620
830	621
826	621
826	620
818	620
818	617
819	617
819	613
820	613
820	612
821	612
821	607
820	607
820	605
819	605
819	604
818	604
818	603
817	603
817	602
816	602
816	597
815	597
815	596
814	596
814	593
813	593
813	592
812	592
812	590
811	590
811	589
810	589
810	588
805	588
805	587
804	587
804	586
800	586
800	585
799	585
799	584
797	584
797	583
795	583
795	582
793	582
793	581
792	581
792	580
790	580
790	579
787	579
787	578
785	578
785	577
784	577
784	576
783	576
783	575
781	575
781	574
778	574
778	573
776	573
776	572
775	572
775	571
774	571
774	570
770	570
770	569
769	569
769	568
763	568
763	567
756	567
756	566
755	566
755	567
753	567
753	566
752	566
752	565
751	565
751	563
750	563
750	561
748	561
748	559
747	559
747	558
746	558
746	557
745	557
745	556
742	556
742	555
738	555
738	556
734	556
734	555
732	555
732	556
733	556
733	558
732	558
732	560
731	560
731	561
729	561
729	562
727	562
727	563
721	563
721	564
718	564
718	565
716	565
716	566
712	566
712	565
711	565
711	563
712	563
712	561
713	561
713	560
714	560
714	557
715	557
715	555
716	555
716	552
717	552
717	550
718	550
718	547
719	547
719	545
720	545
720	541
721	541
721	537
722	537
722	531
723	531
723	530
722	530
722	528
723	528
723	525
724	525
724	508
725	508
725	498
726	498
726	481
725	481
725	480
724	480
724	479
723	479
723	478
722	478
722	476
721	476
721	475
720	475
720	474
719	474
719	473
718	473
718	472
716	472
716	471
715	471
715	470
712	470
712	469
711	469
711	468
709	468
709	464
708	464
708	460
707	460
707	458
706	458
706	454
705	454
705	451
704	451
704	447
702	447
702	446
703	446
703	441
702	441
702	436
701	436
701	435
700	435
700	434
699	434
699	433
698	433
698	432
697	432
697	431
691	431
691	432
690	432
690	433
689	433
689	434
677	434
677	433
676	433
676	432
675	432
675	431
674	431
674	430
673	430
673	428
672	428
672	426
671	426
671	425
670	425
670	424
669	424
669	422
668	422
668	421
667	421
667	420
666	420
666	416
665	416
665	414
664	414
664	413
663	413
663	412
662	412
662	411
647	411
647	412
634	412
634	411
631	411
631	410
626	410
626	409
624	409
624	408
623	408
623	407
622	407
622	406
621	406
621	405
620	405
620	404
619	404
619	403
609	403
609	404
607	404
607	405
606	405
606	406
605	406
605	407
604	407
604	408
603	408
603	409
602	409
602	410
601	410
601	411
600	411
600	412
598	412
598	414
585	414
585	413
584	413
584	412
582	412
582	411
575	411
575	410
574	410
574	409
572	409
572	408
570	408
570	409
568	409
568	411
567	411
567	412
566	412
566	413
565	413
565	414
562	414
562	415
561	415
561	416
560	416
560	417
559	417
559	418
558	418
558	419
555	419
555	420
554	420
554	421
553	421
553	422
552	422
552	439
551	439
551	442
550	442
550	443
549	443
549	445
548	445
548	448
540	448
540	449
539	449
539	450
537	450
537	451
520	451
520	452
494	452
494	453
493	453
493	454
491	454
491	455
480	455
480	456
478	456
478	457
476	457
476	456
452	456
452	455
438	455
438	454
437	454
437	453
436	453
436	452
421	452
421	451
419	451
419	450
417	450
417	449
416	449
416	448
415	448
415	447
410	447
410	446
406	446
406	445
405	445
405	444
403	444
403	443
401	443
401	442
379	442
379	441
378	441
378	440
376	440
376	439
375	439
375	438
373	438
373	437
372	437
372	436
345	436
345	420
344	420
344	419
343	419
343	418
313	418
313	417
312	417
312	392
313	392
313	386
314	386
314	385
315	385
315	384
316	384
316	374
317	374
317	355
319	355
319	354
320	354
320	353
321	353
321	344
320	344
320	342
318	342
318	341
298	341
298	340
297	340
297	336
296	336
296	334
295	334
295	333
294	333
294	331
292	331
292	330
282	330
282	331
280	331
280	332
279	332
279	333
276	333
276	334
273	334
273	335
258	335
258	334
257	334
257	333
256	333
256	332
255	332
255	330
254	330
254	329
253	329
253	325
252	325
252	324
250	324
250	321
248	321
248	319
246	319
246	318
239	318
239	319
237	319
237	320
236	320
236	321
235	321
235	322
234	322
234	323
232	323
232	324
230	324
230	326
229	326
229	328
228	328
228	329
227	329
227	330
226	330
226	332
225	332
225	338
224	338
224	340
223	340
223	343
222	343
222	345
221	345
221	348
220	348
220	350
219	350
219	352
218	352
218	353
217	353
217	355
216	355
216	357
215	357
215	358
213	358
213	359
211	359
211	360
210	360
210	361
209	361
209	362
208	362
208	363
206	363
206	364
205	364
205	365
204	365
204	367
203	367
203	370
192	370
192	369
190	369
190	370
189	370
189	369
185	369
185	370
181	370
181	371
180	371
180	372
178	372
178	373
177	373
177	374
176	374
176	375
175	375
175	376
174	376
174	378
170	378
170	379
169	379
169	380
168	380
168	381
167	381
167	382
165	382
165	383
164	383
164	384
155	384
155	385
154	385
154	384
140	384
140	383
139	383
139	384
137	384
137	383
136	383
136	380
135	380
135	378
136	378
136	368
135	368
135	363
136	363
136	359
135	359
135	358
136	358
136	354
135	354
135	334
134	334
134	332
133	332
133	330
134	330
134	328
133	328
133	321
132	321
132	320
133	320
133	319
132	319
132	318
133	318
133	317
128	317
128	325
129	325
129	331
130	331
130	338
131	338
131	339
130	339
130	340
131	340
131	351
132	351
