3861	281
3857	281
3857	282
3856	282
3856	283
3853	283
3853	284
3849	284
3849	285
3848	285
3848	286
3847	286
3847	287
3846	287
3846	288
3842	288
3842	289
3840	289
3840	290
3839	290
3839	291
3836	291
3836	292
3835	292
3835	293
3834	293
3834	294
3833	294
3833	295
3831	295
3831	296
3830	296
3830	297
3829	297
3829	298
3827	298
3827	299
3826	299
3826	300
3825	300
3825	301
3824	301
3824	302
3821	302
3821	303
3820	303
3820	304
3819	304
3819	305
3818	305
3818	306
3817	306
3817	307
3816	307
3816	308
3815	308
3815	311
3814	311
3814	312
3813	312
3813	313
3810	313
3810	314
3807	314
3807	319
3806	319
3806	320
3805	320
3805	321
3804	321
3804	322
3803	322
3803	323
3802	323
3802	324
3801	324
3801	325
3800	325
3800	326
3799	326
3799	327
3798	327
3798	328
3797	328
3797	329
3796	329
3796	330
3795	330
3795	331
3794	331
3794	332
3793	332
3793	333
3792	333
3792	334
3791	334
3791	335
3790	335
3790	340
3789	340
3789	341
3788	341
3788	342
3787	342
3787	343
3786	343
3786	344
3785	344
3785	346
3784	346
3784	347
3783	347
3783	348
3782	348
3782	349
3781	349
3781	350
3780	350
3780	355
3779	355
3779	359
3778	359
3778	365
3777	365
3777	368
3776	368
3776	374
3775	374
3775	375
3774	375
3774	377
3773	377
3773	378
3772	378
3772	381
3771	381
3771	393
3770	393
3770	397
3769	397
3769	400
3768	400
3768	401
3767	401
3767	404
3766	404
3766	405
3765	405
3765	406
3764	406
3764	407
3763	407
3763	408
3762	408
3762	410
3761	410
3761	411
3760	411
3760	413
3759	413
3759	414
3758	414
3758	415
3757	415
3757	416
3756	416
3756	417
3754	417
3754	418
3751	418
3751	419
3750	419
3750	420
3748	420
3748	421
3742	421
3742	422
3740	422
3740	423
3739	423
3739	424
3737	424
3737	425
3736	425
3736	426
3733	426
3733	427
3708	427
3708	428
3706	428
3706	429
3704	429
3704	430
3703	430
3703	431
3701	431
3701	432
3699	432
3699	433
3698	433
3698	434
3696	434
3696	435
3695	435
3695	436
3694	436
3694	437
3692	437
3692	438
3691	438
3691	439
3689	439
3689	440
3685	440
3685	441
3684	441
3684	442
3683	442
3683	443
3682	443
3682	444
3681	444
3681	445
3680	445
3680	446
3679	446
3679	447
3678	447
3678	448
3677	448
3677	449
3676	449
3676	450
3675	450
3675	451
3674	451
3674	452
3673	452
3673	453
3672	453
3672	454
3671	454
3671	455
3670	455
3670	456
3669	456
3669	457
3665	457
3665	458
3664	458
3664	459
3662	459
3662	460
3661	460
3661	461
3660	461
3660	462
3658	462
3658	466
3657	466
3657	467
3656	467
3656	469
3655	469
3655	470
3654	470
3654	471
3653	471
3653	472
3652	472
3652	473
3651	473
3651	474
3650	474
3650	475
3649	475
3649	479
3648	479
3648	482
3647	482
3647	485
3646	485
3646	486
3645	486
3645	487
3643	487
3643	488
3642	488
3642	489
3641	489
3641	490
3640	490
3640	491
3638	491
3638	492
3635	492
3635	493
3630	493
3630	494
3629	494
3629	495
3628	495
3628	496
3627	496
3627	497
3625	497
3625	498
3623	498
3623	499
3615	499
3615	500
3614	500
3614	501
3611	501
3611	502
3610	502
3610	503
3609	503
3609	504
3603	504
3603	505
3600	505
3600	506
3599	506
3599	507
3560	507
3560	506
3557	506
3557	505
3545	505
3545	506
3544	506
3544	507
3543	507
3543	508
3542	508
3542	510
3541	510
3541	511
3540	511
3540	512
3539	512
3539	514
3538	514
3538	515
3537	515
3537	516
3536	516
3536	517
3535	517
3535	518
3533	518
3533	519
3532	519
3532	520
3530	520
3530	521
3529	521
3529	522
3528	522
3528	523
3527	523
3527	524
3525	524
3525	525
3524	525
3524	526
3518	526
3518	527
3516	527
3516	528
3515	528
3515	529
3512	529
3512	530
3509	530
3509	531
3508	531
3508	532
3506	532
3506	533
3505	533
3505	534
3503	534
3503	535
3501	535
3501	536
3500	536
3500	538
3499	538
3499	539
3498	539
3498	540
3497	540
3497	541
3496	541
3496	544
3495	544
3495	545
3494	545
3494	546
3493	546
3493	547
3492	547
3492	549
3491	549
3491	550
3490	550
3490	551
3489	551
3489	552
3488	552
3488	553
3487	553
3487	555
3486	555
3486	557
3485	557
3485	558
3484	558
3484	559
3483	559
3483	561
3482	561
3482	563
3481	563
3481	566
3480	566
3480	567
3479	567
3479	568
3478	568
3478	569
3477	569
3477	570
3476	570
3476	572
3475	572
3475	573
3474	573
3474	574
3473	574
3473	577
3472	577
3472	578
3471	578
3471	581
3470	581
3470	582
3469	582
3469	586
3468	586
3468	597
3467	597
3467	598
3466	598
3466	600
3465	600
3465	601
3464	601
3464	602
3463	602
3463	606
3462	606
3462	607
3461	607
3461	608
3457	608
3457	609
3456	609
3456	610
3455	610
3455	617
3454	617
3454	619
3453	619
3453	620
3452	620
3452	621
3451	621
3451	624
3450	624
3450	625
3449	625
3449	626
3448	626
3448	627
3445	627
3445	628
3444	628
3444	629
3443	629
3443	630
3442	630
3442	631
3441	631
3441	632
3440	632
3440	633
3439	633
3439	634
3438	634
3438	635
3437	635
3437	636
3436	636
3436	637
3435	637
3435	638
3434	638
3434	639
3433	639
3433	640
3432	640
3432	641
3431	641
3431	642
3430	642
3430	643
3429	643
3429	644
3427	644
3427	645
3426	645
3426	647
3425	647
3425	648
3424	648
3424	649
3423	649
3423	652
3422	652
3422	653
3421	653
3421	656
3420	656
3420	657
3419	657
3419	658
3418	658
3418	659
3417	659
3417	661
3416	661
3416	662
3415	662
3415	663
3414	663
3414	664
3412	664
3412	665
3411	665
3411	666
3408	666
3408	667
3407	667
3407	668
3406	668
3406	669
3405	669
3405	670
3404	670
3404	671
3401	671
3401	672
3400	672
3400	673
3399	673
3399	674
3397	674
3397	675
3395	675
3395	676
3392	676
3392	677
3391	677
3391	678
3390	678
3390	679
3387	679
3387	680
3379	680
3379	681
3377	681
3377	682
3350	682
3350	681
3349	681
3349	680
3338	680
3338	679
3336	679
3336	678
3329	678
3329	677
3328	677
3328	676
3327	676
3327	675
3326	675
3326	674
3325	674
3325	673
3324	673
3324	672
3323	672
3323	671
3322	671
3322	670
3321	670
3321	667
3320	667
3320	666
3319	666
3319	665
3318	665
3318	663
3269	663
3269	664
3268	664
3268	665
3265	665
3265	666
3262	666
3262	667
3249	667
3249	668
3239	668
3239	669
3237	669
3237	670
3233	670
3233	671
3231	671
3231	672
3229	672
3229	673
3227	673
3227	674
3222	674
3222	675
3221	675
3221	676
3216	676
3216	677
3215	677
3215	678
3213	678
3213	679
3212	679
3212	680
3208	680
3208	681
3203	681
3203	682
3200	682
3200	683
3198	683
3198	684
3197	684
3197	685
3193	685
3193	686
3189	686
3189	687
3185	687
3185	688
3184	688
3184	689
3181	689
3181	690
3180	690
3180	691
3178	691
3178	692
3177	692
3177	693
3176	693
3176	694
3173	694
3173	695
3172	695
3172	696
3168	696
3168	697
3167	697
3167	698
3166	698
3166	699
3165	699
3165	700
3164	700
3164	701
3163	701
3163	702
3162	702
3162	703
3161	703
3161	704
3160	704
3160	705
3159	705
3159	706
3158	706
3158	707
3157	707
3157	708
3156	708
3156	709
3155	709
3155	711
3154	711
3154	712
3153	712
3153	714
3152	714
3152	718
3151	718
3151	720
3150	720
3150	723
3149	723
3149	724
3148	724
3148	725
3147	725
3147	726
3146	726
3146	727
3145	727
3145	729
3144	729
3144	731
3143	731
3143	734
3142	734
3142	735
3141	735
3141	737
3140	737
3140	739
3139	739
3139	740
3138	740
3138	742
3137	742
3137	743
3136	743
3136	745
3135	745
3135	748
3134	748
3134	749
3133	749
3133	750
3130	750
3130	751
3129	751
3129	752
3128	752
3128	753
3125	753
3125	754
3124	754
3124	755
3123	755
3123	756
3121	756
3121	759
3120	759
3120	760
3119	760
3119	761
3118	761
3118	762
3117	762
3117	764
3116	764
3116	765
3115	765
3115	766
3114	766
3114	769
3113	769
3113	770
3112	770
3112	771
3111	771
3111	773
3110	773
3110	774
3109	774
3109	775
3108	775
3108	776
3107	776
3107	777
3106	777
3106	778
3105	778
3105	779
3104	779
3104	782
3103	782
3103	799
3102	799
3102	801
3101	801
3101	802
3100	802
3100	805
3099	805
3099	806
3098	806
3098	811
3097	811
3097	813
3096	813
3096	816
3095	816
3095	817
3094	817
3094	818
3093	818
3093	821
3092	821
3092	825
3091	825
3091	826
3090	826
3090	834
3089	834
3089	841
3088	841
3088	844
3087	844
3087	845
3086	845
3086	846
3085	846
3085	847
3084	847
3084	848
3083	848
3083	850
3082	850
3082	853
3081	853
3081	856
3080	856
3080	857
3079	857
3079	862
3078	862
3078	863
3077	863
3077	865
3076	865
3076	866
3075	866
3075	867
3074	867
3074	868
3073	868
3073	869
3072	869
3072	870
3071	870
3071	871
3070	871
3070	872
3069	872
3069	873
3068	873
3068	874
3067	874
3067	875
3066	875
3066	876
3043	876
3043	877
3042	877
3042	878
3039	878
3039	879
3032	879
3032	880
3017	880
3017	881
3009	881
3009	882
3008	882
3008	883
3006	883
3006	884
3005	884
3005	885
3004	885
3004	886
2999	886
2999	887
2998	887
2998	888
2997	888
2997	889
2994	889
2994	890
2992	890
2992	891
2990	891
2990	892
2989	892
2989	893
2987	893
2987	894
2985	894
2985	895
2983	895
2983	896
2982	896
2982	897
2981	897
2981	899
2980	899
2980	900
2979	900
2979	901
2978	901
2978	915
2977	915
2977	916
2976	916
2976	917
2975	917
2975	918
2974	918
2974	920
2973	920
2973	921
2972	921
2972	923
2971	923
2971	924
2970	924
2970	925
2967	925
2967	926
2966	926
2966	927
2965	927
2965	928
2961	928
2961	929
2960	929
2960	930
2959	930
2959	931
2958	931
2958	932
2957	932
2957	934
2956	934
2956	935
2955	935
2955	936
2947	936
2947	935
2945	935
2945	934
2944	934
2944	933
2942	933
2942	932
2941	932
2941	931
2939	931
2939	930
2936	930
2936	929
2935	929
2935	928
2934	928
2934	927
2931	927
2931	926
2930	926
2930	925
2929	925
2929	924
2926	924
2926	923
2925	923
2925	922
2924	922
2924	921
2885	921
2885	922
2882	922
2882	923
2875	923
2875	924
2874	924
2874	925
2872	925
2872	926
2869	926
2869	927
2868	927
2868	928
2867	928
2867	929
2866	929
2866	930
2859	930
2859	929
2858	929
2858	928
2857	928
2857	927
2856	927
2856	926
2855	926
2855	925
2854	925
2854	924
2853	924
2853	923
2852	923
2852	921
2851	921
2851	920
2850	920
2850	919
2849	919
2849	918
2848	918
2848	916
2846	916
2846	915
2841	915
2841	914
2840	914
2840	913
2838	913
2838	912
2836	912
2836	911
2835	911
2835	910
2834	910
2834	909
2833	909
2833	908
2832	908
2832	907
2831	907
2831	906
2830	906
2830	905
2828	905
2828	904
2827	904
2827	903
2826	903
2826	902
2825	902
2825	901
2824	901
2824	900
2823	900
2823	899
2822	899
2822	898
2821	898
2821	897
2820	897
2820	896
2819	896
2819	895
2818	895
2818	894
2817	894
2817	891
2784	891
2784	892
2783	892
2783	893
2780	893
2780	894
2772	894
2772	895
2771	895
2771	896
2763	896
2763	897
2753	897
2753	898
2752	898
2752	899
2746	899
2746	900
2741	900
2741	901
2740	901
2740	902
2739	902
2739	903
2736	903
2736	904
2734	904
2734	905
2733	905
2733	929
2732	929
2732	930
2731	930
2731	939
2730	939
2730	940
2729	940
2729	949
2728	949
2728	950
2727	950
2727	953
2726	953
2726	954
2725	954
2725	956
2724	956
2724	958
2723	958
2723	959
2722	959
2722	961
2721	961
2721	962
2720	962
2720	964
2719	964
2719	965
2718	965
2718	966
2717	966
2717	974
2716	974
2716	976
2715	976
2715	977
2714	977
2714	982
2713	982
2713	983
2712	983
2712	984
2711	984
2711	985
2710	985
2710	986
2709	986
2709	987
2708	987
2708	988
2707	988
2707	989
2706	989
2706	990
2704	990
2704	991
2705	991
2705	992
2706	992
2706	993
2707	993
2707	997
2706	997
2706	998
2705	998
2705	999
2700	999
2700	1000
2699	1000
2699	1001
2698	1001
2698	1002
2697	1002
2697	1003
2696	1003
2696	1004
2695	1004
2695	1005
2694	1005
2694	1006
2692	1006
2692	1007
2691	1007
2691	1008
2689	1008
2689	1009
2688	1009
2688	1010
2685	1010
2685	1011
2682	1011
2682	1012
2676	1012
2676	1013
2672	1013
2672	1014
2670	1014
2670	1015
2668	1015
2668	1016
2667	1016
2667	1017
2663	1017
2663	1018
2661	1018
2661	1019
2658	1019
2658	1020
2657	1020
2657	1021
2654	1021
2654	1022
2652	1022
2652	1023
2650	1023
2650	1024
2646	1024
2646	1025
2645	1025
2645	1026
2642	1026
2642	1027
2641	1027
2641	1028
2640	1028
2640	1029
2639	1029
2639	1030
2638	1030
2638	1031
2637	1031
2637	1032
2634	1032
2634	1033
2633	1033
2633	1034
2632	1034
2632	1035
2630	1035
2630	1036
2629	1036
2629	1037
2626	1037
2626	1038
2625	1038
2625	1039
2624	1039
2624	1040
2622	1040
2622	1041
2621	1041
2621	1042
2619	1042
2619	1043
2617	1043
2617	1044
2616	1044
2616	1045
2615	1045
2615	1046
2614	1046
2614	1047
2611	1047
2611	1048
2610	1048
2610	1049
2609	1049
2609	1050
2608	1050
2608	1051
2607	1051
2607	1052
2606	1052
2606	1058
2605	1058
2605	1063
2604	1063
2604	1064
2603	1064
2603	1068
2602	1068
2602	1070
2601	1070
2601	1071
2600	1071
2600	1072
2589	1072
2589	1071
2588	1071
2588	1070
2586	1070
2586	1069
2585	1069
2585	1068
2584	1068
2584	1067
2583	1067
2583	1066
2582	1066
2582	1065
2581	1065
2581	1064
2579	1064
2579	1063
2578	1063
2578	1062
2577	1062
2577	1061
2575	1061
2575	1060
2574	1060
2574	1059
2573	1059
2573	1058
2572	1058
2572	1057
2571	1057
2571	1056
2570	1056
2570	1055
2569	1055
2569	1054
2568	1054
2568	1053
2567	1053
2567	1052
2566	1052
2566	1051
2565	1051
2565	1050
2564	1050
2564	1049
2563	1049
2563	1048
2562	1048
2562	1040
2558	1040
2558	1041
2557	1041
2557	1042
2554	1042
2554	1043
2546	1043
2546	1044
2545	1044
2545	1045
2544	1045
2544	1046
2541	1046
2541	1047
2538	1047
2538	1048
2537	1048
2537	1049
2534	1049
2534	1050
2530	1050
2530	1051
2529	1051
2529	1052
2528	1052
2528	1054
2527	1054
2527	1058
2526	1058
2526	1059
2525	1059
2525	1060
2524	1060
2524	1061
2523	1061
2523	1063
2522	1063
2522	1064
2521	1064
2521	1065
2520	1065
2520	1066
2519	1066
2519	1067
2518	1067
2518	1068
2517	1068
2517	1069
2516	1069
2516	1070
2515	1070
2515	1071
2514	1071
2514	1072
2513	1072
2513	1073
2512	1073
2512	1074
2511	1074
2511	1075
2510	1075
2510	1076
2509	1076
2509	1077
2508	1077
2508	1078
2507	1078
2507	1079
2506	1079
2506	1080
2505	1080
2505	1081
2504	1081
2504	1082
2503	1082
2503	1083
2501	1083
2501	1084
2500	1084
2500	1085
2499	1085
2499	1087
2498	1087
2498	1088
2497	1088
2497	1089
2489	1089
2489	1088
2486	1088
2486	1087
2485	1087
2485	1086
2468	1086
2468	1091
2467	1091
2467	1092
2466	1092
2466	1099
2465	1099
2465	1100
2464	1100
2464	1101
2451	1101
2451	1100
2450	1100
2450	1099
2440	1099
2440	1100
2438	1100
2438	1101
2401	1101
2401	1102
2400	1102
2400	1103
2398	1103
2398	1104
2394	1104
2394	1105
2393	1105
2393	1106
2392	1106
2392	1107
2388	1107
2388	1108
2379	1108
2379	1107
2374	1107
2374	1106
2373	1106
2373	1105
2365	1105
2365	1104
2364	1104
2364	1103
2363	1103
2363	1102
2361	1102
2361	1101
2360	1101
2360	1100
2359	1100
2359	1099
2358	1099
2358	1095
2357	1095
2357	1094
2347	1094
2347	1095
2344	1095
2344	1096
2342	1096
2342	1097
2341	1097
2341	1098
2340	1098
2340	1099
2339	1099
2339	1100
2338	1100
2338	1101
2336	1101
2336	1102
2335	1102
2335	1103
2333	1103
2333	1104
2332	1104
2332	1105
2331	1105
2331	1106
2330	1106
2330	1108
2329	1108
2329	1109
2328	1109
2328	1112
2327	1112
2327	1116
2326	1116
2326	1117
2325	1117
2325	1118
2324	1118
2324	1119
2323	1119
2323	1121
2322	1121
2322	1122
2321	1122
2321	1123
2319	1123
2319	1124
2318	1124
2318	1126
2317	1126
2317	1130
2316	1130
2316	1135
2315	1135
2315	1136
2314	1136
2314	1137
2313	1137
2313	1138
2312	1138
2312	1139
2310	1139
2310	1140
2309	1140
2309	1141
2306	1141
2306	1142
2302	1142
2302	1143
2299	1143
2299	1144
2297	1144
2297	1145
2295	1145
2295	1146
2294	1146
2294	1148
2293	1148
2293	1149
2292	1149
2292	1150
2291	1150
2291	1151
2288	1151
2288	1152
2282	1152
2282	1153
2281	1153
2281	1154
2274	1154
2274	1155
2264	1155
2264	1156
2263	1156
2263	1157
2260	1157
2260	1158
2258	1158
2258	1159
2253	1159
2253	1161
2252	1161
2252	1162
2251	1162
2251	1163
2221	1163
2221	1162
2213	1162
2213	1161
2211	1161
2211	1160
2210	1160
2210	1159
2209	1159
2209	1158
2206	1158
2206	1157
2205	1157
2205	1156
2204	1156
2204	1154
2203	1154
2203	1152
2202	1152
2202	1151
2201	1151
2201	1150
2200	1150
2200	1149
2192	1149
2192	1150
2177	1150
2177	1149
2176	1149
2176	1148
2167	1148
2167	1147
2160	1147
2160	1146
2156	1146
2156	1145
2155	1145
2155	1144
2150	1144
2150	1143
2149	1143
2149	1142
2148	1142
2148	1141
2143	1141
2143	1142
2140	1142
2140	1143
2139	1143
2139	1144
2138	1144
2138	1146
2137	1146
2137	1147
2136	1147
2136	1148
2135	1148
2135	1149
2134	1149
2134	1150
2123	1150
2123	1149
2122	1149
2122	1148
2111	1148
2111	1147
2105	1147
2105	1146
2104	1146
2104	1145
2099	1145
2099	1144
2091	1144
2091	1143
2090	1143
2090	1142
2087	1142
2087	1141
2081	1141
2081	1140
2064	1140
2064	1139
2063	1139
2063	1138
2056	1138
2056	1137
2055	1137
2055	1136
2053	1136
2053	1135
2051	1135
2051	1134
2050	1134
2050	1133
2049	1133
2049	1132
2048	1132
2048	1131
2047	1131
2047	1130
2046	1130
2046	1127
2045	1127
2045	1126
2044	1126
2044	1125
2033	1125
2033	1126
2032	1126
2032	1127
2031	1127
2031	1128
2030	1128
2030	1129
2029	1129
2029	1130
2024	1130
2024	1129
2023	1129
2023	1128
2022	1128
2022	1126
2021	1126
2021	1125
2020	1125
2020	1115
2019	1115
2019	1114
2018	1114
2018	1079
2019	1079
2019	1060
2020	1060
2020	1057
2021	1057
2021	1049
2022	1049
2022	1026
2023	1026
2023	1005
2024	1005
2024	999
2025	999
2025	996
2026	996
2026	995
2027	995
2027	993
2026	993
2026	992
1961	992
1961	993
1951	993
1951	994
1950	994
1950	995
1944	995
1944	996
1941	996
1941	997
1940	997
1940	998
1939	998
1939	1004
1938	1004
1938	1008
1937	1008
1937	1009
1936	1009
1936	1011
1935	1011
1935	1013
1934	1013
1934	1014
1933	1014
1933	1016
1932	1016
1932	1018
1931	1018
1931	1021
1930	1021
1930	1022
1929	1022
1929	1028
1928	1028
1928	1036
1927	1036
1927	1039
1926	1039
1926	1042
1925	1042
1925	1063
1924	1063
1924	1064
1923	1064
1923	1071
1922	1071
1922	1072
1921	1072
1921	1075
1920	1075
1920	1082
1919	1082
1919	1083
1918	1083
1918	1084
1905	1084
1905	1083
1904	1083
1904	1082
1877	1082
1877	1081
1870	1081
1870	1080
1869	1080
1869	1079
1868	1079
1868	1078
1859	1078
1859	1077
1858	1077
1858	1076
1856	1076
1856	1075
1854	1075
1854	1074
1853	1074
1853	1073
1850	1073
1850	1072
1849	1072
1849	1071
1846	1071
1846	1070
1845	1070
1845	1069
1842	1069
1842	1068
1841	1068
1841	1067
1828	1067
1828	1068
1821	1068
1821	1069
1820	1069
1820	1070
1817	1070
1817	1071
1816	1071
1816	1072
1813	1072
1813	1073
1812	1073
1812	1074
1811	1074
1811	1075
1810	1075
1810	1076
1806	1076
1806	1077
1804	1077
1804	1078
1803	1078
1803	1079
1800	1079
1800	1080
1798	1080
1798	1093
1797	1093
1797	1101
1796	1101
1796	1102
1795	1102
1795	1103
1794	1103
1794	1105
1793	1105
1793	1108
1792	1108
1792	1109
1791	1109
1791	1110
1790	1110
1790	1111
1789	1111
1789	1112
1788	1112
1788	1113
1787	1113
1787	1114
1786	1114
1786	1115
1771	1115
1771	1114
1762	1114
1762	1113
1745	1113
1745	1114
1744	1114
1744	1115
1743	1115
1743	1116
1742	1116
1742	1117
1741	1117
1741	1118
1740	1118
1740	1119
1730	1119
1730	1120
1729	1120
1729	1121
1726	1121
1726	1122
1725	1122
1725	1123
1723	1123
1723	1124
1722	1124
1722	1125
1721	1125
1721	1126
1720	1126
1720	1127
1719	1127
1719	1128
1718	1128
1718	1129
1717	1129
1717	1130
1716	1130
1716	1131
1715	1131
1715	1132
1674	1132
1674	1131
1663	1131
1663	1130
1662	1130
1662	1129
1656	1129
1656	1128
1655	1128
1655	1127
1651	1127
1651	1126
1648	1126
1648	1125
1647	1125
1647	1124
1646	1124
1646	1123
1645	1123
1645	1122
1644	1122
1644	1121
1640	1121
1640	1120
1639	1120
1639	1119
1621	1119
1621	1118
1618	1118
1618	1117
1617	1117
1617	1116
1615	1116
1615	1115
1614	1115
1614	1114
1613	1114
1613	1113
1612	1113
1612	1112
1611	1112
1611	1105
1610	1105
1610	1102
1609	1102
1609	1101
1608	1101
1608	1098
1607	1098
1607	1097
1606	1097
1606	1096
1605	1096
1605	1095
1604	1095
1604	1093
1603	1093
1603	1092
1602	1092
1602	1091
1601	1091
1601	1089
1600	1089
1600	1088
1599	1088
1599	1087
1598	1087
1598	1085
1597	1085
1597	1084
1596	1084
1596	1081
1595	1081
1595	1080
1594	1080
1594	1028
1592	1028
1592	1027
1591	1027
1591	1026
1590	1026
1590	1025
1589	1025
1589	1024
1588	1024
1588	1023
1587	1023
1587	1022
1586	1022
1586	1021
1585	1021
1585	1020
1584	1020
1584	1019
1583	1019
1583	1018
1582	1018
1582	1017
1581	1017
1581	1016
1580	1016
1580	1013
1579	1013
1579	1012
1578	1012
1578	1011
1577	1011
1577	1010
1576	1010
1576	1009
1575	1009
1575	1008
1574	1008
1574	1007
1573	1007
1573	1005
1572	1005
1572	1004
1571	1004
1571	998
1553	998
1553	999
1552	999
1552	1000
1515	1000
1515	1001
1514	1001
1514	1002
1512	1002
1512	1003
1510	1003
1510	1004
1509	1004
1509	1005
1468	1005
1468	1006
1467	1006
1467	1007
1466	1007
1466	1008
1462	1008
1462	1009
1458	1009
1458	1010
1457	1010
1457	1011
1454	1011
1454	1012
1453	1012
1453	1013
1452	1013
1452	1014
1451	1014
1451	1015
1450	1015
1450	1016
1445	1016
1445	1017
1434	1017
1434	1018
1423	1018
1423	1019
1415	1019
1415	1020
1414	1020
1414	1021
1413	1021
1413	1022
1412	1022
1412	1023
1409	1023
1409	1026
1408	1026
1408	1027
1407	1027
1407	1028
1406	1028
1406	1029
1384	1029
1384	1028
1383	1028
1383	1027
1350	1027
1350	1026
1348	1026
1348	1025
1347	1025
1347	1024
1346	1024
1346	1017
1345	1017
1345	1013
1344	1013
1344	1012
1343	1012
1343	1011
1342	1011
1342	1010
1341	1010
1341	1009
1340	1009
1340	1007
1339	1007
1339	1006
1338	1006
1338	1004
1337	1004
1337	1003
1336	1003
1336	974
1337	974
1337	973
1338	973
1338	972
1339	972
1339	971
1344	971
1344	970
1346	970
1346	968
1347	968
1347	963
1346	963
1346	962
1345	962
1345	961
1344	961
1344	960
1343	960
1343	946
1342	946
1342	943
1341	943
1341	926
1339	926
1339	925
1298	925
1298	926
1294	926
1294	927
1293	927
1293	928
1292	928
1292	929
1289	929
1289	930
1288	930
1288	931
1286	931
1286	932
1285	932
1285	933
1284	933
1284	934
1282	934
1282	935
1281	935
1281	936
1280	936
1280	937
1273	937
1273	938
1272	938
1272	939
1269	939
1269	940
1268	940
1268	941
1267	941
1267	942
1265	942
1265	944
1264	944
1264	945
1263	945
1263	947
1262	947
1262	952
1261	952
1261	953
1260	953
1260	954
1259	954
1259	955
1258	955
1258	956
1257	956
1257	957
1256	957
1256	958
1255	958
1255	959
1254	959
1254	960
1251	960
1251	961
1250	961
1250	962
1249	962
1249	963
1248	963
1248	964
1247	964
1247	965
1246	965
1246	966
1245	966
1245	967
1244	967
1244	968
1243	968
1243	977
1242	977
1242	978
1241	978
1241	979
1219	979
1219	978
1218	978
1218	977
1217	977
1217	976
1216	976
1216	975
1215	975
1215	974
1214	974
1214	971
1213	971
1213	970
1212	970
1212	969
1211	969
1211	968
1210	968
1210	967
1209	967
1209	966
1195	966
1195	965
1194	965
1194	964
1192	964
1192	963
1191	963
1191	962
1190	962
1190	961
1187	961
1187	960
1186	960
1186	959
1185	959
1185	926
1165	926
1165	927
1164	927
1164	928
1145	928
1145	929
1141	929
1141	928
1140	928
1140	927
1139	927
1139	926
1138	926
1138	925
1137	925
1137	924
1135	924
1135	923
1134	923
1134	922
1133	922
1133	921
1132	921
1132	919
1131	919
1131	917
1130	917
1130	913
1129	913
1129	912
1128	912
1128	911
1127	911
1127	910
1126	910
1126	909
1125	909
1125	908
1124	908
1124	907
1123	907
1123	906
1122	906
1122	903
1121	903
1121	902
1120	902
1120	901
1119	901
1119	900
1109	900
1109	899
1107	899
1107	898
1106	898
1106	897
1105	897
1105	894
1104	894
1104	875
1103	875
1103	873
1102	873
1102	872
1101	872
1101	871
1054	871
1054	870
1048	870
1048	869
1047	869
1047	868
1046	868
1046	867
1045	867
1045	865
1044	865
1044	864
1043	864
1043	863
1042	863
1042	862
1040	862
1040	861
1036	861
1036	860
1027	860
1027	859
1026	859
1026	858
1025	858
1025	857
1024	857
1024	856
1023	856
1023	855
1022	855
1022	854
1021	854
1021	850
1020	850
1020	846
1001	846
1001	847
1000	847
1000	849
999	849
999	850
998	850
998	851
995	851
995	852
994	852
994	853
993	853
993	854
991	854
991	855
987	855
987	856
986	856
986	857
982	857
982	858
981	858
981	859
980	859
980	860
978	860
978	861
977	861
977	862
975	862
975	863
957	863
957	864
953	864
953	865
939	865
939	864
938	864
938	863
937	863
937	862
935	862
935	861
934	861
934	860
933	860
933	859
932	859
932	857
931	857
931	854
930	854
930	853
929	853
929	851
928	851
928	850
927	850
927	849
926	849
926	846
925	846
925	845
924	845
924	844
923	844
923	829
924	829
924	827
925	827
925	824
924	824
924	823
923	823
923	822
922	822
922	820
921	820
921	819
920	819
920	818
919	818
919	817
918	817
918	816
917	816
917	815
916	815
916	811
915	811
915	810
914	810
914	809
913	809
913	808
895	808
895	809
894	809
894	810
893	810
893	812
892	812
892	813
891	813
891	814
890	814
890	815
886	815
886	816
878	816
878	815
873	815
873	814
872	814
872	813
871	813
871	812
867	812
867	811
863	811
863	810
861	810
861	809
860	809
860	808
859	808
859	807
851	807
851	806
850	806
850	805
848	805
848	804
847	804
847	803
846	803
846	802
845	802
845	801
844	801
844	800
840	800
840	799
838	799
838	798
835	798
835	797
834	797
834	796
833	796
833	795
832	795
832	794
831	794
831	793
830	793
830	792
829	792
829	790
828	790
828	789
827	789
827	788
777	788
777	787
770	787
770	786
769	786
769	785
765	785
765	784
760	784
760	783
726	783
726	784
725	784
725	785
719	785
719	786
718	786
718	787
691	787
691	786
690	786
690	785
684	785
684	784
683	784
683	783
681	783
681	782
680	782
680	781
677	781
677	780
676	780
676	779
675	779
675	778
674	778
674	777
673	777
673	775
669	775
669	774
668	774
668	773
667	773
667	772
654	772
654	771
653	771
653	770
648	770
648	769
646	769
646	768
643	768
643	767
638	767
638	766
637	766
637	765
633	765
633	764
632	764
632	763
624	763
624	764
622	764
622	765
621	765
621	766
620	766
620	767
619	767
619	768
606	768
606	767
580	767
580	770
579	770
579	771
578	771
578	772
573	772
573	771
570	771
570	770
569	770
569	769
568	769
568	767
567	767
567	741
568	741
568	735
567	735
567	734
565	734
565	733
561	733
561	732
560	732
560	731
558	731
558	730
557	730
557	729
556	729
556	728
555	728
555	726
553	726
553	725
552	725
552	724
550	724
550	723
549	723
549	722
548	722
548	721
546	721
546	720
543	720
543	719
542	719
542	718
539	718
539	717
537	717
537	716
536	716
536	715
533	715
533	714
527	714
527	713
526	713
526	712
524	712
524	711
523	711
523	710
522	710
522	709
521	709
521	706
520	706
520	703
519	703
519	702
518	702
518	694
517	694
517	693
516	693
516	692
515	692
515	685
516	685
516	684
517	684
517	683
519	683
519	682
516	682
516	681
512	681
512	680
511	680
511	679
510	679
510	678
509	678
509	677
508	677
508	676
506	676
506	675
504	675
504	674
503	674
503	673
502	673
502	672
501	672
501	671
500	671
500	669
499	669
499	668
498	668
498	667
496	667
496	668
495	668
495	669
493	669
493	670
490	670
490	671
487	671
487	672
486	672
486	673
485	673
485	675
484	675
484	676
483	676
483	677
473	677
473	676
472	676
472	675
471	675
471	662
472	662
472	660
473	660
473	659
474	659
474	652
475	652
475	618
474	618
474	617
473	617
473	614
472	614
472	610
471	610
471	609
470	609
470	603
469	603
469	601
467	601
467	600
466	600
466	599
465	599
465	598
464	598
464	597
455	597
455	596
454	596
454	595
449	595
449	594
446	594
446	593
445	593
445	592
444	592
444	591
443	591
443	565
442	565
442	489
443	489
443	486
444	486
444	472
445	472
445	467
446	467
446	458
445	458
445	457
444	457
444	454
443	454
443	452
432	452
432	451
431	451
431	450
422	450
422	449
412	449
412	448
411	448
411	447
368	447
368	446
366	446
366	445
362	445
362	444
357	444
357	443
356	443
356	442
355	442
355	441
352	441
352	440
351	440
351	439
348	439
348	438
346	438
346	437
345	437
345	436
335	436
335	437
334	437
334	439
333	439
333	440
332	440
332	442
331	442
331	443
330	443
330	444
329	444
329	445
328	445
328	446
327	446
327	447
316	447
316	446
312	446
312	445
311	445
311	444
310	444
310	443
309	443
309	426
302	426
302	425
301	425
301	424
289	424
289	423
286	423
286	422
285	422
285	421
283	421
283	420
280	420
280	419
277	419
277	418
276	418
276	417
275	417
275	413
272	413
272	412
271	412
271	411
265	411
265	410
264	410
264	409
263	409
263	397
262	397
262	400
261	400
261	403
260	403
260	404
259	404
259	405
258	405
258	406
257	406
257	407
256	407
256	408
255	408
255	409
254	409
254	412
253	412
253	414
252	414
252	415
251	415
251	417
250	417
250	419
249	419
249	421
248	421
248	422
247	422
247	424
246	424
246	425
245	425
245	426
244	426
244	427
240	427
240	426
239	426
239	425
238	425
238	423
237	423
237	422
236	422
236	420
235	420
235	410
234	410
234	400
233	400
233	392
232	392
232	385
231	385
231	383
230	383
230	380
229	380
229	377
228	377
228	376
227	376
227	338
224	338
224	337
223	337
223	336
219	336
219	335
218	335
218	334
213	334
213	333
208	333
208	332
207	332
207	331
205	331
205	330
204	330
204	329
202	329
202	328
201	328
201	327
200	327
200	326
193	326
193	325
192	325
192	324
180	324
180	326
179	326
179	327
178	327
178	328
176	328
176	329
175	329
175	332
174	332
174	333
173	333
173	334
172	334
172	336
171	336
171	337
170	337
170	338
168	338
168	339
166	339
166	340
165	340
165	341
161	341
161	340
160	340
160	339
159	339
159	326
156	326
156	325
154	325
154	324
153	324
153	323
152	323
152	322
150	322
150	321
149	321
149	320
148	320
148	319
147	319
147	311
146	311
146	310
145	310
145	309
144	309
144	307
143	307
143	306
142	306
142	305
141	305
141	304
140	304
140	292
139	292
139	288
135	288
135	287
120	287
120	286
119	286
119	285
114	285
114	284
113	284
113	283
107	283
107	282
106	282
106	281
105	281
105	263
104	263
104	262
103	262
103	257
102	257
102	255
101	255
101	254
100	254
100	250
101	250
101	249
102	249
102	248
108	248
108	249
109	249
109	250
110	250
110	253
111	253
111	259
112	259
112	260
113	260
113	275
117	275
117	276
118	276
118	277
123	277
123	278
124	278
124	279
138	279
138	280
143	280
143	281
144	281
144	282
145	282
145	283
146	283
146	284
147	284
147	289
148	289
148	300
149	300
149	301
150	301
150	302
151	302
151	303
152	303
152	304
153	304
153	305
154	305
154	306
155	306
155	314
156	314
156	315
157	315
157	316
158	316
158	317
159	317
159	318
164	318
164	319
165	319
165	320
166	320
166	321
167	321
167	325
168	325
168	324
169	324
169	323
170	323
170	322
171	322
171	321
172	321
172	320
174	320
174	319
175	319
175	318
176	318
176	317
177	317
177	316
196	316
196	317
197	317
197	318
204	318
204	319
205	319
205	320
206	320
206	321
207	321
207	322
209	322
209	323
210	323
210	324
211	324
211	325
216	325
216	326
221	326
221	327
222	327
222	328
226	328
226	329
227	329
227	330
233	330
233	331
234	331
234	332
235	332
235	373
236	373
236	374
237	374
237	377
238	377
238	380
239	380
239	381
240	381
240	388
241	388
241	397
242	397
242	407
243	407
243	411
244	411
244	410
245	410
245	409
246	409
246	405
247	405
247	404
248	404
248	403
249	403
249	402
251	402
251	401
252	401
252	399
253	399
253	397
254	397
254	394
255	394
255	393
256	393
256	392
257	392
257	391
258	391
258	389
259	389
259	388
260	388
260	387
262	387
262	386
269	386
269	387
270	387
270	388
271	388
271	403
274	403
274	404
275	404
275	405
278	405
278	406
281	406
281	407
282	407
282	408
283	408
283	412
286	412
286	413
289	413
289	414
290	414
290	415
292	415
292	416
305	416
305	417
306	417
306	418
313	418
313	419
314	419
314	420
315	420
315	421
316	421
316	422
317	422
317	438
319	438
319	439
324	439
324	437
325	437
325	436
326	436
326	432
327	432
327	431
328	431
328	430
329	430
329	429
332	429
332	428
348	428
348	429
349	429
349	430
351	430
351	431
354	431
354	432
355	432
355	433
359	433
359	434
360	434
360	435
361	435
361	436
365	436
365	437
369	437
369	438
372	438
372	439
415	439
415	440
416	440
416	441
425	441
425	442
434	442
434	443
435	443
435	444
447	444
447	445
448	445
448	446
449	446
449	447
450	447
450	448
451	448
451	451
452	451
452	453
453	453
453	454
454	454
454	471
453	471
453	476
452	476
452	490
451	490
451	493
450	493
450	562
451	562
451	586
452	586
452	587
457	587
457	588
458	588
458	589
467	589
467	590
468	590
468	591
470	591
470	592
471	592
471	593
475	593
475	594
476	594
476	595
477	595
477	600
478	600
478	606
479	606
479	607
480	607
480	611
481	611
481	613
482	613
482	614
483	614
483	656
482	656
482	662
481	662
481	663
480	663
480	665
479	665
479	666
480	666
480	665
482	665
482	664
484	664
484	663
487	663
487	662
490	662
490	661
492	661
492	660
493	660
493	659
502	659
502	660
503	660
503	661
504	661
504	662
505	662
505	663
506	663
506	664
507	664
507	665
508	665
508	667
509	667
509	668
512	668
512	669
513	669
513	670
514	670
514	671
515	671
515	673
519	673
519	674
522	674
522	675
525	675
525	676
526	676
526	677
527	677
527	678
528	678
528	692
527	692
527	693
526	693
526	699
527	699
527	700
528	700
528	703
529	703
529	705
531	705
531	706
536	706
536	707
539	707
539	708
540	708
540	709
543	709
543	710
546	710
546	711
547	711
547	712
549	712
549	713
552	713
552	714
553	714
553	715
554	715
554	716
555	716
555	717
556	717
556	718
559	718
559	719
560	719
560	720
561	720
561	721
562	721
562	722
563	722
563	723
564	723
564	724
565	724
565	725
569	725
569	726
571	726
571	727
572	727
572	728
573	728
573	729
574	729
574	730
575	730
575	731
576	731
576	744
575	744
575	759
610	759
610	760
615	760
615	759
616	759
616	758
617	758
617	757
618	757
618	756
621	756
621	755
636	755
636	756
637	756
637	757
640	757
640	758
641	758
641	759
646	759
646	760
649	760
649	761
651	761
651	762
656	762
656	763
657	763
657	764
671	764
671	765
673	765
673	766
674	766
674	767
676	767
676	768
677	768
677	769
678	769
678	770
679	770
679	771
680	771
680	772
681	772
681	773
684	773
684	774
685	774
685	775
686	775
686	776
688	776
688	777
693	777
693	778
694	778
694	779
715	779
715	778
716	778
716	777
722	777
722	776
723	776
723	775
763	775
763	776
768	776
768	777
772	777
772	778
774	778
774	779
780	779
780	780
831	780
831	781
832	781
832	782
833	782
833	783
834	783
834	784
835	784
835	786
836	786
836	787
837	787
837	788
838	788
838	789
839	789
839	790
842	790
842	791
843	791
843	792
847	792
847	793
848	793
848	794
849	794
849	795
850	795
850	796
851	796
851	797
853	797
853	798
854	798
854	799
862	799
862	800
863	800
863	801
864	801
864	802
867	802
867	803
870	803
870	804
876	804
876	805
877	805
877	806
878	806
878	807
881	807
881	808
883	808
883	807
885	807
885	806
886	806
886	804
887	804
887	803
888	803
888	802
889	802
889	801
892	801
892	800
917	800
917	801
918	801
918	802
919	802
919	803
920	803
920	804
921	804
921	806
922	806
922	807
923	807
923	808
924	808
924	812
925	812
925	813
926	813
926	814
927	814
927	815
928	815
928	816
929	816
929	817
930	817
930	818
931	818
931	819
932	819
932	820
933	820
933	821
934	821
934	827
933	827
933	830
932	830
932	832
931	832
931	840
932	840
932	841
933	841
933	842
934	842
934	845
935	845
935	846
936	846
936	847
937	847
937	850
938	850
938	851
939	851
939	854
942	854
942	855
943	855
943	856
944	856
944	857
950	857
950	856
954	856
954	855
971	855
971	854
974	854
974	853
975	853
975	852
976	852
976	851
977	851
977	850
978	850
978	849
982	849
982	848
983	848
983	847
988	847
988	846
989	846
989	845
990	845
990	844
991	844
991	843
994	843
994	842
995	842
995	841
996	841
996	840
997	840
997	839
998	839
998	838
1025	838
1025	839
1026	839
1026	840
1027	840
1027	842
1028	842
1028	847
1029	847
1029	851
1031	851
1031	852
1039	852
1039	853
1044	853
1044	854
1046	854
1046	855
1047	855
1047	856
1048	856
1048	857
1049	857
1049	858
1050	858
1050	859
1051	859
1051	860
1052	860
1052	862
1057	862
1057	863
1106	863
1106	864
1107	864
1107	865
1108	865
1108	866
1109	866
1109	869
1110	869
1110	870
1111	870
1111	872
1112	872
1112	891
1113	891
1113	892
1123	892
1123	893
1124	893
1124	894
1125	894
1125	896
1126	896
1126	897
1127	897
1127	898
1128	898
1128	899
1129	899
1129	900
1130	900
1130	902
1132	902
1132	903
1133	903
1133	904
1134	904
1134	907
1135	907
1135	908
1136	908
1136	909
1137	909
1137	910
1138	910
1138	914
1139	914
1139	916
1140	916
1140	917
1141	917
1141	918
1142	918
1142	919
1143	919
1143	920
1161	920
1161	919
1162	919
1162	918
1191	918
1191	919
1192	919
1192	920
1193	920
1193	954
1194	954
1194	955
1195	955
1195	956
1197	956
1197	957
1198	957
1198	958
1215	958
1215	959
1216	959
1216	960
1217	960
1217	963
1218	963
1218	964
1219	964
1219	965
1220	965
1220	966
1221	966
1221	967
1222	967
1222	970
1223	970
1223	971
1235	971
1235	962
1236	962
1236	961
1237	961
1237	960
1240	960
1240	959
1241	959
1241	957
1242	957
1242	956
1243	956
1243	955
1244	955
1244	954
1247	954
1247	953
1248	953
1248	952
1250	952
1250	951
1252	951
1252	949
1253	949
1253	948
1254	948
1254	944
1255	944
1255	941
1256	941
1256	940
1257	940
1257	938
1258	938
1258	936
1259	936
1259	935
1260	935
1260	934
1263	934
1263	933
1264	933
1264	932
1265	932
1265	931
1268	931
1268	930
1269	930
1269	929
1277	929
1277	928
1278	928
1278	927
1279	927
1279	926
1280	926
1280	925
1281	925
1281	924
1282	924
1282	923
1285	923
1285	922
1286	922
1286	921
1289	921
1289	920
1290	920
1290	919
1291	919
1291	918
1295	918
1295	917
1343	917
1343	918
1345	918
1345	919
1346	919
1346	920
1347	920
1347	921
1348	921
1348	922
1349	922
1349	939
1350	939
1350	943
1351	943
1351	956
1353	956
1353	957
1354	957
1354	958
1355	958
1355	971
1354	971
1354	976
1353	976
1353	977
1352	977
1352	978
1347	978
1347	979
1344	979
1344	1000
1345	1000
1345	1001
1346	1001
1346	1003
1347	1003
1347	1004
1348	1004
1348	1005
1349	1005
1349	1006
1350	1006
1350	1007
1351	1007
1351	1008
1352	1008
1352	1009
1353	1009
1353	1014
1354	1014
1354	1019
1386	1019
1386	1020
1388	1020
1388	1021
1401	1021
1401	1020
1402	1020
1402	1019
1403	1019
1403	1018
1404	1018
1404	1017
1405	1017
1405	1016
1406	1016
1406	1015
1408	1015
1408	1014
1409	1014
1409	1013
1410	1013
1410	1012
1411	1012
1411	1011
1420	1011
1420	1010
1430	1010
1430	1009
1442	1009
1442	1008
1446	1008
1446	1007
1447	1007
1447	1006
1448	1006
1448	1005
1449	1005
1449	1004
1450	1004
1450	1003
1453	1003
1453	1002
1454	1002
1454	1001
1458	1001
1458	1000
1462	1000
1462	999
1463	999
1463	998
1464	998
1464	997
1505	997
1505	996
1506	996
1506	995
1509	995
1509	994
1511	994
1511	993
1512	993
1512	992
1549	992
1549	991
1550	991
1550	990
1575	990
1575	991
1576	991
1576	992
1577	992
1577	993
1578	993
1578	994
1579	994
1579	1000
1580	1000
1580	1001
1581	1001
1581	1003
1582	1003
1582	1004
1583	1004
1583	1005
1584	1005
1584	1006
1585	1006
1585	1007
1586	1007
1586	1008
1587	1008
1587	1009
1588	1009
1588	1012
1589	1012
1589	1013
1590	1013
1590	1014
1591	1014
1591	1015
1592	1015
1592	1016
1593	1016
1593	1017
1594	1017
1594	1018
1595	1018
1595	1019
1596	1019
1596	1020
1597	1020
1597	1021
1598	1021
1598	1022
1600	1022
1600	1023
1601	1023
1601	1024
1602	1024
1602	1076
1603	1076
1603	1077
1604	1077
1604	1081
1605	1081
1605	1082
1606	1082
1606	1083
1607	1083
1607	1084
1608	1084
1608	1085
1609	1085
1609	1088
1610	1088
1610	1089
1611	1089
1611	1090
1612	1090
1612	1092
1613	1092
1613	1093
1614	1093
1614	1094
1615	1094
1615	1095
1616	1095
1616	1097
1617	1097
1617	1098
1618	1098
1618	1101
1619	1101
1619	1108
1621	1108
1621	1109
1622	1109
1622	1110
1624	1110
1624	1111
1642	1111
1642	1112
1643	1112
1643	1113
1647	1113
1647	1114
1648	1114
1648	1115
1650	1115
1650	1116
1651	1116
1651	1117
1652	1117
1652	1118
1655	1118
1655	1119
1658	1119
1658	1120
1659	1120
1659	1121
1667	1121
1667	1122
1668	1122
1668	1123
1677	1123
1677	1124
1711	1124
1711	1123
1712	1123
1712	1122
1713	1122
1713	1121
1714	1121
1714	1120
1715	1120
1715	1119
1716	1119
1716	1118
1717	1118
1717	1117
1718	1117
1718	1116
1719	1116
1719	1115
1722	1115
1722	1114
1723	1114
1723	1113
1726	1113
1726	1112
1727	1112
1727	1111
1736	1111
1736	1109
1737	1109
1737	1108
1738	1108
1738	1107
1740	1107
1740	1106
1742	1106
1742	1105
1765	1105
1765	1106
1775	1106
1775	1107
1783	1107
1783	1106
1784	1106
1784	1105
1785	1105
1785	1102
1786	1102
1786	1100
1787	1100
1787	1099
1788	1099
1788	1098
1789	1098
1789	1090
1790	1090
1790	1077
1791	1077
1791	1076
1792	1076
1792	1075
1793	1075
1793	1074
1794	1074
1794	1073
1795	1073
1795	1072
1796	1072
1796	1071
1799	1071
1799	1070
1800	1070
1800	1069
1803	1069
1803	1068
1807	1068
1807	1067
1808	1067
1808	1066
1809	1066
1809	1065
1810	1065
1810	1064
1813	1064
1813	1063
1814	1063
1814	1062
1817	1062
1817	1061
1818	1061
1818	1060
1825	1060
1825	1059
1845	1059
1845	1060
1846	1060
1846	1061
1849	1061
1849	1062
1850	1062
1850	1063
1853	1063
1853	1064
1854	1064
1854	1065
1856	1065
1856	1066
1857	1066
1857	1067
1860	1067
1860	1068
1861	1068
1861	1069
1862	1069
1862	1070
1871	1070
1871	1071
1872	1071
1872	1072
1873	1072
1873	1073
1880	1073
1880	1074
1907	1074
1907	1075
1908	1075
1908	1076
1912	1076
1912	1072
1913	1072
1913	1068
1914	1068
1914	1067
1915	1067
1915	1061
1916	1061
1916	1060
1917	1060
1917	1038
1918	1038
1918	1035
1919	1035
1919	1033
1920	1033
1920	1025
1921	1025
1921	1018
1922	1018
1922	1017
1923	1017
1923	1015
1924	1015
1924	1013
1925	1013
1925	1010
1926	1010
1926	1009
1927	1009
1927	1007
1928	1007
1928	1005
1929	1005
1929	1004
1930	1004
1930	1001
1931	1001
1931	994
1932	994
1932	993
1933	993
1933	990
1934	990
1934	989
1935	989
1935	988
1941	988
1941	987
1947	987
1947	986
1948	986
1948	985
1958	985
1958	984
2030	984
2030	985
2031	985
2031	986
2034	986
2034	987
2035	987
2035	988
2036	988
2036	997
2035	997
2035	998
2034	998
2034	999
2033	999
2033	1002
2032	1002
2032	1008
2031	1008
2031	1030
2030	1030
2030	1052
2029	1052
2029	1060
2028	1060
2028	1063
2027	1063
2027	1082
2026	1082
2026	1110
2027	1110
2027	1111
2031	1111
2031	1112
2032	1112
2032	1113
2033	1113
2033	1117
2049	1117
2049	1118
2050	1118
2050	1119
2051	1119
2051	1122
2052	1122
2052	1123
2053	1123
2053	1124
2054	1124
2054	1126
2055	1126
2055	1127
2056	1127
2056	1128
2059	1128
2059	1129
2060	1129
2060	1130
2066	1130
2066	1131
2067	1131
2067	1132
2085	1132
2085	1133
2091	1133
2091	1134
2094	1134
2094	1135
2095	1135
2095	1136
2102	1136
2102	1137
2107	1137
2107	1138
2108	1138
2108	1139
2114	1139
2114	1140
2126	1140
2126	1141
2127	1141
2127	1142
2130	1142
2130	1141
2131	1141
2131	1139
2132	1139
2132	1138
2133	1138
2133	1137
2134	1137
2134	1136
2135	1136
2135	1135
2137	1135
2137	1134
2139	1134
2139	1133
2151	1133
2151	1134
2152	1134
2152	1135
2153	1135
2153	1136
2158	1136
2158	1137
2159	1137
2159	1138
2164	1138
2164	1139
2170	1139
2170	1140
2180	1140
2180	1141
2181	1141
2181	1142
2189	1142
2189	1141
2204	1141
2204	1142
2205	1142
2205	1143
2206	1143
2206	1144
2207	1144
2207	1145
2208	1145
2208	1146
2209	1146
2209	1147
2210	1147
2210	1148
2211	1148
2211	1150
2213	1150
2213	1151
2214	1151
2214	1152
2215	1152
2215	1153
2216	1153
2216	1154
2224	1154
2224	1155
2247	1155
2247	1154
2248	1154
2248	1153
2249	1153
2249	1152
2250	1152
2250	1151
2255	1151
2255	1150
2257	1150
2257	1149
2258	1149
2258	1148
2259	1148
2259	1147
2271	1147
2271	1146
2277	1146
2277	1145
2278	1145
2278	1144
2285	1144
2285	1143
2287	1143
2287	1142
2288	1142
2288	1141
2289	1141
2289	1140
2290	1140
2290	1139
2291	1139
2291	1138
2292	1138
2292	1137
2293	1137
2293	1136
2296	1136
2296	1135
2299	1135
2299	1134
2303	1134
2303	1133
2305	1133
2305	1132
2306	1132
2306	1131
2308	1131
2308	1126
2309	1126
2309	1123
2310	1123
2310	1121
2311	1121
2311	1120
2312	1120
2312	1119
2313	1119
2313	1118
2314	1118
2314	1117
2315	1117
2315	1116
2316	1116
2316	1115
2317	1115
2317	1113
2318	1113
2318	1112
2319	1112
2319	1109
2320	1109
2320	1106
2321	1106
2321	1105
2322	1105
2322	1102
2323	1102
2323	1101
2324	1101
2324	1100
2325	1100
2325	1099
2327	1099
2327	1097
2328	1097
2328	1096
2329	1096
2329	1095
2332	1095
2332	1094
2333	1094
2333	1093
2334	1093
2334	1092
2335	1092
2335	1091
2336	1091
2336	1090
2337	1090
2337	1089
2338	1089
2338	1088
2341	1088
2341	1087
2344	1087
2344	1086
2361	1086
2361	1087
2362	1087
2362	1088
2363	1088
2363	1089
2364	1089
2364	1090
2365	1090
2365	1091
2366	1091
2366	1094
2367	1094
2367	1095
2368	1095
2368	1096
2369	1096
2369	1097
2377	1097
2377	1098
2378	1098
2378	1099
2382	1099
2382	1100
2385	1100
2385	1099
2388	1099
2388	1098
2390	1098
2390	1097
2391	1097
2391	1096
2395	1096
2395	1095
2396	1095
2396	1094
2397	1094
2397	1093
2435	1093
2435	1092
2437	1092
2437	1091
2455	1091
2455	1092
2456	1092
2456	1093
2458	1093
2458	1088
2459	1088
2459	1087
2460	1087
2460	1083
2461	1083
2461	1081
2462	1081
2462	1080
2463	1080
2463	1079
2464	1079
2464	1078
2489	1078
2489	1079
2490	1079
2490	1080
2492	1080
2492	1079
2493	1079
2493	1078
2494	1078
2494	1077
2495	1077
2495	1076
2497	1076
2497	1075
2499	1075
2499	1074
2500	1074
2500	1073
2501	1073
2501	1072
2502	1072
2502	1071
2503	1071
2503	1070
2504	1070
2504	1069
2505	1069
2505	1068
2506	1068
2506	1067
2507	1067
2507	1066
2508	1066
2508	1065
2509	1065
2509	1064
2510	1064
2510	1063
2511	1063
2511	1062
2512	1062
2512	1061
2513	1061
2513	1060
2514	1060
2514	1059
2515	1059
2515	1058
2516	1058
2516	1057
2517	1057
2517	1056
2518	1056
2518	1055
2519	1055
2519	1051
2520	1051
2520	1048
2521	1048
2521	1047
2522	1047
2522	1046
2523	1046
2523	1045
2524	1045
2524	1044
2525	1044
2525	1043
2526	1043
2526	1042
2531	1042
2531	1041
2533	1041
2533	1040
2534	1040
2534	1039
2537	1039
2537	1038
2540	1038
2540	1037
2541	1037
2541	1036
2542	1036
2542	1035
2551	1035
2551	1034
2553	1034
2553	1033
2554	1033
2554	1032
2567	1032
2567	1033
2568	1033
2568	1034
2569	1034
2569	1035
2570	1035
2570	1045
2572	1045
2572	1046
2573	1046
2573	1047
2574	1047
2574	1048
2575	1048
2575	1049
2576	1049
2576	1050
2577	1050
2577	1051
2578	1051
2578	1052
2579	1052
2579	1053
2581	1053
2581	1054
2582	1054
2582	1055
2583	1055
2583	1056
2584	1056
2584	1057
2585	1057
2585	1058
2586	1058
2586	1059
2587	1059
2587	1060
2588	1060
2588	1061
2589	1061
2589	1062
2592	1062
2592	1063
2593	1063
2593	1064
2595	1064
2595	1061
2596	1061
2596	1060
2597	1060
2597	1055
2598	1055
2598	1047
2599	1047
2599	1046
2600	1046
2600	1045
2602	1045
2602	1044
2604	1044
2604	1043
2605	1043
2605	1042
2606	1042
2606	1041
2607	1041
2607	1040
2608	1040
2608	1039
2609	1039
2609	1038
2610	1038
2610	1037
2611	1037
2611	1036
2614	1036
2614	1035
2615	1035
2615	1034
2618	1034
2618	1033
2619	1033
2619	1032
2621	1032
2621	1031
2622	1031
2622	1030
2623	1030
2623	1029
2626	1029
2626	1028
2627	1028
2627	1027
2629	1027
2629	1026
2630	1026
2630	1025
2631	1025
2631	1024
2633	1024
2633	1023
2634	1023
2634	1022
2635	1022
2635	1021
2637	1021
2637	1020
2638	1020
2638	1019
2639	1019
2639	1018
2641	1018
2641	1017
2642	1017
2642	1016
2647	1016
2647	1015
2648	1015
2648	1014
2651	1014
2651	1013
2654	1013
2654	1012
2655	1012
2655	1011
2657	1011
2657	1010
2660	1010
2660	1009
2664	1009
2664	1008
2665	1008
2665	1007
2667	1007
2667	1006
2668	1006
2668	1005
2672	1005
2672	1004
2679	1004
2679	998
2680	998
2680	997
2681	997
2681	996
2683	996
2683	995
2686	995
2686	994
2687	994
2687	993
2688	993
2688	992
2690	992
2690	991
2691	991
2691	990
2692	990
2692	989
2694	989
2694	988
2695	988
2695	986
2696	986
2696	985
2697	985
2697	984
2698	984
2698	983
2701	983
2701	982
2702	982
2702	981
2703	981
2703	980
2704	980
2704	979
2705	979
2705	978
2706	978
2706	974
2707	974
2707	973
2708	973
2708	971
2709	971
2709	963
2710	963
2710	962
2711	962
2711	961
2712	961
2712	958
2713	958
2713	957
2714	957
2714	956
2715	956
2715	955
2716	955
2716	952
2717	952
2717	951
2718	951
2718	950
2719	950
2719	947
2720	947
2720	946
2721	946
2721	937
2722	937
2722	936
2723	936
2723	927
2724	927
2724	926
2725	926
2725	901
2726	901
2726	900
2727	900
2727	899
2728	899
2728	898
2729	898
2729	897
2730	897
2730	896
2733	896
2733	895
2735	895
2735	894
2736	894
2736	893
2737	893
2737	892
2742	892
2742	891
2748	891
2748	890
2749	890
2749	889
2760	889
2760	888
2767	888
2767	887
2769	887
2769	886
2776	886
2776	885
2780	885
2780	884
2781	884
2781	883
2823	883
2823	884
2824	884
2824	885
2825	885
2825	889
2826	889
2826	890
2827	890
2827	891
2828	891
2828	893
2829	893
2829	894
2830	894
2830	896
2831	896
2831	897
2833	897
2833	898
2834	898
2834	899
2835	899
2835	900
2836	900
2836	901
2837	901
2837	902
2838	902
2838	903
2839	903
2839	904
2841	904
2841	905
2843	905
2843	906
2845	906
2845	907
2849	907
2849	908
2852	908
2852	909
2853	909
2853	910
2854	910
2854	911
2855	911
2855	912
2856	912
2856	914
2857	914
2857	915
2858	915
2858	916
2859	916
2859	918
2860	918
2860	919
2861	919
2861	920
2862	920
2862	921
2864	921
2864	920
2865	920
2865	919
2866	919
2866	918
2869	918
2869	917
2871	917
2871	916
2872	916
2872	915
2879	915
2879	914
2882	914
2882	913
2928	913
2928	914
2929	914
2929	915
2930	915
2930	916
2934	916
2934	917
2935	917
2935	918
2936	918
2936	919
2937	919
2937	920
2938	920
2938	921
2939	921
2939	922
2942	922
2942	923
2944	923
2944	924
2946	924
2946	925
2948	925
2948	926
2949	926
2949	927
2951	927
2951	926
2952	926
2952	923
2953	923
2953	922
2954	922
2954	921
2957	921
2957	920
2962	920
2962	919
2963	919
2963	918
2964	918
2964	917
2965	917
2965	916
2966	916
2966	915
2967	915
2967	914
2968	914
2968	913
2969	913
2969	912
2970	912
2970	897
2971	897
2971	896
2972	896
2972	895
2973	895
2973	894
2974	894
2974	893
2975	893
2975	892
2976	892
2976	890
2977	890
2977	889
2978	889
2978	888
2979	888
2979	887
2982	887
2982	886
2984	886
2984	885
2985	885
2985	884
2987	884
2987	883
2989	883
2989	882
2991	882
2991	881
2993	881
2993	880
2994	880
2994	879
2995	879
2995	878
2999	878
2999	877
3000	877
3000	876
3001	876
3001	875
3005	875
3005	874
3006	874
3006	873
3014	873
3014	872
3029	872
3029	871
3031	871
3031	870
3038	870
3038	869
3039	869
3039	868
3062	868
3062	867
3063	867
3063	866
3064	866
3064	865
3065	865
3065	864
3066	864
3066	863
3067	863
3067	862
3068	862
3068	861
3069	861
3069	860
3070	860
3070	859
3071	859
3071	853
3072	853
3072	852
3073	852
3073	849
3074	849
3074	847
3075	847
3075	844
3076	844
3076	843
3077	843
3077	842
3078	842
3078	841
3079	841
3079	840
3080	840
3080	837
3081	837
3081	831
3082	831
3082	823
3083	823
3083	821
3084	821
3084	817
3085	817
3085	814
3086	814
3086	813
3087	813
3087	812
3088	812
3088	810
3089	810
3089	808
3090	808
3090	803
3091	803
3091	802
3092	802
3092	799
3093	799
3093	798
3094	798
3094	796
3095	796
3095	778
3096	778
3096	776
3097	776
3097	775
3098	775
3098	773
3099	773
3099	772
3100	772
3100	771
3101	771
3101	770
3102	770
3102	769
3103	769
3103	768
3104	768
3104	767
3105	767
3105	766
3106	766
3106	763
3107	763
3107	761
3108	761
3108	760
3109	760
3109	758
3110	758
3110	757
3111	757
3111	756
3112	756
3112	755
3113	755
3113	752
3114	752
3114	751
3115	751
3115	750
3116	750
3116	749
3117	749
3117	748
3120	748
3120	747
3121	747
3121	746
3122	746
3122	745
3124	745
3124	744
3125	744
3125	743
3126	743
3126	742
3128	742
3128	740
3129	740
3129	739
3130	739
3130	736
3131	736
3131	735
3132	735
3132	734
3133	734
3133	732
3134	732
3134	731
3135	731
3135	728
3136	728
3136	725
3137	725
3137	724
3138	724
3138	723
3139	723
3139	721
3140	721
3140	720
3141	720
3141	719
3142	719
3142	717
3143	717
3143	715
3144	715
3144	710
3145	710
3145	709
3146	709
3146	708
3147	708
3147	706
3148	706
3148	705
3149	705
3149	703
3150	703
3150	702
3151	702
3151	701
3152	701
3152	700
3153	700
3153	699
3154	699
3154	698
3155	698
3155	697
3156	697
3156	696
3157	696
3157	695
3158	695
3158	694
3159	694
3159	693
3160	693
3160	692
3161	692
3161	691
3162	691
3162	690
3163	690
3163	689
3164	689
3164	688
3168	688
3168	687
3169	687
3169	686
3172	686
3172	685
3173	685
3173	684
3174	684
3174	683
3177	683
3177	682
3178	682
3178	681
3180	681
3180	680
3181	680
3181	679
3186	679
3186	678
3190	678
3190	677
3193	677
3193	676
3194	676
3194	675
3197	675
3197	674
3199	674
3199	673
3205	673
3205	672
3209	672
3209	671
3210	671
3210	670
3211	670
3211	669
3212	669
3212	668
3217	668
3217	667
3218	667
3218	666
3220	666
3220	665
3226	665
3226	664
3228	664
3228	663
3230	663
3230	662
3234	662
3234	661
3235	661
3235	660
3246	660
3246	659
3259	659
3259	658
3262	658
3262	657
3265	657
3265	656
3266	656
3266	655
3321	655
3321	656
3322	656
3322	657
3323	657
3323	658
3324	658
3324	659
3325	659
3325	660
3326	660
3326	661
3327	661
3327	662
3328	662
3328	664
3329	664
3329	667
3331	667
3331	668
3332	668
3332	669
3333	669
3333	670
3339	670
3339	671
3341	671
3341	672
3353	672
3353	673
3354	673
3354	674
3374	674
3374	673
3376	673
3376	672
3378	672
3378	671
3382	671
3382	672
3384	672
3384	671
3386	671
3386	670
3387	670
3387	669
3389	669
3389	668
3392	668
3392	667
3394	667
3394	666
3395	666
3395	665
3396	665
3396	664
3398	664
3398	663
3400	663
3400	662
3402	662
3402	661
3403	661
3403	660
3404	660
3404	659
3405	659
3405	658
3407	658
3407	657
3408	657
3408	656
3409	656
3409	655
3410	655
3410	654
3411	654
3411	653
3412	653
3412	652
3413	652
3413	650
3414	650
3414	649
3415	649
3415	646
3416	646
3416	645
3417	645
3417	644
3418	644
3418	641
3419	641
3419	640
3420	640
3420	639
3421	639
3421	638
3423	638
3423	637
3424	637
3424	636
3426	636
3426	635
3427	635
3427	634
3428	634
3428	633
3429	633
3429	632
3430	632
3430	631
3431	631
3431	630
3432	630
3432	629
3433	629
3433	628
3434	628
3434	627
3435	627
3435	625
3436	625
3436	624
3437	624
3437	623
3438	623
3438	622
3439	622
3439	621
3441	621
3441	620
3442	620
3442	619
3443	619
3443	618
3444	618
3444	617
3445	617
3445	616
3446	616
3446	613
3447	613
3447	607
3448	607
3448	606
3449	606
3449	603
3450	603
3450	602
3451	602
3451	601
3452	601
3452	600
3455	600
3455	599
3456	599
3456	598
3457	598
3457	597
3458	597
3458	594
3459	594
3459	593
3460	593
3460	583
3461	583
3461	578
3462	578
3462	577
3463	577
3463	575
3464	575
3464	574
3465	574
3465	570
3466	570
3466	569
3467	569
3467	568
3468	568
3468	567
3469	567
3469	565
3470	565
3470	564
3471	564
3471	563
3472	563
3472	562
3473	562
3473	559
3474	559
3474	558
3475	558
3475	555
3476	555
3476	554
3477	554
3477	553
3478	553
3478	552
3479	552
3479	550
3480	550
3480	548
3481	548
3481	547
3482	547
3482	546
3483	546
3483	545
3484	545
3484	543
3485	543
3485	542
3486	542
3486	541
3487	541
3487	540
3488	540
3488	537
3489	537
3489	536
3490	536
3490	535
3491	535
3491	534
3492	534
3492	533
3493	533
3493	532
3494	532
3494	530
3495	530
3495	529
3496	529
3496	528
3497	528
3497	527
3500	527
3500	526
3501	526
3501	525
3502	525
3502	524
3505	524
3505	523
3506	523
3506	522
3509	522
3509	521
3511	521
3511	520
3512	520
3512	519
3515	519
3515	518
3517	518
3517	517
3522	517
3522	516
3523	516
3523	515
3524	515
3524	514
3526	514
3526	513
3527	513
3527	512
3529	512
3529	511
3530	511
3530	510
3531	510
3531	508
3532	508
3532	507
3533	507
3533	506
3534	506
3534	505
3535	505
3535	504
3536	504
3536	503
3537	503
3537	502
3538	502
3538	501
3539	501
3539	500
3540	500
3540	499
3541	499
3541	498
3542	498
3542	497
3560	497
3560	498
3563	498
3563	499
3596	499
3596	498
3597	498
3597	497
3600	497
3600	496
3605	496
3605	495
3606	495
3606	494
3607	494
3607	493
3610	493
3610	492
3611	492
3611	491
3620	491
3620	490
3621	490
3621	489
3624	489
3624	488
3625	488
3625	487
3626	487
3626	486
3627	486
3627	485
3631	485
3631	484
3634	484
3634	483
3636	483
3636	482
3637	482
3637	481
3639	481
3639	479
3640	479
3640	476
3641	476
3641	472
3642	472
3642	471
3643	471
3643	470
3644	470
3644	468
3645	468
3645	467
3646	467
3646	466
3648	466
3648	464
3649	464
3649	463
3650	463
3650	459
3651	459
3651	458
3652	458
3652	457
3653	457
3653	456
3654	456
3654	455
3655	455
3655	454
3657	454
3657	453
3658	453
3658	452
3659	452
3659	451
3661	451
3661	450
3662	450
3662	449
3663	449
3663	448
3667	448
3667	447
3668	447
3668	446
3669	446
3669	445
3670	445
3670	444
3671	444
3671	443
3672	443
3672	442
3673	442
3673	441
3674	441
3674	440
3675	440
3675	439
3676	439
3676	438
3677	438
3677	437
3678	437
3678	436
3679	436
3679	435
3680	435
3680	434
3681	434
3681	432
3682	432
3682	431
3683	431
3683	430
3684	430
3684	429
3691	429
3691	428
3692	428
3692	427
3693	427
3693	426
3694	426
3694	425
3696	425
3696	424
3697	424
3697	423
3700	423
3700	422
3701	422
3701	421
3702	421
3702	420
3705	420
3705	419
3730	419
3730	418
3732	418
3732	417
3733	417
3733	416
3736	416
3736	415
3737	415
3737	414
3738	414
3738	413
3744	413
3744	412
3747	412
3747	411
3748	411
3748	410
3750	410
3750	409
3752	409
3752	407
3753	407
3753	406
3754	406
3754	404
3755	404
3755	402
3756	402
3756	401
3757	401
3757	400
3759	400
3759	398
3760	398
3760	397
3761	397
3761	394
3762	394
3762	389
3763	389
3763	378
3764	378
3764	375
3765	375
3765	373
3766	373
3766	371
3767	371
3767	370
3768	370
3768	365
3769	365
3769	362
3770	362
3770	356
3771	356
3771	352
3772	352
3772	347
3773	347
3773	346
3774	346
3774	345
3775	345
3775	344
3776	344
3776	343
3777	343
3777	341
3778	341
3778	339
3779	339
3779	338
3780	338
3780	337
3781	337
3781	336
3782	336
3782	331
3783	331
3783	330
3784	330
3784	329
3785	329
3785	328
3786	328
3786	327
3787	327
3787	326
3788	326
3788	325
3789	325
3789	324
3790	324
3790	323
3792	323
3792	322
3793	322
3793	321
3794	321
3794	319
3795	319
3795	318
3796	318
3796	317
3797	317
3797	316
3798	316
3798	315
3799	315
3799	311
3800	311
3800	310
3801	310
3801	309
3802	309
3802	308
3803	308
3803	307
3804	307
3804	306
3807	306
3807	305
3808	305
3808	304
3809	304
3809	303
3810	303
3810	302
3811	302
3811	301
3812	301
3812	300
3813	300
3813	299
3814	299
3814	298
3815	298
3815	297
3816	297
3816	296
3817	296
3817	295
3818	295
3818	294
3820	294
3820	293
3821	293
3821	292
3823	292
3823	291
3824	291
3824	290
3826	290
3826	289
3827	289
3827	288
3828	288
3828	287
3830	287
3830	286
3831	286
3831	285
3832	285
3832	284
3833	284
3833	283
3835	283
3835	282
3836	282
3836	281
3839	281
3839	280
3842	280
3842	279
3843	279
3843	278
3844	278
3844	277
3845	277
3845	276
3850	276
3850	275
3853	275
3853	274
3854	274
3854	273
3858	273
3858	272
3861	272
3861	271
3862	271
3862	270
3863	270
3863	269
3868	269
3868	268
3869	268
3869	267
3873	267
3873	266
3874	266
3874	265
3876	265
3876	264
3877	264
3877	263
3878	263
3878	262
3880	262
3880	261
3881	261
3881	260
3882	260
3882	259
3883	259
3883	258
3885	258
3885	257
3889	257
3889	258
3890	258
3890	259
3891	259
3891	263
3890	263
3890	264
3889	264
3889	265
3888	265
3888	266
3886	266
3886	267
3885	267
3885	268
3884	268
3884	269
3883	269
3883	270
3881	270
3881	271
3880	271
3880	272
3879	272
3879	273
3878	273
3878	274
3876	274
3876	275
3873	275
3873	276
3872	276
3872	277
3867	277
3867	278
3866	278
3866	279
3865	279
3865	280
3861	280
