1658	184
1657	184
1657	185
1654	185
1654	186
1653	186
1653	187
1650	187
1650	188
1648	188
1648	189
1645	189
1645	190
1644	190
1644	191
1642	191
1642	192
1641	192
1641	193
1639	193
1639	194
1638	194
1638	195
1636	195
1636	196
1635	196
1635	197
1632	197
1632	198
1630	198
1630	199
1626	199
1626	200
1625	200
1625	201
1623	201
1623	202
1622	202
1622	203
1621	203
1621	204
1620	204
1620	205
1619	205
1619	207
1618	207
1618	208
1617	208
1617	209
1616	209
1616	210
1615	210
1615	211
1613	211
1613	212
1612	212
1612	213
1611	213
1611	214
1610	214
1610	215
1607	215
1607	216
1606	216
1606	217
1605	217
1605	218
1604	218
1604	219
1603	219
1603	220
1602	220
1602	221
1599	221
1599	222
1598	222
1598	224
1597	224
1597	226
1596	226
1596	231
1595	231
1595	232
1594	232
1594	233
1592	233
1592	234
1591	234
1591	236
1590	236
1590	237
1589	237
1589	238
1588	238
1588	239
1587	239
1587	243
1586	243
1586	244
1585	244
1585	245
1583	245
1583	246
1582	246
1582	247
1581	247
1581	248
1580	248
1580	249
1579	249
1579	250
1578	250
1578	251
1577	251
1577	252
1576	252
1576	253
1574	253
1574	254
1573	254
1573	255
1572	255
1572	256
1571	256
1571	257
1570	257
1570	258
1567	258
1567	259
1564	259
1564	260
1563	260
1563	261
1558	261
1558	262
1556	262
1556	263
1554	263
1554	264
1553	264
1553	265
1550	265
1550	266
1548	266
1548	267
1547	267
1547	268
1546	268
1546	269
1545	269
1545	270
1544	270
1544	271
1542	271
1542	272
1541	272
1541	273
1540	273
1540	274
1539	274
1539	275
1537	275
1537	277
1536	277
1536	278
1535	278
1535	279
1534	279
1534	280
1533	280
1533	281
1532	281
1532	282
1531	282
1531	284
1530	284
1530	287
1529	287
1529	290
1528	290
1528	317
1529	317
1529	339
1528	339
1528	340
1527	340
1527	341
1525	341
1525	343
1524	343
1524	344
1523	344
1523	345
1522	345
1522	346
1521	346
1521	347
1518	347
1518	348
1517	348
1517	349
1516	349
1516	350
1515	350
1515	351
1514	351
1514	352
1513	352
1513	353
1512	353
1512	354
1511	354
1511	356
1510	356
1510	357
1509	357
1509	359
1508	359
1508	360
1507	360
1507	361
1506	361
1506	362
1505	362
1505	364
1504	364
1504	365
1503	365
1503	366
1501	366
1501	369
1500	369
1500	370
1499	370
1499	371
1497	371
1497	372
1496	372
1496	373
1495	373
1495	374
1494	374
1494	375
1491	375
1491	376
1490	376
1490	377
1488	377
1488	378
1487	378
1487	379
1486	379
1486	380
1485	380
1485	382
1484	382
1484	383
1483	383
1483	384
1482	384
1482	385
1481	385
1481	387
1480	387
1480	389
1479	389
1479	391
1478	391
1478	392
1477	392
1477	393
1476	393
1476	394
1475	394
1475	397
1474	397
1474	398
1473	398
1473	399
1471	399
1471	401
1470	401
1470	402
1469	402
1469	404
1468	404
1468	405
1467	405
1467	407
1466	407
1466	408
1465	408
1465	410
1464	410
1464	411
1463	411
1463	414
1462	414
1462	415
1461	415
1461	431
1460	431
1460	432
1459	432
1459	437
1458	437
1458	440
1457	440
1457	441
1456	441
1456	442
1455	442
1455	443
1454	443
1454	445
1453	445
1453	447
1452	447
1452	448
1451	448
1451	449
1450	449
1450	450
1449	450
1449	451
1448	451
1448	453
1447	453
1447	454
1446	454
1446	455
1445	455
1445	457
1444	457
1444	458
1443	458
1443	459
1442	459
1442	461
1441	461
1441	462
1440	462
1440	463
1439	463
1439	465
1438	465
1438	466
1437	466
1437	467
1436	467
1436	469
1435	469
1435	470
1434	470
1434	471
1433	471
1433	472
1432	472
1432	473
1431	473
1431	474
1430	474
1430	475
1427	475
1427	476
1426	476
1426	477
1425	477
1425	478
1424	478
1424	479
1423	479
1423	481
1422	481
1422	482
1421	482
1421	483
1418	483
1418	485
1417	485
1417	486
1416	486
1416	487
1415	487
1415	488
1413	488
1413	489
1412	489
1412	490
1411	490
1411	491
1409	491
1409	492
1408	492
1408	494
1409	494
1409	498
1408	498
1408	499
1407	499
1407	500
1404	500
1404	501
1401	501
1401	504
1400	504
1400	505
1399	505
1399	509
1398	509
1398	510
1397	510
1397	511
1396	511
1396	514
1395	514
1395	517
1394	517
1394	518
1393	518
1393	519
1392	519
1392	520
1391	520
1391	523
1390	523
1390	525
1389	525
1389	534
1388	534
1388	535
1387	535
1387	536
1386	536
1386	537
1385	537
1385	538
1384	538
1384	539
1383	539
1383	540
1381	540
1381	541
1380	541
1380	542
1379	542
1379	543
1375	543
1375	544
1374	544
1374	545
1372	545
1372	546
1371	546
1371	547
1369	547
1369	548
1368	548
1368	549
1367	549
1367	550
1365	550
1365	551
1364	551
1364	552
1360	552
1360	553
1347	553
1347	554
1344	554
1344	555
1342	555
1342	556
1322	556
1322	557
1320	557
1320	558
1319	558
1319	559
1316	559
1316	560
1315	560
1315	561
1313	561
1313	562
1311	562
1311	563
1309	563
1309	564
1303	564
1303	565
1279	565
1279	566
1275	566
1275	567
1272	567
1272	568
1271	568
1271	569
1267	569
1267	570
1266	570
1266	571
1264	571
1264	572
1263	572
1263	573
1261	573
1261	574
1260	574
1260	575
1259	575
1259	576
1258	576
1258	577
1254	577
1254	578
1253	578
1253	579
1248	579
1248	580
1247	580
1247	581
1243	581
1243	582
1240	582
1240	583
1235	583
1235	584
1231	584
1231	585
1229	585
1229	586
1227	586
1227	587
1226	587
1226	588
1225	588
1225	589
1224	589
1224	590
1223	590
1223	591
1222	591
1222	593
1221	593
1221	594
1220	594
1220	595
1219	595
1219	596
1218	596
1218	597
1216	597
1216	598
1215	598
1215	599
1212	599
1212	600
1211	600
1211	601
1209	601
1209	602
1207	602
1207	603
1203	603
1203	604
1202	604
1202	605
1199	605
1199	606
1198	606
1198	607
1171	607
1171	608
1170	608
1170	609
1167	609
1167	610
1165	610
1165	611
1163	611
1163	612
1162	612
1162	613
1161	613
1161	614
1160	614
1160	615
1158	615
1158	616
1157	616
1157	618
1156	618
1156	619
1155	619
1155	620
1147	620
1147	621
1146	621
1146	622
1145	622
1145	623
1142	623
1142	626
1141	626
1141	628
1140	628
1140	629
1139	629
1139	630
1138	630
1138	631
1137	631
1137	633
1136	633
1136	634
1135	634
1135	635
1133	635
1133	636
1132	636
1132	637
1130	637
1130	638
1127	638
1127	639
1115	639
1115	638
1107	638
1107	637
1103	637
1103	636
1099	636
1099	635
1097	635
1097	634
1095	634
1095	633
1079	633
1079	634
1078	634
1078	635
1077	635
1077	636
1075	636
1075	637
1072	637
1072	638
1070	638
1070	639
1067	639
1067	640
1066	640
1066	641
1024	641
1024	640
1023	640
1023	639
1022	639
1022	623
1023	623
1023	610
1022	610
1022	609
1012	609
1012	610
1011	610
1011	611
1007	611
1007	613
1006	613
1006	614
1005	614
1005	615
1004	615
1004	616
1003	616
1003	617
1001	617
1001	618
950	618
950	617
947	617
947	616
946	616
946	615
943	615
943	614
942	614
942	613
940	613
940	612
939	612
939	611
934	611
934	610
933	610
933	609
931	609
931	608
930	608
930	607
888	607
888	606
885	606
885	605
884	605
884	604
883	604
883	603
880	603
880	602
867	602
867	601
863	601
863	600
858	600
858	599
857	599
857	598
849	598
849	597
848	597
848	596
847	596
847	595
846	595
846	594
845	594
845	593
843	593
843	592
842	592
842	591
839	591
839	590
838	590
838	589
837	589
837	588
836	588
836	587
835	587
835	586
834	586
834	584
833	584
833	583
832	583
832	582
831	582
831	581
830	581
830	580
829	580
829	579
828	579
828	578
827	578
827	577
826	577
826	576
825	576
825	575
823	575
823	574
822	574
822	573
821	573
821	572
819	572
819	571
815	571
815	572
809	572
809	571
808	571
808	570
806	570
806	569
803	569
803	568
787	568
787	567
782	567
782	566
781	566
781	565
780	565
780	564
779	564
779	563
778	563
778	562
777	562
777	560
776	560
776	554
773	554
773	553
770	553
770	552
769	552
769	551
768	551
768	550
765	550
765	549
764	549
764	548
763	548
763	547
762	547
762	546
759	546
759	545
758	545
758	544
757	544
757	543
755	543
755	542
753	542
753	541
746	541
746	540
733	540
733	541
725	541
725	540
721	540
721	539
717	539
717	538
711	538
711	537
709	537
709	536
703	536
703	535
702	535
702	534
699	534
699	533
697	533
697	532
685	532
685	531
683	531
683	530
680	530
680	529
679	529
679	528
678	528
678	527
677	527
677	526
676	526
676	525
675	525
675	523
674	523
674	522
673	522
673	521
672	521
672	518
669	518
669	517
668	517
668	516
664	516
664	515
661	515
661	514
623	514
623	513
622	513
622	512
619	512
619	511
618	511
618	510
617	510
617	509
616	509
616	508
615	508
615	505
614	505
614	478
613	478
613	476
611	476
611	475
610	475
610	474
609	474
609	473
608	473
608	472
606	472
606	471
605	471
605	470
603	470
603	469
602	469
602	468
599	468
599	467
596	467
596	466
579	466
579	467
578	467
578	468
575	468
575	469
559	469
559	470
555	470
555	471
541	471
541	470
540	470
540	469
539	469
539	468
538	468
538	467
537	467
537	466
536	466
536	465
535	465
535	462
533	462
533	461
532	461
532	460
528	460
528	459
526	459
526	458
524	458
524	457
523	457
523	456
522	456
522	455
521	455
521	454
517	454
517	453
516	453
516	452
515	452
515	450
514	450
514	449
513	449
513	448
499	448
499	447
498	447
498	446
497	446
497	444
496	444
496	443
495	443
495	440
494	440
494	437
493	437
493	435
492	435
492	432
491	432
491	431
490	431
490	429
489	429
489	428
488	428
488	425
487	425
487	419
486	419
486	417
485	417
485	416
484	416
484	415
483	415
483	414
481	414
481	413
479	413
479	412
477	412
477	411
476	411
476	410
473	410
473	409
472	409
472	408
471	408
471	407
469	407
469	406
467	406
467	405
466	405
466	404
465	404
465	403
464	403
464	402
463	402
463	401
461	401
461	400
459	400
459	399
458	399
458	398
437	398
437	397
435	397
435	396
433	396
433	395
432	395
432	394
431	394
431	392
430	392
430	390
428	390
428	389
427	389
427	388
426	388
426	387
425	387
425	385
424	385
424	383
423	383
423	382
422	382
422	381
421	381
421	380
420	380
420	379
417	379
417	380
412	380
412	381
409	381
409	382
402	382
402	383
401	383
401	384
395	384
395	385
393	385
393	386
389	386
389	387
379	387
379	386
378	386
378	385
377	385
377	384
376	384
376	383
375	383
375	382
374	382
374	381
373	381
373	380
371	380
371	379
369	379
369	378
365	378
365	377
363	377
363	376
347	376
347	375
334	375
334	374
333	374
333	373
329	373
329	372
328	372
328	371
327	371
327	366
326	366
326	363
325	363
325	361
324	361
324	360
308	360
308	359
307	359
307	358
306	358
306	356
305	356
305	353
304	353
304	336
305	336
305	333
304	333
304	332
303	332
303	328
302	328
302	285
303	285
303	284
304	284
304	280
305	280
305	278
306	278
306	273
307	273
307	272
308	272
308	269
307	269
307	267
306	267
306	266
305	266
305	265
304	265
304	263
301	263
301	262
300	262
300	261
299	261
299	260
298	260
298	259
296	259
296	258
295	258
295	257
293	257
293	256
292	256
292	260
291	260
291	261
290	261
290	262
288	262
288	263
274	263
274	262
273	262
273	261
270	261
270	260
269	260
269	259
268	259
268	257
267	257
267	255
266	255
266	254
265	254
265	253
264	253
264	250
263	250
263	249
262	249
262	248
260	248
260	247
259	247
259	246
258	246
258	245
257	245
257	244
243	244
243	243
242	243
242	242
241	242
241	241
240	241
240	239
239	239
239	228
238	228
238	227
234	227
234	228
219	228
219	229
218	229
218	230
217	230
217	231
216	231
216	232
210	232
210	231
209	231
209	230
207	230
207	229
198	229
198	228
196	228
196	227
194	227
194	226
192	226
192	225
190	225
190	224
186	224
186	223
185	223
185	222
184	222
184	221
183	221
183	216
182	216
182	211
181	211
181	206
180	206
180	205
178	205
178	204
177	204
177	203
176	203
176	200
175	200
175	199
174	199
174	197
173	197
173	191
148	191
148	190
147	190
147	189
146	189
146	187
145	187
145	185
144	185
144	169
145	169
145	167
146	167
146	163
147	163
147	161
148	161
148	160
149	160
149	155
148	155
148	153
147	153
147	133
141	133
141	132
140	132
140	131
139	131
139	129
138	129
138	128
137	128
137	126
136	126
136	125
134	125
134	124
133	124
133	123
132	123
132	122
131	122
131	121
130	121
130	118
129	118
129	116
128	116
128	115
127	115
127	112
126	112
126	110
125	110
125	109
123	109
123	108
121	108
121	107
119	107
119	106
117	106
117	105
114	105
114	104
113	104
113	103
112	103
112	101
111	101
111	100
110	100
110	99
109	99
109	98
108	98
108	96
107	96
107	95
106	95
106	90
91	90
91	89
90	89
90	88
89	88
89	87
88	87
88	85
87	85
87	84
86	84
86	60
87	60
87	59
88	59
88	58
92	58
92	59
93	59
93	60
94	60
94	80
95	80
95	81
96	81
96	82
111	82
111	83
112	83
112	84
113	84
113	85
114	85
114	91
115	91
115	92
116	92
116	94
117	94
117	95
118	95
118	96
119	96
119	97
120	97
120	98
122	98
122	99
125	99
125	100
126	100
126	101
130	101
130	102
131	102
131	103
132	103
132	105
133	105
133	106
134	106
134	108
135	108
135	111
136	111
136	113
137	113
137	115
138	115
138	116
139	116
139	117
141	117
141	118
142	118
142	119
143	119
143	121
144	121
144	123
145	123
145	125
152	125
152	126
153	126
153	127
154	127
154	129
155	129
155	149
156	149
156	151
157	151
157	163
156	163
156	165
155	165
155	166
154	166
154	170
153	170
153	173
152	173
152	182
153	182
153	183
179	183
179	184
180	184
180	185
181	185
181	194
182	194
182	196
183	196
183	197
184	197
184	198
185	198
185	199
187	199
187	200
188	200
188	201
189	201
189	207
190	207
190	212
191	212
191	216
193	216
193	217
195	217
195	218
197	218
197	219
199	219
199	220
201	220
201	221
211	221
211	222
214	222
214	221
216	221
216	220
231	220
231	219
244	219
244	220
245	220
245	221
246	221
246	225
247	225
247	235
248	235
248	236
260	236
260	237
261	237
261	238
263	238
263	239
264	239
264	240
265	240
265	241
266	241
266	242
267	242
267	243
268	243
268	244
269	244
269	245
270	245
270	246
271	246
271	247
272	247
272	248
273	248
273	249
274	249
274	251
275	251
275	253
277	253
277	254
278	254
278	255
284	255
284	251
285	251
285	250
286	250
286	249
288	249
288	248
289	248
289	247
296	247
296	248
297	248
297	249
299	249
299	250
300	250
300	251
302	251
302	252
303	252
303	253
304	253
304	254
305	254
305	255
310	255
310	256
311	256
311	257
312	257
312	260
313	260
313	261
314	261
314	263
315	263
315	266
316	266
316	277
315	277
315	278
314	278
314	281
313	281
313	283
312	283
312	288
311	288
311	289
310	289
310	326
311	326
311	328
312	328
312	329
313	329
313	340
312	340
312	350
313	350
313	352
329	352
329	353
330	353
330	354
331	354
331	357
332	357
332	358
333	358
333	360
334	360
334	363
335	363
335	365
336	365
336	366
337	366
337	367
350	367
350	368
367	368
367	369
368	369
368	370
373	370
373	371
374	371
374	372
377	372
377	373
378	373
378	374
379	374
379	375
380	375
380	376
381	376
381	377
382	377
382	378
383	378
383	379
385	379
385	378
389	378
389	377
392	377
392	376
397	376
397	375
398	375
398	374
406	374
406	373
408	373
408	372
413	372
413	371
425	371
425	372
426	372
426	373
427	373
427	376
429	376
429	377
430	377
430	378
431	378
431	379
432	379
432	382
434	382
434	383
435	383
435	384
436	384
436	386
437	386
437	387
438	387
438	388
439	388
439	389
440	389
440	390
463	390
463	391
464	391
464	392
465	392
465	393
466	393
466	394
467	394
467	395
468	395
468	396
470	396
470	397
471	397
471	398
473	398
473	399
474	399
474	400
476	400
476	401
477	401
477	402
479	402
479	403
481	403
481	404
482	404
482	405
484	405
484	406
486	406
486	407
488	407
488	408
489	408
489	409
490	409
490	410
491	410
491	412
492	412
492	413
493	413
493	414
494	414
494	416
495	416
495	422
496	422
496	425
497	425
497	426
498	426
498	427
499	427
499	428
500	428
500	432
501	432
501	433
502	433
502	436
503	436
503	440
517	440
517	441
518	441
518	442
519	442
519	443
521	443
521	444
522	444
522	445
523	445
523	446
524	446
524	447
525	447
525	448
527	448
527	449
528	449
528	450
530	450
530	451
531	451
531	452
537	452
537	453
538	453
538	454
539	454
539	456
541	456
541	457
542	457
542	458
543	458
543	461
544	461
544	462
545	462
545	463
551	463
551	462
556	462
556	461
572	461
572	460
574	460
574	459
575	459
575	458
599	458
599	459
602	459
602	460
606	460
606	461
607	461
607	462
609	462
609	463
610	463
610	464
611	464
611	465
613	465
613	466
614	466
614	467
615	467
615	468
616	468
616	469
617	469
617	470
618	470
618	471
619	471
619	472
620	472
620	473
621	473
621	475
622	475
622	502
623	502
623	504
625	504
625	505
626	505
626	506
664	506
664	507
667	507
667	508
673	508
673	509
674	509
674	510
675	510
675	511
676	511
676	512
678	512
678	513
679	513
679	514
680	514
680	518
681	518
681	519
682	519
682	520
683	520
683	521
684	521
684	522
687	522
687	523
688	523
688	524
701	524
701	525
703	525
703	526
705	526
705	527
706	527
706	528
712	528
712	529
714	529
714	530
720	530
720	531
724	531
724	532
728	532
728	533
730	533
730	532
749	532
749	533
756	533
756	534
759	534
759	535
760	535
760	536
762	536
762	537
763	537
763	538
766	538
766	539
767	539
767	540
768	540
768	541
769	541
769	542
771	542
771	543
772	543
772	544
773	544
773	545
777	545
777	546
779	546
779	547
780	547
780	548
781	548
781	549
782	549
782	550
783	550
783	551
784	551
784	557
785	557
785	558
786	558
786	559
790	559
790	560
807	560
807	561
810	561
810	560
814	560
814	561
815	561
815	562
818	562
818	563
822	563
822	564
825	564
825	565
827	565
827	566
828	566
828	567
829	567
829	569
831	569
831	570
832	570
832	571
833	571
833	572
834	572
834	573
835	573
835	574
836	574
836	575
837	575
837	576
838	576
838	577
839	577
839	579
840	579
840	580
841	580
841	581
843	581
843	582
844	582
844	583
846	583
846	584
847	584
847	585
849	585
849	586
850	586
850	587
851	587
851	588
852	588
852	589
853	589
853	590
861	590
861	591
862	591
862	592
866	592
866	593
870	593
870	594
883	594
883	595
887	595
887	596
888	596
888	597
889	597
889	598
892	598
892	599
933	599
933	600
934	600
934	601
936	601
936	602
937	602
937	603
942	603
942	604
943	604
943	605
945	605
945	606
946	606
946	607
950	607
950	608
951	608
951	609
953	609
953	610
998	610
998	609
999	609
999	607
1000	607
1000	606
1001	606
1001	605
1002	605
1002	604
1003	604
1003	603
1007	603
1007	602
1008	602
1008	601
1027	601
1027	602
1028	602
1028	603
1029	603
1029	605
1030	605
1030	607
1031	607
1031	626
1030	626
1030	633
1062	633
1062	632
1064	632
1064	631
1067	631
1067	630
1069	630
1069	629
1072	629
1072	628
1074	628
1074	627
1075	627
1075	626
1076	626
1076	625
1099	625
1099	626
1100	626
1100	627
1102	627
1102	628
1106	628
1106	629
1111	629
1111	630
1118	630
1118	631
1124	631
1124	630
1127	630
1127	629
1129	629
1129	628
1130	628
1130	627
1131	627
1131	626
1132	626
1132	625
1133	625
1133	623
1134	623
1134	620
1135	620
1135	618
1136	618
1136	617
1137	617
1137	616
1138	616
1138	615
1141	615
1141	614
1142	614
1142	613
1143	613
1143	612
1151	612
1151	611
1152	611
1152	610
1153	610
1153	609
1154	609
1154	608
1155	608
1155	607
1156	607
1156	606
1157	606
1157	605
1158	605
1158	604
1159	604
1159	603
1162	603
1162	602
1164	602
1164	601
1166	601
1166	600
1167	600
1167	599
1194	599
1194	598
1195	598
1195	597
1199	597
1199	596
1200	596
1200	595
1203	595
1203	594
1205	594
1205	593
1208	593
1208	592
1209	592
1209	591
1210	591
1210	590
1211	590
1211	589
1214	589
1214	587
1215	587
1215	586
1216	586
1216	585
1217	585
1217	583
1218	583
1218	582
1219	582
1219	581
1220	581
1220	580
1221	580
1221	579
1224	579
1224	578
1225	578
1225	577
1228	577
1228	576
1231	576
1231	575
1237	575
1237	574
1239	574
1239	573
1244	573
1244	572
1245	572
1245	571
1250	571
1250	570
1251	570
1251	569
1254	569
1254	568
1255	568
1255	567
1256	567
1256	566
1258	566
1258	565
1259	565
1259	564
1260	564
1260	563
1262	563
1262	562
1263	562
1263	561
1268	561
1268	560
1269	560
1269	559
1271	559
1271	558
1276	558
1276	557
1300	557
1300	556
1305	556
1305	555
1307	555
1307	554
1309	554
1309	553
1311	553
1311	552
1313	552
1313	551
1314	551
1314	550
1315	550
1315	549
1318	549
1318	548
1339	548
1339	547
1341	547
1341	546
1343	546
1343	545
1356	545
1356	544
1361	544
1361	543
1362	543
1362	542
1363	542
1363	541
1364	541
1364	540
1365	540
1365	539
1367	539
1367	538
1368	538
1368	537
1370	537
1370	536
1371	536
1371	535
1376	535
1376	534
1377	534
1377	533
1378	533
1378	532
1379	532
1379	531
1380	531
1380	530
1381	530
1381	522
1382	522
1382	519
1383	519
1383	517
1384	517
1384	516
1385	516
1385	513
1386	513
1386	512
1387	512
1387	511
1388	511
1388	508
1389	508
1389	506
1390	506
1390	505
1391	505
1391	502
1392	502
1392	501
1393	501
1393	498
1394	498
1394	497
1395	497
1395	496
1396	496
1396	495
1397	495
1397	494
1398	494
1398	493
1399	493
1399	489
1400	489
1400	488
1401	488
1401	486
1402	486
1402	485
1403	485
1403	484
1404	484
1404	483
1406	483
1406	482
1407	482
1407	481
1409	481
1409	480
1411	480
1411	479
1412	479
1412	478
1413	478
1413	477
1414	477
1414	476
1415	476
1415	475
1416	475
1416	474
1417	474
1417	473
1418	473
1418	472
1419	472
1419	471
1420	471
1420	470
1421	470
1421	469
1423	469
1423	468
1424	468
1424	467
1426	467
1426	466
1427	466
1427	465
1428	465
1428	464
1429	464
1429	463
1430	463
1430	461
1431	461
1431	459
1432	459
1432	458
1433	458
1433	457
1434	457
1434	456
1435	456
1435	454
1436	454
1436	453
1437	453
1437	451
1438	451
1438	450
1439	450
1439	449
1440	449
1440	448
1441	448
1441	447
1442	447
1442	445
1443	445
1443	444
1444	444
1444	443
1445	443
1445	441
1446	441
1446	440
1447	440
1447	439
1448	439
1448	438
1449	438
1449	437
1450	437
1450	434
1451	434
1451	428
1452	428
1452	427
1453	427
1453	411
1454	411
1454	410
1455	410
1455	407
1456	407
1456	406
1457	406
1457	405
1458	405
1458	404
1459	404
1459	401
1460	401
1460	400
1461	400
1461	399
1462	399
1462	398
1463	398
1463	396
1464	396
1464	395
1465	395
1465	394
1466	394
1466	393
1467	393
1467	391
1468	391
1468	390
1469	390
1469	387
1470	387
1470	386
1471	386
1471	385
1472	385
1472	383
1473	383
1473	382
1474	382
1474	381
1475	381
1475	379
1476	379
1476	378
1477	378
1477	376
1478	376
1478	375
1479	375
1479	374
1480	374
1480	373
1481	373
1481	372
1482	372
1482	371
1483	371
1483	370
1484	370
1484	369
1487	369
1487	368
1488	368
1488	367
1490	367
1490	366
1491	366
1491	365
1492	365
1492	364
1493	364
1493	363
1494	363
1494	362
1495	362
1495	361
1496	361
1496	360
1497	360
1497	359
1498	359
1498	357
1499	357
1499	356
1500	356
1500	355
1501	355
1501	353
1502	353
1502	352
1503	352
1503	350
1504	350
1504	349
1505	349
1505	348
1506	348
1506	347
1507	347
1507	346
1508	346
1508	345
1509	345
1509	344
1511	344
1511	343
1512	343
1512	342
1513	342
1513	341
1514	341
1514	340
1515	340
1515	339
1516	339
1516	338
1517	338
1517	337
1519	337
1519	336
1520	336
1520	335
1521	335
1521	321
1520	321
1520	287
1521	287
1521	284
1522	284
1522	281
1523	281
1523	279
1524	279
1524	278
1525	278
1525	276
1526	276
1526	275
1527	275
1527	274
1528	274
1528	273
1529	273
1529	272
1530	272
1530	271
1531	271
1531	270
1532	270
1532	269
1533	269
1533	268
1534	268
1534	267
1535	267
1535	266
1536	266
1536	265
1538	265
1538	264
1539	264
1539	263
1540	263
1540	262
1541	262
1541	261
1543	261
1543	260
1544	260
1544	259
1545	259
1545	258
1547	258
1547	257
1549	257
1549	256
1550	256
1550	255
1553	255
1553	254
1555	254
1555	253
1559	253
1559	252
1560	252
1560	251
1564	251
1564	250
1566	250
1566	249
1567	249
1567	248
1568	248
1568	247
1570	247
1570	246
1571	246
1571	245
1572	245
1572	244
1573	244
1573	243
1574	243
1574	242
1575	242
1575	241
1576	241
1576	240
1577	240
1577	239
1578	239
1578	238
1579	238
1579	235
1580	235
1580	234
1581	234
1581	233
1582	233
1582	232
1583	232
1583	231
1584	231
1584	230
1585	230
1585	227
1586	227
1586	226
1587	226
1587	224
1588	224
1588	223
1589	223
1589	221
1590	221
1590	219
1591	219
1591	218
1592	218
1592	217
1593	217
1593	216
1594	216
1594	215
1595	215
1595	214
1596	214
1596	213
1598	213
1598	212
1599	212
1599	211
1600	211
1600	210
1601	210
1601	209
1602	209
1602	208
1603	208
1603	207
1606	207
1606	206
1607	206
1607	205
1608	205
1608	204
1609	204
1609	203
1611	203
1611	202
1612	202
1612	201
1613	201
1613	200
1614	200
1614	199
1615	199
1615	198
1616	198
1616	197
1617	197
1617	196
1618	196
1618	195
1619	195
1619	193
1620	193
1620	192
1621	192
1621	191
1627	191
1627	190
1628	190
1628	189
1631	189
1631	188
1632	188
1632	187
1635	187
1635	186
1636	186
1636	185
1638	185
1638	184
1639	184
1639	183
1641	183
1641	182
1642	182
1642	181
1645	181
1645	180
1646	180
1646	179
1650	179
1650	178
1651	178
1651	177
1654	177
1654	176
1655	176
1655	175
1656	175
1656	174
1657	174
1657	173
1658	173
1658	172
1659	172
1659	171
1661	171
1661	170
1662	170
1662	169
1663	169
1663	168
1664	168
1664	167
1665	167
1665	166
1666	166
1666	165
1667	165
1667	164
1668	164
1668	163
1673	163
1673	164
1674	164
1674	165
1675	165
1675	169
1674	169
1674	170
1673	170
1673	171
1672	171
1672	172
1671	172
1671	173
1670	173
1670	174
1669	174
1669	175
1668	175
1668	176
1667	176
1667	177
1666	177
1666	178
1665	178
1665	179
1663	179
1663	180
1662	180
1662	181
1661	181
1661	182
1660	182
1660	183
1658	183
