322	281
323	281
323	283
322	283
322	288
321	288
321	289
322	289
322	290
321	290
321	315
320	315
320	321
321	321
321	330
322	330
322	331
321	331
321	333
322	333
322	335
323	335
323	339
324	339
324	342
325	342
325	347
326	347
326	349
327	349
327	353
328	353
328	365
330	365
330	366
329	366
329	367
330	367
330	368
331	368
331	369
334	369
334	368
335	368
335	367
342	367
342	366
344	366
344	367
345	367
345	366
348	366
348	367
350	367
350	366
351	366
351	367
353	367
353	366
354	366
354	367
356	367
356	366
357	366
357	367
358	367
358	368
359	368
359	369
365	369
365	370
366	370
366	369
368	369
368	366
369	366
369	368
371	368
371	369
373	369
373	370
374	370
374	371
375	371
375	372
377	372
377	373
381	373
381	374
382	374
382	375
383	375
383	376
384	376
384	377
385	377
385	378
386	378
386	380
387	380
387	383
389	383
389	386
390	386
390	387
389	387
389	389
390	389
390	390
391	390
391	392
392	392
392	395
393	395
393	396
394	396
394	411
395	411
395	412
396	412
396	413
398	413
398	414
414	414
414	413
416	413
416	412
423	412
423	413
425	413
425	414
426	414
426	416
427	416
427	417
428	417
428	419
429	419
429	429
430	429
430	430
431	430
431	431
432	431
432	432
433	432
433	435
434	435
434	439
435	439
435	440
436	440
436	443
437	443
437	444
438	444
438	445
439	445
439	446
440	446
440	449
441	449
441	450
442	450
442	451
443	451
443	452
444	452
444	453
446	453
446	454
449	454
449	455
450	455
450	456
453	456
453	458
454	458
454	459
455	459
455	460
459	460
459	461
462	461
462	462
463	462
463	463
464	463
464	464
469	464
469	467
470	467
470	472
471	472
471	473
472	473
472	474
473	474
473	475
474	475
474	476
485	476
485	477
486	477
486	479
487	479
487	480
488	480
488	481
490	481
490	482
492	482
492	483
493	483
493	485
494	485
494	486
495	486
495	487
496	487
496	488
498	488
498	489
502	489
502	490
503	490
503	491
504	491
504	492
506	492
506	494
507	494
507	495
508	495
508	496
516	496
516	497
517	497
517	498
519	498
519	499
520	499
520	500
521	500
521	501
522	501
522	502
523	502
523	503
524	503
524	505
525	505
525	506
526	506
526	507
527	507
527	508
528	508
528	510
529	510
529	511
530	511
530	512
531	512
531	513
532	513
532	514
533	514
533	515
534	515
534	516
536	516
536	518
537	518
537	519
538	519
538	520
540	520
540	521
541	521
541	522
543	522
543	523
544	523
544	524
545	524
545	525
546	525
546	526
548	526
548	528
550	528
550	530
551	530
551	531
552	531
552	533
553	533
553	534
554	534
554	535
557	535
557	536
558	536
558	535
559	535
559	536
563	536
563	535
566	535
566	533
567	533
567	534
568	534
568	533
569	533
569	532
571	532
571	531
572	531
572	530
573	530
573	529
575	529
575	526
577	526
577	523
578	523
578	522
579	522
579	520
580	520
580	519
581	519
581	518
582	518
582	517
583	517
583	516
585	516
585	515
586	515
586	514
588	514
588	513
590	513
590	512
592	512
592	511
595	511
595	510
596	510
596	509
606	509
606	508
609	508
609	507
612	507
612	506
617	506
617	505
622	505
622	504
625	504
625	503
632	503
632	502
641	502
641	501
646	501
646	500
648	500
648	499
653	499
653	500
657	500
657	501
660	501
660	500
662	500
662	501
663	501
663	500
667	500
667	499
668	499
668	500
671	500
671	501
674	501
674	502
675	502
675	503
676	503
676	504
678	504
678	505
680	505
680	506
681	506
681	507
682	507
682	508
683	508
683	509
684	509
684	510
686	510
686	512
687	512
687	513
689	513
689	514
690	514
690	516
691	516
691	517
692	517
692	518
693	518
693	519
694	519
694	521
695	521
695	522
696	522
696	523
706	523
706	524
709	524
709	525
710	525
710	526
712	526
712	527
715	527
715	528
717	528
717	529
719	529
719	530
723	530
723	531
726	531
726	532
729	532
729	533
731	533
731	534
733	534
733	535
735	535
735	536
737	536
737	537
739	537
739	538
741	538
741	539
743	539
743	540
745	540
745	541
748	541
748	542
750	542
750	543
751	543
751	542
752	542
752	543
758	543
758	544
764	544
764	545
772	545
772	546
774	546
774	547
775	547
775	548
777	548
777	549
779	549
779	550
780	550
780	551
781	551
781	552
782	552
782	553
783	553
783	554
784	554
784	555
783	555
783	556
784	556
784	559
785	559
785	561
786	561
786	563
787	563
787	564
786	564
786	565
787	565
787	567
786	567
786	568
787	568
787	570
788	570
788	571
789	571
789	578
790	578
790	594
791	594
791	595
790	595
790	596
791	596
791	598
792	598
792	600
791	600
791	601
792	601
792	605
791	605
791	606
790	606
790	611
791	611
791	612
792	612
792	613
796	613
796	612
797	612
797	611
798	611
798	609
802	609
802	610
803	610
803	611
818	611
818	612
819	612
819	613
827	613
827	612
828	612
828	611
829	611
829	610
830	610
830	609
831	609
831	608
832	608
832	607
833	607
833	606
835	606
835	605
836	605
836	603
837	603
837	605
838	605
838	604
839	604
839	603
840	603
840	602
958	602
958	601
959	601
959	600
960	600
960	599
961	599
961	598
964	598
964	597
966	597
966	596
968	596
968	595
969	595
969	594
970	594
970	593
971	593
971	592
972	592
972	588
973	588
973	587
974	587
974	585
975	585
975	584
976	584
976	582
977	582
977	580
978	580
978	577
980	577
980	576
982	576
982	575
983	575
983	574
986	574
986	573
1015	573
1015	572
1016	572
1016	571
1017	571
1017	570
1018	570
1018	571
1020	571
1020	570
1034	570
1034	571
1035	571
1035	572
1036	572
1036	573
1037	573
1037	574
1038	574
1038	575
1039	575
1039	576
1043	576
1043	577
1044	577
1044	578
1045	578
1045	580
1046	580
1046	579
1047	579
1047	581
1049	581
1049	580
1051	580
1051	579
1053	579
1053	578
1054	578
1054	577
1058	577
1058	576
1059	576
1059	575
1060	575
1060	574
1061	574
1061	573
1062	573
1062	572
1063	572
1063	571
1064	571
1064	559
1065	559
1065	557
1066	557
1066	556
1067	556
1067	555
1068	555
1068	554
1069	554
1069	552
1070	552
1070	551
1071	551
1071	550
1072	550
1072	548
1073	548
1073	542
1074	542
1074	541
1078	541
1078	540
1079	540
1079	539
1080	539
1080	538
1086	538
1086	537
1096	537
1096	536
1097	536
1097	535
1098	535
1098	534
1102	534
1102	533
1103	533
1103	532
1104	532
1104	531
1105	531
1105	530
1111	530
1111	529
1114	529
1114	528
1116	528
1116	527
1117	527
1117	526
1118	526
1118	525
1120	525
1120	524
1123	524
1123	523
1124	523
1124	522
1125	522
1125	521
1126	521
1126	520
1127	520
1127	519
1128	519
1128	518
1130	518
1130	517
1134	517
1134	516
1135	516
1135	515
1136	515
1136	514
1139	514
1139	513
1143	513
1143	512
1158	512
1158	511
1159	511
1159	510
1165	510
1165	512
1166	512
1166	514
1167	514
1167	515
1168	515
1168	516
1172	516
1172	517
1173	517
1173	518
1174	518
1174	519
1175	519
1175	520
1177	520
1177	521
1178	521
1178	522
1179	522
1179	523
1180	523
1180	524
1182	524
1182	525
1184	525
1184	526
1186	526
1186	527
1188	527
1188	528
1190	528
1190	529
1191	529
1191	530
1195	530
1195	529
1196	529
1196	528
1197	528
1197	524
1196	524
1196	523
1195	523
1195	521
1196	521
1196	520
1197	520
1197	519
1198	519
1198	518
1200	518
1200	517
1204	517
1204	516
1205	516
1205	515
1206	515
1206	513
1208	513
1208	511
1209	511
1209	510
1210	510
1210	509
1212	509
1212	508
1213	508
1213	507
1214	507
1214	506
1215	506
1215	505
1216	505
1216	504
1217	504
1217	502
1218	502
1218	500
1219	500
1219	499
1221	499
1221	498
1222	498
1222	496
1224	496
1224	495
1225	495
1225	494
1227	494
1227	492
1228	492
1228	491
1229	491
1229	492
1230	492
1230	491
1229	491
1229	490
1231	490
1231	489
1230	489
1230	488
1233	488
1233	486
1234	486
1234	485
1235	485
1235	484
1236	484
1236	483
1237	483
1237	482
1238	482
1238	481
1239	481
1239	480
1240	480
1240	479
1241	479
1241	477
1243	477
1243	476
1246	476
1246	475
1251	475
1251	473
1253	473
1253	472
1256	472
1256	471
1263	471
1263	470
1264	470
1264	469
1269	469
1269	468
1270	468
1270	467
1273	467
1273	464
1275	464
1275	463
1276	463
1276	461
1277	461
1277	460
1278	460
1278	459
1279	459
1279	457
1281	457
1281	456
1282	456
1282	455
1284	455
1284	454
1285	454
1285	453
1286	453
1286	452
1288	452
1288	451
1291	451
1291	450
1295	450
1295	449
1298	449
1298	448
1299	448
1299	447
1301	447
1301	446
1302	446
1302	444
1304	444
1304	443
1305	443
1305	442
1307	442
1307	440
1310	440
1310	439
1312	439
1312	438
1314	438
1314	437
1316	437
1316	436
1318	436
1318	435
1320	435
1320	434
1321	434
1321	433
1322	433
1322	432
1325	432
1325	431
1326	431
1326	430
1325	430
1325	429
1327	429
1327	427
1329	427
1329	426
1330	426
1330	425
1331	425
1331	424
1332	424
1332	423
1333	423
1333	422
1335	422
1335	420
1336	420
1336	421
1337	421
1337	420
1338	420
1338	419
1336	419
1336	417
1338	417
1338	416
1337	416
1337	415
1336	415
1336	413
1338	413
1338	412
1336	412
1336	411
1337	411
1337	408
1336	408
1336	406
1335	406
1335	405
1336	405
1336	404
1334	404
1334	403
1336	403
1336	400
1335	400
1335	399
1337	399
1337	398
1338	398
1338	397
1339	397
1339	396
1340	396
1340	394
1341	394
1341	391
1343	391
1343	389
1344	389
1344	390
1345	390
1345	389
1347	389
1347	388
1348	388
1348	386
1350	386
1350	385
1352	385
1352	384
1353	384
1353	383
1355	383
1355	382
1356	382
1356	381
1358	381
1358	380
1360	380
1360	379
1363	379
1363	378
1365	378
1365	377
1367	377
1367	376
1370	376
1370	375
1371	375
1371	374
1379	374
1379	373
1381	373
1381	372
1386	372
1386	371
1390	371
1390	370
1391	370
1391	369
1393	369
1393	367
1395	367
1395	366
1396	366
1396	365
1397	365
1397	364
1402	364
1402	363
1404	363
1404	362
1405	362
1405	361
1407	361
1407	360
1409	360
1409	359
1411	359
1411	358
1412	358
1412	355
1414	355
1414	354
1413	354
1413	353
1415	353
1415	352
1416	352
1416	349
1417	349
1417	348
1416	348
1416	346
1417	346
1417	345
1416	345
1416	343
1415	343
1415	342
1416	342
1416	341
1415	341
1415	335
1414	335
1414	327
1415	327
1415	326
1414	326
1414	324
1415	324
1415	323
1413	323
1413	322
1414	322
1414	321
1415	321
1415	315
1417	315
1417	314
1415	314
1415	313
1417	313
1417	311
1416	311
1416	310
1418	310
1418	309
1419	309
1419	306
1420	306
1420	302
1421	302
1421	301
1422	301
1422	299
1423	299
1423	297
1424	297
1424	296
1425	296
1425	295
1424	295
1424	294
1426	294
1426	292
1427	292
1427	291
1428	291
1428	289
1429	289
1429	287
1431	287
1431	285
1432	285
1432	283
1433	283
1433	282
1434	282
1434	281
1435	281
1435	280
1436	280
1436	279
1437	279
1437	278
1438	278
1438	277
1439	277
1439	276
1440	276
1440	275
1442	275
1442	274
1445	274
1445	273
1446	273
1446	270
1445	270
1445	269
1446	269
1446	266
1445	266
1445	265
1446	265
1446	264
1445	264
1445	262
1446	262
1446	261
1445	261
1445	260
1446	260
1446	259
1445	259
1445	248
1446	248
1446	246
1445	246
1445	243
1447	243
1447	234
1448	234
1448	230
1449	230
1449	225
1450	225
1450	221
1451	221
1451	220
1450	220
1450	219
1451	219
1451	218
1450	218
1450	217
1451	217
1451	213
1452	213
1452	212
1451	212
1451	210
1452	210
1452	209
1451	209
1451	208
1453	208
1453	207
1452	207
1452	206
1453	206
1453	202
1452	202
1452	201
1454	201
1454	198
1457	198
1457	197
1461	197
1461	196
1462	196
1462	195
1463	195
1463	194
1464	194
1464	193
1465	193
1465	192
1464	192
1464	191
1461	191
1461	193
1460	193
1460	194
1457	194
1457	195
1454	195
1454	196
1453	196
1453	195
1452	195
1452	196
1451	196
1451	197
1452	197
1452	200
1450	200
1450	203
1449	203
1449	212
1448	212
1448	217
1449	217
1449	218
1447	218
1447	221
1446	221
1446	223
1447	223
1447	224
1446	224
1446	229
1445	229
1445	236
1444	236
1444	241
1443	241
1443	245
1442	245
1442	261
1443	261
1443	262
1442	262
1442	265
1443	265
1443	271
1441	271
1441	272
1439	272
1439	273
1437	273
1437	274
1436	274
1436	275
1435	275
1435	276
1433	276
1433	277
1434	277
1434	278
1432	278
1432	279
1431	279
1431	281
1430	281
1430	282
1429	282
1429	284
1428	284
1428	286
1427	286
1427	287
1426	287
1426	288
1425	288
1425	290
1424	290
1424	291
1423	291
1423	292
1422	292
1422	294
1421	294
1421	296
1420	296
1420	298
1419	298
1419	299
1418	299
1418	301
1417	301
1417	304
1416	304
1416	307
1415	307
1415	309
1414	309
1414	311
1413	311
1413	316
1412	316
1412	322
1411	322
1411	323
1412	323
1412	324
1411	324
1411	329
1412	329
1412	330
1411	330
1411	335
1412	335
1412	341
1413	341
1413	352
1412	352
1412	354
1411	354
1411	355
1410	355
1410	356
1409	356
1409	357
1408	357
1408	358
1407	358
1407	359
1404	359
1404	360
1401	360
1401	361
1399	361
1399	362
1396	362
1396	363
1394	363
1394	364
1393	364
1393	365
1392	365
1392	366
1390	366
1390	367
1389	367
1389	368
1385	368
1385	369
1382	369
1382	370
1378	370
1378	371
1376	371
1376	372
1374	372
1374	371
1373	371
1373	372
1370	372
1370	373
1367	373
1367	374
1365	374
1365	375
1362	375
1362	376
1360	376
1360	377
1357	377
1357	378
1355	378
1355	379
1354	379
1354	380
1352	380
1352	381
1351	381
1351	382
1350	382
1350	383
1349	383
1349	384
1347	384
1347	385
1346	385
1346	386
1344	386
1344	387
1343	387
1343	388
1342	388
1342	389
1341	389
1341	390
1339	390
1339	392
1338	392
1338	393
1337	393
1337	394
1336	394
1336	396
1335	396
1335	398
1334	398
1334	401
1333	401
1333	411
1334	411
1334	420
1331	420
1331	421
1329	421
1329	422
1328	422
1328	423
1327	423
1327	425
1326	425
1326	426
1325	426
1325	428
1324	428
1324	429
1323	429
1323	430
1321	430
1321	431
1320	431
1320	432
1319	432
1319	433
1317	433
1317	434
1314	434
1314	435
1313	435
1313	436
1311	436
1311	437
1309	437
1309	438
1308	438
1308	439
1306	439
1306	440
1304	440
1304	441
1302	441
1302	442
1301	442
1301	443
1300	443
1300	445
1298	445
1298	446
1296	446
1296	447
1293	447
1293	448
1290	448
1290	449
1288	449
1288	450
1286	450
1286	451
1285	451
1285	452
1283	452
1283	453
1281	453
1281	454
1280	454
1280	455
1279	455
1279	456
1277	456
1277	457
1276	457
1276	459
1275	459
1275	460
1274	460
1274	461
1273	461
1273	462
1272	462
1272	463
1271	463
1271	465
1270	465
1270	466
1268	466
1268	467
1263	467
1263	468
1260	468
1260	469
1255	469
1255	470
1252	470
1252	471
1250	471
1250	472
1248	472
1248	473
1244	473
1244	474
1242	474
1242	475
1240	475
1240	476
1239	476
1239	478
1238	478
1238	479
1237	479
1237	480
1235	480
1235	481
1234	481
1234	482
1233	482
1233	483
1232	483
1232	484
1231	484
1231	485
1230	485
1230	486
1229	486
1229	488
1228	488
1228	489
1227	489
1227	490
1226	490
1226	491
1225	491
1225	492
1224	492
1224	493
1222	493
1222	494
1221	494
1221	495
1219	495
1219	496
1218	496
1218	497
1217	497
1217	498
1216	498
1216	500
1215	500
1215	501
1214	501
1214	503
1213	503
1213	504
1212	504
1212	506
1210	506
1210	507
1208	507
1208	508
1207	508
1207	509
1206	509
1206	510
1205	510
1205	511
1204	511
1204	512
1203	512
1203	513
1202	513
1202	514
1201	514
1201	515
1199	515
1199	516
1197	516
1197	517
1195	517
1195	518
1194	518
1194	520
1192	520
1192	519
1191	519
1191	518
1189	518
1189	517
1188	517
1188	516
1185	516
1185	515
1184	515
1184	514
1183	514
1183	513
1181	513
1181	512
1180	512
1180	511
1179	511
1179	510
1178	510
1178	509
1175	509
1175	508
1173	508
1173	507
1172	507
1172	506
1171	506
1171	505
1170	505
1170	504
1169	504
1169	503
1168	503
1168	502
1167	502
1167	501
1156	501
1156	502
1155	502
1155	503
1154	503
1154	504
1139	504
1139	505
1135	505
1135	506
1131	506
1131	507
1130	507
1130	508
1129	508
1129	509
1127	509
1127	510
1123	510
1123	511
1122	511
1122	512
1121	512
1121	514
1120	514
1120	515
1119	515
1119	516
1116	516
1116	517
1115	517
1115	518
1112	518
1112	519
1111	519
1111	520
1110	520
1110	521
1108	521
1108	522
1102	522
1102	523
1101	523
1101	524
1099	524
1099	525
1098	525
1098	526
1094	526
1094	527
1093	527
1093	528
1092	528
1092	529
1082	529
1082	530
1076	530
1076	531
1075	531
1075	532
1074	532
1074	533
1071	533
1071	534
1070	534
1070	535
1069	535
1069	536
1068	536
1068	537
1067	537
1067	538
1066	538
1066	539
1065	539
1065	542
1064	542
1064	544
1063	544
1063	546
1062	546
1062	549
1061	549
1061	550
1060	550
1060	551
1059	551
1059	552
1058	552
1058	553
1057	553
1057	555
1056	555
1056	567
1055	567
1055	568
1054	568
1054	569
1047	569
1047	568
1044	568
1044	567
1043	567
1043	566
1042	566
1042	565
1041	565
1041	564
1039	564
1039	563
1038	563
1038	562
1014	562
1014	563
1013	563
1013	564
1012	564
1012	565
982	565
982	566
979	566
979	567
976	567
976	568
975	568
975	569
974	569
974	570
973	570
973	572
972	572
972	573
971	573
971	574
970	574
970	575
969	575
969	578
967	578
967	582
966	582
966	581
965	581
965	582
966	582
966	583
965	583
965	584
964	584
964	588
963	588
963	589
960	589
960	590
956	590
956	591
953	591
953	592
952	592
952	591
947	591
947	592
944	592
944	593
941	593
941	594
901	594
901	593
898	593
898	594
831	594
831	595
830	595
830	596
829	596
829	598
828	598
828	599
827	599
827	600
826	600
826	601
825	601
825	602
824	602
824	603
823	603
823	604
822	604
822	603
821	603
821	602
820	602
820	601
810	601
810	600
809	600
809	599
808	599
808	598
803	598
803	599
802	599
802	600
800	600
800	601
795	601
795	599
794	599
794	594
793	594
793	593
794	593
794	588
793	588
793	577
792	577
792	573
791	573
791	570
790	570
790	568
789	568
789	567
790	567
790	564
792	564
792	559
791	559
791	558
790	558
790	556
789	556
789	555
788	555
788	554
787	554
787	553
786	553
786	552
784	552
784	550
783	550
783	549
782	549
782	548
780	548
780	547
779	547
779	546
776	546
776	544
773	544
773	543
768	543
768	542
767	542
767	543
766	543
766	542
761	542
761	541
753	541
753	540
750	540
750	539
746	539
746	538
745	538
745	537
742	537
742	536
741	536
741	535
739	535
739	534
736	534
736	533
735	533
735	532
733	532
733	531
730	531
730	530
728	530
728	529
725	529
725	528
721	528
721	527
719	527
719	526
716	526
716	525
715	525
715	524
712	524
712	523
710	523
710	522
708	522
708	521
701	521
701	520
697	520
697	519
696	519
696	518
695	518
695	516
693	516
693	513
691	513
691	511
689	511
689	510
688	510
688	509
687	509
687	508
686	508
686	507
685	507
685	506
684	506
684	505
682	505
682	503
681	503
681	502
679	502
679	501
677	501
677	500
675	500
675	499
674	499
674	498
671	498
671	497
669	497
669	496
668	496
668	497
664	497
664	498
655	498
655	497
652	497
652	496
647	496
647	497
645	497
645	498
644	498
644	499
643	499
643	498
642	498
642	499
631	499
631	500
628	500
628	501
623	501
623	502
618	502
618	503
612	503
612	504
609	504
609	505
607	505
607	506
603	506
603	507
602	507
602	506
599	506
599	507
594	507
594	508
592	508
592	509
591	509
591	510
588	510
588	511
585	511
585	512
584	512
584	513
583	513
583	514
581	514
581	515
580	515
580	516
579	516
579	518
578	518
578	519
577	519
577	521
576	521
576	523
575	523
575	524
574	524
574	527
573	527
573	528
572	528
572	529
571	529
571	530
570	530
570	531
566	531
566	532
564	532
564	533
563	533
563	534
562	534
562	535
561	535
561	534
560	534
560	533
559	533
559	534
558	534
558	533
555	533
555	532
554	532
554	531
553	531
553	529
552	529
552	528
551	528
551	526
550	526
550	525
549	525
549	524
548	524
548	523
547	523
547	522
545	522
545	521
544	521
544	520
542	520
542	519
541	519
541	518
540	518
540	517
538	517
538	515
537	515
537	514
536	514
536	513
535	513
535	512
534	512
534	511
533	511
533	510
532	510
532	509
531	509
531	508
530	508
530	506
528	506
528	504
527	504
527	503
526	503
526	502
525	502
525	501
524	501
524	500
523	500
523	499
522	499
522	498
521	498
521	497
520	497
520	496
519	496
519	494
518	494
518	493
517	493
517	490
516	490
516	489
515	489
515	488
513	488
513	487
512	487
512	486
511	486
511	485
510	485
510	484
509	484
509	483
508	483
508	482
507	482
507	481
501	481
501	480
500	480
500	478
499	478
499	477
498	477
498	476
497	476
497	475
496	475
496	474
493	474
493	472
492	472
492	471
491	471
491	470
490	470
490	469
489	469
489	468
479	468
479	467
478	467
478	464
477	464
477	460
476	460
476	459
475	459
475	458
474	458
474	457
473	457
473	456
469	456
469	455
468	455
468	454
467	454
467	453
462	453
462	452
461	452
461	451
460	451
460	450
459	450
459	449
457	449
457	448
455	448
455	447
454	447
454	446
449	446
449	445
448	445
448	440
447	440
447	439
446	439
446	438
444	438
444	435
443	435
443	434
442	434
442	431
441	431
441	428
440	428
440	426
439	426
439	425
438	425
438	424
437	424
437	416
436	416
436	414
435	414
435	413
434	413
434	410
433	410
433	408
432	408
432	407
431	407
431	406
430	406
430	405
429	405
429	404
412	404
412	405
411	405
411	406
402	406
402	399
401	399
401	398
400	398
400	397
396	397
396	396
395	396
395	395
394	395
394	393
393	393
393	390
392	390
392	388
391	388
391	386
390	386
390	382
389	382
389	380
388	380
388	379
387	379
387	376
385	376
385	375
384	375
384	374
382	374
382	372
380	372
380	371
379	371
379	372
378	372
378	371
376	371
376	369
374	369
374	368
372	368
372	367
371	367
371	365
368	365
368	366
367	366
367	367
359	367
359	365
358	365
358	366
357	366
357	364
356	364
356	365
353	365
353	364
350	364
350	365
349	365
349	364
345	364
345	365
344	365
344	364
337	364
337	363
332	363
332	362
331	362
331	361
332	361
332	356
331	356
331	353
330	353
330	348
329	348
329	346
328	346
328	342
327	342
327	339
326	339
326	336
325	336
325	326
324	326
324	303
323	303
323	301
324	301
324	298
325	298
325	297
324	297
324	295
323	295
323	294
324	294
324	286
325	286
325	284
326	284
326	281
325	281
325	275
324	275
324	274
325	274
325	268
324	268
324	263
325	263
325	262
324	262
324	260
323	260
323	258
322	258
322	257
321	257
321	256
320	256
320	255
319	255
319	254
317	254
317	253
316	253
316	252
307	252
307	253
299	253
299	254
297	254
297	253
296	253
296	252
295	252
295	251
293	251
293	250
291	250
291	249
290	249
290	248
289	248
289	247
288	247
288	246
287	246
287	245
285	245
285	244
284	244
284	243
282	243
282	242
280	242
280	241
277	241
277	240
278	240
278	239
276	239
276	237
275	237
275	236
274	236
274	235
273	235
273	234
272	234
272	233
271	233
271	231
270	231
270	230
267	230
267	229
264	229
264	228
263	228
263	227
262	227
262	225
261	225
261	221
260	221
260	220
255	220
255	219
253	219
253	218
246	218
246	217
245	217
245	215
244	215
244	214
233	214
233	213
232	213
232	214
231	214
231	213
230	213
230	214
229	214
229	213
227	213
227	212
226	212
226	211
225	211
225	210
213	210
213	209
212	209
212	210
211	210
211	209
209	209
209	208
208	208
208	207
203	207
203	202
202	202
202	201
204	201
204	198
203	198
203	186
204	186
204	185
203	185
203	184
204	184
204	182
203	182
203	181
204	181
204	176
203	176
203	175
204	175
204	174
203	174
203	173
204	173
204	172
203	172
203	150
202	150
202	149
199	149
199	148
198	148
198	147
197	147
197	146
194	146
194	147
193	147
193	146
191	146
191	145
190	145
190	130
191	130
191	126
190	126
190	125
191	125
191	117
192	117
192	114
191	114
191	109
190	109
190	107
189	107
189	105
187	105
187	104
186	104
186	103
185	103
185	102
184	102
184	101
183	101
183	100
177	100
177	95
176	95
176	94
177	94
177	93
176	93
176	89
172	89
172	93
171	93
171	94
169	94
169	95
160	95
160	94
158	94
158	93
156	93
156	92
150	92
150	91
148	91
148	90
147	90
147	89
144	89
144	88
142	88
142	87
140	87
140	86
138	86
138	85
134	85
134	84
131	84
131	83
125	83
125	84
115	84
115	83
118	83
118	80
119	80
119	78
120	78
120	77
121	77
121	78
123	78
123	79
126	79
126	80
132	80
132	79
127	79
127	78
124	78
124	77
122	77
122	76
119	76
119	77
118	77
118	79
117	79
117	82
116	82
116	81
114	81
114	82
112	82
112	83
111	83
111	85
113	85
113	86
115	86
115	87
123	87
123	86
128	86
128	85
131	85
131	86
133	86
133	87
138	87
138	88
140	88
140	89
142	89
142	90
144	90
144	91
145	91
145	92
148	92
148	93
150	93
150	94
156	94
156	95
158	95
158	96
162	96
162	97
167	97
167	96
171	96
171	95
173	95
173	92
174	92
174	95
175	95
175	102
183	102
183	103
184	103
184	104
185	104
185	105
186	105
186	106
187	106
187	107
188	107
188	109
189	109
189	115
190	115
190	116
189	116
189	120
188	120
188	130
187	130
187	131
188	131
188	137
187	137
187	138
188	138
188	148
189	148
189	149
192	149
192	148
193	148
193	149
195	149
195	148
197	148
197	149
198	149
198	150
200	150
200	151
201	151
201	186
200	186
200	188
201	188
201	191
200	191
200	194
201	194
201	201
200	201
200	203
201	203
201	204
200	204
200	209
201	209
201	210
208	210
208	211
209	211
209	212
211	212
211	213
215	213
215	212
216	212
216	213
218	213
218	212
222	212
222	213
223	213
223	212
224	212
224	213
225	213
225	214
227	214
227	215
228	215
228	216
237	216
237	215
238	215
238	216
243	216
243	217
244	217
244	218
245	218
245	220
253	220
253	221
258	221
258	222
259	222
259	225
260	225
260	226
261	226
261	229
262	229
262	231
263	231
263	232
270	232
270	235
273	235
273	236
272	236
272	237
274	237
274	239
275	239
275	241
276	241
276	242
277	242
277	243
278	243
278	242
279	242
279	244
282	244
282	246
284	246
284	247
285	247
285	248
287	248
287	249
288	249
288	250
289	250
289	251
291	251
291	253
293	253
293	254
294	254
294	255
295	255
295	256
301	256
301	255
302	255
302	254
306	254
306	255
307	255
307	254
310	254
310	255
312	255
312	254
315	254
315	255
316	255
316	256
318	256
318	257
319	257
319	258
321	258
321	261
322	261
