3019	257
3015	257
3015	258
3014	258
3014	259
2974	259
2974	258
2972	258
2972	257
2955	257
2955	256
2954	256
2954	255
2943	255
2943	254
2930	254
2930	255
2925	255
2925	256
2924	256
2924	257
2877	257
2877	258
2863	258
2863	257
2856	257
2856	256
2855	256
2855	255
2852	255
2852	254
2851	254
2851	253
2849	253
2849	252
2848	252
2848	251
2847	251
2847	250
2846	250
2846	249
2845	249
2845	248
2844	248
2844	246
2843	246
2843	245
2842	245
2842	244
2841	244
2841	243
2840	243
2840	242
2834	242
2834	243
2833	243
2833	244
2831	244
2831	245
2830	245
2830	276
2831	276
2831	278
2832	278
2832	282
2833	282
2833	285
2834	285
2834	286
2835	286
2835	289
2836	289
2836	292
2837	292
2837	299
2838	299
2838	300
2839	300
2839	303
2840	303
2840	315
2841	315
2841	376
2840	376
2840	378
2839	378
2839	379
2838	379
2838	380
2837	380
2837	381
2836	381
2836	382
2835	382
2835	385
2834	385
2834	386
2833	386
2833	387
2832	387
2832	390
2831	390
2831	393
2830	393
2830	394
2829	394
2829	396
2828	396
2828	397
2827	397
2827	399
2826	399
2826	400
2825	400
2825	401
2822	401
2822	402
2819	402
2819	403
2818	403
2818	404
2815	404
2815	405
2813	405
2813	407
2812	407
2812	444
2811	444
2811	445
2810	445
2810	446
2809	446
2809	447
2805	447
2805	448
2804	448
2804	449
2796	449
2796	450
2795	450
2795	451
2792	451
2792	452
2784	452
2784	453
2769	453
2769	454
2766	454
2766	455
2762	455
2762	456
2761	456
2761	457
2760	457
2760	458
2759	458
2759	459
2758	459
2758	461
2757	461
2757	462
2756	462
2756	468
2755	468
2755	469
2754	469
2754	470
2750	470
2750	471
2749	471
2749	472
2748	472
2748	473
2742	473
2742	474
2740	474
2740	475
2739	475
2739	476
2737	476
2737	477
2736	477
2736	478
2735	478
2735	479
2734	479
2734	480
2733	480
2733	481
2732	481
2732	482
2731	482
2731	483
2730	483
2730	484
2729	484
2729	485
2728	485
2728	486
2726	486
2726	487
2725	487
2725	488
2724	488
2724	489
2722	489
2722	490
2720	490
2720	491
2718	491
2718	492
2716	492
2716	493
2715	493
2715	494
2714	494
2714	495
2711	495
2711	496
2710	496
2710	497
2709	497
2709	498
2708	498
2708	499
2707	499
2707	500
2706	500
2706	501
2704	501
2704	502
2703	502
2703	503
2702	503
2702	504
2701	504
2701	505
2700	505
2700	506
2699	506
2699	508
2698	508
2698	509
2697	509
2697	510
2696	510
2696	511
2695	511
2695	512
2694	512
2694	513
2693	513
2693	515
2692	515
2692	520
2691	520
2691	521
2690	521
2690	527
2689	527
2689	529
2688	529
2688	532
2687	532
2687	534
2686	534
2686	535
2685	535
2685	538
2684	538
2684	539
2683	539
2683	543
2682	543
2682	544
2681	544
2681	545
2680	545
2680	546
2679	546
2679	547
2677	547
2677	548
2676	548
2676	549
2673	549
2673	550
2672	550
2672	551
2671	551
2671	552
2670	552
2670	553
2669	553
2669	554
2668	554
2668	555
2667	555
2667	556
2666	556
2666	557
2665	557
2665	558
2664	558
2664	562
2663	562
2663	563
2662	563
2662	564
2661	564
2661	565
2660	565
2660	566
2659	566
2659	567
2658	567
2658	568
2657	568
2657	569
2656	569
2656	570
2655	570
2655	571
2654	571
2654	572
2653	572
2653	574
2652	574
2652	575
2651	575
2651	577
2650	577
2650	578
2649	578
2649	579
2648	579
2648	580
2647	580
2647	584
2646	584
2646	586
2645	586
2645	587
2644	587
2644	588
2643	588
2643	589
2642	589
2642	590
2641	590
2641	591
2640	591
2640	594
2639	594
2639	595
2638	595
2638	598
2637	598
2637	599
2636	599
2636	600
2635	600
2635	602
2634	602
2634	606
2633	606
2633	607
2632	607
2632	608
2631	608
2631	609
2630	609
2630	610
2629	610
2629	611
2568	611
2568	610
2566	610
2566	609
2563	609
2563	608
2561	608
2561	607
2560	607
2560	606
2559	606
2559	605
2558	605
2558	604
2557	604
2557	603
2556	603
2556	586
2555	586
2555	585
2554	585
2554	580
2553	580
2553	574
2552	574
2552	572
2551	572
2551	528
2548	528
2548	527
2528	527
2528	526
2527	526
2527	525
2526	525
2526	524
2525	524
2525	523
2524	523
2524	522
2523	522
2523	521
2522	521
2522	520
2521	520
2521	519
2520	519
2520	518
2519	518
2519	517
2518	517
2518	514
2517	514
2517	513
2516	513
2516	512
2515	512
2515	511
2514	511
2514	510
2513	510
2513	507
2512	507
2512	506
2511	506
2511	505
2505	505
2505	506
2502	506
2502	507
2501	507
2501	508
2500	508
2500	511
2499	511
2499	512
2498	512
2498	515
2497	515
2497	517
2496	517
2496	518
2495	518
2495	519
2494	519
2494	524
2493	524
2493	574
2494	574
2494	581
2495	581
2495	582
2496	582
2496	598
2495	598
2495	599
2494	599
2494	600
2493	600
2493	601
2492	601
2492	602
2491	602
2491	603
2490	603
2490	604
2489	604
2489	605
2488	605
2488	606
2487	606
2487	607
2485	607
2485	608
2484	608
2484	612
2483	612
2483	614
2482	614
2482	615
2481	615
2481	617
2480	617
2480	618
2479	618
2479	621
2478	621
2478	623
2477	623
2477	624
2476	624
2476	625
2475	625
2475	626
2474	626
2474	627
2473	627
2473	628
2471	628
2471	629
2470	629
2470	630
2469	630
2469	631
2466	631
2466	632
2463	632
2463	633
2462	633
2462	634
2461	634
2461	635
2460	635
2460	636
2459	636
2459	637
2458	637
2458	638
2457	638
2457	639
2456	639
2456	640
2455	640
2455	641
2454	641
2454	642
2453	642
2453	643
2452	643
2452	644
2451	644
2451	645
2450	645
2450	646
2449	646
2449	647
2448	647
2448	648
2447	648
2447	649
2446	649
2446	650
2443	650
2443	651
2438	651
2438	652
2436	652
2436	653
2433	653
2433	654
2432	654
2432	655
2431	655
2431	656
2430	656
2430	657
2421	657
2421	659
2420	659
2420	660
2419	660
2419	661
2407	661
2407	662
2404	662
2404	663
2403	663
2403	664
2399	664
2399	665
2398	665
2398	666
2393	666
2393	667
2389	667
2389	668
2388	668
2388	669
2382	669
2382	670
2378	670
2378	671
2376	671
2376	672
2375	672
2375	673
2374	673
2374	674
2372	674
2372	675
2369	675
2369	676
2368	676
2368	677
2352	677
2352	676
2350	676
2350	675
2345	675
2345	674
2315	674
2315	673
2314	673
2314	672
2313	672
2313	643
2312	643
2312	642
2311	642
2311	641
2310	641
2310	640
2309	640
2309	639
2308	639
2308	637
2305	637
2305	636
2304	636
2304	635
2303	635
2303	634
2302	634
2302	593
2301	593
2301	587
2300	587
2300	586
2299	586
2299	582
2298	582
2298	573
2297	573
2297	572
2296	572
2296	569
2295	569
2295	568
2294	568
2294	564
2293	564
2293	562
2292	562
2292	561
2287	561
2287	562
2286	562
2286	563
2276	563
2276	564
2274	564
2274	565
2272	565
2272	566
2265	566
2265	567
2247	567
2247	568
2245	568
2245	569
2243	569
2243	570
2241	570
2241	571
2240	571
2240	578
2241	578
2241	579
2242	579
2242	580
2243	580
2243	587
2242	587
2242	589
2241	589
2241	590
2240	590
2240	591
2239	591
2239	594
2238	594
2238	595
2237	595
2237	598
2236	598
2236	615
2235	615
2235	616
2234	616
2234	617
2193	617
2193	618
2192	618
2192	619
2180	619
2180	620
2167	620
2167	621
2166	621
2166	622
2165	622
2165	623
2162	623
2162	624
2161	624
2161	625
2159	625
2159	626
2157	626
2157	627
2154	627
2154	628
2153	628
2153	629
2152	629
2152	630
2149	630
2149	633
2148	633
2148	634
2147	634
2147	635
2146	635
2146	636
2144	636
2144	637
2143	637
2143	639
2142	639
2142	640
2141	640
2141	641
2140	641
2140	642
2139	642
2139	643
2137	643
2137	644
2136	644
2136	645
2135	645
2135	646
2134	646
2134	647
2133	647
2133	648
2132	648
2132	649
2131	649
2131	650
2130	650
2130	651
2129	651
2129	652
2128	652
2128	653
2126	653
2126	654
2125	654
2125	655
2124	655
2124	656
2123	656
2123	657
2122	657
2122	658
2121	658
2121	659
2120	659
2120	660
2119	660
2119	661
2118	661
2118	662
2117	662
2117	663
2115	663
2115	664
2114	664
2114	665
2108	665
2108	664
2097	664
2097	663
2094	663
2094	662
2091	662
2091	661
2088	661
2088	660
2081	660
2081	659
2079	659
2079	658
2078	658
2078	657
2077	657
2077	656
2076	656
2076	655
2075	655
2075	654
2074	654
2074	653
2071	653
2071	652
2070	652
2070	651
2069	651
2069	650
2068	650
2068	649
2065	649
2065	648
2063	648
2063	647
2055	647
2055	648
2054	648
2054	649
2051	649
2051	650
2050	650
2050	651
2049	651
2049	652
2048	652
2048	653
2047	653
2047	657
2046	657
2046	658
2045	658
2045	660
2044	660
2044	661
2043	661
2043	662
2042	662
2042	665
2041	665
2041	666
2040	666
2040	667
2039	667
2039	668
2037	668
2037	669
2035	669
2035	670
2033	670
2033	673
2032	673
2032	681
2031	681
2031	682
2030	682
2030	683
2029	683
2029	684
2028	684
2028	685
2027	685
2027	686
2026	686
2026	687
2025	687
2025	688
2024	688
2024	689
2023	689
2023	690
2022	690
2022	691
2021	691
2021	701
2020	701
2020	710
2019	710
2019	711
2018	711
2018	713
2017	713
2017	714
2016	714
2016	715
2015	715
2015	723
2014	723
2014	724
2013	724
2013	731
2012	731
2012	736
2011	736
2011	769
2010	769
2010	770
2009	770
2009	776
2008	776
2008	777
2007	777
2007	790
2006	790
2006	804
2005	804
2005	805
2004	805
2004	806
1956	806
1956	807
1952	807
1952	808
1928	808
1928	807
1919	807
1919	806
1906	806
1906	808
1905	808
1905	809
1904	809
1904	811
1903	811
1903	812
1902	812
1902	813
1901	813
1901	814
1900	814
1900	815
1899	815
1899	816
1888	816
1888	815
1887	815
1887	814
1884	814
1884	813
1883	813
1883	812
1882	812
1882	811
1881	811
1881	810
1880	810
1880	809
1879	809
1879	808
1852	808
1852	809
1846	809
1846	810
1845	810
1845	811
1805	811
1805	810
1788	810
1788	809
1786	809
1786	808
1785	808
1785	807
1779	807
1779	806
1778	806
1778	805
1777	805
1777	804
1775	804
1775	805
1774	805
1774	810
1773	810
1773	811
1772	811
1772	812
1768	812
1768	811
1765	811
1765	810
1764	810
1764	809
1763	809
1763	808
1762	808
1762	804
1749	804
1749	803
1746	803
1746	802
1745	802
1745	801
1744	801
1744	800
1741	800
1741	799
1740	799
1740	798
1739	798
1739	797
1738	797
1738	796
1737	796
1737	795
1736	795
1736	794
1735	794
1735	767
1736	767
1736	760
1737	760
1737	759
1738	759
1738	732
1737	732
1737	731
1735	731
1735	730
1734	730
1734	729
1733	729
1733	728
1732	728
1732	726
1731	726
1731	724
1730	724
1730	723
1729	723
1729	722
1728	722
1728	719
1727	719
1727	718
1726	718
1726	717
1725	717
1725	716
1724	716
1724	715
1723	715
1723	713
1722	713
1722	712
1721	712
1721	711
1720	711
1720	709
1719	709
1719	708
1718	708
1718	706
1717	706
1717	705
1716	705
1716	704
1715	704
1715	703
1714	703
1714	700
1713	700
1713	699
1712	699
1712	698
1711	698
1711	695
1710	695
1710	694
1709	694
1709	693
1708	693
1708	692
1707	692
1707	691
1706	691
1706	690
1705	690
1705	689
1704	689
1704	688
1703	688
1703	676
1702	676
1702	673
1701	673
1701	672
1700	672
1700	671
1697	671
1697	670
1695	670
1695	669
1694	669
1694	668
1693	668
1693	667
1683	667
1683	668
1682	668
1682	669
1681	669
1681	670
1680	670
1680	671
1679	671
1679	672
1678	672
1678	674
1677	674
1677	675
1676	675
1676	677
1675	677
1675	679
1674	679
1674	687
1673	687
1673	688
1672	688
1672	693
1671	693
1671	696
1670	696
1670	697
1669	697
1669	699
1668	699
1668	702
1667	702
1667	703
1666	703
1666	705
1665	705
1665	707
1664	707
1664	708
1663	708
1663	709
1660	709
1660	710
1659	710
1659	711
1658	711
1658	712
1657	712
1657	713
1656	713
1656	714
1655	714
1655	715
1654	715
1654	716
1653	716
1653	717
1652	717
1652	718
1651	718
1651	719
1647	719
1647	720
1644	720
1644	721
1641	721
1641	722
1639	722
1639	723
1638	723
1638	724
1637	724
1637	726
1636	726
1636	727
1635	727
1635	728
1634	728
1634	729
1633	729
1633	730
1632	730
1632	731
1631	731
1631	732
1629	732
1629	733
1628	733
1628	734
1625	734
1625	735
1623	735
1623	736
1622	736
1622	737
1621	737
1621	738
1620	738
1620	739
1619	739
1619	740
1618	740
1618	741
1617	741
1617	742
1616	742
1616	743
1614	743
1614	744
1612	744
1612	745
1609	745
1609	746
1607	746
1607	747
1606	747
1606	748
1605	748
1605	749
1603	749
1603	750
1591	750
1591	751
1589	751
1589	752
1588	752
1588	753
1587	753
1587	754
1585	754
1585	755
1584	755
1584	756
1583	756
1583	757
1582	757
1582	758
1581	758
1581	759
1580	759
1580	760
1579	760
1579	761
1578	761
1578	762
1575	762
1575	763
1574	763
1574	765
1573	765
1573	766
1572	766
1572	767
1571	767
1571	768
1568	768
1568	769
1567	769
1567	770
1566	770
1566	771
1561	771
1561	772
1560	772
1560	773
1559	773
1559	786
1560	786
1560	787
1561	787
1561	799
1560	799
1560	800
1559	800
1559	812
1560	812
1560	813
1561	813
1561	814
1562	814
1562	815
1563	815
1563	817
1564	817
1564	825
1563	825
1563	826
1562	826
1562	827
1557	827
1557	828
1556	828
1556	829
1540	829
1540	828
1520	828
1520	829
1509	829
1509	830
1508	830
1508	831
1506	831
1506	832
1505	832
1505	833
1502	833
1502	834
1501	834
1501	835
1500	835
1500	836
1499	836
1499	837
1498	837
1498	855
1497	855
1497	856
1496	856
1496	857
1483	857
1483	856
1482	856
1482	855
1478	855
1478	854
1477	854
1477	853
1476	853
1476	852
1475	852
1475	851
1472	851
1472	850
1471	850
1471	849
1470	849
1470	848
1469	848
1469	847
1468	847
1468	844
1467	844
1467	843
1466	843
1466	842
1465	842
1465	841
1462	841
1462	840
1461	840
1461	839
1460	839
1460	838
1458	838
1458	837
1457	837
1457	836
1456	836
1456	835
1453	835
1453	834
1452	834
1452	833
1450	833
1450	832
1449	832
1449	831
1448	831
1448	828
1444	828
1444	827
1442	827
1442	826
1440	826
1440	825
1439	825
1439	824
1438	824
1438	823
1437	823
1437	822
1416	822
1416	821
1412	821
1412	820
1408	820
1408	819
1407	819
1407	818
1403	818
1403	817
1402	817
1402	816
1401	816
1401	815
1398	815
1398	814
1375	814
1375	813
1374	813
1374	812
1373	812
1373	801
1372	801
1372	800
1371	800
1371	799
1370	799
1370	794
1369	794
1369	793
1368	793
1368	792
1366	792
1366	791
1365	791
1365	790
1364	790
1364	787
1363	787
1363	786
1362	786
1362	785
1361	785
1361	780
1360	780
1360	779
1357	779
1357	778
1356	778
1356	777
1355	777
1355	776
1354	776
1354	775
1353	775
1353	774
1352	774
1352	773
1351	773
1351	772
1349	772
1349	771
1348	771
1348	770
1347	770
1347	769
1346	769
1346	768
1345	768
1345	767
1344	767
1344	766
1343	766
1343	763
1342	763
1342	762
1341	762
1341	761
1340	761
1340	758
1339	758
1339	757
1338	757
1338	756
1337	756
1337	755
1335	755
1335	754
1334	754
1334	753
1333	753
1333	749
1332	749
1332	748
1320	748
1320	747
1319	747
1319	746
1318	746
1318	745
1317	745
1317	744
1316	744
1316	743
1315	743
1315	742
1314	742
1314	741
1313	741
1313	740
1312	740
1312	739
1311	739
1311	736
1310	736
1310	735
1309	735
1309	734
1307	734
1307	733
1306	733
1306	732
1305	732
1305	704
1306	704
1306	694
1307	694
1307	693
1308	693
1308	688
1309	688
1309	682
1310	682
1310	681
1311	681
1311	677
1312	677
1312	663
1311	663
1311	662
1310	662
1310	645
1309	645
1309	643
1308	643
1308	642
1307	642
1307	641
1306	641
1306	640
1305	640
1305	639
1304	639
1304	638
1302	638
1302	637
1298	637
1298	636
1296	636
1296	635
1295	635
1295	634
1294	634
1294	632
1293	632
1293	630
1290	630
1290	631
1289	631
1289	632
1287	632
1287	633
1285	633
1285	634
1284	634
1284	635
1283	635
1283	636
1282	636
1282	637
1274	637
1274	638
1273	638
1273	639
1272	639
1272	640
1270	640
1270	641
1269	641
1269	642
1268	642
1268	643
1267	643
1267	644
1266	644
1266	645
1263	645
1263	646
1260	646
1260	647
1259	647
1259	648
1258	648
1258	649
1257	649
1257	650
1256	650
1256	651
1255	651
1255	652
1252	652
1252	653
1251	653
1251	654
1250	654
1250	655
1249	655
1249	656
1248	656
1248	657
1247	657
1247	658
1246	658
1246	659
1242	659
1242	660
1241	660
1241	661
1237	661
1237	662
1236	662
1236	663
1235	663
1235	664
1215	664
1215	665
1213	665
1213	667
1212	667
1212	668
1211	668
1211	669
1208	669
1208	670
1207	670
1207	671
1206	671
1206	674
1205	674
1205	675
1204	675
1204	676
1201	676
1201	680
1200	680
1200	681
1199	681
1199	682
1192	682
1192	683
1187	683
1187	684
1180	684
1180	685
1179	685
1179	686
1176	686
1176	687
1160	687
1160	686
1159	686
1159	685
1150	685
1150	684
1145	684
1145	683
1110	683
1110	682
1099	682
1099	681
1094	681
1094	680
1093	680
1093	679
1088	679
1088	678
1083	678
1083	677
1070	677
1070	678
1069	678
1069	680
1068	680
1068	681
1067	681
1067	682
1066	682
1066	709
1065	709
1065	710
1064	710
1064	711
1060	711
1060	710
1059	710
1059	709
1058	709
1058	705
1057	705
1057	704
1056	704
1056	701
1055	701
1055	697
1054	697
1054	696
1053	696
1053	692
1052	692
1052	687
1051	687
1051	682
1050	682
1050	681
1049	681
1049	680
1048	680
1048	673
1047	673
1047	671
1023	671
1023	672
1000	672
1000	671
977	671
977	673
976	673
976	674
975	674
975	675
974	675
974	676
972	676
972	677
970	677
970	678
969	678
969	679
964	679
964	680
963	680
963	681
960	681
960	682
957	682
957	684
956	684
956	685
955	685
955	686
953	686
953	687
952	687
952	688
951	688
951	689
950	689
950	690
948	690
948	691
947	691
947	692
945	692
945	693
943	693
943	696
942	696
942	697
941	697
941	699
940	699
940	700
939	700
939	701
938	701
938	702
937	702
937	703
936	703
936	704
933	704
933	705
932	705
932	706
931	706
931	707
929	707
929	708
927	708
927	712
926	712
926	713
925	713
925	714
924	714
924	715
923	715
923	716
922	716
922	717
910	717
910	716
903	716
903	715
902	715
902	714
901	714
901	713
899	713
899	712
896	712
896	711
895	711
895	710
894	710
894	708
893	708
893	707
892	707
892	706
891	706
891	705
890	705
890	704
889	704
889	703
883	703
883	702
881	702
881	701
877	701
877	700
876	700
876	699
875	699
875	675
874	675
874	674
873	674
873	670
861	670
861	669
859	669
859	668
853	668
853	667
852	667
852	666
851	666
851	665
850	665
850	664
849	664
849	663
848	663
848	662
847	662
847	661
846	661
846	660
845	660
845	659
826	659
826	660
825	660
825	661
820	661
820	662
819	662
819	664
818	664
818	666
817	666
817	667
816	667
816	668
813	668
813	669
812	669
812	670
809	670
809	671
805	671
805	672
789	672
789	671
788	671
788	670
783	670
783	669
782	669
782	668
781	668
781	667
780	667
780	666
779	666
779	665
778	665
778	664
777	664
777	663
776	663
776	662
775	662
775	661
774	661
774	660
771	660
771	659
770	659
770	658
769	658
769	655
768	655
768	654
767	654
767	653
766	653
766	652
765	652
765	651
764	651
764	648
763	648
763	647
762	647
762	646
761	646
761	645
760	645
760	644
759	644
759	643
758	643
758	639
757	639
757	638
756	638
756	636
755	636
755	634
754	634
754	633
753	633
753	632
752	632
752	631
745	631
745	630
744	630
744	629
743	629
743	628
737	628
737	627
736	627
736	626
735	626
735	624
734	624
734	623
733	623
733	581
732	581
732	578
731	578
731	577
730	577
730	576
729	576
729	574
728	574
728	573
727	573
727	567
726	567
726	561
725	561
725	560
724	560
724	559
723	559
723	558
722	558
722	557
721	557
721	556
720	556
720	554
716	554
716	553
715	553
715	552
714	552
714	551
711	551
711	550
710	550
710	549
699	549
699	548
691	548
691	547
690	547
690	546
687	546
687	545
686	545
686	544
685	544
685	543
684	543
684	542
683	542
683	540
682	540
682	539
681	539
681	538
677	538
677	537
673	537
673	538
669	538
669	537
668	537
668	536
667	536
667	535
665	535
665	534
664	534
664	533
663	533
663	521
664	521
664	487
665	487
665	486
666	486
666	485
671	485
671	484
674	484
674	476
673	476
673	474
672	474
672	469
671	469
671	468
667	468
667	467
664	467
664	466
663	466
663	465
662	465
662	464
661	464
661	463
659	463
659	462
657	462
657	461
656	461
656	460
655	460
655	459
654	459
654	457
653	457
653	456
652	456
652	455
651	455
651	454
650	454
650	453
649	453
649	452
648	452
648	451
647	451
647	452
646	452
646	453
638	453
638	454
637	454
637	455
634	455
634	456
633	456
633	457
632	457
632	458
631	458
631	459
629	459
629	460
623	460
623	461
622	461
622	462
614	462
614	463
593	463
593	462
590	462
590	461
589	461
589	460
587	460
587	459
581	459
581	458
580	458
580	457
579	457
579	456
577	456
577	455
574	455
574	454
569	454
569	453
568	453
568	452
556	452
556	451
555	451
555	450
551	450
551	449
548	449
548	448
545	448
545	447
544	447
544	446
538	446
538	445
537	445
537	444
536	444
536	443
535	443
535	442
533	442
533	441
529	441
529	440
526	440
526	439
525	439
525	438
524	438
524	437
520	437
520	436
516	436
516	435
513	435
513	434
512	434
512	433
511	433
511	432
510	432
510	431
509	431
509	430
508	430
508	429
506	429
506	428
505	428
505	427
504	427
504	426
503	426
503	425
502	425
502	424
479	424
479	423
478	423
478	422
477	422
477	421
476	421
476	419
475	419
475	418
473	418
473	417
471	417
471	416
470	416
470	415
469	415
469	413
468	413
468	411
467	411
467	410
466	410
466	409
465	409
465	406
464	406
464	402
463	402
463	401
462	401
462	400
461	400
461	399
460	399
460	398
459	398
459	394
457	394
457	393
456	393
456	392
455	392
455	389
454	389
454	388
453	388
453	355
452	355
452	354
451	354
451	353
450	353
450	351
449	351
449	350
448	350
448	349
447	349
447	348
446	348
446	347
445	347
445	346
444	346
444	343
443	343
443	342
441	342
441	341
440	341
440	340
439	340
439	339
437	339
437	338
436	338
436	337
435	337
435	332
434	332
434	331
433	331
433	314
434	314
434	308
435	308
435	307
436	307
436	303
437	303
437	300
438	300
438	299
439	299
439	295
440	295
440	281
439	281
439	278
438	278
438	275
437	275
437	274
436	274
436	271
435	271
435	268
434	268
434	260
433	260
433	259
432	259
432	258
431	258
431	257
430	257
430	256
429	256
429	255
428	255
428	254
427	254
427	253
426	253
426	252
425	252
425	251
424	251
424	250
423	250
423	249
422	249
422	248
416	248
416	247
413	247
413	246
412	246
412	245
411	245
411	242
410	242
410	241
404	241
404	242
401	242
401	243
395	243
395	244
393	244
393	245
361	245
361	246
360	246
360	247
357	247
357	248
355	248
355	249
354	249
354	250
353	250
353	251
352	251
352	252
350	252
350	253
331	253
331	252
320	252
320	253
317	253
317	254
316	254
316	255
315	255
315	256
314	256
314	257
313	257
313	258
311	258
311	259
309	259
309	260
308	260
308	261
307	261
307	262
306	262
306	263
301	263
301	264
300	264
300	265
298	265
298	283
297	283
297	284
296	284
296	285
261	285
261	284
248	284
248	283
247	283
247	282
243	282
243	281
242	281
242	280
241	280
241	279
240	279
240	278
239	278
239	277
237	277
237	276
236	276
236	275
235	275
235	272
234	272
234	271
233	271
233	270
232	270
232	269
231	269
231	267
230	267
230	266
229	266
229	264
228	264
228	263
227	263
227	261
226	261
226	255
225	255
225	253
224	253
224	252
223	252
223	251
217	251
217	250
216	250
216	249
215	249
215	248
214	248
214	246
213	246
213	244
212	244
212	243
211	243
211	242
210	242
210	241
209	241
209	238
208	238
208	237
207	237
207	236
206	236
206	235
205	235
205	234
204	234
204	232
201	232
201	231
199	231
199	230
197	230
197	229
196	229
196	228
195	228
195	227
194	227
194	226
193	226
193	225
192	225
192	217
191	217
191	216
190	216
190	214
189	214
189	213
186	213
186	212
185	212
185	211
169	211
169	210
168	210
168	209
167	209
167	206
166	206
166	205
165	205
165	202
164	202
164	200
163	200
163	199
162	199
162	175
163	175
163	174
164	174
164	170
165	170
165	169
166	169
166	167
165	167
165	166
164	166
164	141
135	141
135	142
134	142
134	143
127	143
127	144
126	144
126	145
109	145
109	144
108	144
108	143
107	143
107	142
106	142
106	134
105	134
105	133
104	133
104	132
103	132
103	126
102	126
102	122
101	122
101	116
100	116
100	114
99	114
99	100
96	100
96	99
95	99
95	98
94	98
94	97
90	97
90	96
84	96
84	95
83	95
83	94
75	94
75	93
74	93
74	92
73	92
73	87
74	87
74	86
75	86
75	85
79	85
79	86
86	86
86	87
87	87
87	88
94	88
94	89
97	89
97	90
98	90
98	91
99	91
99	92
102	92
102	93
103	93
103	94
104	94
104	95
105	95
105	96
106	96
106	97
107	97
107	111
108	111
108	112
109	112
109	118
110	118
110	123
111	123
111	128
112	128
112	129
113	129
113	130
114	130
114	137
122	137
122	136
123	136
123	135
131	135
131	134
132	134
132	133
170	133
170	134
171	134
171	135
172	135
172	163
173	163
173	164
174	164
174	166
175	166
175	171
174	171
174	172
173	172
173	173
172	173
172	177
171	177
171	178
170	178
170	196
171	196
171	197
172	197
172	199
173	199
173	202
174	202
174	203
188	203
188	204
190	204
190	205
195	205
195	206
196	206
196	207
197	207
197	211
198	211
198	213
199	213
199	214
200	214
200	221
201	221
201	222
202	222
202	223
204	223
204	224
207	224
207	225
209	225
209	226
210	226
210	227
211	227
211	228
212	228
212	230
213	230
213	231
214	231
214	232
215	232
215	233
216	233
216	234
217	234
217	238
218	238
218	239
219	239
219	240
220	240
220	241
221	241
221	243
227	243
227	244
229	244
229	245
230	245
230	246
231	246
231	247
232	247
232	250
233	250
233	252
234	252
234	258
235	258
235	260
236	260
236	261
237	261
237	262
238	262
238	263
239	263
239	265
240	265
240	266
241	266
241	267
242	267
242	268
243	268
243	271
245	271
245	272
246	272
246	273
247	273
247	274
250	274
250	275
251	275
251	276
264	276
264	277
290	277
290	259
291	259
291	258
292	258
292	257
297	257
297	256
298	256
298	255
302	255
302	254
303	254
303	253
304	253
304	252
306	252
306	251
308	251
308	250
309	250
309	249
310	249
310	248
311	248
311	247
312	247
312	246
313	246
313	245
317	245
317	244
334	244
334	245
347	245
347	244
349	244
349	243
350	243
350	242
351	242
351	241
352	241
352	240
354	240
354	239
357	239
357	238
358	238
358	237
390	237
390	236
392	236
392	235
398	235
398	234
401	234
401	233
413	233
413	234
415	234
415	235
416	235
416	236
417	236
417	237
418	237
418	238
419	238
419	240
426	240
426	241
427	241
427	242
428	242
428	243
429	243
429	244
430	244
430	245
431	245
431	246
432	246
432	248
434	248
434	249
435	249
435	250
437	250
437	251
438	251
438	252
439	252
439	254
440	254
440	256
441	256
441	257
442	257
442	265
443	265
443	268
444	268
444	271
445	271
445	272
446	272
446	275
447	275
447	278
448	278
448	298
447	298
447	303
446	303
446	304
445	304
445	306
444	306
444	311
443	311
443	312
442	312
442	317
441	317
441	327
442	327
442	328
443	328
443	331
444	331
444	332
445	332
445	333
446	333
446	335
448	335
448	336
449	336
449	337
450	337
450	338
451	338
451	339
452	339
452	342
453	342
453	343
454	343
454	344
455	344
455	345
456	345
456	346
457	346
457	347
458	347
458	348
459	348
459	349
460	349
460	350
461	350
461	384
462	384
462	385
463	385
463	388
464	388
464	389
465	389
465	390
466	390
466	391
467	391
467	394
468	394
468	395
469	395
469	396
470	396
470	398
471	398
471	399
472	399
472	403
473	403
473	406
474	406
474	407
475	407
475	408
476	408
476	409
477	409
477	410
478	410
478	411
479	411
479	412
480	412
480	413
481	413
481	414
482	414
482	415
483	415
483	416
505	416
505	417
506	417
506	418
507	418
507	419
508	419
508	420
509	420
509	421
511	421
511	422
512	422
512	423
513	423
513	424
514	424
514	425
515	425
515	426
516	426
516	427
519	427
519	428
523	428
523	429
528	429
528	430
529	430
529	431
530	431
530	432
532	432
532	433
537	433
537	434
539	434
539	435
540	435
540	436
541	436
541	438
549	438
549	439
550	439
550	440
552	440
552	441
554	441
554	442
559	442
559	443
560	443
560	444
571	444
571	445
572	445
572	446
578	446
578	447
580	447
580	448
582	448
582	449
584	449
584	450
585	450
585	451
590	451
590	452
593	452
593	453
594	453
594	454
597	454
597	455
611	455
611	454
618	454
618	453
620	453
620	452
626	452
626	451
628	451
628	450
629	450
629	449
630	449
630	448
631	448
631	447
634	447
634	446
635	446
635	445
642	445
642	444
643	444
643	443
653	443
653	444
654	444
654	445
655	445
655	446
656	446
656	449
657	449
657	450
658	450
658	451
659	451
659	452
660	452
660	453
661	453
661	454
662	454
662	455
665	455
665	456
666	456
666	457
667	457
667	458
668	458
668	459
670	459
670	460
675	460
675	461
676	461
676	462
677	462
677	463
678	463
678	464
679	464
679	465
680	465
680	471
681	471
681	472
682	472
682	489
681	489
681	490
680	490
680	491
678	491
678	492
675	492
675	493
672	493
672	524
671	524
671	529
681	529
681	530
685	530
685	531
686	531
686	532
687	532
687	533
688	533
688	534
689	534
689	536
690	536
690	537
691	537
691	538
693	538
693	539
694	539
694	540
702	540
702	541
713	541
713	542
714	542
714	543
719	543
719	544
720	544
720	545
721	545
721	546
724	546
724	547
725	547
725	548
726	548
726	549
727	549
727	550
728	550
728	553
729	553
729	554
730	554
730	555
732	555
732	556
733	556
733	557
734	557
734	563
735	563
735	570
736	570
736	571
737	571
737	572
738	572
738	573
739	573
739	574
740	574
740	578
741	578
741	619
742	619
742	620
747	620
747	621
748	621
748	622
749	622
749	623
755	623
755	624
756	624
756	625
757	625
757	626
758	626
758	627
759	627
759	628
760	628
760	629
761	629
761	630
762	630
762	631
763	631
763	633
764	633
764	634
765	634
765	635
766	635
766	640
767	640
767	641
768	641
768	642
769	642
769	643
770	643
770	644
771	644
771	645
772	645
772	648
774	648
774	649
775	649
775	650
776	650
776	651
777	651
777	652
779	652
779	653
780	653
780	654
781	654
781	655
782	655
782	656
783	656
783	657
784	657
784	658
785	658
785	659
786	659
786	660
787	660
787	661
788	661
788	662
792	662
792	663
793	663
793	664
801	664
801	663
806	663
806	662
809	662
809	661
810	661
810	660
811	660
811	659
812	659
812	658
813	658
813	657
814	657
814	656
815	656
815	655
816	655
816	654
817	654
817	653
821	653
821	652
822	652
822	651
848	651
848	652
850	652
850	653
851	653
851	654
852	654
852	656
853	656
853	657
854	657
854	658
856	658
856	659
857	659
857	660
862	660
862	661
864	661
864	662
878	662
878	663
879	663
879	664
880	664
880	665
881	665
881	671
882	671
882	672
883	672
883	693
884	693
884	694
886	694
886	695
892	695
892	696
893	696
893	697
894	697
894	698
895	698
895	699
896	699
896	700
897	700
897	701
898	701
898	702
899	702
899	703
900	703
900	704
903	704
903	705
904	705
904	706
906	706
906	707
907	707
907	708
914	708
914	709
919	709
919	702
920	702
920	701
921	701
921	700
926	700
926	699
927	699
927	698
929	698
929	697
930	697
930	696
933	696
933	693
934	693
934	692
935	692
935	689
936	689
936	688
937	688
937	687
938	687
938	686
939	686
939	685
942	685
942	684
943	684
943	683
944	683
944	682
947	682
947	681
948	681
948	680
949	680
949	679
950	679
950	678
951	678
951	677
952	677
952	676
953	676
953	675
954	675
954	674
957	674
957	673
959	673
959	672
960	672
960	671
965	671
965	670
966	670
966	669
969	669
969	667
970	667
970	665
971	665
971	664
972	664
972	663
1003	663
1003	664
1020	664
1020	663
1052	663
1052	664
1053	664
1053	665
1054	665
1054	667
1055	667
1055	670
1056	670
1056	676
1057	676
1057	677
1058	677
1058	676
1059	676
1059	675
1060	675
1060	674
1063	674
1063	673
1064	673
1064	672
1065	672
1065	671
1066	671
1066	670
1067	670
1067	669
1086	669
1086	670
1091	670
1091	671
1096	671
1096	672
1097	672
1097	673
1103	673
1103	674
1113	674
1113	675
1148	675
1148	676
1153	676
1153	677
1163	677
1163	678
1164	678
1164	679
1173	679
1173	678
1176	678
1176	677
1177	677
1177	676
1184	676
1184	675
1189	675
1189	674
1193	674
1193	673
1194	673
1194	672
1195	672
1195	671
1196	671
1196	670
1197	670
1197	669
1198	669
1198	668
1199	668
1199	667
1200	667
1200	666
1201	666
1201	665
1202	665
1202	664
1203	664
1203	663
1204	663
1204	662
1205	662
1205	661
1206	661
1206	660
1207	660
1207	659
1208	659
1208	658
1209	658
1209	657
1212	657
1212	656
1231	656
1231	655
1232	655
1232	654
1234	654
1234	653
1238	653
1238	652
1239	652
1239	651
1242	651
1242	650
1243	650
1243	649
1245	649
1245	648
1246	648
1246	647
1247	647
1247	646
1248	646
1248	645
1249	645
1249	644
1251	644
1251	643
1252	643
1252	642
1253	642
1253	641
1254	641
1254	640
1255	640
1255	639
1256	639
1256	638
1259	638
1259	637
1262	637
1262	636
1263	636
1263	635
1264	635
1264	634
1265	634
1265	633
1266	633
1266	632
1269	632
1269	631
1270	631
1270	630
1271	630
1271	629
1279	629
1279	627
1280	627
1280	626
1281	626
1281	625
1284	625
1284	624
1285	624
1285	623
1286	623
1286	622
1289	622
1289	621
1295	621
1295	622
1296	622
1296	623
1297	623
1297	624
1298	624
1298	625
1299	625
1299	626
1300	626
1300	627
1301	627
1301	629
1305	629
1305	630
1308	630
1308	631
1309	631
1309	632
1310	632
1310	633
1311	633
1311	634
1312	634
1312	635
1313	635
1313	636
1314	636
1314	637
1315	637
1315	638
1316	638
1316	639
1317	639
1317	642
1318	642
1318	659
1319	659
1319	660
1320	660
1320	680
1319	680
1319	684
1318	684
1318	685
1317	685
1317	692
1316	692
1316	696
1315	696
1315	697
1314	697
1314	708
1313	708
1313	728
1315	728
1315	729
1316	729
1316	730
1317	730
1317	731
1318	731
1318	733
1319	733
1319	735
1320	735
1320	736
1321	736
1321	738
1323	738
1323	739
1324	739
1324	740
1337	740
1337	741
1338	741
1338	742
1339	742
1339	745
1340	745
1340	746
1341	746
1341	749
1342	749
1342	750
1343	750
1343	751
1344	751
1344	752
1345	752
1345	753
1346	753
1346	754
1347	754
1347	755
1348	755
1348	758
1349	758
1349	759
1350	759
1350	760
1351	760
1351	761
1352	761
1352	762
1353	762
1353	763
1354	763
1354	764
1355	764
1355	765
1356	765
1356	766
1357	766
1357	767
1358	767
1358	768
1359	768
1359	770
1360	770
1360	771
1363	771
1363	772
1367	772
1367	773
1368	773
1368	774
1369	774
1369	782
1370	782
1370	783
1371	783
1371	784
1372	784
1372	786
1373	786
1373	787
1374	787
1374	788
1375	788
1375	789
1376	789
1376	790
1377	790
1377	791
1378	791
1378	796
1379	796
1379	797
1380	797
1380	798
1381	798
1381	806
1402	806
1402	807
1406	807
1406	808
1407	808
1407	809
1408	809
1408	810
1410	810
1410	811
1411	811
1411	812
1416	812
1416	813
1419	813
1419	814
1440	814
1440	815
1441	815
1441	816
1443	816
1443	817
1444	817
1444	818
1446	818
1446	819
1447	819
1447	820
1451	820
1451	821
1452	821
1452	822
1453	822
1453	823
1454	823
1454	824
1455	824
1455	825
1456	825
1456	826
1457	826
1457	827
1459	827
1459	828
1460	828
1460	829
1461	829
1461	830
1463	830
1463	831
1464	831
1464	832
1465	832
1465	833
1468	833
1468	834
1469	834
1469	835
1470	835
1470	836
1471	836
1471	837
1472	837
1472	838
1473	838
1473	839
1474	839
1474	840
1475	840
1475	841
1476	841
1476	843
1478	843
1478	844
1479	844
1479	845
1480	845
1480	846
1481	846
1481	847
1485	847
1485	848
1486	848
1486	849
1490	849
1490	831
1491	831
1491	830
1492	830
1492	829
1495	829
1495	828
1496	828
1496	827
1497	827
1497	826
1498	826
1498	825
1502	825
1502	824
1503	824
1503	823
1505	823
1505	822
1506	822
1506	821
1517	821
1517	820
1544	820
1544	821
1553	821
1553	820
1554	820
1554	819
1555	819
1555	818
1553	818
1553	817
1552	817
1552	816
1551	816
1551	797
1552	797
1552	796
1553	796
1553	792
1552	792
1552	791
1551	791
1551	770
1552	770
1552	769
1553	769
1553	768
1554	768
1554	767
1555	767
1555	766
1556	766
1556	765
1557	765
1557	764
1558	764
1558	763
1562	763
1562	762
1563	762
1563	761
1564	761
1564	760
1567	760
1567	759
1568	759
1568	758
1569	758
1569	757
1570	757
1570	756
1571	756
1571	755
1572	755
1572	754
1575	754
1575	753
1576	753
1576	752
1577	752
1577	751
1578	751
1578	750
1579	750
1579	749
1580	749
1580	748
1581	748
1581	747
1582	747
1582	746
1583	746
1583	745
1584	745
1584	744
1585	744
1585	743
1588	743
1588	742
1600	742
1600	741
1601	741
1601	740
1602	740
1602	739
1603	739
1603	738
1605	738
1605	737
1609	737
1609	736
1611	736
1611	735
1612	735
1612	734
1613	734
1613	733
1614	733
1614	732
1615	732
1615	731
1616	731
1616	730
1617	730
1617	729
1618	729
1618	728
1619	728
1619	727
1622	727
1622	726
1625	726
1625	725
1626	725
1626	724
1628	724
1628	723
1629	723
1629	721
1630	721
1630	720
1631	720
1631	719
1632	719
1632	718
1633	718
1633	717
1634	717
1634	716
1635	716
1635	715
1636	715
1636	714
1637	714
1637	713
1640	713
1640	712
1643	712
1643	711
1647	711
1647	710
1648	710
1648	709
1649	709
1649	707
1650	707
1650	706
1651	706
1651	705
1652	705
1652	704
1654	704
1654	703
1655	703
1655	702
1656	702
1656	701
1658	701
1658	700
1659	700
1659	699
1660	699
1660	696
1661	696
1661	694
1662	694
1662	693
1663	693
1663	689
1664	689
1664	685
1665	685
1665	684
1666	684
1666	676
1667	676
1667	673
1668	673
1668	672
1669	672
1669	671
1670	671
1670	668
1671	668
1671	667
1672	667
1672	666
1673	666
1673	665
1674	665
1674	664
1675	664
1675	663
1676	663
1676	662
1677	662
1677	661
1678	661
1678	660
1679	660
1679	659
1697	659
1697	660
1698	660
1698	661
1699	661
1699	662
1701	662
1701	663
1704	663
1704	664
1705	664
1705	665
1706	665
1706	666
1707	666
1707	667
1708	667
1708	668
1709	668
1709	669
1710	669
1710	672
1711	672
1711	685
1712	685
1712	686
1713	686
1713	687
1714	687
1714	688
1715	688
1715	689
1716	689
1716	690
1717	690
1717	691
1718	691
1718	692
1719	692
1719	693
1720	693
1720	694
1721	694
1721	695
1722	695
1722	699
1723	699
1723	700
1724	700
1724	701
1725	701
1725	702
1726	702
1726	705
1727	705
1727	706
1728	706
1728	707
1729	707
1729	708
1730	708
1730	709
1731	709
1731	711
1732	711
1732	712
1733	712
1733	713
1734	713
1734	715
1735	715
1735	716
1736	716
1736	718
1737	718
1737	719
1738	719
1738	721
1739	721
1739	723
1740	723
1740	724
1741	724
1741	725
1742	725
1742	726
1743	726
1743	727
1744	727
1744	728
1745	728
1745	729
1746	729
1746	762
1745	762
1745	763
1744	763
1744	771
1743	771
1743	790
1744	790
1744	791
1745	791
1745	792
1748	792
1748	793
1749	793
1749	794
1750	794
1750	795
1752	795
1752	796
1765	796
1765	797
1766	797
1766	798
1767	798
1767	799
1768	799
1768	800
1769	800
1769	798
1770	798
1770	797
1771	797
1771	796
1780	796
1780	797
1781	797
1781	798
1782	798
1782	799
1789	799
1789	800
1790	800
1790	801
1791	801
1791	802
1808	802
1808	803
1842	803
1842	802
1843	802
1843	801
1848	801
1848	800
1883	800
1883	801
1884	801
1884	802
1885	802
1885	803
1886	803
1886	805
1887	805
1887	806
1891	806
1891	807
1892	807
1892	808
1896	808
1896	805
1897	805
1897	804
1898	804
1898	803
1899	803
1899	800
1900	800
1900	799
1901	799
1901	798
1922	798
1922	799
1931	799
1931	800
1949	800
1949	799
1953	799
1953	798
1998	798
1998	787
1999	787
1999	773
2000	773
2000	772
2001	772
2001	766
2002	766
2002	765
2003	765
2003	732
2004	732
2004	728
2005	728
2005	720
2006	720
2006	719
2007	719
2007	711
2008	711
2008	710
2009	710
2009	709
2010	709
2010	707
2011	707
2011	706
2012	706
2012	698
2013	698
2013	688
2014	688
2014	687
2015	687
2015	686
2016	686
2016	685
2017	685
2017	684
2018	684
2018	683
2019	683
2019	682
2020	682
2020	681
2021	681
2021	680
2022	680
2022	679
2023	679
2023	678
2024	678
2024	670
2025	670
2025	667
2026	667
2026	666
2027	666
2027	665
2028	665
2028	664
2029	664
2029	663
2030	663
2030	662
2032	662
2032	661
2034	661
2034	659
2035	659
2035	658
2036	658
2036	657
2037	657
2037	654
2038	654
2038	653
2039	653
2039	650
2040	650
2040	649
2041	649
2041	648
2042	648
2042	645
2043	645
2043	644
2044	644
2044	643
2045	643
2045	642
2048	642
2048	641
2051	641
2051	640
2052	640
2052	639
2066	639
2066	640
2069	640
2069	641
2071	641
2071	642
2072	642
2072	643
2073	643
2073	644
2074	644
2074	645
2077	645
2077	646
2078	646
2078	647
2080	647
2080	648
2081	648
2081	649
2082	649
2082	650
2083	650
2083	651
2085	651
2085	652
2091	652
2091	653
2094	653
2094	654
2097	654
2097	655
2100	655
2100	656
2112	656
2112	655
2114	655
2114	653
2115	653
2115	652
2116	652
2116	651
2117	651
2117	650
2118	650
2118	649
2119	649
2119	648
2120	648
2120	647
2121	647
2121	646
2122	646
2122	645
2124	645
2124	644
2125	644
2125	643
2126	643
2126	642
2127	642
2127	641
2128	641
2128	640
2129	640
2129	639
2130	639
2130	638
2131	638
2131	637
2132	637
2132	636
2134	636
2134	635
2135	635
2135	634
2136	634
2136	633
2137	633
2137	632
2138	632
2138	631
2139	631
2139	630
2140	630
2140	629
2141	629
2141	626
2142	626
2142	624
2143	624
2143	623
2144	623
2144	622
2148	622
2148	621
2149	621
2149	620
2150	620
2150	619
2153	619
2153	618
2156	618
2156	617
2157	617
2157	616
2158	616
2158	615
2161	615
2161	614
2162	614
2162	613
2163	613
2163	612
2177	612
2177	611
2189	611
2189	610
2190	610
2190	609
2228	609
2228	594
2229	594
2229	591
2230	591
2230	590
2231	590
2231	588
2232	588
2232	586
2233	586
2233	585
2234	585
2234	583
2233	583
2233	582
2232	582
2232	567
2233	567
2233	566
2234	566
2234	565
2235	565
2235	564
2236	564
2236	563
2237	563
2237	562
2240	562
2240	561
2242	561
2242	560
2243	560
2243	559
2262	559
2262	558
2264	558
2264	557
2268	557
2268	558
2269	558
2269	557
2271	557
2271	556
2272	556
2272	555
2283	555
2283	554
2284	554
2284	553
2296	553
2296	554
2297	554
2297	555
2298	555
2298	556
2299	556
2299	557
2300	557
2300	558
2301	558
2301	561
2302	561
2302	564
2303	564
2303	565
2304	565
2304	569
2305	569
2305	570
2306	570
2306	579
2307	579
2307	582
2308	582
2308	583
2309	583
2309	590
2310	590
2310	629
2311	629
2311	630
2312	630
2312	631
2313	631
2313	632
2314	632
2314	633
2315	633
2315	634
2316	634
2316	635
2317	635
2317	636
2318	636
2318	637
2319	637
2319	638
2320	638
2320	639
2321	639
2321	666
2348	666
2348	667
2353	667
2353	668
2355	668
2355	669
2365	669
2365	668
2366	668
2366	667
2369	667
2369	666
2370	666
2370	665
2371	665
2371	664
2372	664
2372	663
2375	663
2375	662
2379	662
2379	661
2384	661
2384	660
2385	660
2385	659
2390	659
2390	658
2394	658
2394	657
2395	657
2395	656
2399	656
2399	655
2400	655
2400	654
2403	654
2403	653
2415	653
2415	652
2416	652
2416	651
2417	651
2417	650
2418	650
2418	649
2427	649
2427	648
2428	648
2428	647
2429	647
2429	646
2430	646
2430	645
2433	645
2433	644
2435	644
2435	643
2440	643
2440	642
2443	642
2443	641
2444	641
2444	640
2445	640
2445	639
2446	639
2446	638
2447	638
2447	637
2448	637
2448	636
2449	636
2449	635
2450	635
2450	634
2451	634
2451	633
2452	633
2452	632
2453	632
2453	631
2454	631
2454	630
2455	630
2455	629
2456	629
2456	628
2457	628
2457	627
2458	627
2458	626
2459	626
2459	625
2460	625
2460	624
2463	624
2463	623
2466	623
2466	622
2467	622
2467	621
2468	621
2468	620
2469	620
2469	619
2470	619
2470	618
2471	618
2471	614
2472	614
2472	613
2473	613
2473	612
2474	612
2474	611
2475	611
2475	608
2476	608
2476	604
2477	604
2477	603
2478	603
2478	602
2479	602
2479	601
2480	601
2480	600
2481	600
2481	599
2483	599
2483	598
2484	598
2484	597
2485	597
2485	596
2487	596
2487	595
2488	595
2488	585
2487	585
2487	584
2486	584
2486	577
2485	577
2485	521
2486	521
2486	516
2487	516
2487	515
2488	515
2488	513
2489	513
2489	512
2490	512
2490	509
2491	509
2491	508
2492	508
2492	505
2493	505
2493	504
2494	504
2494	501
2495	501
2495	500
2496	500
2496	499
2497	499
2497	498
2502	498
2502	497
2515	497
2515	498
2516	498
2516	499
2517	499
2517	501
2518	501
2518	502
2519	502
2519	503
2520	503
2520	504
2521	504
2521	507
2522	507
2522	508
2523	508
2523	509
2524	509
2524	510
2525	510
2525	511
2526	511
2526	514
2527	514
2527	515
2528	515
2528	516
2529	516
2529	517
2530	517
2530	518
2531	518
2531	519
2552	519
2552	520
2555	520
2555	521
2557	521
2557	522
2558	522
2558	523
2559	523
2559	569
2560	569
2560	570
2561	570
2561	577
2562	577
2562	582
2563	582
2563	583
2564	583
2564	599
2565	599
2565	600
2566	600
2566	601
2569	601
2569	602
2572	602
2572	603
2624	603
2624	602
2625	602
2625	601
2626	601
2626	599
2627	599
2627	597
2628	597
2628	596
2629	596
2629	594
2630	594
2630	592
2631	592
2631	591
2632	591
2632	588
2633	588
2633	587
2634	587
2634	586
2635	586
2635	584
2636	584
2636	583
2637	583
2637	582
2638	582
2638	580
2639	580
2639	576
2640	576
2640	575
2641	575
2641	574
2642	574
2642	573
2643	573
2643	572
2644	572
2644	571
2645	571
2645	569
2646	569
2646	567
2647	567
2647	566
2648	566
2648	565
2649	565
2649	564
2651	564
2651	563
2652	563
2652	562
2653	562
2653	561
2654	561
2654	559
2655	559
2655	558
2656	558
2656	555
2657	555
2657	554
2658	554
2658	553
2659	553
2659	551
2660	551
2660	550
2661	550
2661	549
2662	549
2662	548
2664	548
2664	547
2665	547
2665	546
2666	546
2666	545
2667	545
2667	544
2668	544
2668	543
2669	543
2669	542
2670	542
2670	541
2673	541
2673	540
2674	540
2674	539
2675	539
2675	536
2676	536
2676	534
2677	534
2677	532
2678	532
2678	531
2679	531
2679	529
2680	529
2680	526
2681	526
2681	523
2682	523
2682	518
2683	518
2683	517
2684	517
2684	512
2685	512
2685	509
2686	509
2686	508
2687	508
2687	507
2688	507
2688	506
2689	506
2689	505
2690	505
2690	504
2691	504
2691	503
2692	503
2692	502
2693	502
2693	500
2694	500
2694	499
2695	499
2695	498
2696	498
2696	497
2698	497
2698	496
2699	496
2699	495
2700	495
2700	494
2701	494
2701	493
2702	493
2702	492
2703	492
2703	491
2704	491
2704	489
2705	489
2705	488
2706	488
2706	487
2710	487
2710	486
2711	486
2711	485
2713	485
2713	484
2715	484
2715	483
2717	483
2717	482
2719	482
2719	481
2721	481
2721	480
2722	480
2722	479
2723	479
2723	478
2724	478
2724	477
2725	477
2725	476
2726	476
2726	475
2727	475
2727	474
2728	474
2728	473
2729	473
2729	472
2730	472
2730	471
2732	471
2732	470
2733	470
2733	469
2734	469
2734	468
2735	468
2735	467
2736	467
2736	466
2739	466
2739	465
2744	465
2744	464
2745	464
2745	463
2746	463
2746	462
2748	462
2748	458
2749	458
2749	457
2750	457
2750	455
2751	455
2751	454
2752	454
2752	453
2753	453
2753	452
2754	452
2754	451
2755	451
2755	450
2756	450
2756	449
2758	449
2758	448
2759	448
2759	447
2763	447
2763	446
2766	446
2766	445
2780	445
2780	444
2788	444
2788	443
2792	443
2792	442
2793	442
2793	441
2794	441
2794	440
2798	440
2798	441
2801	441
2801	440
2802	440
2802	439
2804	439
2804	404
2805	404
2805	402
2806	402
2806	400
2807	400
2807	399
2808	399
2808	398
2809	398
2809	397
2812	397
2812	396
2814	396
2814	395
2815	395
2815	394
2819	394
2819	393
2820	393
2820	392
2821	392
2821	391
2822	391
2822	390
2823	390
2823	387
2824	387
2824	384
2825	384
2825	383
2826	383
2826	382
2827	382
2827	379
2828	379
2828	378
2829	378
2829	377
2830	377
2830	376
2831	376
2831	375
2832	375
2832	373
2833	373
2833	318
2832	318
2832	306
2831	306
2831	304
2830	304
2830	303
2829	303
2829	295
2828	295
2828	292
2827	292
2827	290
2826	290
2826	289
2825	289
2825	285
2824	285
2824	281
2823	281
2823	279
2822	279
2822	240
2823	240
2823	239
2824	239
2824	238
2826	238
2826	237
2828	237
2828	236
2829	236
2829	235
2830	235
2830	234
2843	234
2843	235
2846	235
2846	236
2847	236
2847	237
2848	237
2848	238
2849	238
2849	241
2850	241
2850	242
2851	242
2851	243
2852	243
2852	244
2853	244
2853	245
2854	245
2854	246
2855	246
2855	247
2858	247
2858	248
2859	248
2859	249
2867	249
2867	250
2874	250
2874	249
2920	249
2920	248
2921	248
2921	247
2926	247
2926	246
2937	246
2937	245
2943	245
2943	246
2946	246
2946	247
2958	247
2958	248
2959	248
2959	249
2975	249
2975	250
2977	250
2977	251
3011	251
3011	250
3012	250
3012	249
3016	249
3016	248
3017	248
3017	247
3019	247
3019	246
3020	246
3020	245
3028	245
3028	244
3032	244
3032	243
3035	243
3035	242
3042	242
3042	241
3044	241
3044	240
3047	240
3047	239
3054	239
3054	238
3055	238
3055	237
3058	237
3058	236
3066	236
3066	235
3067	235
3067	234
3068	234
3068	233
3085	233
3085	232
3086	232
3086	231
3088	231
3088	230
3089	230
3089	229
3090	229
3090	228
3093	228
3093	227
3096	227
3096	226
3097	226
3097	225
3103	225
3103	224
3106	224
3106	223
3107	223
3107	222
3108	222
3108	221
3112	221
3112	220
3113	220
3113	219
3159	219
3159	220
3167	220
3167	221
3168	221
3168	222
3169	222
3169	223
3173	223
3173	224
3174	224
3174	225
3176	225
3176	226
3178	226
3178	227
3181	227
3181	228
3185	228
3185	229
3188	229
3188	230
3191	230
3191	231
3192	231
3192	232
3217	232
3217	231
3218	231
3218	230
3219	230
3219	229
3220	229
3220	228
3223	228
3223	227
3224	227
3224	226
3226	226
3226	225
3230	225
3230	224
3232	224
3232	223
3236	223
3236	222
3237	222
3237	221
3240	221
3240	220
3242	220
3242	219
3247	219
3247	218
3248	218
3248	217
3255	217
3255	216
3257	216
3257	215
3263	215
3263	214
3264	214
3264	213
3266	213
3266	212
3267	212
3267	211
3273	211
3273	210
3274	210
3274	209
3275	209
3275	208
3278	208
3278	207
3282	207
3282	206
3284	206
3284	205
3287	205
3287	204
3291	204
3291	203
3292	203
3292	202
3297	202
3297	201
3298	201
3298	200
3302	200
3302	201
3303	201
3303	202
3304	202
3304	207
3303	207
3303	208
3302	208
3302	209
3300	209
3300	210
3295	210
3295	211
3294	211
3294	212
3291	212
3291	213
3290	213
3290	214
3285	214
3285	215
3281	215
3281	216
3278	216
3278	217
3277	217
3277	218
3276	218
3276	219
3270	219
3270	220
3269	220
3269	221
3267	221
3267	222
3266	222
3266	223
3261	223
3261	224
3258	224
3258	225
3252	225
3252	226
3251	226
3251	227
3250	227
3250	228
3243	228
3243	229
3240	229
3240	230
3239	230
3239	231
3236	231
3236	232
3233	232
3233	233
3229	233
3229	234
3228	234
3228	235
3227	235
3227	236
3223	236
3223	237
3222	237
3222	238
3221	238
3221	239
3220	239
3220	240
3189	240
3189	239
3188	239
3188	238
3185	238
3185	237
3181	237
3181	236
3177	236
3177	235
3175	235
3175	234
3173	234
3173	233
3170	233
3170	232
3169	232
3169	231
3165	231
3165	230
3164	230
3164	229
3163	229
3163	228
3156	228
3156	227
3116	227
3116	228
3115	228
3115	229
3112	229
3112	230
3111	230
3111	231
3110	231
3110	232
3106	232
3106	233
3100	233
3100	234
3099	234
3099	235
3096	235
3096	236
3094	236
3094	237
3093	237
3093	238
3091	238
3091	239
3089	239
3089	240
3088	240
3088	241
3073	241
3073	242
3072	242
3072	243
3071	243
3071	244
3061	244
3061	245
3058	245
3058	246
3057	246
3057	247
3050	247
3050	248
3048	248
3048	249
3045	249
3045	250
3038	250
3038	251
3035	251
3035	252
3031	252
3031	253
3023	253
3023	254
3022	254
3022	255
3020	255
3020	256
3019	256
