148	267
149	267
149	268
160	268
160	269
163	269
163	270
165	270
165	272
166	272
166	273
167	273
167	274
169	274
169	275
171	275
171	276
173	276
173	277
175	277
175	278
177	278
177	279
184	279
184	280
185	280
185	279
189	279
189	280
194	280
194	279
197	279
197	280
203	280
203	281
206	281
206	282
208	282
208	283
210	283
210	284
212	284
212	285
214	285
214	286
218	286
218	287
221	287
221	288
223	288
223	289
234	289
234	288
236	288
236	287
239	287
239	286
242	286
242	285
243	285
243	284
244	284
244	283
245	283
245	282
246	282
246	283
248	283
248	282
256	282
256	281
257	281
257	280
260	280
260	279
263	279
263	278
264	278
264	277
265	277
265	276
266	276
266	275
267	275
267	274
268	274
268	273
269	273
269	272
272	272
272	271
276	271
276	270
281	270
281	269
284	269
284	268
285	268
285	267
287	267
287	265
289	265
289	264
290	264
290	263
291	263
291	262
292	262
292	260
293	260
293	257
294	257
294	258
295	258
295	261
296	261
296	263
297	263
297	265
298	265
298	270
299	270
299	273
300	273
300	276
301	276
301	277
302	277
302	278
303	278
303	279
304	279
304	280
308	280
308	279
309	279
309	280
311	280
311	279
312	279
312	280
314	280
314	279
315	279
315	280
317	280
317	281
318	281
318	282
319	282
319	285
322	285
322	287
323	287
323	288
324	288
324	290
325	290
325	291
326	291
326	292
327	292
327	293
328	293
328	294
329	294
329	295
330	295
330	296
333	296
333	297
334	297
334	298
335	298
335	299
337	299
337	301
339	301
339	302
340	302
340	303
341	303
341	304
342	304
342	306
344	306
344	308
345	308
345	309
346	309
346	310
347	310
347	312
348	312
348	313
349	313
349	315
352	315
352	316
353	316
353	317
355	317
355	318
356	318
356	319
357	319
357	320
358	320
358	321
359	321
359	322
360	322
360	323
361	323
361	324
363	324
363	325
364	325
364	326
365	326
365	327
366	327
366	328
367	328
367	329
368	329
368	330
369	330
369	331
372	331
372	332
375	332
375	333
376	333
376	334
378	334
378	335
379	335
379	336
381	336
381	337
383	337
383	338
385	338
385	339
386	339
386	340
387	340
387	341
389	341
389	342
391	342
391	343
393	343
393	344
394	344
394	345
395	345
395	346
397	346
397	347
398	347
398	348
399	348
399	349
400	349
400	350
405	350
405	351
411	351
411	352
412	352
412	353
413	353
413	354
418	354
418	355
421	355
421	356
423	356
423	357
425	357
425	358
427	358
427	359
435	359
435	360
436	360
436	361
437	361
437	362
441	362
441	363
442	363
442	364
443	364
443	365
444	365
444	366
445	366
445	368
446	368
446	369
448	369
448	370
449	370
449	371
451	371
451	372
452	372
452	373
453	373
453	375
454	375
454	377
455	377
455	379
456	379
456	381
457	381
457	383
458	383
458	384
459	384
459	387
460	387
460	389
461	389
461	391
462	391
462	392
463	392
463	394
464	394
464	395
469	395
469	396
471	396
471	395
476	395
476	396
477	396
477	395
478	395
478	394
479	394
479	392
480	392
480	391
481	391
481	390
480	390
480	389
481	389
481	388
485	388
485	387
495	387
495	388
497	388
497	389
498	389
498	390
499	390
499	391
500	391
500	392
501	392
501	394
502	394
502	396
503	396
503	398
504	398
504	400
505	400
505	401
506	401
506	402
511	402
511	403
512	403
512	402
523	402
523	401
526	401
526	400
527	400
527	399
528	399
528	398
530	398
530	397
531	397
531	396
532	396
532	395
531	395
531	393
533	393
533	390
535	390
535	389
537	389
537	388
541	388
541	389
544	389
544	390
545	390
545	391
546	391
546	392
547	392
547	393
549	393
549	394
550	394
550	398
551	398
551	399
552	399
552	400
553	400
553	401
554	401
554	420
555	420
555	421
556	421
556	422
557	422
557	423
558	423
558	424
559	424
559	425
560	425
560	426
572	426
572	440
573	440
573	441
574	441
574	442
575	442
575	443
576	443
576	444
583	444
583	445
584	445
584	446
596	446
596	447
598	447
598	449
599	449
599	451
600	451
600	452
601	452
601	453
602	453
602	454
603	454
603	455
604	455
604	456
605	456
605	457
606	457
606	458
607	458
607	459
608	459
608	463
609	463
609	465
610	465
610	468
612	468
612	469
614	469
614	472
615	472
615	473
616	473
616	474
619	474
619	475
620	475
620	476
630	476
630	478
631	478
631	479
632	479
632	480
633	480
633	481
634	481
634	482
637	482
637	483
638	483
638	484
643	484
643	485
644	485
644	486
652	486
652	487
654	487
654	488
680	488
680	489
681	489
681	490
682	490
682	498
683	498
683	499
684	499
684	500
692	500
692	499
693	499
693	498
694	498
694	496
695	496
695	497
696	497
696	496
697	496
697	497
700	497
700	498
701	498
701	499
702	499
702	500
704	500
704	501
712	501
712	502
714	502
714	504
725	504
725	505
726	505
726	507
727	507
727	508
728	508
728	509
729	509
729	510
730	510
730	511
731	511
731	512
732	512
732	513
739	513
739	514
744	514
744	515
745	515
745	517
746	517
746	518
748	518
748	519
750	519
750	518
752	518
752	519
754	519
754	518
755	518
755	519
761	519
761	521
762	521
762	522
763	522
763	523
764	523
764	524
765	524
765	526
766	526
766	527
767	527
767	528
768	528
768	529
780	529
780	530
781	530
781	531
782	531
782	532
783	532
783	533
784	533
784	534
786	534
786	535
793	535
793	534
794	534
794	535
800	535
800	536
805	536
805	537
809	537
809	538
810	538
810	539
811	539
811	541
813	541
813	543
814	543
814	544
815	544
815	545
818	545
818	544
819	544
819	545
822	545
822	546
824	546
824	547
825	547
825	548
826	548
826	547
827	547
827	548
831	548
831	547
832	547
832	549
834	549
834	550
835	550
835	551
836	551
836	554
837	554
837	555
838	555
838	556
839	556
839	557
842	557
842	558
843	558
843	560
844	560
844	561
847	561
847	562
848	562
848	563
861	563
861	564
869	564
869	565
870	565
870	564
871	564
871	565
878	565
878	566
880	566
880	567
881	567
881	568
883	568
883	569
885	569
885	570
886	570
886	571
887	571
887	572
888	572
888	573
890	573
890	574
891	574
891	575
894	575
894	576
896	576
896	577
897	577
897	578
900	578
900	580
901	580
901	581
904	581
904	582
905	582
905	584
906	584
906	585
907	585
907	586
908	586
908	587
909	587
909	588
910	588
910	589
911	589
911	590
912	590
912	592
913	592
913	591
914	591
914	592
915	592
915	594
917	594
917	595
918	595
918	596
919	596
919	597
920	597
920	598
921	598
921	599
923	599
923	600
924	600
924	601
925	601
925	602
930	602
930	603
931	603
931	604
933	604
933	606
935	606
935	607
937	607
937	609
938	609
938	611
939	611
939	614
941	614
941	615
942	615
942	617
944	617
944	618
948	618
948	617
950	617
950	616
952	616
952	620
953	620
953	622
954	622
954	623
955	623
955	624
956	624
956	625
957	625
957	626
958	626
958	628
959	628
959	631
960	631
960	632
961	632
961	633
964	633
964	634
965	634
965	633
967	633
967	634
968	634
968	633
973	633
973	632
975	632
975	631
977	631
977	630
978	630
978	627
979	627
979	624
980	624
980	621
979	621
979	608
980	608
980	606
981	606
981	604
982	604
982	600
983	600
983	599
984	599
984	598
985	598
985	597
987	597
987	596
990	596
990	595
996	595
996	596
997	596
997	597
998	597
998	599
999	599
999	601
1000	601
1000	602
1002	602
1002	601
1003	601
1003	600
1004	600
1004	599
1005	599
1005	597
1006	597
1006	595
1005	595
1005	592
1004	592
1004	591
1005	591
1005	588
1004	588
1004	586
1005	586
1005	577
1006	577
1006	573
1007	573
1007	569
1008	569
1008	563
1009	563
1009	559
1010	559
1010	558
1011	558
1011	557
1012	557
1012	556
1015	556
1015	555
1017	555
1017	554
1019	554
1019	553
1024	553
1024	552
1025	552
1025	553
1026	553
1026	552
1029	552
1029	553
1032	553
1032	554
1035	554
1035	555
1038	555
1038	556
1039	556
1039	557
1041	557
1041	558
1042	558
1042	559
1043	559
1043	560
1046	560
1046	561
1047	561
1047	562
1049	562
1049	563
1055	563
1055	564
1058	564
1058	566
1059	566
1059	569
1060	569
1060	570
1061	570
1061	571
1062	571
1062	573
1063	573
1063	574
1064	574
1064	576
1065	576
1065	577
1066	577
1066	578
1065	578
1065	580
1064	580
1064	581
1065	581
1065	583
1064	583
1064	584
1063	584
1063	585
1064	585
1064	586
1063	586
1063	587
1064	587
1064	592
1065	592
1065	593
1064	593
1064	595
1067	595
1067	596
1065	596
1065	598
1066	598
1066	599
1067	599
1067	602
1068	602
1068	608
1069	608
1069	610
1070	610
1070	611
1075	611
1075	612
1076	612
1076	611
1077	611
1077	612
1078	612
1078	611
1079	611
1079	612
1080	612
1080	613
1082	613
1082	612
1083	612
1083	613
1084	613
1084	614
1085	614
1085	613
1086	613
1086	615
1088	615
1088	614
1089	614
1089	616
1090	616
1090	617
1091	617
1091	618
1092	618
1092	619
1093	619
1093	620
1094	620
1094	621
1095	621
1095	624
1096	624
1096	625
1097	625
1097	627
1098	627
1098	628
1100	628
1100	629
1103	629
1103	630
1106	630
1106	631
1107	631
1107	630
1108	630
1108	629
1112	629
1112	628
1113	628
1113	627
1114	627
1114	628
1116	628
1116	627
1120	627
1120	628
1130	628
1130	629
1137	629
1137	630
1146	630
1146	631
1147	631
1147	632
1156	632
1156	633
1172	633
1172	634
1176	634
1176	635
1179	635
1179	636
1181	636
1181	637
1189	637
1189	636
1194	636
1194	637
1201	637
1201	635
1202	635
1202	636
1203	636
1203	637
1204	637
1204	636
1206	636
1206	637
1210	637
1210	636
1211	636
1211	637
1212	637
1212	636
1214	636
1214	637
1216	637
1216	636
1217	636
1217	635
1219	635
1219	634
1225	634
1225	633
1227	633
1227	632
1229	632
1229	633
1230	633
1230	632
1231	632
1231	631
1234	631
1234	630
1237	630
1237	629
1240	629
1240	628
1250	628
1250	627
1251	627
1251	628
1253	628
1253	627
1255	627
1255	626
1257	626
1257	625
1258	625
1258	626
1259	626
1259	625
1265	625
1265	624
1270	624
1270	623
1274	623
1274	622
1275	622
1275	623
1276	623
1276	622
1284	622
1284	621
1293	621
1293	619
1294	619
1294	615
1295	615
1295	614
1293	614
1293	611
1294	611
1294	605
1295	605
1295	603
1296	603
1296	602
1295	602
1295	601
1296	601
1296	597
1295	597
1295	596
1296	596
1296	595
1297	595
1297	594
1300	594
1300	593
1301	593
1301	592
1302	592
1302	591
1303	591
1303	590
1304	590
1304	589
1305	589
1305	588
1310	588
1310	587
1311	587
1311	586
1314	586
1314	585
1315	585
1315	584
1328	584
1328	592
1329	592
1329	593
1330	593
1330	626
1331	626
1331	627
1332	627
1332	628
1339	628
1339	627
1340	627
1340	628
1346	628
1346	629
1347	629
1347	630
1349	630
1349	629
1351	629
1351	630
1352	630
1352	629
1353	629
1353	630
1357	630
1357	629
1359	629
1359	628
1360	628
1360	629
1361	629
1361	628
1362	628
1362	626
1361	626
1361	625
1363	625
1363	627
1364	627
1364	624
1365	624
1365	625
1366	625
1366	624
1367	624
1367	620
1369	620
1369	619
1368	619
1368	618
1370	618
1370	616
1371	616
1371	615
1372	615
1372	614
1373	614
1373	613
1375	613
1375	611
1376	611
1376	610
1378	610
1378	609
1380	609
1380	608
1383	608
1383	606
1385	606
1385	607
1386	607
1386	606
1387	606
1387	605
1389	605
1389	603
1391	603
1391	602
1392	602
1392	603
1393	603
1393	602
1398	602
1398	601
1401	601
1401	600
1403	600
1403	599
1405	599
1405	600
1406	600
1406	599
1412	599
1412	598
1419	598
1419	597
1420	597
1420	596
1421	596
1421	595
1422	595
1422	593
1423	593
1423	591
1426	591
1426	590
1428	590
1428	589
1432	589
1432	588
1434	588
1434	587
1438	587
1438	588
1440	588
1440	589
1444	589
1444	590
1447	590
1447	591
1452	591
1452	592
1454	592
1454	593
1456	593
1456	594
1458	594
1458	595
1460	595
1460	596
1463	596
1463	597
1466	597
1466	598
1475	598
1475	599
1476	599
1476	598
1477	598
1477	599
1482	599
1482	600
1496	600
1496	599
1497	599
1497	596
1498	596
1498	595
1499	595
1499	594
1500	594
1500	593
1501	593
1501	592
1503	592
1503	591
1504	591
1504	590
1505	590
1505	589
1507	589
1507	588
1509	588
1509	587
1511	587
1511	586
1513	586
1513	585
1514	585
1514	584
1515	584
1515	585
1516	585
1516	584
1518	584
1518	583
1521	583
1521	582
1527	582
1527	581
1528	581
1528	582
1531	582
1531	581
1532	581
1532	582
1538	582
1538	583
1539	583
1539	582
1542	582
1542	584
1544	584
1544	583
1545	583
1545	584
1547	584
1547	585
1550	585
1550	586
1559	586
1559	585
1560	585
1560	587
1569	587
1569	586
1570	586
1570	587
1571	587
1571	588
1582	588
1582	587
1583	587
1583	588
1585	588
1585	587
1591	587
1591	586
1596	586
1596	585
1598	585
1598	584
1599	584
1599	583
1601	583
1601	584
1604	584
1604	583
1611	583
1611	581
1612	581
1612	582
1616	582
1616	581
1620	581
1620	580
1621	580
1621	581
1624	581
1624	580
1626	580
1626	579
1630	579
1630	580
1631	580
1631	579
1638	579
1638	578
1639	578
1639	577
1640	577
1640	579
1641	579
1641	578
1644	578
1644	577
1646	577
1646	578
1647	578
1647	576
1648	576
1648	577
1649	577
1649	576
1650	576
1650	578
1651	578
1651	577
1653	577
1653	578
1655	578
1655	577
1654	577
1654	576
1656	576
1656	577
1662	577
1662	576
1663	576
1663	575
1664	575
1664	574
1665	574
1665	575
1666	575
1666	574
1668	574
1668	573
1674	573
1674	572
1675	572
1675	573
1676	573
1676	572
1680	572
1680	569
1681	569
1681	570
1682	570
1682	571
1683	571
1683	570
1685	570
1685	569
1686	569
1686	568
1687	568
1687	569
1690	569
1690	568
1692	568
1692	567
1693	567
1693	568
1694	568
1694	567
1698	567
1698	566
1697	566
1697	565
1699	565
1699	566
1703	566
1703	565
1707	565
1707	564
1708	564
1708	563
1709	563
1709	564
1710	564
1710	563
1711	563
1711	564
1712	564
1712	562
1713	562
1713	563
1715	563
1715	562
1717	562
1717	561
1718	561
1718	562
1719	562
1719	561
1723	561
1723	560
1726	560
1726	559
1728	559
1728	560
1729	560
1729	559
1731	559
1731	557
1732	557
1732	558
1733	558
1733	557
1734	557
1734	555
1735	555
1735	557
1738	557
1738	556
1741	556
1741	555
1744	555
1744	554
1746	554
1746	553
1750	553
1750	552
1751	552
1751	551
1752	551
1752	550
1754	550
1754	548
1755	548
1755	549
1756	549
1756	548
1757	548
1757	547
1758	547
1758	546
1759	546
1759	544
1760	544
1760	540
1759	540
1759	539
1760	539
1760	535
1761	535
1761	534
1762	534
1762	533
1761	533
1761	531
1763	531
1763	530
1762	530
1762	529
1764	529
1764	527
1765	527
1765	524
1763	524
1763	523
1766	523
1766	524
1767	524
1767	521
1766	521
1766	519
1767	519
1767	515
1768	515
1768	516
1770	516
1770	515
1768	515
1768	512
1769	512
1769	514
1770	514
1770	512
1769	512
1769	509
1768	509
1768	504
1767	504
1767	501
1765	501
1765	500
1766	500
1766	497
1765	497
1765	496
1766	496
1766	494
1765	494
1765	491
1766	491
1766	490
1765	490
1765	491
1763	491
1763	490
1764	490
1764	488
1765	488
1765	487
1764	487
1764	483
1763	483
1763	482
1764	482
1764	481
1763	481
1763	480
1762	480
1762	479
1763	479
1763	474
1762	474
1762	469
1773	469
1773	470
1775	470
1775	471
1776	471
1776	472
1777	472
1777	473
1778	473
1778	474
1780	474
1780	475
1781	475
1781	476
1782	476
1782	477
1783	477
1783	478
1784	478
1784	479
1788	479
1788	480
1791	480
1791	481
1792	481
1792	482
1794	482
1794	483
1798	483
1798	484
1799	484
1799	486
1801	486
1801	487
1803	487
1803	488
1805	488
1805	489
1806	489
1806	490
1808	490
1808	491
1809	491
1809	492
1811	492
1811	493
1813	493
1813	494
1815	494
1815	495
1817	495
1817	497
1819	497
1819	498
1821	498
1821	499
1823	499
1823	500
1828	500
1828	501
1835	501
1835	500
1838	500
1838	499
1841	499
1841	498
1845	498
1845	497
1848	497
1848	496
1851	496
1851	495
1853	495
1853	494
1855	494
1855	493
1856	493
1856	492
1858	492
1858	491
1860	491
1860	490
1862	490
1862	488
1863	488
1863	487
1864	487
1864	486
1866	486
1866	485
1868	485
1868	484
1867	484
1867	483
1869	483
1869	482
1871	482
1871	481
1870	481
1870	480
1872	480
1872	479
1874	479
1874	478
1873	478
1873	476
1874	476
1874	475
1875	475
1875	472
1876	472
1876	471
1875	471
1875	470
1876	470
1876	466
1877	466
1877	465
1878	465
1878	464
1877	464
1877	463
1879	463
1879	462
1878	462
1878	461
1880	461
1880	458
1881	458
1881	456
1883	456
1883	453
1884	453
1884	450
1885	450
1885	449
1886	449
1886	446
1888	446
1888	445
1891	445
1891	444
1892	444
1892	443
1894	443
1894	442
1895	442
1895	441
1896	441
1896	442
1898	442
1898	441
1899	441
1899	440
1901	440
1901	438
1906	438
1906	437
1909	437
1909	436
1914	436
1914	435
1916	435
1916	434
1927	434
1927	433
1929	433
1929	432
1933	432
1933	431
1934	431
1934	430
1935	430
1935	431
1936	431
1936	430
1937	430
1937	429
1940	429
1940	428
1941	428
1941	427
1945	427
1945	426
1947	426
1947	425
1950	425
1950	424
1952	424
1952	423
1955	423
1955	422
1957	422
1957	421
1959	421
1959	420
1962	420
1962	419
1964	419
1964	418
1969	418
1969	417
1970	417
1970	416
1977	416
1977	415
1986	415
1986	416
1990	416
1990	415
1995	415
1995	414
1996	414
1996	413
1998	413
1998	412
2000	412
2000	411
2001	411
2001	410
2002	410
2002	409
2004	409
2004	406
2005	406
2005	405
2007	405
2007	403
2009	403
2009	398
2010	398
2010	396
2011	396
2011	391
2012	391
2012	390
2013	390
2013	388
2012	388
2012	387
2013	387
2013	384
2014	384
2014	383
2013	383
2013	380
2012	380
2012	379
2013	379
2013	375
2012	375
2012	372
2010	372
2010	371
2013	371
2013	369
2012	369
2012	368
2013	368
2013	367
2014	367
2014	366
2013	366
2013	361
2014	361
2014	358
2015	358
2015	356
2014	356
2014	355
2017	355
2017	352
2018	352
2018	351
2019	351
2019	348
2021	348
2021	347
2020	347
2020	346
2022	346
2022	345
2023	345
2023	344
2024	344
2024	342
2026	342
2026	341
2028	341
2028	339
2029	339
2029	338
2031	338
2031	339
2033	339
2033	338
2034	338
2034	339
2037	339
2037	340
2038	340
2038	341
2040	341
2040	342
2042	342
2042	343
2046	343
2046	344
2048	344
2048	345
2049	345
2049	346
2050	346
2050	348
2051	348
2051	349
2052	349
2052	350
2053	350
2053	351
2054	351
2054	352
2056	352
2056	353
2057	353
2057	354
2058	354
2058	355
2059	355
2059	356
2074	356
2074	354
2075	354
2075	355
2076	355
2076	354
2077	354
2077	353
2080	353
2080	351
2082	351
2082	352
2081	352
2081	353
2082	353
2082	352
2084	352
2084	351
2086	351
2086	350
2087	350
2087	349
2089	349
2089	347
2091	347
2091	345
2093	345
2093	343
2094	343
2094	342
2095	342
2095	341
2096	341
2096	338
2098	338
2098	335
2099	335
2099	334
2100	334
2100	331
2101	331
2101	330
2103	330
2103	329
2104	329
2104	327
2105	327
2105	325
2106	325
2106	323
2107	323
2107	320
2106	320
2106	319
2107	319
2107	318
2106	318
2106	317
2105	317
2105	316
2107	316
2107	317
2108	317
2108	315
2107	315
2107	313
2108	313
2108	310
2109	310
2109	308
2107	308
2107	307
2109	307
2109	306
2108	306
2108	305
2109	305
2109	304
2108	304
2108	303
2110	303
2110	300
2111	300
2111	299
2110	299
2110	298
2112	298
2112	297
2111	297
2111	296
2113	296
2113	292
2115	292
2115	291
2116	291
2116	290
2120	290
2120	289
2123	289
2123	288
2126	288
2126	287
2130	287
2130	286
2132	286
2132	285
2134	285
2134	284
2138	284
2138	283
2145	283
2145	282
2148	282
2148	283
2151	283
2151	282
2156	282
2156	281
2157	281
2157	282
2172	282
2172	281
2174	281
2174	280
2181	280
2181	279
2183	279
2183	278
2186	278
2186	277
2188	277
2188	275
2190	275
2190	274
2191	274
2191	272
2192	272
2192	270
2194	270
2194	269
2192	269
2192	268
2194	268
2194	267
2195	267
2195	266
2194	266
2194	265
2196	265
2196	263
2197	263
2197	262
2198	262
2198	261
2199	261
2199	260
2198	260
2198	259
2200	259
2200	258
2201	258
2201	257
2202	257
2202	256
2203	256
2203	255
2205	255
2205	254
2206	254
2206	253
2207	253
2207	252
2208	252
2208	250
2209	250
2209	249
2210	249
2210	248
2211	248
2211	246
2210	246
2210	245
2212	245
2212	244
2213	244
2213	243
2214	243
2214	242
2215	242
2215	240
2216	240
2216	239
2217	239
2217	238
2218	238
2218	237
2219	237
2219	236
2221	236
2221	234
2223	234
2223	233
2224	233
2224	232
2225	232
2225	231
2227	231
2227	230
2228	230
2228	229
2230	229
2230	228
2231	228
2231	226
2232	226
2232	227
2233	227
2233	225
2235	225
2235	224
2236	224
2236	223
2239	223
2239	222
2243	222
2243	220
2244	220
2244	221
2245	221
2245	220
2249	220
2249	219
2252	219
2252	218
2255	218
2255	217
2258	217
2258	216
2259	216
2259	215
2262	215
2262	214
2266	214
2266	213
2268	213
2268	212
2269	212
2269	213
2270	213
2270	212
2272	212
2272	213
2273	213
2273	212
2276	212
2276	210
2278	210
2278	209
2277	209
2277	208
2279	208
2279	206
2281	206
2281	207
2282	207
2282	206
2283	206
2283	207
2284	207
2284	206
2287	206
2287	205
2284	205
2284	204
2291	204
2291	203
2290	203
2290	202
2291	202
2291	201
2293	201
2293	202
2292	202
2292	203
2293	203
2293	202
2295	202
2295	201
2298	201
2298	200
2300	200
2300	199
2301	199
2301	200
2303	200
2303	199
2309	199
2309	198
2311	198
2311	197
2313	197
2313	196
2314	196
2314	195
2315	195
2315	191
2316	191
2316	193
2317	193
2317	192
2318	192
2318	193
2319	193
2319	192
2318	192
2318	191
2320	191
2320	193
2321	193
2321	194
2322	194
2322	196
2323	196
2323	199
2324	199
2324	204
2325	204
2325	209
2326	209
2326	211
2327	211
2327	214
2328	214
2328	216
2329	216
2329	218
2330	218
2330	219
2331	219
2331	218
2332	218
2332	220
2331	220
2331	221
2333	221
2333	222
2335	222
2335	223
2342	223
2342	222
2344	222
2344	221
2346	221
2346	220
2348	220
2348	219
2351	219
2351	218
2352	218
2352	217
2354	217
2354	215
2355	215
2355	214
2354	214
2354	213
2355	213
2355	212
2357	212
2357	214
2358	214
2358	213
2361	213
2361	211
2364	211
2364	210
2365	210
2365	209
2366	209
2366	208
2367	208
2367	207
2370	207
2370	206
2371	206
2371	205
2372	205
2372	203
2373	203
2373	202
2374	202
2374	200
2375	200
2375	202
2376	202
2376	199
2377	199
2377	198
2379	198
2379	196
2380	196
2380	197
2381	197
2381	196
2382	196
2382	195
2381	195
2381	193
2382	193
2382	192
2383	192
2383	193
2384	193
2384	192
2385	192
2385	190
2386	190
2386	189
2388	189
2388	186
2387	186
2387	184
2388	184
2388	183
2389	183
2389	179
2387	179
2387	178
2390	178
2390	177
2389	177
2389	176
2387	176
2387	175
2389	175
2389	171
2388	171
2388	169
2389	169
2389	168
2387	168
2387	166
2388	166
2388	167
2389	167
2389	164
2390	164
2390	162
2389	162
2389	161
2390	161
2390	159
2391	159
2391	155
2390	155
2390	154
2389	154
2389	153
2390	153
2390	151
2389	151
2389	149
2390	149
2390	143
2389	143
2389	141
2387	141
2387	140
2388	140
2388	139
2389	139
2389	138
2390	138
2390	137
2392	137
2392	136
2393	136
2393	135
2394	135
2394	134
2395	134
2395	133
2394	133
2394	132
2398	132
2398	133
2399	133
2399	132
2401	132
2401	131
2403	131
2403	130
2405	130
2405	129
2407	129
2407	128
2409	128
2409	127
2410	127
2410	126
2412	126
2412	125
2414	125
2414	124
2417	124
2417	123
2418	123
2418	121
2410	121
2410	122
2409	122
2409	124
2408	124
2408	122
2407	122
2407	123
2405	123
2405	124
2404	124
2404	125
2403	125
2403	124
2402	124
2402	125
2403	125
2403	126
2404	126
2404	127
2398	127
2398	128
2397	128
2397	129
2396	129
2396	130
2394	130
2394	129
2393	129
2393	131
2391	131
2391	132
2389	132
2389	135
2388	135
2388	134
2387	134
2387	135
2386	135
2386	137
2385	137
2385	138
2384	138
2384	139
2385	139
2385	142
2386	142
2386	144
2385	144
2385	151
2386	151
2386	156
2385	156
2385	157
2387	157
2387	158
2385	158
2385	159
2386	159
2386	161
2387	161
2387	158
2390	158
2390	159
2388	159
2388	162
2386	162
2386	165
2385	165
2385	179
2386	179
2386	180
2385	180
2385	181
2384	181
2384	185
2383	185
2383	187
2384	187
2384	188
2382	188
2382	189
2381	189
2381	191
2379	191
2379	193
2378	193
2378	194
2377	194
2377	195
2378	195
2378	194
2379	194
2379	196
2375	196
2375	197
2374	197
2374	198
2373	198
2373	199
2372	199
2372	200
2371	200
2371	201
2369	201
2369	203
2367	203
2367	204
2366	204
2366	205
2364	205
2364	206
2363	206
2363	208
2362	208
2362	207
2360	207
2360	208
2359	208
2359	210
2357	210
2357	211
2356	211
2356	210
2355	210
2355	211
2353	211
2353	212
2352	212
2352	213
2350	213
2350	215
2349	215
2349	216
2348	216
2348	217
2346	217
2346	218
2344	218
2344	220
2343	220
2343	218
2341	218
2341	219
2339	219
2339	220
2337	220
2337	219
2335	219
2335	218
2334	218
2334	220
2333	220
2333	217
2332	217
2332	215
2330	215
2330	213
2331	213
2331	212
2330	212
2330	211
2329	211
2329	208
2328	208
2328	198
2327	198
2327	195
2325	195
2325	193
2324	193
2324	192
2323	192
2323	190
2322	190
2322	189
2317	189
2317	190
2315	190
2315	191
2313	191
2313	192
2312	192
2312	193
2311	193
2311	194
2309	194
2309	195
2306	195
2306	196
2304	196
2304	197
2302	197
2302	196
2300	196
2300	197
2296	197
2296	199
2295	199
2295	197
2293	197
2293	198
2292	198
2292	200
2291	200
2291	199
2290	199
2290	200
2289	200
2289	201
2288	201
2288	202
2287	202
2287	203
2286	203
2286	202
2283	202
2283	203
2279	203
2279	205
2276	205
2276	206
2275	206
2275	208
2272	208
2272	210
2271	210
2271	211
2270	211
2270	209
2269	209
2269	208
2268	208
2268	209
2266	209
2266	210
2262	210
2262	211
2261	211
2261	212
2259	212
2259	213
2255	213
2255	214
2253	214
2253	215
2252	215
2252	214
2251	214
2251	216
2250	216
2250	215
2249	215
2249	214
2248	214
2248	215
2246	215
2246	216
2244	216
2244	217
2242	217
2242	218
2237	218
2237	219
2235	219
2235	220
2234	220
2234	221
2233	221
2233	222
2230	222
2230	223
2229	223
2229	224
2228	224
2228	225
2229	225
2229	226
2226	226
2226	227
2224	227
2224	228
2222	228
2222	229
2220	229
2220	231
2219	231
2219	233
2217	233
2217	234
2216	234
2216	235
2214	235
2214	237
2212	237
2212	239
2211	239
2211	240
2210	240
2210	241
2209	241
2209	242
2208	242
2208	243
2207	243
2207	246
2206	246
2206	247
2205	247
2205	249
2203	249
2203	251
2202	251
2202	252
2200	252
2200	253
2199	253
2199	254
2198	254
2198	255
2197	255
2197	256
2196	256
2196	257
2195	257
2195	258
2194	258
2194	260
2193	260
2193	261
2192	261
2192	264
2191	264
2191	265
2190	265
2190	268
2189	268
2189	269
2188	269
2188	271
2187	271
2187	272
2184	272
2184	273
2183	273
2183	274
2181	274
2181	275
2178	275
2178	276
2175	276
2175	277
2172	277
2172	278
2144	278
2144	279
2142	279
2142	280
2141	280
2141	279
2138	279
2138	281
2137	281
2137	279
2136	279
2136	280
2133	280
2133	281
2131	281
2131	282
2130	282
2130	283
2127	283
2127	284
2124	284
2124	285
2122	285
2122	284
2121	284
2121	285
2119	285
2119	286
2118	286
2118	287
2115	287
2115	288
2112	288
2112	289
2110	289
2110	290
2109	290
2109	293
2108	293
2108	295
2107	295
2107	297
2106	297
2106	301
2105	301
2105	305
2104	305
2104	312
2103	312
2103	318
2102	318
2102	322
2101	322
2101	324
2100	324
2100	326
2099	326
2099	327
2098	327
2098	329
2097	329
2097	331
2096	331
2096	332
2095	332
2095	334
2094	334
2094	336
2093	336
2093	338
2092	338
2092	339
2091	339
2091	341
2090	341
2090	342
2089	342
2089	343
2088	343
2088	344
2087	344
2087	345
2086	345
2086	346
2085	346
2085	347
2082	347
2082	348
2079	348
2079	349
2077	349
2077	350
2073	350
2073	351
2072	351
2072	352
2068	352
2068	353
2067	353
2067	352
2065	352
2065	353
2062	353
2062	352
2061	352
2061	354
2060	354
2060	352
2059	352
2059	351
2058	351
2058	350
2056	350
2056	348
2055	348
2055	349
2054	349
2054	346
2053	346
2053	344
2052	344
2052	343
2050	343
2050	344
2049	344
2049	342
2047	342
2047	341
2046	341
2046	340
2041	340
2041	338
2040	338
2040	337
2037	337
2037	336
2032	336
2032	335
2027	335
2027	336
2026	336
2026	337
2025	337
2025	338
2024	338
2024	339
2023	339
2023	340
2022	340
2022	341
2021	341
2021	342
2020	342
2020	343
2019	343
2019	345
2017	345
2017	346
2016	346
2016	347
2015	347
2015	349
2014	349
2014	352
2013	352
2013	354
2012	354
2012	356
2011	356
2011	358
2010	358
2010	361
2009	361
2009	386
2008	386
2008	391
2007	391
2007	395
2006	395
2006	397
2005	397
2005	400
2004	400
2004	402
2003	402
2003	403
2002	403
2002	405
2001	405
2001	407
1999	407
1999	408
1998	408
1998	409
1996	409
1996	410
1994	410
1994	411
1992	411
1992	412
1983	412
1983	411
1978	411
1978	412
1973	412
1973	413
1970	413
1970	414
1966	414
1966	415
1962	415
1962	416
1959	416
1959	417
1957	417
1957	418
1955	418
1955	419
1952	419
1952	420
1950	420
1950	421
1948	421
1948	422
1945	422
1945	423
1941	423
1941	424
1939	424
1939	425
1937	425
1937	426
1935	426
1935	427
1932	427
1932	428
1930	428
1930	429
1926	429
1926	430
1914	430
1914	431
1912	431
1912	432
1909	432
1909	433
1906	433
1906	434
1903	434
1903	435
1900	435
1900	436
1898	436
1898	437
1897	437
1897	438
1895	438
1895	439
1893	439
1893	440
1891	440
1891	441
1888	441
1888	442
1886	442
1886	443
1884	443
1884	444
1883	444
1883	446
1882	446
1882	447
1881	447
1881	449
1880	449
1880	450
1881	450
1881	451
1879	451
1879	453
1878	453
1878	455
1877	455
1877	457
1876	457
1876	458
1875	458
1875	461
1874	461
1874	465
1873	465
1873	468
1872	468
1872	471
1871	471
1871	474
1870	474
1870	476
1869	476
1869	478
1868	478
1868	479
1867	479
1867	480
1866	480
1866	481
1865	481
1865	482
1864	482
1864	483
1863	483
1863	484
1861	484
1861	485
1860	485
1860	486
1859	486
1859	487
1857	487
1857	488
1856	488
1856	489
1854	489
1854	490
1853	490
1853	491
1851	491
1851	492
1850	492
1850	493
1848	493
1848	494
1844	494
1844	495
1840	495
1840	496
1838	496
1838	497
1835	497
1835	498
1830	498
1830	497
1825	497
1825	496
1822	496
1822	495
1821	495
1821	494
1820	494
1820	495
1819	495
1819	494
1818	494
1818	493
1816	493
1816	492
1814	492
1814	490
1812	490
1812	489
1811	489
1811	488
1809	488
1809	487
1807	487
1807	486
1806	486
1806	485
1804	485
1804	484
1802	484
1802	483
1801	483
1801	482
1800	482
1800	481
1798	481
1798	480
1794	480
1794	479
1793	479
1793	478
1791	478
1791	477
1789	477
1789	476
1786	476
1786	474
1784	474
1784	473
1783	473
1783	472
1782	472
1782	471
1781	471
1781	470
1779	470
1779	468
1776	468
1776	467
1770	467
1770	468
1769	468
1769	467
1768	467
1768	466
1766	466
1766	467
1765	467
1765	466
1763	466
1763	465
1762	465
1762	466
1763	466
1763	467
1759	467
1759	470
1758	470
1758	473
1761	473
1761	475
1762	475
1762	478
1761	478
1761	476
1760	476
1760	474
1758	474
1758	477
1760	477
1760	478
1758	478
1758	479
1759	479
1759	482
1760	482
1760	487
1761	487
1761	491
1762	491
1762	497
1763	497
1763	503
1764	503
1764	508
1765	508
1765	512
1766	512
1766	516
1765	516
1765	518
1764	518
1764	521
1763	521
1763	522
1762	522
1762	525
1761	525
1761	528
1760	528
1760	529
1759	529
1759	532
1758	532
1758	533
1757	533
1757	536
1756	536
1756	543
1755	543
1755	545
1754	545
1754	546
1753	546
1753	547
1752	547
1752	548
1750	548
1750	550
1747	550
1747	551
1745	551
1745	552
1738	552
1738	553
1735	553
1735	554
1732	554
1732	555
1730	555
1730	556
1725	556
1725	558
1726	558
1726	559
1724	559
1724	556
1723	556
1723	557
1721	557
1721	558
1717	558
1717	559
1714	559
1714	560
1711	560
1711	561
1707	561
1707	562
1704	562
1704	563
1697	563
1697	564
1694	564
1694	565
1689	565
1689	566
1686	566
1686	567
1682	567
1682	568
1679	568
1679	569
1677	569
1677	570
1673	570
1673	571
1672	571
1672	570
1667	570
1667	572
1666	572
1666	571
1664	571
1664	572
1662	572
1662	574
1660	574
1660	575
1659	575
1659	574
1658	574
1658	575
1650	575
1650	574
1649	574
1649	575
1639	575
1639	576
1637	576
1637	577
1636	577
1636	576
1632	576
1632	577
1623	577
1623	578
1616	578
1616	579
1610	579
1610	580
1602	580
1602	581
1598	581
1598	582
1596	582
1596	583
1592	583
1592	584
1584	584
1584	585
1582	585
1582	584
1581	584
1581	585
1576	585
1576	584
1572	584
1572	585
1569	585
1569	584
1566	584
1566	585
1565	585
1565	584
1558	584
1558	583
1552	583
1552	582
1549	582
1549	583
1548	583
1548	582
1547	582
1547	581
1544	581
1544	580
1541	580
1541	579
1533	579
1533	578
1532	578
1532	579
1526	579
1526	578
1525	578
1525	579
1520	579
1520	580
1517	580
1517	581
1515	581
1515	582
1513	582
1513	583
1510	583
1510	584
1508	584
1508	585
1507	585
1507	586
1505	586
1505	587
1504	587
1504	588
1501	588
1501	590
1500	590
1500	589
1499	589
1499	590
1498	590
1498	591
1497	591
1497	592
1496	592
1496	593
1495	593
1495	595
1494	595
1494	597
1493	597
1493	598
1488	598
1488	597
1487	597
1487	598
1486	598
1486	597
1480	597
1480	596
1475	596
1475	595
1469	595
1469	594
1466	594
1466	595
1465	595
1465	594
1464	594
1464	593
1462	593
1462	592
1460	592
1460	591
1459	591
1459	592
1458	592
1458	590
1457	590
1457	591
1456	591
1456	590
1454	590
1454	589
1453	589
1453	588
1451	588
1451	589
1450	589
1450	588
1448	588
1448	587
1445	587
1445	586
1442	586
1442	585
1430	585
1430	586
1428	586
1428	587
1425	587
1425	588
1423	588
1423	589
1420	589
1420	590
1419	590
1419	591
1418	591
1418	593
1417	593
1417	594
1415	594
1415	595
1411	595
1411	596
1408	596
1408	597
1405	597
1405	598
1398	598
1398	599
1397	599
1397	598
1396	598
1396	599
1394	599
1394	600
1390	600
1390	601
1387	601
1387	602
1386	602
1386	604
1385	604
1385	603
1383	603
1383	604
1382	604
1382	605
1381	605
1381	606
1379	606
1379	607
1377	607
1377	608
1374	608
1374	609
1373	609
1373	611
1370	611
1370	612
1369	612
1369	614
1368	614
1368	616
1367	616
1367	617
1366	617
1366	618
1365	618
1365	620
1364	620
1364	622
1363	622
1363	623
1362	623
1362	624
1360	624
1360	626
1361	626
1361	627
1359	627
1359	626
1357	626
1357	627
1348	627
1348	626
1342	626
1342	625
1339	625
1339	626
1338	626
1338	590
1337	590
1337	589
1336	589
1336	585
1337	585
1337	584
1338	584
1338	583
1339	583
1339	582
1340	582
1340	578
1339	578
1339	577
1338	577
1338	576
1312	576
1312	577
1311	577
1311	578
1306	578
1306	579
1305	579
1305	580
1300	580
1300	581
1299	581
1299	582
1298	582
1298	581
1296	581
1296	582
1294	582
1294	584
1293	584
1293	586
1288	586
1288	587
1287	587
1287	588
1286	588
1286	592
1287	592
1287	593
1288	593
1288	594
1293	594
1293	601
1292	601
1292	604
1291	604
1291	605
1292	605
1292	606
1291	606
1291	614
1290	614
1290	618
1285	618
1285	619
1280	619
1280	620
1279	620
1279	619
1276	619
1276	620
1273	620
1273	621
1265	621
1265	622
1261	622
1261	623
1260	623
1260	622
1258	622
1258	623
1254	623
1254	624
1252	624
1252	625
1240	625
1240	626
1237	626
1237	627
1235	627
1235	628
1232	628
1232	629
1227	629
1227	630
1220	630
1220	631
1218	631
1218	632
1216	632
1216	633
1214	633
1214	634
1213	634
1213	633
1211	633
1211	634
1208	634
1208	633
1207	633
1207	634
1206	634
1206	633
1200	633
1200	634
1199	634
1199	633
1198	633
1198	634
1196	634
1196	633
1195	633
1195	634
1182	634
1182	633
1180	633
1180	632
1178	632
1178	631
1176	631
1176	630
1175	630
1175	631
1174	631
1174	630
1170	630
1170	629
1168	629
1168	630
1167	630
1167	629
1166	629
1166	630
1160	630
1160	629
1149	629
1149	628
1144	628
1144	627
1142	627
1142	628
1141	628
1141	627
1138	627
1138	626
1136	626
1136	627
1135	627
1135	626
1131	626
1131	625
1121	625
1121	624
1115	624
1115	625
1116	625
1116	626
1113	626
1113	625
1112	625
1112	627
1108	627
1108	628
1107	628
1107	629
1106	629
1106	628
1105	628
1105	627
1102	627
1102	626
1100	626
1100	624
1099	624
1099	623
1098	623
1098	620
1097	620
1097	619
1096	619
1096	618
1094	618
1094	617
1093	617
1093	615
1092	615
1092	616
1091	616
1091	614
1090	614
1090	613
1088	613
1088	612
1086	612
1086	611
1084	611
1084	610
1082	610
1082	609
1077	609
1077	608
1072	608
1072	607
1071	607
1071	604
1070	604
1070	601
1069	601
1069	599
1068	599
1068	598
1069	598
1069	597
1068	597
1068	593
1066	593
1066	592
1067	592
1067	590
1066	590
1066	589
1065	589
1065	587
1066	587
1066	585
1067	585
1067	584
1066	584
1066	582
1068	582
1068	581
1067	581
1067	577
1068	577
1068	575
1067	575
1067	573
1066	573
1066	571
1065	571
1065	570
1064	570
1064	569
1063	569
1063	568
1062	568
1062	565
1061	565
1061	564
1060	564
1060	563
1058	563
1058	562
1055	562
1055	561
1054	561
1054	560
1051	560
1051	559
1048	559
1048	558
1046	558
1046	557
1045	557
1045	556
1043	556
1043	555
1041	555
1041	554
1040	554
1040	553
1038	553
1038	552
1036	552
1036	551
1033	551
1033	550
1029	550
1029	549
1027	549
1027	550
1026	550
1026	549
1023	549
1023	550
1021	550
1021	551
1017	551
1017	552
1014	552
1014	553
1011	553
1011	554
1010	554
1010	555
1009	555
1009	556
1008	556
1008	558
1007	558
1007	562
1006	562
1006	565
1005	565
1005	568
1004	568
1004	569
1005	569
1005	570
1004	570
1004	571
1005	571
1005	572
1003	572
1003	573
1004	573
1004	574
1003	574
1003	575
1002	575
1002	578
1003	578
1003	579
1002	579
1002	585
1003	585
1003	586
1002	586
1002	590
1003	590
1003	591
1002	591
1002	597
1001	597
1001	596
999	596
999	594
998	594
998	593
989	593
989	594
986	594
986	595
983	595
983	596
982	596
982	597
981	597
981	598
980	598
980	600
979	600
979	603
978	603
978	606
977	606
977	607
976	607
976	628
975	628
975	629
974	629
974	630
972	630
972	631
962	631
962	629
961	629
961	627
960	627
960	625
959	625
959	623
957	623
957	622
956	622
956	620
955	620
955	617
954	617
954	616
953	616
953	614
954	614
954	611
952	611
952	612
951	612
951	613
950	613
950	614
949	614
949	615
944	615
944	613
943	613
943	612
940	612
940	607
938	607
938	605
936	605
936	604
935	604
935	603
933	603
933	601
931	601
931	600
928	600
928	599
926	599
926	598
924	598
924	597
922	597
922	595
921	595
921	594
920	594
920	593
919	593
919	592
917	592
917	591
916	591
916	590
915	590
915	589
914	589
914	588
913	588
913	587
912	587
912	586
911	586
911	585
909	585
909	583
908	583
908	581
906	581
906	580
905	580
905	579
904	579
904	578
903	578
903	577
901	577
901	576
899	576
899	575
898	575
898	574
895	574
895	573
894	573
894	572
892	572
892	571
891	571
891	570
889	570
889	569
887	569
887	568
886	568
886	567
885	567
885	566
884	566
884	565
883	565
883	564
882	564
882	565
881	565
881	564
880	564
880	563
875	563
875	562
868	562
868	561
867	561
867	562
866	562
866	561
854	561
854	560
851	560
851	559
849	559
849	558
848	558
848	559
846	559
846	557
845	557
845	555
842	555
842	554
841	554
841	553
839	553
839	552
837	552
837	551
838	551
838	550
837	550
837	548
835	548
835	547
834	547
834	546
831	546
831	545
825	545
825	544
823	544
823	543
816	543
816	541
814	541
814	539
813	539
813	538
812	538
812	537
811	537
811	535
806	535
806	534
805	534
805	535
804	535
804	534
801	534
801	533
797	533
797	532
796	532
796	533
795	533
795	532
787	532
787	531
786	531
786	530
784	530
784	528
783	528
783	527
777	527
777	526
776	526
776	527
773	527
773	526
770	526
770	525
768	525
768	523
767	523
767	522
766	522
766	521
765	521
765	520
764	520
764	519
763	519
763	518
762	518
762	517
756	517
756	516
747	516
747	513
745	513
745	512
741	512
741	511
735	511
735	510
733	510
733	509
732	509
732	508
731	508
731	507
730	507
730	506
729	506
729	505
728	505
728	504
727	504
727	503
726	503
726	502
719	502
719	501
715	501
715	500
714	500
714	499
712	499
712	498
704	498
704	497
703	497
703	496
702	496
702	495
701	495
701	494
696	494
696	493
695	493
695	494
694	494
694	492
693	492
693	491
692	491
692	490
690	490
690	482
689	482
689	481
688	481
688	480
659	480
659	479
658	479
658	478
647	478
647	477
646	477
646	476
641	476
641	475
640	475
640	474
639	474
639	473
638	473
638	472
637	472
637	471
636	471
636	470
635	470
635	469
633	469
633	468
625	468
625	467
624	467
624	466
621	466
621	465
620	465
620	464
619	464
619	463
618	463
618	462
617	462
617	460
616	460
616	456
615	456
615	454
614	454
614	452
613	452
613	451
612	451
612	450
610	450
610	448
609	448
609	447
608	447
608	446
606	446
606	442
605	442
605	441
604	441
604	440
601	440
601	439
600	439
600	438
589	438
589	437
588	437
588	436
583	436
583	435
582	435
582	432
581	432
581	429
580	429
580	420
579	420
579	419
578	419
578	418
564	418
564	416
563	416
563	415
562	415
562	398
561	398
561	397
560	397
560	396
559	396
559	395
558	395
558	388
557	388
557	387
556	387
556	386
555	386
555	385
554	385
554	384
548	384
548	385
547	385
547	386
546	386
546	387
543	387
543	386
534	386
534	387
532	387
532	389
531	389
531	391
530	391
530	393
529	393
529	396
528	396
528	397
527	397
527	398
526	398
526	399
524	399
524	400
519	400
519	401
518	401
518	400
507	400
507	398
506	398
506	396
505	396
505	393
504	393
504	391
503	391
503	390
502	390
502	389
501	389
501	388
500	388
500	387
498	387
498	386
496	386
496	385
494	385
494	384
493	384
493	385
492	385
492	384
489	384
489	385
480	385
480	384
478	384
478	388
477	388
477	391
476	391
476	393
467	393
467	392
465	392
465	391
464	391
464	388
463	388
463	387
464	387
464	386
463	386
463	385
462	385
462	384
461	384
461	382
460	382
460	380
459	380
459	377
458	377
458	375
457	375
457	374
456	374
456	372
455	372
455	371
454	371
454	370
453	370
453	369
451	369
451	368
450	368
450	367
449	367
449	366
447	366
447	365
446	365
446	363
445	363
445	362
444	362
444	361
443	361
443	360
441	360
441	359
438	359
438	358
437	358
437	357
434	357
434	356
433	356
433	357
431	357
431	356
427	356
427	355
426	355
426	354
423	354
423	353
420	353
420	352
416	352
416	351
415	351
415	350
414	350
414	349
407	349
407	348
402	348
402	347
401	347
401	346
400	346
400	345
399	345
399	344
398	344
398	343
396	343
396	342
395	342
395	341
392	341
392	339
390	339
390	338
388	338
388	337
387	337
387	336
385	336
385	335
383	335
383	334
382	334
382	333
380	333
380	332
379	332
379	331
377	331
377	330
375	330
375	329
371	329
371	328
370	328
370	327
369	327
369	326
368	326
368	325
367	325
367	324
366	324
366	323
364	323
364	322
363	322
363	321
361	321
361	319
360	319
360	318
359	318
359	317
358	317
358	316
357	316
357	315
356	315
356	314
354	314
354	313
352	313
352	312
351	312
351	311
350	311
350	309
349	309
349	308
348	308
348	306
347	306
347	305
346	305
346	304
345	304
345	302
343	302
343	301
342	301
342	300
341	300
341	299
340	299
340	298
339	298
339	296
337	296
337	295
336	295
336	294
333	294
333	293
332	293
332	292
331	292
331	291
330	291
330	290
329	290
329	289
328	289
328	288
327	288
327	287
326	287
326	286
325	286
325	285
324	285
324	284
323	284
323	283
322	283
322	282
321	282
321	281
320	281
320	279
319	279
319	278
306	278
306	277
305	277
305	275
304	275
304	273
303	273
303	270
302	270
302	268
301	268
301	267
302	267
302	266
301	266
301	262
300	262
300	260
299	260
299	258
298	258
298	256
297	256
297	255
296	255
296	254
295	254
295	253
292	253
292	254
291	254
291	256
290	256
290	261
289	261
289	262
288	262
288	263
287	263
287	264
286	264
286	265
285	265
285	266
284	266
284	267
283	267
283	268
282	268
282	267
281	267
281	268
278	268
278	269
276	269
276	270
269	270
269	271
267	271
267	272
266	272
266	273
265	273
265	275
264	275
264	276
263	276
263	277
262	277
262	278
258	278
258	279
256	279
256	280
254	280
254	281
252	281
252	280
250	280
250	281
248	281
248	280
247	280
247	281
243	281
243	282
242	282
242	283
241	283
241	284
240	284
240	285
237	285
237	286
235	286
235	287
231	287
231	288
230	288
230	287
224	287
224	286
220	286
220	285
218	285
218	284
215	284
215	283
212	283
212	282
210	282
210	281
207	281
207	280
204	280
204	279
201	279
201	278
179	278
179	277
177	277
177	276
176	276
176	275
173	275
173	274
171	274
171	273
169	273
169	272
168	272
168	270
167	270
167	269
165	269
165	267
161	267
161	266
150	266
150	265
149	265
149	263
148	263
148	262
147	262
147	260
146	260
146	257
145	257
145	256
144	256
144	254
143	254
143	252
142	252
142	251
141	251
141	250
137	250
137	249
130	249
130	244
131	244
131	239
130	239
130	237
129	237
129	235
128	235
128	234
126	234
126	232
124	232
124	231
123	231
123	230
122	230
122	228
120	228
120	227
119	227
119	218
120	218
120	212
119	212
119	210
120	210
120	199
119	199
119	198
120	198
120	189
119	189
119	188
120	188
120	183
119	183
119	181
120	181
120	167
117	167
117	173
116	173
116	174
117	174
117	178
116	178
116	179
117	179
117	201
116	201
116	202
117	202
117	203
116	203
116	204
117	204
117	208
116	208
116	227
115	227
115	228
116	228
116	229
118	229
118	230
120	230
120	231
121	231
121	232
123	232
123	233
124	233
124	234
126	234
126	236
127	236
127	239
128	239
128	240
127	240
127	245
126	245
126	248
127	248
127	251
130	251
130	252
140	252
140	255
141	255
141	257
142	257
142	258
143	258
143	260
144	260
144	262
145	262
145	264
146	264
146	265
147	265
147	266
148	266
