2952	484
2951	484
2951	485
2949	485
2949	486
2947	486
2947	487
2945	487
2945	488
2942	488
2942	489
2940	489
2940	490
2939	490
2939	491
2938	491
2938	492
2937	492
2937	493
2936	493
2936	494
2933	494
2933	495
2932	495
2932	496
2930	496
2930	497
2929	497
2929	498
2927	498
2927	499
2926	499
2926	500
2924	500
2924	501
2922	501
2922	502
2920	502
2920	503
2918	503
2918	504
2914	504
2914	505
2912	505
2912	506
2908	506
2908	507
2904	507
2904	508
2902	508
2902	507
2900	507
2900	508
2895	508
2895	509
2894	509
2894	510
2892	510
2892	509
2891	509
2891	510
2888	510
2888	511
2884	511
2884	512
2881	512
2881	513
2878	513
2878	514
2877	514
2877	515
2876	515
2876	516
2872	516
2872	517
2869	517
2869	518
2868	518
2868	520
2867	520
2867	521
2866	521
2866	522
2865	522
2865	523
2863	523
2863	524
2862	524
2862	525
2861	525
2861	528
2860	528
2860	531
2859	531
2859	533
2858	533
2858	534
2857	534
2857	535
2856	535
2856	544
2855	544
2855	545
2854	545
2854	547
2853	547
2853	549
2852	549
2852	550
2850	550
2850	551
2848	551
2848	552
2847	552
2847	554
2846	554
2846	555
2845	555
2845	556
2844	556
2844	557
2843	557
2843	561
2844	561
2844	570
2843	570
2843	580
2842	580
2842	583
2841	583
2841	584
2840	584
2840	585
2839	585
2839	586
2837	586
2837	587
2835	587
2835	588
2834	588
2834	592
2833	592
2833	593
2834	593
2834	595
2833	595
2833	597
2832	597
2832	598
2831	598
2831	599
2830	599
2830	601
2829	601
2829	602
2828	602
2828	603
2827	603
2827	605
2826	605
2826	608
2825	608
2825	611
2824	611
2824	613
2823	613
2823	615
2822	615
2822	618
2821	618
2821	621
2820	621
2820	623
2819	623
2819	631
2818	631
2818	636
2819	636
2819	639
2818	639
2818	640
2819	640
2819	641
2818	641
2818	643
2817	643
2817	646
2816	646
2816	649
2815	649
2815	650
2814	650
2814	651
2812	651
2812	652
2811	652
2811	653
2810	653
2810	656
2809	656
2809	659
2808	659
2808	660
2807	660
2807	661
2806	661
2806	664
2805	664
2805	670
2804	670
2804	672
2805	672
2805	674
2804	674
2804	689
2803	689
2803	690
2804	690
2804	691
2803	691
2803	695
2802	695
2802	701
2801	701
2801	703
2800	703
2800	706
2801	706
2801	707
2799	707
2799	710
2798	710
2798	717
2797	717
2797	721
2796	721
2796	723
2795	723
2795	724
2794	724
2794	726
2793	726
2793	728
2791	728
2791	729
2790	729
2790	730
2787	730
2787	731
2786	731
2786	732
2783	732
2783	733
2780	733
2780	734
2779	734
2779	735
2778	735
2778	736
2777	736
2777	737
2776	737
2776	739
2773	739
2773	740
2772	740
2772	742
2771	742
2771	743
2769	743
2769	744
2764	744
2764	745
2756	745
2756	746
2754	746
2754	747
2753	747
2753	748
2751	748
2751	749
2749	749
2749	750
2748	750
2748	751
2746	751
2746	752
2742	752
2742	754
2740	754
2740	755
2738	755
2738	756
2737	756
2737	757
2735	757
2735	758
2733	758
2733	759
2730	759
2730	761
2728	761
2728	762
2725	762
2725	763
2724	763
2724	764
2723	764
2723	765
2722	765
2722	766
2721	766
2721	767
2719	767
2719	769
2718	769
2718	771
2716	771
2716	773
2715	773
2715	774
2714	774
2714	775
2713	775
2713	778
2712	778
2712	779
2711	779
2711	781
2710	781
2710	783
2709	783
2709	784
2706	784
2706	783
2703	783
2703	784
2702	784
2702	785
2696	785
2696	786
2694	786
2694	785
2688	785
2688	784
2682	784
2682	785
2679	785
2679	784
2675	784
2675	782
2671	782
2671	780
2668	780
2668	777
2667	777
2667	776
2666	776
2666	777
2664	777
2664	776
2663	776
2663	775
2657	775
2657	776
2656	776
2656	775
2648	775
2648	774
2644	774
2644	770
2643	770
2643	768
2644	768
2644	767
2643	767
2643	765
2644	765
2644	763
2643	763
2643	762
2644	762
2644	756
2645	756
2645	753
2646	753
2646	749
2647	749
2647	748
2648	748
2648	746
2653	746
2653	744
2650	744
2650	745
2647	745
2647	741
2648	741
2648	740
2647	740
2647	739
2648	739
2648	734
2647	734
2647	728
2648	728
2648	727
2647	727
2647	722
2648	722
2648	720
2649	720
2649	718
2648	718
2648	713
2647	713
2647	711
2645	711
2645	710
2641	710
2641	711
2627	711
2627	712
2626	712
2626	711
2618	711
2618	710
2617	710
2617	711
2611	711
2611	712
2609	712
2609	713
2608	713
2608	712
2607	712
2607	713
2606	713
2606	712
2604	712
2604	713
2599	713
2599	714
2591	714
2591	715
2590	715
2590	716
2589	716
2589	715
2586	715
2586	716
2585	716
2585	717
2583	717
2583	718
2579	718
2579	719
2578	719
2578	718
2576	718
2576	719
2570	719
2570	718
2568	718
2568	719
2560	719
2560	718
2551	718
2551	717
2542	717
2542	716
2541	716
2541	717
2536	717
2536	716
2526	716
2526	715
2523	715
2523	714
2516	714
2516	713
2513	713
2513	712
2512	712
2512	711
2510	711
2510	710
2507	710
2507	709
2505	709
2505	708
2504	708
2504	707
2502	707
2502	706
2501	706
2501	705
2500	705
2500	704
2497	704
2497	703
2496	703
2496	702
2494	702
2494	701
2493	701
2493	700
2490	700
2490	699
2489	699
2489	698
2488	698
2488	697
2487	697
2487	695
2484	695
2484	694
2476	694
2476	693
2474	693
2474	692
2472	692
2472	691
2471	691
2471	690
2470	690
2470	689
2469	689
2469	688
2468	688
2468	686
2467	686
2467	685
2465	685
2465	684
2464	684
2464	683
2463	683
2463	682
2462	682
2462	681
2461	681
2461	680
2460	680
2460	679
2458	679
2458	678
2457	678
2457	676
2456	676
2456	675
2455	675
2455	674
2454	674
2454	673
2453	673
2453	672
2452	672
2452	671
2451	671
2451	670
2450	670
2450	669
2448	669
2448	668
2446	668
2446	667
2444	667
2444	666
2441	666
2441	665
2440	665
2440	664
2438	664
2438	663
2437	663
2437	662
2438	662
2438	658
2434	658
2434	659
2426	659
2426	660
2425	660
2425	661
2424	661
2424	658
2422	658
2422	657
2421	657
2421	656
2420	656
2420	654
2417	654
2417	653
2415	653
2415	654
2414	654
2414	655
2412	655
2412	656
2411	656
2411	657
2408	657
2408	658
2406	658
2406	660
2403	660
2403	661
2401	661
2401	662
2400	662
2400	663
2398	663
2398	664
2397	664
2397	665
2396	665
2396	666
2397	666
2397	667
2396	667
2396	670
2403	670
2403	669
2406	669
2406	668
2408	668
2408	667
2410	667
2410	666
2412	666
2412	674
2411	674
2411	681
2410	681
2410	682
2411	682
2411	691
2412	691
2412	695
2413	695
2413	697
2412	697
2412	707
2413	707
2413	712
2412	712
2412	715
2411	715
2411	718
2410	718
2410	719
2409	719
2409	723
2408	723
2408	726
2407	726
2407	737
2406	737
2406	738
2405	738
2405	742
2404	742
2404	744
2403	744
2403	748
2402	748
2402	751
2401	751
2401	752
2400	752
2400	753
2399	753
2399	754
2398	754
2398	755
2399	755
2399	758
2398	758
2398	765
2397	765
2397	766
2398	766
2398	770
2397	770
2397	771
2396	771
2396	772
2397	772
2397	773
2396	773
2396	775
2395	775
2395	778
2396	778
2396	779
2395	779
2395	781
2394	781
2394	782
2393	782
2393	783
2392	783
2392	785
2391	785
2391	790
2390	790
2390	791
2389	791
2389	795
2388	795
2388	797
2387	797
2387	799
2386	799
2386	800
2385	800
2385	803
2387	803
2387	804
2386	804
2386	805
2385	805
2385	807
2384	807
2384	808
2383	808
2383	810
2382	810
2382	812
2383	812
2383	814
2382	814
2382	816
2381	816
2381	819
2380	819
2380	820
2370	820
2370	821
2366	821
2366	820
2356	820
2356	819
2355	819
2355	820
2348	820
2348	819
2335	819
2335	818
2332	818
2332	819
2326	819
2326	820
2324	820
2324	819
2323	819
2323	820
2319	820
2319	821
2314	821
2314	822
2313	822
2313	823
2312	823
2312	822
2311	822
2311	823
2308	823
2308	824
2298	824
2298	823
2296	823
2296	824
2288	824
2288	823
2287	823
2287	824
2284	824
2284	823
2283	823
2283	824
2282	824
2282	825
2281	825
2281	824
2277	824
2277	825
2276	825
2276	824
2272	824
2272	825
2266	825
2266	826
2264	826
2264	825
2262	825
2262	826
2259	826
2259	827
2250	827
2250	826
2241	826
2241	825
2239	825
2239	824
2238	824
2238	823
2236	823
2236	822
2235	822
2235	821
2233	821
2233	820
2232	820
2232	819
2231	819
2231	814
2230	814
2230	809
2229	809
2229	803
2228	803
2228	800
2227	800
2227	795
2226	795
2226	793
2225	793
2225	791
2224	791
2224	790
2223	790
2223	787
2222	787
2222	786
2220	786
2220	785
2221	785
2221	784
2220	784
2220	783
2218	783
2218	781
2215	781
2215	780
2214	780
2214	778
2212	778
2212	779
2211	779
2211	778
2206	778
2206	777
2204	777
2204	775
2201	775
2201	774
2195	774
2195	775
2194	775
2194	774
2193	774
2193	775
2192	775
2192	774
2190	774
2190	773
2189	773
2189	774
2186	774
2186	773
2180	773
2180	774
2175	774
2175	773
2174	773
2174	772
2173	772
2173	773
2166	773
2166	774
2163	774
2163	778
2162	778
2162	780
2159	780
2159	781
2158	781
2158	782
2156	782
2156	783
2155	783
2155	784
2152	784
2152	785
2151	785
2151	787
2149	787
2149	788
2147	788
2147	789
2145	789
2145	790
2144	790
2144	791
2141	791
2141	792
2140	792
2140	793
2139	793
2139	794
2138	794
2138	795
2134	795
2134	794
2132	794
2132	795
2126	795
2126	793
2125	793
2125	792
2124	792
2124	789
2123	789
2123	788
2122	788
2122	786
2121	786
2121	785
2120	785
2120	783
2119	783
2119	782
2118	782
2118	779
2116	779
2116	776
2115	776
2115	775
2117	775
2117	773
2116	773
2116	772
2117	772
2117	769
2118	769
2118	768
2120	768
2120	766
2121	766
2121	765
2120	765
2120	762
2119	762
2119	761
2115	761
2115	762
2113	762
2113	763
2112	763
2112	765
2109	765
2109	766
2108	766
2108	767
2110	767
2110	768
2111	768
2111	769
2109	769
2109	772
2108	772
2108	779
2109	779
2109	782
2110	782
2110	784
2111	784
2111	785
2112	785
2112	787
2113	787
2113	789
2114	789
2114	790
2115	790
2115	792
2116	792
2116	793
2117	793
2117	795
2118	795
2118	797
2119	797
2119	799
2117	799
2117	798
2115	798
2115	797
2112	797
2112	796
2108	796
2108	795
2106	795
2106	794
2105	794
2105	792
2104	792
2104	790
2103	790
2103	789
2102	789
2102	786
2101	786
2101	785
2100	785
2100	782
2099	782
2099	777
2098	777
2098	773
2097	773
2097	771
2096	771
2096	768
2095	768
2095	765
2094	765
2094	759
2095	759
2095	757
2094	757
2094	754
2093	754
2093	752
2092	752
2092	749
2091	749
2091	748
2090	748
2090	747
2088	747
2088	743
2087	743
2087	742
2086	742
2086	741
2085	741
2085	740
2084	740
2084	737
2083	737
2083	735
2082	735
2082	734
2081	734
2081	733
2080	733
2080	732
2078	732
2078	731
2077	731
2077	729
2078	729
2078	728
2079	728
2079	724
2078	724
2078	721
2076	721
2076	720
2075	720
2075	719
2074	719
2074	718
2067	718
2067	719
2066	719
2066	720
2060	720
2060	721
2057	721
2057	722
2052	722
2052	723
2051	723
2051	724
2049	724
2049	725
2048	725
2048	728
2047	728
2047	729
2046	729
2046	730
2043	730
2043	733
2042	733
2042	735
2041	735
2041	741
2042	741
2042	748
2043	748
2043	751
2042	751
2042	758
2043	758
2043	767
2044	767
2044	768
2043	768
2043	772
2044	772
2044	774
2045	774
2045	777
2046	777
2046	783
2047	783
2047	785
2046	785
2046	786
2044	786
2044	788
2046	788
2046	791
2047	791
2047	794
2044	794
2044	795
2043	795
2043	796
2044	796
2044	795
2045	795
2045	796
2047	796
2047	798
2048	798
2048	804
2049	804
2049	805
2048	805
2048	810
2049	810
2049	820
2050	820
2050	821
2049	821
2049	822
2048	822
2048	823
2049	823
2049	824
2048	824
2048	825
2049	825
2049	838
2050	838
2050	841
2049	841
2049	847
2047	847
2047	849
2048	849
2048	851
2046	851
2046	852
2047	852
2047	853
2046	853
2046	857
2045	857
2045	858
2046	858
2046	860
2045	860
2045	862
2046	862
2046	863
2047	863
2047	864
2046	864
2046	884
2045	884
2045	885
2044	885
2044	886
2045	886
2045	887
2044	887
2044	890
2043	890
2043	892
2042	892
2042	893
2041	893
2041	899
2039	899
2039	904
2038	904
2038	906
2037	906
2037	908
2036	908
2036	910
2033	910
2033	905
2032	905
2032	904
2031	904
2031	911
2030	911
2030	912
2024	912
2024	911
2023	911
2023	912
2022	912
2022	913
2021	913
2021	912
2019	912
2019	913
2017	913
2017	914
2014	914
2014	916
2013	916
2013	917
2012	917
2012	918
2011	918
2011	919
2005	919
2005	920
2001	920
2001	919
2000	919
2000	920
1999	920
1999	919
1994	919
1994	920
1993	920
1993	919
1992	919
1992	918
1989	918
1989	917
1986	917
1986	916
1985	916
1985	915
1982	915
1982	913
1980	913
1980	911
1976	911
1976	910
1973	910
1973	909
1972	909
1972	908
1967	908
1967	907
1954	907
1954	906
1951	906
1951	905
1950	905
1950	904
1946	904
1946	903
1943	903
1943	902
1942	902
1942	901
1940	901
1940	900
1937	900
1937	899
1934	899
1934	900
1931	900
1931	898
1930	898
1930	897
1926	897
1926	896
1924	896
1924	894
1923	894
1923	893
1922	893
1922	892
1919	892
1919	890
1914	890
1914	889
1908	889
1908	888
1902	888
1902	887
1900	887
1900	886
1897	886
1897	885
1896	885
1896	884
1894	884
1894	883
1893	883
1893	884
1892	884
1892	883
1890	883
1890	882
1888	882
1888	881
1887	881
1887	880
1885	880
1885	879
1884	879
1884	878
1881	878
1881	877
1875	877
1875	876
1868	876
1868	875
1866	875
1866	876
1864	876
1864	875
1860	875
1860	876
1857	876
1857	875
1856	875
1856	876
1855	876
1855	875
1848	875
1848	876
1847	876
1847	875
1845	875
1845	874
1844	874
1844	875
1839	875
1839	874
1836	874
1836	875
1834	875
1834	877
1832	877
1832	876
1827	876
1827	877
1823	877
1823	878
1820	878
1820	877
1813	877
1813	878
1812	878
1812	877
1810	877
1810	878
1805	878
1805	879
1804	879
1804	878
1803	878
1803	879
1795	879
1795	880
1792	880
1792	881
1788	881
1788	882
1785	882
1785	881
1782	881
1782	880
1781	880
1781	879
1780	879
1780	877
1779	877
1779	875
1778	875
1778	873
1777	873
1777	872
1776	872
1776	870
1775	870
1775	867
1774	867
1774	865
1772	865
1772	863
1770	863
1770	862
1768	862
1768	860
1769	860
1769	858
1770	858
1770	857
1769	857
1769	854
1768	854
1768	852
1767	852
1767	849
1766	849
1766	846
1765	846
1765	845
1764	845
1764	843
1762	843
1762	844
1761	844
1761	847
1762	847
1762	853
1761	853
1761	852
1760	852
1760	853
1750	853
1750	854
1745	854
1745	855
1741	855
1741	856
1740	856
1740	855
1739	855
1739	854
1735	854
1735	852
1734	852
1734	851
1733	851
1733	852
1732	852
1732	851
1730	851
1730	850
1726	850
1726	849
1723	849
1723	848
1717	848
1717	846
1716	846
1716	847
1711	847
1711	846
1709	846
1709	847
1708	847
1708	846
1703	846
1703	845
1702	845
1702	844
1700	844
1700	843
1696	843
1696	842
1694	842
1694	841
1693	841
1693	842
1692	842
1692	841
1688	841
1688	840
1683	840
1683	839
1681	839
1681	838
1680	838
1680	837
1676	837
1676	836
1675	836
1675	835
1674	835
1674	834
1673	834
1673	833
1672	833
1672	832
1671	832
1671	831
1670	831
1670	832
1668	832
1668	831
1664	831
1664	830
1663	830
1663	829
1662	829
1662	828
1660	828
1660	827
1659	827
1659	826
1652	826
1652	825
1650	825
1650	824
1649	824
1649	823
1646	823
1646	822
1644	822
1644	821
1641	821
1641	819
1640	819
1640	818
1638	818
1638	817
1636	817
1636	816
1635	816
1635	814
1634	814
1634	813
1633	813
1633	812
1632	812
1632	809
1631	809
1631	808
1630	808
1630	801
1629	801
1629	800
1628	800
1628	799
1627	799
1627	796
1628	796
1628	795
1627	795
1627	793
1626	793
1626	791
1625	791
1625	789
1623	789
1623	788
1622	788
1622	786
1619	786
1619	785
1617	785
1617	784
1614	784
1614	783
1612	783
1612	781
1611	781
1611	780
1610	780
1610	779
1609	779
1609	778
1607	778
1607	777
1606	777
1606	775
1604	775
1604	774
1602	774
1602	771
1601	771
1601	769
1600	769
1600	768
1598	768
1598	767
1600	767
1600	766
1597	766
1597	765
1594	765
1594	764
1592	764
1592	763
1591	763
1591	762
1588	762
1588	761
1586	761
1586	760
1585	760
1585	756
1584	756
1584	755
1585	755
1585	753
1584	753
1584	750
1582	750
1582	747
1581	747
1581	746
1580	746
1580	745
1579	745
1579	743
1578	743
1578	741
1577	741
1577	740
1576	740
1576	738
1575	738
1575	737
1574	737
1574	735
1573	735
1573	733
1572	733
1572	731
1571	731
1571	730
1570	730
1570	729
1568	729
1568	727
1567	727
1567	726
1566	726
1566	724
1565	724
1565	723
1564	723
1564	722
1563	722
1563	721
1562	721
1562	719
1561	719
1561	718
1560	718
1560	717
1559	717
1559	715
1558	715
1558	713
1557	713
1557	712
1555	712
1555	711
1554	711
1554	710
1552	710
1552	709
1550	709
1550	707
1549	707
1549	706
1546	706
1546	705
1544	705
1544	701
1545	701
1545	699
1544	699
1544	696
1543	696
1543	695
1542	695
1542	693
1540	693
1540	694
1537	694
1537	695
1534	695
1534	696
1533	696
1533	697
1534	697
1534	699
1532	699
1532	700
1530	700
1530	701
1529	701
1529	697
1530	697
1530	696
1531	696
1531	691
1530	691
1530	689
1529	689
1529	688
1528	688
1528	687
1522	687
1522	688
1520	688
1520	689
1518	689
1518	690
1516	690
1516	691
1515	691
1515	692
1514	692
1514	693
1511	693
1511	694
1508	694
1508	695
1506	695
1506	696
1504	696
1504	697
1499	697
1499	698
1497	698
1497	699
1496	699
1496	701
1495	701
1495	702
1494	702
1494	703
1497	703
1497	704
1499	704
1499	705
1500	705
1500	704
1501	704
1501	705
1504	705
1504	704
1507	704
1507	703
1510	703
1510	702
1513	702
1513	701
1516	701
1516	700
1517	700
1517	699
1519	699
1519	703
1518	703
1518	709
1517	709
1517	710
1518	710
1518	711
1517	711
1517	716
1516	716
1516	720
1515	720
1515	721
1514	721
1514	723
1513	723
1513	725
1514	725
1514	727
1513	727
1513	740
1514	740
1514	743
1513	743
1513	747
1512	747
1512	750
1511	750
1511	753
1510	753
1510	754
1509	754
1509	755
1510	755
1510	758
1509	758
1509	760
1508	760
1508	768
1507	768
1507	769
1506	769
1506	770
1507	770
1507	775
1506	775
1506	780
1505	780
1505	782
1504	782
1504	784
1503	784
1503	786
1502	786
1502	794
1503	794
1503	799
1502	799
1502	800
1500	800
1500	801
1498	801
1498	802
1496	802
1496	804
1495	804
1495	806
1494	806
1494	808
1493	808
1493	807
1492	807
1492	808
1491	808
1491	809
1490	809
1490	810
1489	810
1489	811
1488	811
1488	813
1487	813
1487	814
1486	814
1486	816
1485	816
1485	819
1484	819
1484	821
1483	821
1483	826
1482	826
1482	827
1481	827
1481	828
1480	828
1480	844
1476	844
1476	845
1471	845
1471	846
1468	846
1468	845
1467	845
1467	846
1466	846
1466	845
1461	845
1461	844
1456	844
1456	843
1454	843
1454	842
1451	842
1451	843
1448	843
1448	842
1443	842
1443	841
1442	841
1442	840
1439	840
1439	839
1438	839
1438	838
1437	838
1437	837
1436	837
1436	836
1435	836
1435	835
1434	835
1434	834
1432	834
1432	833
1431	833
1431	832
1430	832
1430	831
1429	831
1429	830
1428	830
1428	828
1425	828
1425	827
1419	827
1419	826
1415	826
1415	825
1413	825
1413	824
1409	824
1409	823
1408	823
1408	822
1407	822
1407	823
1406	823
1406	821
1404	821
1404	820
1403	820
1403	817
1402	817
1402	815
1400	815
1400	811
1398	811
1398	808
1397	808
1397	807
1396	807
1396	806
1395	806
1395	804
1394	804
1394	803
1393	803
1393	802
1391	802
1391	801
1390	801
1390	800
1387	800
1387	799
1385	799
1385	798
1384	798
1384	797
1382	797
1382	796
1381	796
1381	795
1378	795
1378	794
1376	794
1376	793
1374	793
1374	792
1372	792
1372	790
1369	790
1369	789
1366	789
1366	788
1365	788
1365	787
1362	787
1362	786
1361	786
1361	785
1359	785
1359	784
1358	784
1358	783
1356	783
1356	782
1349	782
1349	781
1347	781
1347	782
1346	782
1346	781
1344	781
1344	780
1336	780
1336	779
1333	779
1333	778
1330	778
1330	779
1317	779
1317	780
1315	780
1315	779
1313	779
1313	780
1312	780
1312	779
1310	779
1310	778
1307	778
1307	779
1306	779
1306	780
1305	780
1305	779
1303	779
1303	780
1302	780
1302	778
1300	778
1300	777
1301	777
1301	775
1302	775
1302	774
1303	774
1303	773
1304	773
1304	771
1303	771
1303	767
1300	767
1300	768
1299	768
1299	770
1301	770
1301	771
1300	771
1300	773
1299	773
1299	775
1298	775
1298	776
1297	776
1297	777
1295	777
1295	778
1294	778
1294	779
1293	779
1293	778
1287	778
1287	779
1285	779
1285	780
1284	780
1284	781
1282	781
1282	782
1281	782
1281	783
1280	783
1280	784
1279	784
1279	785
1274	785
1274	784
1269	784
1269	785
1268	785
1268	784
1264	784
1264	783
1259	783
1259	782
1257	782
1257	781
1258	781
1258	779
1259	779
1259	776
1256	776
1256	775
1254	775
1254	776
1251	776
1251	777
1250	777
1250	778
1247	778
1247	779
1245	779
1245	780
1243	780
1243	777
1244	777
1244	772
1245	772
1245	771
1244	771
1244	768
1245	768
1245	763
1244	763
1244	759
1243	759
1243	755
1242	755
1242	753
1240	753
1240	751
1239	751
1239	750
1238	750
1238	749
1236	749
1236	748
1235	748
1235	747
1234	747
1234	746
1233	746
1233	745
1228	745
1228	744
1225	744
1225	743
1223	743
1223	742
1221	742
1221	741
1218	741
1218	740
1216	740
1216	739
1214	739
1214	735
1213	735
1213	734
1214	734
1214	730
1213	730
1213	729
1214	729
1214	715
1215	715
1215	711
1216	711
1216	707
1217	707
1217	705
1218	705
1218	700
1217	700
1217	699
1214	699
1214	698
1215	698
1215	693
1214	693
1214	692
1215	692
1215	690
1214	690
1214	688
1215	688
1215	684
1216	684
1216	682
1215	682
1215	678
1214	678
1214	675
1213	675
1213	674
1214	674
1214	673
1213	673
1213	669
1214	669
1214	667
1213	667
1213	663
1212	663
1212	655
1211	655
1211	653
1210	653
1210	652
1211	652
1211	650
1210	650
1210	647
1209	647
1209	639
1208	639
1208	635
1207	635
1207	629
1206	629
1206	625
1205	625
1205	624
1204	624
1204	623
1203	623
1203	622
1202	622
1202	620
1201	620
1201	618
1200	618
1200	617
1199	617
1199	614
1198	614
1198	613
1197	613
1197	611
1196	611
1196	609
1194	609
1194	608
1193	608
1193	607
1191	607
1191	606
1189	606
1189	605
1188	605
1188	603
1186	603
1186	597
1185	597
1185	594
1184	594
1184	593
1183	593
1183	591
1182	591
1182	589
1181	589
1181	588
1180	588
1180	586
1179	586
1179	585
1178	585
1178	584
1177	584
1177	583
1176	583
1176	582
1175	582
1175	581
1174	581
1174	580
1170	580
1170	579
1168	579
1168	580
1166	580
1166	581
1164	581
1164	580
1159	580
1159	581
1157	581
1157	582
1153	582
1153	581
1154	581
1154	580
1155	580
1155	579
1156	579
1156	578
1157	578
1157	577
1158	577
1158	576
1157	576
1157	574
1156	574
1156	573
1154	573
1154	574
1152	574
1152	575
1151	575
1151	577
1150	577
1150	579
1149	579
1149	580
1148	580
1148	582
1147	582
1147	583
1146	583
1146	582
1145	582
1145	583
1144	583
1144	582
1142	582
1142	585
1144	585
1144	589
1143	589
1143	591
1142	591
1142	593
1141	593
1141	594
1142	594
1142	595
1141	595
1141	597
1140	597
1140	599
1139	599
1139	603
1138	603
1138	605
1137	605
1137	606
1136	606
1136	608
1135	608
1135	609
1134	609
1134	610
1128	610
1128	611
1127	611
1127	612
1126	612
1126	616
1127	616
1127	618
1125	618
1125	620
1127	620
1127	619
1128	619
1128	626
1114	626
1114	627
1113	627
1113	628
1112	628
1112	629
1111	629
1111	630
1110	630
1110	644
1111	644
1111	645
1112	645
1112	646
1116	646
1116	645
1117	645
1117	644
1118	644
1118	646
1119	646
1119	647
1118	647
1118	648
1117	648
1117	649
1114	649
1114	650
1113	650
1113	651
1112	651
1112	652
1111	652
1111	651
1110	651
1110	652
1109	652
1109	653
1108	653
1108	654
1102	654
1102	656
1100	656
1100	657
1099	657
1099	659
1098	659
1098	660
1096	660
1096	661
1095	661
1095	662
1093	662
1093	663
1092	663
1092	664
1091	664
1091	665
1090	665
1090	666
1088	666
1088	667
1086	667
1086	668
1083	668
1083	669
1082	669
1082	670
1081	670
1081	672
1080	672
1080	673
1079	673
1079	675
1078	675
1078	676
1077	676
1077	677
1076	677
1076	678
1074	678
1074	679
1072	679
1072	680
1070	680
1070	682
1068	682
1068	683
1064	683
1064	684
1062	684
1062	685
1057	685
1057	686
1054	686
1054	687
1051	687
1051	688
1049	688
1049	689
1047	689
1047	690
1043	690
1043	691
1039	691
1039	692
1036	692
1036	693
1031	693
1031	694
1030	694
1030	695
1028	695
1028	696
1026	696
1026	697
1022	697
1022	698
1021	698
1021	699
1018	699
1018	700
1015	700
1015	701
1013	701
1013	702
1011	702
1011	703
1010	703
1010	704
1008	704
1008	705
1005	705
1005	706
1004	706
1004	707
1002	707
1002	708
1001	708
1001	709
999	709
999	711
998	711
998	712
996	712
996	713
994	713
994	714
992	714
992	715
990	715
990	716
985	716
985	717
977	717
977	718
972	718
972	719
964	719
964	720
961	720
961	721
956	721
956	722
954	722
954	723
953	723
953	722
949	722
949	723
947	723
947	724
946	724
946	723
945	723
945	724
934	724
934	723
930	723
930	722
924	722
924	721
922	721
922	720
919	720
919	719
915	719
915	718
912	718
912	717
908	717
908	716
906	716
906	715
903	715
903	714
900	714
900	713
898	713
898	712
894	712
894	711
891	711
891	710
888	710
888	709
884	709
884	708
880	708
880	707
872	707
872	706
869	706
869	705
865	705
865	704
855	704
855	703
854	703
854	702
853	702
853	703
852	703
852	702
849	702
849	703
848	703
848	702
845	702
845	701
843	701
843	700
842	700
842	698
840	698
840	697
839	697
839	695
841	695
841	696
842	696
842	694
840	694
840	691
843	691
843	692
845	692
845	691
846	691
846	690
847	690
847	689
846	689
846	688
845	688
845	687
841	687
841	686
840	686
840	687
839	687
839	686
838	686
838	687
835	687
835	689
833	689
833	690
832	690
832	691
831	691
831	689
832	689
832	687
831	687
831	672
830	672
830	667
829	667
829	666
830	666
830	665
829	665
829	650
828	650
828	649
829	649
829	639
830	639
830	636
829	636
829	635
830	635
830	625
831	625
831	615
832	615
832	606
833	606
833	602
834	602
834	600
835	600
835	599
834	599
834	598
833	598
833	597
834	597
834	594
835	594
835	583
836	583
836	568
835	568
835	557
834	557
834	555
835	555
835	551
834	551
834	547
833	547
833	542
832	542
832	535
831	535
831	529
830	529
830	527
831	527
831	525
832	525
832	522
831	522
831	518
832	518
832	517
833	517
833	515
834	515
834	510
833	510
833	509
830	509
830	510
829	510
829	511
828	511
828	510
827	510
827	509
826	509
826	508
827	508
827	503
826	503
826	502
825	502
825	500
824	500
824	496
823	496
823	495
824	495
824	492
823	492
823	491
824	491
824	489
823	489
823	488
824	488
824	487
823	487
823	486
821	486
821	485
816	485
816	489
815	489
815	490
816	490
816	492
815	492
815	493
817	493
817	495
816	495
816	497
815	497
815	498
816	498
816	502
810	502
810	503
806	503
806	504
804	504
804	505
803	505
803	506
801	506
801	507
800	507
800	508
798	508
798	509
797	509
797	510
796	510
796	512
795	512
795	513
794	513
794	514
793	514
793	515
792	515
792	516
790	516
790	517
789	517
789	518
788	518
788	519
787	519
787	520
786	520
786	521
785	521
785	524
784	524
784	526
783	526
783	527
781	527
781	529
780	529
780	530
777	530
777	531
776	531
776	532
777	532
777	533
776	533
776	534
775	534
775	535
774	535
774	536
773	536
773	537
772	537
772	538
771	538
771	539
769	539
769	540
768	540
768	541
767	541
767	542
766	542
766	543
765	543
765	544
763	544
763	545
762	545
762	546
761	546
761	547
757	547
757	548
755	548
755	549
754	549
754	550
750	550
750	551
749	551
749	552
748	552
748	553
746	553
746	554
743	554
743	555
740	555
740	556
738	556
738	557
734	557
734	558
730	558
730	559
728	559
728	560
723	560
723	561
722	561
722	562
718	562
718	563
713	563
713	562
712	562
712	563
706	563
706	564
700	564
700	565
694	565
694	566
690	566
690	567
689	567
689	566
688	566
688	567
685	567
685	568
682	568
682	569
681	569
681	570
677	570
677	571
675	571
675	572
672	572
672	571
671	571
671	572
670	572
670	573
666	573
666	574
665	574
665	575
660	575
660	576
658	576
658	577
655	577
655	578
653	578
653	579
652	579
652	580
650	580
650	581
648	581
648	582
646	582
646	584
644	584
644	585
642	585
642	586
641	586
641	587
637	587
637	588
636	588
636	589
635	589
635	590
632	590
632	591
631	591
631	592
629	592
629	593
628	593
628	594
621	594
621	592
622	592
622	591
621	591
621	590
620	590
620	588
619	588
619	587
618	587
618	586
617	586
617	585
616	585
616	584
615	584
615	582
614	582
614	578
613	578
613	577
612	577
612	575
613	575
613	571
614	571
614	570
613	570
613	568
612	568
612	567
603	567
603	566
601	566
601	565
599	565
599	564
598	564
598	562
597	562
597	561
596	561
596	560
577	560
577	559
576	559
576	558
575	558
575	557
574	557
574	547
575	547
575	544
574	544
574	542
573	542
573	540
572	540
572	534
571	534
571	530
570	530
570	529
569	529
569	526
568	526
568	524
567	524
567	522
568	522
568	519
567	519
567	515
566	515
566	505
565	505
565	499
564	499
564	498
565	498
565	496
564	496
564	494
563	494
563	492
561	492
561	491
560	491
560	489
559	489
559	488
558	488
558	485
557	485
557	483
556	483
556	482
557	482
557	480
556	480
556	468
557	468
557	466
556	466
556	465
557	465
557	464
556	464
556	462
555	462
555	461
554	461
554	453
555	453
555	450
556	450
556	446
555	446
555	445
556	445
556	444
557	444
557	437
558	437
558	424
557	424
557	423
556	423
556	421
557	421
557	416
556	416
556	414
557	414
557	412
556	412
556	397
555	397
555	395
554	395
554	393
555	393
555	390
554	390
554	384
553	384
553	376
554	376
554	373
553	373
553	372
554	372
554	370
553	370
553	367
554	367
554	365
552	365
552	360
551	360
551	358
550	358
550	356
546	356
546	357
545	357
545	359
544	359
544	362
541	362
541	363
539	363
539	362
538	362
538	361
536	361
536	362
534	362
534	363
532	363
532	364
530	364
530	365
529	365
529	366
528	366
528	367
525	367
525	364
524	364
524	360
523	360
523	353
524	353
524	352
525	352
525	351
526	351
526	345
525	345
525	344
522	344
522	342
521	342
521	340
519	340
519	339
517	339
517	341
516	341
516	340
514	340
514	341
513	341
513	342
510	342
510	343
508	343
508	342
506	342
506	343
504	343
504	344
501	344
501	345
500	345
500	347
498	347
498	350
497	350
497	353
496	353
496	354
495	354
495	355
494	355
494	356
493	356
493	357
492	357
492	358
491	358
491	360
490	360
490	362
489	362
489	364
488	364
488	365
487	365
487	366
486	366
486	368
481	368
481	367
471	367
471	368
470	368
470	367
469	367
469	366
462	366
462	365
456	365
456	364
453	364
453	363
452	363
452	362
449	362
449	361
445	361
445	362
444	362
444	361
438	361
438	360
436	360
436	361
433	361
433	360
430	360
430	361
428	361
428	362
424	362
424	361
423	361
423	362
424	362
424	363
419	363
419	364
418	364
418	365
415	365
415	364
414	364
414	362
413	362
413	359
414	359
414	358
413	358
413	355
412	355
412	354
410	354
410	349
409	349
409	348
408	348
408	347
406	347
406	346
402	346
402	347
401	347
401	349
400	349
400	351
399	351
399	352
398	352
398	354
397	354
397	356
396	356
396	361
394	361
394	363
392	363
392	365
391	365
391	366
390	366
390	367
389	367
389	368
388	368
388	369
385	369
385	370
369	370
369	371
365	371
365	372
357	372
357	373
355	373
355	372
354	372
354	368
355	368
355	367
354	367
354	365
353	365
353	360
354	360
354	354
355	354
355	353
357	353
357	352
355	352
355	348
354	348
354	347
353	347
353	346
352	346
352	345
351	345
351	344
348	344
348	345
346	345
346	346
336	346
336	345
335	345
335	344
334	344
334	343
333	343
333	342
332	342
332	341
325	341
325	340
323	340
323	338
322	338
322	339
321	339
321	338
318	338
318	337
317	337
317	334
316	334
316	333
315	333
315	330
313	330
313	328
312	328
312	327
311	327
311	325
310	325
310	323
309	323
309	320
310	320
310	304
311	304
311	296
312	296
312	291
313	291
313	290
314	290
314	288
313	288
313	287
314	287
314	283
313	283
313	281
314	281
314	274
313	274
313	266
314	266
314	263
313	263
313	261
314	261
314	251
315	251
315	249
314	249
314	246
315	246
315	239
314	239
314	238
315	238
315	235
314	235
314	233
313	233
313	232
312	232
312	231
311	231
311	228
309	228
309	227
308	227
308	226
307	226
307	225
306	225
306	224
305	224
305	225
304	225
304	224
302	224
302	225
300	225
300	227
299	227
299	233
297	233
297	232
292	232
292	231
291	231
291	230
290	230
290	229
279	229
279	228
266	228
266	229
262	229
262	230
258	230
258	231
257	231
257	232
254	232
254	228
253	228
253	227
252	227
252	226
251	226
251	225
250	225
250	224
249	224
249	223
246	223
246	224
248	224
248	225
249	225
249	226
250	226
250	227
251	227
251	229
252	229
252	233
250	233
250	234
248	234
248	233
247	233
247	234
244	234
244	235
242	235
242	236
240	236
240	237
239	237
239	239
237	239
237	240
236	240
236	241
235	241
235	246
234	246
234	247
231	247
231	248
226	248
226	247
225	247
225	248
219	248
219	246
217	246
217	247
216	247
216	248
214	248
214	249
213	249
213	246
212	246
212	244
211	244
211	243
210	243
210	242
207	242
207	241
204	241
204	240
203	240
203	241
199	241
199	240
189	240
189	241
186	241
186	242
177	242
177	241
174	241
174	240
172	240
172	238
168	238
168	237
167	237
167	238
162	238
162	237
159	237
159	238
154	238
154	239
152	239
152	238
149	238
149	239
142	239
142	240
141	240
141	241
137	241
137	242
132	242
132	243
130	243
130	244
126	244
126	245
124	245
124	244
122	244
122	243
121	243
121	242
118	242
118	241
115	241
115	240
114	240
114	238
113	238
113	236
112	236
112	235
109	235
109	234
108	234
108	233
106	233
106	232
101	232
101	231
99	231
99	230
96	230
96	229
93	229
93	228
88	228
88	227
87	227
87	226
84	226
84	225
82	225
82	224
81	224
81	223
77	223
77	222
74	222
74	221
72	221
72	220
70	220
70	219
69	219
69	218
66	218
66	217
65	217
65	216
62	216
62	215
61	215
61	214
59	214
59	213
58	213
58	211
57	211
57	209
58	209
58	208
62	208
62	206
61	206
61	205
60	205
60	206
58	206
58	205
56	205
56	206
54	206
54	210
53	210
53	212
54	212
54	213
53	213
53	215
52	215
52	219
53	219
53	222
54	222
54	224
56	224
56	225
57	225
57	226
58	226
58	227
59	227
59	226
62	226
62	227
68	227
68	228
70	228
70	229
73	229
73	230
75	230
75	231
76	231
76	232
81	232
81	233
83	233
83	234
84	234
84	235
85	235
85	237
86	237
86	238
88	238
88	240
89	240
89	241
91	241
91	242
92	242
92	243
94	243
94	244
96	244
96	245
97	245
97	246
98	246
98	247
99	247
99	248
100	248
100	250
101	250
101	251
104	251
104	250
106	250
106	251
107	251
107	250
118	250
118	251
122	251
122	252
125	252
125	253
126	253
126	254
129	254
129	255
130	255
130	254
132	254
132	255
135	255
135	254
136	254
136	253
137	253
137	254
138	254
138	253
139	253
139	251
140	251
140	250
141	250
141	251
144	251
144	250
145	250
145	249
151	249
151	248
155	248
155	247
160	247
160	248
161	248
161	249
162	249
162	248
170	248
170	249
172	249
172	250
173	250
173	251
174	251
174	252
176	252
176	253
177	253
177	254
179	254
179	255
180	255
180	256
185	256
185	257
186	257
186	263
185	263
185	264
186	264
186	265
187	265
187	267
188	267
188	269
189	269
189	270
195	270
195	269
196	269
196	270
202	270
202	269
220	269
220	268
226	268
226	267
229	267
229	268
232	268
232	267
234	267
234	266
235	266
235	265
236	265
236	263
237	263
237	261
238	261
238	259
239	259
239	257
240	257
240	256
241	256
241	255
242	255
242	253
243	253
243	252
244	252
244	251
246	251
246	249
248	249
248	248
250	248
250	249
251	249
251	248
256	248
256	247
257	247
257	245
258	245
258	244
259	244
259	242
260	242
260	241
262	241
262	239
263	239
263	240
264	240
264	239
266	239
266	238
281	238
281	239
283	239
283	238
284	238
284	239
286	239
286	240
287	240
287	241
288	241
288	242
289	242
289	243
290	243
290	242
292	242
292	243
299	243
299	244
300	244
300	246
301	246
301	254
302	254
302	284
303	284
303	288
302	288
302	289
303	289
303	304
302	304
302	306
303	306
303	308
302	308
302	312
301	312
301	324
302	324
302	327
303	327
303	330
304	330
304	331
305	331
305	333
306	333
306	335
307	335
307	336
308	336
308	340
309	340
309	342
310	342
310	343
311	343
311	345
312	345
312	346
313	346
313	347
314	347
314	348
315	348
315	350
316	350
316	351
320	351
320	350
322	350
322	349
326	349
326	353
327	353
327	354
328	354
328	355
331	355
331	356
332	356
332	355
337	355
337	356
339	356
339	355
341	355
341	354
346	354
346	358
345	358
345	365
346	365
346	367
345	367
345	368
346	368
346	369
345	369
345	370
346	370
346	376
347	376
347	382
348	382
348	383
355	383
355	384
356	384
356	383
359	383
359	382
366	382
366	381
372	381
372	380
373	380
373	381
375	381
375	380
380	380
380	379
389	379
389	378
391	378
391	377
393	377
393	376
394	376
394	375
395	375
395	374
396	374
396	373
397	373
397	371
398	371
398	370
399	370
399	369
400	369
400	368
401	368
401	367
402	367
402	366
404	366
404	367
406	367
406	368
407	368
407	372
408	372
408	374
410	374
410	375
411	375
411	376
417	376
417	375
419	375
419	374
422	374
422	373
424	373
424	372
428	372
428	371
432	371
432	370
437	370
437	369
438	369
438	370
441	370
441	369
442	369
442	371
443	371
443	369
446	369
446	371
447	371
447	372
451	372
451	373
456	373
456	374
460	374
460	373
461	373
461	374
466	374
466	375
472	375
472	376
475	376
475	377
481	377
481	378
482	378
482	377
486	377
486	378
488	378
488	377
490	377
490	376
491	376
491	374
492	374
492	373
493	373
493	372
494	372
494	371
495	371
495	370
496	370
496	368
497	368
497	366
498	366
498	364
500	364
500	362
501	362
501	361
502	361
502	359
503	359
503	357
504	357
504	356
505	356
505	355
506	355
506	353
507	353
507	352
508	352
508	353
510	353
510	351
511	351
511	350
513	350
513	351
514	351
514	355
515	355
515	364
516	364
516	366
517	366
517	368
518	368
518	373
519	373
519	374
520	374
520	377
521	377
521	379
528	379
528	377
530	377
530	376
536	376
536	379
539	379
539	380
540	380
540	379
542	379
542	377
544	377
544	378
545	378
545	389
546	389
546	392
547	392
547	403
548	403
548	409
549	409
549	410
548	410
548	412
549	412
549	423
550	423
550	425
551	425
551	427
550	427
550	435
549	435
549	447
548	447
548	450
547	450
547	455
546	455
546	461
547	461
547	466
546	466
546	470
547	470
547	471
546	471
546	472
547	472
547	478
548	478
548	482
547	482
547	487
546	487
546	488
547	488
547	491
548	491
548	494
549	494
549	495
550	495
550	496
551	496
551	495
552	495
552	494
554	494
554	495
555	495
555	496
556	496
556	497
557	497
557	499
558	499
558	507
559	507
559	513
560	513
560	520
561	520
561	522
560	522
560	523
561	523
561	526
562	526
562	527
561	527
561	528
562	528
562	530
563	530
563	533
564	533
564	535
565	535
565	540
566	540
566	541
567	541
567	544
566	544
566	563
567	563
567	564
568	564
568	565
569	565
569	566
570	566
570	567
571	567
571	568
583	568
583	570
584	570
584	571
590	571
590	570
592	570
592	571
597	571
597	572
607	572
607	574
606	574
606	579
607	579
607	582
608	582
608	586
609	586
609	588
610	588
610	591
613	591
613	593
614	593
614	595
615	595
615	598
616	598
616	602
620	602
620	603
622	603
622	602
624	602
624	603
628	603
628	602
631	602
631	601
633	601
633	600
634	600
634	599
636	599
636	598
637	598
637	597
638	597
638	596
641	596
641	595
643	595
643	594
644	594
644	593
647	593
647	592
650	592
650	591
651	591
651	590
652	590
652	589
653	589
653	588
655	588
655	586
658	586
658	585
660	585
660	584
662	584
662	583
664	583
664	582
668	582
668	581
670	581
670	580
673	580
673	579
676	579
676	578
680	578
680	577
681	577
681	578
682	578
682	577
685	577
685	576
687	576
687	575
688	575
688	574
692	574
692	575
693	575
693	574
694	574
694	573
699	573
699	572
706	572
706	571
709	571
709	572
710	572
710	571
718	571
718	570
721	570
721	569
728	569
728	568
731	568
731	567
735	567
735	566
737	566
737	565
742	565
742	564
744	564
744	563
746	563
746	562
748	562
748	561
751	561
751	560
752	560
752	559
754	559
754	558
755	558
755	557
758	557
758	556
761	556
761	555
763	555
763	554
765	554
765	553
766	553
766	552
768	552
768	551
769	551
769	550
770	550
770	549
771	549
771	548
772	548
772	547
773	547
773	546
775	546
775	545
776	545
776	544
777	544
777	543
778	543
778	542
779	542
779	541
780	541
780	540
781	540
781	539
782	539
782	538
784	538
784	536
785	536
785	535
786	535
786	534
788	534
788	531
789	531
789	530
791	530
791	529
792	529
792	526
793	526
793	524
796	524
796	523
797	523
797	522
798	522
798	521
799	521
799	520
800	520
800	519
801	519
801	518
802	518
802	517
803	517
803	516
804	516
804	515
805	515
805	514
807	514
807	513
810	513
810	512
813	512
813	511
814	511
814	510
816	510
816	511
817	511
817	512
816	512
816	513
817	513
817	517
818	517
818	519
819	519
819	525
820	525
820	527
822	527
822	531
823	531
823	534
824	534
824	536
823	536
823	539
824	539
824	542
825	542
825	550
826	550
826	560
827	560
827	566
828	566
828	584
827	584
827	586
828	586
828	588
827	588
827	593
826	593
826	601
825	601
825	606
824	606
824	616
823	616
823	622
822	622
822	624
823	624
823	629
822	629
822	630
821	630
821	631
820	631
820	632
822	632
822	636
821	636
821	645
822	645
822	649
821	649
821	654
822	654
822	655
821	655
821	656
822	656
822	658
821	658
821	661
822	661
822	663
821	663
821	666
822	666
822	670
823	670
823	674
824	674
824	679
825	679
825	680
824	680
824	686
823	686
823	690
824	690
824	698
825	698
825	699
826	699
826	700
827	700
827	698
828	698
828	697
830	697
830	696
831	696
831	695
833	695
833	694
835	694
835	693
836	693
836	691
838	691
838	692
837	692
837	694
838	694
838	693
839	693
839	695
838	695
838	696
837	696
837	697
838	697
838	698
837	698
837	699
836	699
836	700
835	700
835	703
836	703
836	705
839	705
839	706
842	706
842	707
843	707
843	708
846	708
846	709
847	709
847	710
857	710
857	711
859	711
859	710
860	710
860	711
864	711
864	712
866	712
866	713
868	713
868	714
869	714
869	715
877	715
877	716
882	716
882	717
886	717
886	718
889	718
889	719
892	719
892	720
895	720
895	721
899	721
899	722
900	722
900	723
901	723
901	724
907	724
907	725
910	725
910	726
912	726
912	727
908	727
908	729
907	729
907	730
906	730
906	731
905	731
905	732
904	732
904	734
903	734
903	735
902	735
902	736
901	736
901	737
900	737
900	739
899	739
899	740
898	740
898	742
897	742
897	743
896	743
896	744
895	744
895	745
894	745
894	746
893	746
893	747
892	747
892	749
890	749
890	751
888	751
888	753
887	753
887	754
885	754
885	755
884	755
884	756
883	756
883	757
882	757
882	758
881	758
881	759
880	759
880	760
878	760
878	761
877	761
877	762
876	762
876	763
875	763
875	764
874	764
874	765
872	765
872	767
871	767
871	768
870	768
870	769
871	769
871	770
872	770
872	771
873	771
873	770
879	770
879	769
880	769
880	768
881	768
881	767
882	767
882	766
883	766
883	765
884	765
884	764
885	764
885	763
886	763
886	762
888	762
888	761
889	761
889	760
890	760
890	759
891	759
891	758
892	758
892	757
893	757
893	756
894	756
894	755
896	755
896	753
897	753
897	752
898	752
898	751
899	751
899	750
900	750
900	749
901	749
901	748
902	748
902	747
903	747
903	746
904	746
904	744
905	744
905	743
906	743
906	742
907	742
907	740
908	740
908	739
909	739
909	744
910	744
910	754
911	754
911	761
912	761
912	763
913	763
913	768
914	768
914	770
915	770
915	772
916	772
916	774
918	774
918	778
925	778
925	777
927	777
927	776
928	776
928	775
929	775
929	771
928	771
928	770
924	770
924	769
923	769
923	768
922	768
922	766
921	766
921	762
920	762
920	760
919	760
919	757
918	757
918	752
917	752
917	748
916	748
916	747
915	747
915	746
916	746
916	745
917	745
917	744
916	744
916	742
917	742
917	741
916	741
916	738
915	738
915	732
916	732
916	730
915	730
915	729
914	729
914	728
912	728
912	727
916	727
916	728
918	728
918	729
921	729
921	730
931	730
931	731
939	731
939	732
942	732
942	731
944	731
944	732
946	732
946	731
948	731
948	732
950	732
950	731
953	731
953	730
958	730
958	729
963	729
963	728
966	728
966	727
972	727
972	726
974	726
974	725
985	725
985	724
991	724
991	723
992	723
992	722
995	722
995	721
997	721
997	720
999	720
999	719
1001	719
1001	718
1003	718
1003	717
1004	717
1004	716
1006	716
1006	715
1008	715
1008	714
1009	714
1009	713
1011	713
1011	712
1012	712
1012	711
1015	711
1015	710
1016	710
1016	709
1018	709
1018	708
1021	708
1021	707
1024	707
1024	706
1026	706
1026	705
1030	705
1030	704
1031	704
1031	703
1034	703
1034	702
1036	702
1036	701
1039	701
1039	700
1040	700
1040	699
1043	699
1043	698
1044	698
1044	697
1053	697
1053	696
1055	696
1055	695
1057	695
1057	694
1060	694
1060	693
1064	693
1064	692
1065	692
1065	691
1067	691
1067	690
1073	690
1073	689
1076	689
1076	688
1078	688
1078	687
1079	687
1079	686
1081	686
1081	685
1082	685
1082	684
1083	684
1083	682
1084	682
1084	681
1085	681
1085	680
1086	680
1086	679
1087	679
1087	676
1088	676
1088	675
1091	675
1091	674
1092	674
1092	673
1093	673
1093	671
1097	671
1097	670
1098	670
1098	669
1100	669
1100	668
1101	668
1101	667
1102	667
1102	666
1103	666
1103	665
1104	665
1104	664
1105	664
1105	663
1109	663
1109	662
1111	662
1111	661
1113	661
1113	660
1115	660
1115	659
1119	659
1119	658
1120	658
1120	657
1122	657
1122	656
1125	656
1125	651
1126	651
1126	648
1127	648
1127	645
1126	645
1126	640
1124	640
1124	637
1122	637
1122	636
1119	636
1119	637
1118	637
1118	634
1134	634
1134	633
1135	633
1135	632
1136	632
1136	614
1137	614
1137	613
1138	613
1138	611
1139	611
1139	610
1140	610
1140	608
1141	608
1141	607
1142	607
1142	602
1143	602
1143	601
1144	601
1144	598
1145	598
1145	595
1146	595
1146	592
1147	592
1147	589
1148	589
1148	588
1149	588
1149	587
1150	587
1150	586
1155	586
1155	585
1161	585
1161	584
1164	584
1164	585
1165	585
1165	584
1167	584
1167	585
1171	585
1171	586
1173	586
1173	587
1174	587
1174	588
1175	588
1175	589
1176	589
1176	590
1177	590
1177	591
1178	591
1178	593
1179	593
1179	595
1180	595
1180	597
1181	597
1181	599
1182	599
1182	601
1183	601
1183	602
1184	602
1184	603
1185	603
1185	604
1186	604
1186	605
1187	605
1187	609
1189	609
1189	610
1190	610
1190	611
1192	611
1192	612
1193	612
1193	613
1194	613
1194	615
1195	615
1195	616
1196	616
1196	620
1197	620
1197	621
1198	621
1198	623
1199	623
1199	624
1200	624
1200	626
1201	626
1201	627
1202	627
1202	632
1203	632
1203	635
1204	635
1204	638
1203	638
1203	640
1204	640
1204	645
1205	645
1205	648
1206	648
1206	658
1207	658
1207	664
1208	664
1208	667
1209	667
1209	668
1208	668
1208	671
1209	671
1209	673
1210	673
1210	676
1211	676
1211	679
1210	679
1210	680
1211	680
1211	685
1210	685
1210	686
1211	686
1211	693
1210	693
1210	696
1211	696
1211	700
1210	700
1210	704
1209	704
1209	708
1208	708
1208	710
1209	710
1209	715
1208	715
1208	717
1207	717
1207	719
1208	719
1208	727
1207	727
1207	732
1206	732
1206	733
1205	733
1205	735
1204	735
1204	736
1203	736
1203	738
1204	738
1204	739
1203	739
1203	740
1204	740
1204	743
1206	743
1206	744
1207	744
1207	745
1210	745
1210	744
1211	744
1211	743
1214	743
1214	742
1215	742
1215	743
1217	743
1217	744
1219	744
1219	745
1222	745
1222	746
1223	746
1223	747
1225	747
1225	748
1226	748
1226	749
1230	749
1230	750
1232	750
1232	751
1234	751
1234	753
1237	753
1237	755
1238	755
1238	756
1239	756
1239	758
1240	758
1240	762
1241	762
1241	776
1240	776
1240	779
1239	779
1239	781
1238	781
1238	783
1237	783
1237	787
1238	787
1238	788
1241	788
1241	789
1242	789
1242	790
1246	790
1246	791
1256	791
1256	792
1260	792
1260	793
1270	793
1270	794
1278	794
1278	793
1280	793
1280	792
1281	792
1281	791
1282	791
1282	790
1284	790
1284	788
1288	788
1288	787
1296	787
1296	786
1298	786
1298	787
1299	787
1299	786
1300	786
1300	787
1307	787
1307	788
1313	788
1313	787
1322	787
1322	786
1330	786
1330	787
1334	787
1334	788
1341	788
1341	789
1348	789
1348	790
1354	790
1354	791
1355	791
1355	792
1356	792
1356	793
1358	793
1358	794
1361	794
1361	795
1363	795
1363	796
1368	796
1368	797
1369	797
1369	798
1372	798
1372	799
1375	799
1375	800
1377	800
1377	801
1379	801
1379	802
1380	802
1380	803
1382	803
1382	804
1384	804
1384	805
1386	805
1386	806
1388	806
1388	807
1389	807
1389	806
1390	806
1390	807
1391	807
1391	808
1392	808
1392	810
1393	810
1393	811
1394	811
1394	812
1395	812
1395	814
1396	814
1396	815
1397	815
1397	816
1398	816
1398	819
1399	819
1399	823
1400	823
1400	824
1401	824
1401	825
1402	825
1402	826
1403	826
1403	827
1404	827
1404	828
1407	828
1407	829
1409	829
1409	830
1414	830
1414	831
1416	831
1416	832
1419	832
1419	833
1423	833
1423	832
1424	832
1424	833
1426	833
1426	834
1427	834
1427	835
1429	835
1429	836
1430	836
1430	837
1431	837
1431	838
1432	838
1432	839
1433	839
1433	840
1434	840
1434	841
1436	841
1436	842
1438	842
1438	843
1439	843
1439	844
1440	844
1440	845
1442	845
1442	846
1452	846
1452	847
1454	847
1454	848
1458	848
1458	849
1463	849
1463	850
1471	850
1471	849
1476	849
1476	848
1480	848
1480	850
1481	850
1481	851
1482	851
1482	852
1486	852
1486	851
1487	851
1487	850
1488	850
1488	847
1490	847
1490	846
1491	846
1491	845
1492	845
1492	843
1491	843
1491	838
1490	838
1490	837
1488	837
1488	833
1489	833
1489	832
1490	832
1490	829
1491	829
1491	830
1497	830
1497	829
1499	829
1499	827
1500	827
1500	825
1501	825
1501	823
1502	823
1502	821
1503	821
1503	819
1504	819
1504	815
1505	815
1505	813
1506	813
1506	812
1507	812
1507	809
1508	809
1508	808
1509	808
1509	807
1510	807
1510	805
1511	805
1511	804
1512	804
1512	802
1514	802
1514	800
1515	800
1515	798
1516	798
1516	789
1515	789
1515	775
1516	775
1516	771
1517	771
1517	770
1516	770
1516	766
1517	766
1517	763
1518	763
1518	760
1519	760
1519	756
1520	756
1520	750
1521	750
1521	749
1522	749
1522	747
1523	747
1523	744
1522	744
1522	742
1523	742
1523	741
1522	741
1522	729
1523	729
1523	727
1522	727
1522	725
1523	725
1523	718
1524	718
1524	714
1525	714
1525	711
1526	711
1526	708
1527	708
1527	707
1528	707
1528	708
1529	708
1529	709
1530	709
1530	710
1533	710
1533	711
1537	711
1537	712
1539	712
1539	713
1543	713
1543	714
1545	714
1545	715
1546	715
1546	716
1549	716
1549	717
1550	717
1550	718
1551	718
1551	721
1552	721
1552	722
1553	722
1553	723
1554	723
1554	724
1555	724
1555	725
1556	725
1556	726
1557	726
1557	727
1558	727
1558	729
1560	729
1560	730
1561	730
1561	732
1562	732
1562	733
1563	733
1563	734
1564	734
1564	735
1565	735
1565	736
1566	736
1566	738
1567	738
1567	739
1568	739
1568	740
1567	740
1567	741
1568	741
1568	742
1570	742
1570	744
1571	744
1571	745
1572	745
1572	748
1573	748
1573	749
1574	749
1574	750
1575	750
1575	758
1576	758
1576	759
1577	759
1577	761
1579	761
1579	763
1580	763
1580	765
1581	765
1581	767
1583	767
1583	768
1586	768
1586	769
1588	769
1588	770
1590	770
1590	771
1591	771
1591	772
1593	772
1593	773
1594	773
1594	775
1596	775
1596	776
1597	776
1597	777
1598	777
1598	778
1599	778
1599	780
1600	780
1600	781
1602	781
1602	782
1603	782
1603	784
1604	784
1604	785
1606	785
1606	786
1607	786
1607	787
1608	787
1608	788
1609	788
1609	789
1610	789
1610	790
1611	790
1611	791
1613	791
1613	792
1615	792
1615	793
1618	793
1618	795
1619	795
1619	798
1620	798
1620	800
1621	800
1621	804
1622	804
1622	807
1623	807
1623	810
1624	810
1624	812
1625	812
1625	814
1626	814
1626	815
1622	815
1622	816
1627	816
1627	817
1628	817
1628	819
1629	819
1629	820
1631	820
1631	822
1632	822
1632	823
1633	823
1633	824
1635	824
1635	825
1636	825
1636	826
1637	826
1637	828
1638	828
1638	829
1639	829
1639	830
1643	830
1643	831
1645	831
1645	832
1647	832
1647	833
1649	833
1649	834
1654	834
1654	835
1658	835
1658	836
1660	836
1660	837
1661	837
1661	838
1665	838
1665	839
1667	839
1667	840
1668	840
1668	841
1671	841
1671	842
1673	842
1673	843
1674	843
1674	844
1676	844
1676	845
1679	845
1679	846
1685	846
1685	847
1686	847
1686	848
1690	848
1690	849
1692	849
1692	850
1695	850
1695	851
1698	851
1698	852
1700	852
1700	853
1701	853
1701	854
1702	854
1702	853
1704	853
1704	854
1708	854
1708	856
1710	856
1710	855
1711	855
1711	856
1713	856
1713	857
1719	857
1719	858
1720	858
1720	859
1723	859
1723	860
1724	860
1724	861
1726	861
1726	862
1728	862
1728	863
1729	863
1729	864
1731	864
1731	865
1733	865
1733	866
1738	866
1738	867
1740	867
1740	868
1742	868
1742	867
1744	867
1744	868
1745	868
1745	867
1758	867
1758	868
1763	868
1763	869
1765	869
1765	870
1766	870
1766	871
1767	871
1767	872
1768	872
1768	875
1769	875
1769	876
1770	876
1770	877
1771	877
1771	884
1773	884
1773	885
1774	885
1774	886
1775	886
1775	887
1776	887
1776	888
1777	888
1777	889
1779	889
1779	890
1781	890
1781	891
1782	891
1782	890
1786	890
1786	891
1789	891
1789	890
1794	890
1794	889
1799	889
1799	888
1802	888
1802	887
1811	887
1811	886
1815	886
1815	887
1818	887
1818	886
1819	886
1819	885
1821	885
1821	886
1822	886
1822	885
1825	885
1825	884
1829	884
1829	883
1835	883
1835	882
1836	882
1836	883
1839	883
1839	882
1845	882
1845	883
1855	883
1855	884
1857	884
1857	883
1865	883
1865	884
1874	884
1874	885
1878	885
1878	886
1881	886
1881	887
1883	887
1883	888
1884	888
1884	889
1887	889
1887	890
1888	890
1888	891
1891	891
1891	892
1894	892
1894	893
1895	893
1895	894
1897	894
1897	895
1899	895
1899	896
1904	896
1904	897
1909	897
1909	898
1916	898
1916	899
1919	899
1919	902
1922	902
1922	903
1923	903
1923	904
1925	904
1925	905
1927	905
1927	906
1930	906
1930	907
1931	907
1931	908
1932	908
1932	909
1935	909
1935	910
1941	910
1941	911
1945	911
1945	912
1946	912
1946	913
1950	913
1950	914
1954	914
1954	915
1956	915
1956	916
1962	916
1962	915
1963	915
1963	916
1964	916
1964	915
1965	915
1965	916
1970	916
1970	917
1972	917
1972	918
1976	918
1976	920
1977	920
1977	921
1979	921
1979	922
1980	922
1980	923
1982	923
1982	924
1985	924
1985	925
1988	925
1988	926
1992	926
1992	927
1996	927
1996	928
2003	928
2003	927
2008	927
2008	928
2010	928
2010	927
2014	927
2014	926
2015	926
2015	925
2016	925
2016	924
2018	924
2018	923
2021	923
2021	922
2023	922
2023	921
2027	921
2027	920
2030	920
2030	919
2031	919
2031	920
2039	920
2039	919
2040	919
2040	918
2041	918
2041	919
2046	919
2046	918
2048	918
2048	917
2049	917
2049	916
2050	916
2050	913
2052	913
2052	909
2053	909
2053	906
2054	906
2054	905
2053	905
2053	904
2054	904
2054	888
2053	888
2053	887
2054	887
2054	884
2055	884
2055	879
2056	879
2056	875
2057	875
2057	873
2058	873
2058	871
2059	871
2059	865
2060	865
2060	849
2061	849
2061	845
2062	845
2062	842
2063	842
2063	838
2062	838
2062	837
2063	837
2063	835
2064	835
2064	832
2065	832
2065	827
2066	827
2066	817
2065	817
2065	814
2064	814
2064	811
2063	811
2063	809
2062	809
2062	808
2061	808
2061	803
2060	803
2060	801
2059	801
2059	798
2058	798
2058	797
2057	797
2057	796
2056	796
2056	794
2055	794
2055	790
2056	790
2056	789
2055	789
2055	785
2056	785
2056	783
2055	783
2055	780
2054	780
2054	775
2053	775
2053	772
2052	772
2052	769
2051	769
2051	759
2052	759
2052	754
2051	754
2051	748
2052	748
2052	745
2051	745
2051	739
2052	739
2052	737
2053	737
2053	736
2052	736
2052	735
2053	735
2053	734
2054	734
2054	733
2055	733
2055	732
2056	732
2056	731
2065	731
2065	732
2068	732
2068	733
2074	733
2074	734
2076	734
2076	735
2078	735
2078	736
2079	736
2079	737
2080	737
2080	739
2081	739
2081	741
2082	741
2082	743
2083	743
2083	744
2084	744
2084	745
2085	745
2085	747
2086	747
2086	748
2087	748
2087	749
2088	749
2088	752
2089	752
2089	754
2090	754
2090	756
2091	756
2091	763
2092	763
2092	768
2093	768
2093	772
2094	772
2094	775
2095	775
2095	780
2096	780
2096	786
2097	786
2097	787
2098	787
2098	789
2099	789
2099	792
2100	792
2100	793
2101	793
2101	795
2102	795
2102	797
2103	797
2103	798
2105	798
2105	799
2108	799
2108	800
2112	800
2112	801
2113	801
2113	802
2116	802
2116	803
2127	803
2127	805
2134	805
2134	804
2135	804
2135	805
2136	805
2136	804
2137	804
2137	803
2140	803
2140	802
2142	802
2142	801
2149	801
2149	800
2150	800
2150	799
2152	799
2152	798
2153	798
2153	797
2155	797
2155	795
2158	795
2158	792
2159	792
2159	791
2161	791
2161	790
2162	790
2162	789
2166	789
2166	788
2167	788
2167	787
2169	787
2169	786
2172	786
2172	785
2174	785
2174	784
2177	784
2177	783
2183	783
2183	782
2189	782
2189	783
2190	783
2190	782
2197	782
2197	784
2203	784
2203	785
2207	785
2207	786
2210	786
2210	787
2212	787
2212	788
2213	788
2213	789
2214	789
2214	791
2215	791
2215	792
2216	792
2216	793
2217	793
2217	795
2218	795
2218	797
2219	797
2219	803
2220	803
2220	808
2221	808
2221	813
2222	813
2222	816
2223	816
2223	822
2225	822
2225	824
2224	824
2224	825
2226	825
2226	827
2227	827
2227	828
2230	828
2230	829
2231	829
2231	830
2232	830
2232	831
2233	831
2233	830
2234	830
2234	831
2235	831
2235	832
2236	832
2236	833
2237	833
2237	834
2239	834
2239	833
2240	833
2240	834
2245	834
2245	835
2246	835
2246	836
2248	836
2248	835
2254	835
2254	836
2255	836
2255	835
2260	835
2260	834
2262	834
2262	833
2263	833
2263	834
2265	834
2265	835
2266	835
2266	834
2274	834
2274	833
2275	833
2275	832
2285	832
2285	831
2288	831
2288	832
2294	832
2294	831
2295	831
2295	832
2296	832
2296	831
2303	831
2303	830
2304	830
2304	831
2305	831
2305	832
2306	832
2306	831
2308	831
2308	830
2309	830
2309	831
2310	831
2310	830
2313	830
2313	829
2322	829
2322	828
2323	828
2323	827
2329	827
2329	826
2333	826
2333	827
2337	827
2337	828
2343	828
2343	829
2345	829
2345	828
2351	828
2351	827
2353	827
2353	828
2360	828
2360	829
2375	829
2375	828
2377	828
2377	829
2378	829
2378	828
2384	828
2384	827
2385	827
2385	824
2386	824
2386	822
2387	822
2387	820
2388	820
2388	818
2389	818
2389	812
2390	812
2390	810
2391	810
2391	808
2392	808
2392	806
2393	806
2393	801
2394	801
2394	799
2395	799
2395	798
2396	798
2396	793
2397	793
2397	791
2398	791
2398	789
2399	789
2399	786
2400	786
2400	783
2401	783
2401	776
2402	776
2402	775
2401	775
2401	774
2402	774
2402	770
2403	770
2403	766
2404	766
2404	758
2405	758
2405	759
2406	759
2406	757
2405	757
2405	755
2406	755
2406	754
2405	754
2405	752
2406	752
2406	749
2407	749
2407	743
2408	743
2408	739
2409	739
2409	735
2410	735
2410	734
2411	734
2411	730
2412	730
2412	734
2413	734
2413	764
2412	764
2412	767
2413	767
2413	768
2412	768
2412	776
2411	776
2411	784
2410	784
2410	785
2408	785
2408	784
2406	784
2406	783
2405	783
2405	782
2403	782
2403	780
2402	780
2402	782
2403	782
2403	785
2404	785
2404	787
2405	787
2405	788
2406	788
2406	789
2407	789
2407	791
2408	791
2408	793
2409	793
2409	795
2410	795
2410	797
2411	797
2411	796
2412	796
2412	797
2414	797
2414	796
2416	796
2416	795
2417	795
2417	791
2418	791
2418	788
2419	788
2419	785
2420	785
2420	777
2421	777
2421	756
2422	756
2422	753
2421	753
2421	752
2422	752
2422	748
2421	748
2421	747
2422	747
2422	742
2421	742
2421	739
2422	739
2422	738
2421	738
2421	733
2422	733
2422	731
2421	731
2421	730
2422	730
2422	723
2423	723
2423	721
2422	721
2422	719
2423	719
2423	716
2422	716
2422	709
2421	709
2421	708
2422	708
2422	706
2421	706
2421	704
2422	704
2422	703
2421	703
2421	697
2422	697
2422	694
2421	694
2421	691
2420	691
2420	689
2421	689
2421	687
2420	687
2420	680
2421	680
2421	679
2420	679
2420	678
2421	678
2421	675
2422	675
2422	674
2421	674
2421	670
2422	670
2422	667
2423	667
2423	666
2424	666
2424	668
2425	668
2425	669
2426	669
2426	670
2428	670
2428	671
2429	671
2429	670
2430	670
2430	671
2431	671
2431	670
2432	670
2432	671
2433	671
2433	672
2437	672
2437	673
2439	673
2439	674
2440	674
2440	675
2441	675
2441	676
2442	676
2442	675
2444	675
2444	676
2445	676
2445	677
2446	677
2446	678
2448	678
2448	679
2449	679
2449	680
2450	680
2450	681
2451	681
2451	683
2454	683
2454	685
2455	685
2455	686
2456	686
2456	687
2457	687
2457	688
2458	688
2458	689
2459	689
2459	690
2460	690
2460	691
2461	691
2461	692
2462	692
2462	693
2463	693
2463	694
2464	694
2464	696
2466	696
2466	697
2467	697
2467	698
2470	698
2470	699
2473	699
2473	700
2477	700
2477	701
2482	701
2482	702
2484	702
2484	703
2485	703
2485	704
2487	704
2487	705
2488	705
2488	706
2491	706
2491	708
2494	708
2494	709
2496	709
2496	710
2499	710
2499	711
2502	711
2502	712
2504	712
2504	713
2506	713
2506	714
2509	714
2509	715
2511	715
2511	716
2512	716
2512	717
2515	717
2515	718
2518	718
2518	719
2522	719
2522	720
2531	720
2531	721
2554	721
2554	722
2580	722
2580	721
2583	721
2583	722
2584	722
2584	723
2585	723
2585	724
2586	724
2586	725
2592	725
2592	724
2596	724
2596	723
2604	723
2604	722
2606	722
2606	721
2607	721
2607	722
2610	722
2610	721
2614	721
2614	720
2621	720
2621	721
2639	721
2639	742
2638	742
2638	746
2639	746
2639	748
2638	748
2638	749
2637	749
2637	751
2636	751
2636	757
2635	757
2635	759
2634	759
2634	778
2635	778
2635	780
2636	780
2636	782
2638	782
2638	783
2639	783
2639	782
2642	782
2642	783
2647	783
2647	782
2649	782
2649	783
2652	783
2652	782
2654	782
2654	783
2660	783
2660	784
2661	784
2661	783
2668	783
2668	784
2670	784
2670	785
2673	785
2673	786
2674	786
2674	787
2675	787
2675	788
2676	788
2676	789
2680	789
2680	790
2681	790
2681	791
2682	791
2682	792
2683	792
2683	793
2684	793
2684	795
2685	795
2685	794
2690	794
2690	793
2691	793
2691	794
2699	794
2699	793
2701	793
2701	792
2706	792
2706	791
2708	791
2708	790
2709	790
2709	789
2710	789
2710	788
2712	788
2712	787
2714	787
2714	786
2715	786
2715	785
2716	785
2716	783
2717	783
2717	779
2718	779
2718	778
2719	778
2719	776
2720	776
2720	774
2721	774
2721	773
2722	773
2722	772
2723	772
2723	771
2724	771
2724	770
2725	770
2725	768
2727	768
2727	767
2729	767
2729	766
2731	766
2731	765
2733	765
2733	763
2737	763
2737	761
2741	761
2741	759
2742	759
2742	758
2744	758
2744	757
2745	757
2745	756
2748	756
2748	755
2750	755
2750	754
2752	754
2752	753
2754	753
2754	752
2755	752
2755	751
2757	751
2757	750
2763	750
2763	749
2769	749
2769	748
2771	748
2771	747
2772	747
2772	746
2774	746
2774	745
2776	745
2776	743
2777	743
2777	742
2778	742
2778	739
2780	739
2780	738
2781	738
2781	737
2782	737
2782	736
2784	736
2784	735
2785	735
2785	736
2786	736
2786	735
2787	735
2787	734
2789	734
2789	733
2792	733
2792	732
2794	732
2794	731
2796	731
2796	729
2797	729
2797	727
2798	727
2798	726
2797	726
2797	725
2798	725
2798	724
2799	724
2799	722
2800	722
2800	715
2801	715
2801	710
2802	710
2802	703
2803	703
2803	701
2804	701
2804	700
2805	700
2805	694
2804	694
2804	693
2805	693
2805	690
2806	690
2806	687
2807	687
2807	680
2806	680
2806	674
2807	674
2807	669
2806	669
2806	667
2807	667
2807	663
2808	663
2808	661
2809	661
2809	659
2810	659
2810	658
2811	658
2811	656
2812	656
2812	652
2813	652
2813	653
2814	653
2814	651
2816	651
2816	650
2817	650
2817	648
2818	648
2818	643
2819	643
2819	642
2820	642
2820	641
2821	641
2821	640
2820	640
2820	639
2821	639
2821	633
2820	633
2820	630
2821	630
2821	626
2822	626
2822	622
2823	622
2823	619
2824	619
2824	617
2825	617
2825	615
2826	615
2826	613
2827	613
2827	611
2828	611
2828	609
2829	609
2829	606
2830	606
2830	604
2831	604
2831	603
2832	603
2832	601
2834	601
2834	599
2836	599
2836	598
2837	598
2837	592
2838	592
2838	590
2839	590
2839	589
2840	589
2840	588
2842	588
2842	587
2843	587
2843	586
2844	586
2844	585
2845	585
2845	583
2846	583
2846	571
2847	571
2847	570
2846	570
2846	569
2847	569
2847	567
2846	567
2846	557
2847	557
2847	556
2848	556
2848	555
2849	555
2849	554
2850	554
2850	553
2852	553
2852	552
2853	552
2853	551
2854	551
2854	549
2855	549
2855	548
2856	548
2856	546
2857	546
2857	543
2858	543
2858	539
2859	539
2859	537
2860	537
2860	534
2861	534
2861	533
2862	533
2862	530
2863	530
2863	528
2864	528
2864	527
2865	527
2865	526
2866	526
2866	525
2867	525
2867	524
2868	524
2868	523
2869	523
2869	522
2870	522
2870	520
2874	520
2874	519
2876	519
2876	518
2878	518
2878	517
2880	517
2880	516
2882	516
2882	515
2887	515
2887	514
2893	514
2893	513
2897	513
2897	512
2901	512
2901	511
2904	511
2904	510
2905	510
2905	511
2906	511
2906	510
2910	510
2910	509
2914	509
2914	508
2919	508
2919	507
2920	507
2920	506
2923	506
2923	505
2924	505
2924	504
2925	504
2925	503
2927	503
2927	502
2928	502
2928	501
2930	501
2930	500
2931	500
2931	499
2934	499
2934	498
2935	498
2935	497
2937	497
2937	496
2938	496
2938	495
2940	495
2940	493
2942	493
2942	492
2943	492
2943	491
2946	491
2946	490
2948	490
2948	489
2951	489
2951	488
2953	488
2953	487
2955	487
2955	486
2958	486
2958	485
2960	485
2960	484
2961	484
2961	483
2962	483
2962	482
2965	482
2965	481
2966	481
2966	480
2968	480
2968	479
2970	479
2970	478
2972	478
2972	477
2974	477
2974	476
2977	476
2977	475
2978	475
2978	474
2979	474
2979	473
2982	473
2982	472
2984	472
2984	471
2987	471
2987	470
2997	470
2997	471
3001	471
3001	470
3002	470
3002	471
3003	471
3003	470
3004	470
3004	471
3005	471
3005	470
3008	470
3008	469
3010	469
3010	468
3011	468
3011	467
3012	467
3012	466
3013	466
3013	465
3014	465
3014	463
3015	463
3015	461
3016	461
3016	457
3017	457
3017	453
3016	453
3016	449
3017	449
3017	447
3016	447
3016	445
3017	445
3017	444
3016	444
3016	438
3017	438
3017	434
3018	434
3018	423
3019	423
3019	422
3020	422
3020	419
3021	419
3021	418
3020	418
3020	417
3021	417
3021	412
3022	412
3022	413
3024	413
3024	414
3026	414
3026	415
3028	415
3028	416
3029	416
3029	427
3028	427
3028	428
3029	428
3029	429
3028	429
3028	434
3027	434
3027	438
3026	438
3026	443
3025	443
3025	444
3026	444
3026	445
3025	445
3025	446
3026	446
3026	449
3025	449
3025	451
3024	451
3024	453
3023	453
3023	456
3022	456
3022	459
3023	459
3023	466
3024	466
3024	468
3025	468
3025	470
3024	470
3024	474
3023	474
3023	475
3024	475
3024	477
3023	477
3023	481
3024	481
3024	482
3025	482
3025	484
3026	484
3026	485
3028	485
3028	486
3031	486
3031	485
3054	485
3054	484
3055	484
3055	485
3059	485
3059	484
3060	484
3060	485
3063	485
3063	484
3064	484
3064	485
3074	485
3074	484
3075	484
3075	481
3076	481
3076	479
3075	479
3075	478
3076	478
3076	473
3077	473
3077	472
3076	472
3076	471
3077	471
3077	469
3078	469
3078	465
3077	465
3077	464
3078	464
3078	463
3077	463
3077	462
3078	462
3078	461
3077	461
3077	459
3076	459
3076	456
3075	456
3075	453
3074	453
3074	451
3073	451
3073	440
3074	440
3074	437
3075	437
3075	435
3074	435
3074	434
3075	434
3075	428
3074	428
3074	427
3073	427
3073	420
3072	420
3072	414
3071	414
3071	412
3070	412
3070	411
3069	411
3069	410
3068	410
3068	399
3069	399
3069	397
3070	397
3070	396
3071	396
3071	395
3072	395
3072	393
3074	393
3074	391
3075	391
3075	385
3076	385
3076	383
3075	383
3075	381
3076	381
3076	378
3077	378
3077	377
3078	377
3078	376
3079	376
3079	374
3080	374
3080	372
3081	372
3081	361
3082	361
3082	355
3083	355
3083	353
3084	353
3084	352
3086	352
3086	350
3087	350
3087	349
3088	349
3088	348
3089	348
3089	347
3090	347
3090	345
3091	345
3091	344
3095	344
3095	343
3096	343
3096	342
3097	342
3097	341
3100	341
3100	340
3102	340
3102	339
3106	339
3106	338
3107	338
3107	337
3113	337
3113	336
3114	336
3114	337
3115	337
3115	336
3123	336
3123	337
3125	337
3125	338
3131	338
3131	339
3132	339
3132	340
3134	340
3134	341
3137	341
3137	342
3138	342
3138	343
3140	343
3140	344
3142	344
3142	345
3144	345
3144	346
3146	346
3146	347
3148	347
3148	346
3155	346
3155	345
3157	345
3157	346
3158	346
3158	345
3160	345
3160	346
3161	346
3161	345
3162	345
3162	346
3163	346
3163	345
3164	345
3164	344
3166	344
3166	343
3168	343
3168	342
3169	342
3169	338
3170	338
3170	336
3171	336
3171	335
3170	335
3170	331
3171	331
3171	330
3172	330
3172	326
3173	326
3173	324
3174	324
3174	323
3175	323
3175	321
3176	321
3176	314
3177	314
3177	312
3178	312
3178	307
3179	307
3179	303
3180	303
3180	302
3181	302
3181	301
3182	301
3182	299
3183	299
3183	298
3184	298
3184	296
3186	296
3186	295
3187	295
3187	293
3188	293
3188	291
3190	291
3190	289
3193	289
3193	288
3195	288
3195	287
3197	287
3197	286
3198	286
3198	285
3199	285
3199	284
3200	284
3200	283
3202	283
3202	282
3203	282
3203	281
3204	281
3204	280
3205	280
3205	279
3207	279
3207	278
3212	278
3212	277
3217	277
3217	276
3222	276
3222	275
3224	275
3224	274
3226	274
3226	273
3227	273
3227	272
3233	272
3233	271
3235	271
3235	270
3236	270
3236	271
3239	271
3239	270
3242	270
3242	271
3244	271
3244	270
3249	270
3249	269
3253	269
3253	268
3255	268
3255	269
3256	269
3256	268
3263	268
3263	269
3264	269
3264	268
3266	268
3266	267
3267	267
3267	266
3269	266
3269	265
3276	265
3276	266
3280	266
3280	267
3282	267
3282	266
3283	266
3283	267
3284	267
3284	266
3285	266
3285	267
3286	267
3286	266
3291	266
3291	265
3294	265
3294	264
3295	264
3295	265
3296	265
3296	264
3297	264
3297	265
3298	265
3298	264
3300	264
3300	263
3302	263
3302	262
3303	262
3303	263
3304	263
3304	262
3306	262
3306	263
3307	263
3307	262
3311	262
3311	261
3313	261
3313	260
3317	260
3317	259
3318	259
3318	258
3321	258
3321	259
3326	259
3326	258
3328	258
3328	257
3330	257
3330	256
3334	256
3334	255
3339	255
3339	254
3341	254
3341	250
3342	250
3342	245
3343	245
3343	243
3344	243
3344	238
3345	238
3345	236
3344	236
3344	235
3345	235
3345	230
3346	230
3346	224
3345	224
3345	217
3344	217
3344	212
3343	212
3343	209
3342	209
3342	206
3341	206
3341	205
3340	205
3340	203
3339	203
3339	200
3338	200
3338	197
3337	197
3337	195
3333	195
3333	196
3331	196
3331	197
3328	197
3328	198
3326	198
3326	199
3325	199
3325	200
3321	200
3321	201
3320	201
3320	203
3322	203
3322	204
3323	204
3323	203
3326	203
3326	202
3327	202
3327	201
3330	201
3330	200
3334	200
3334	203
3335	203
3335	205
3336	205
3336	206
3337	206
3337	208
3338	208
3338	209
3337	209
3337	210
3339	210
3339	213
3340	213
3340	216
3341	216
3341	221
3342	221
3342	228
3341	228
3341	229
3342	229
3342	230
3341	230
3341	237
3340	237
3340	239
3341	239
3341	241
3340	241
3340	244
3339	244
3339	250
3337	250
3337	251
3336	251
3336	252
3331	252
3331	253
3326	253
3326	254
3319	254
3319	255
3315	255
3315	256
3312	256
3312	257
3306	257
3306	258
3302	258
3302	259
3299	259
3299	260
3294	260
3294	261
3290	261
3290	262
3284	262
3284	263
3282	263
3282	262
3268	262
3268	263
3266	263
3266	264
3264	264
3264	265
3263	265
3263	264
3258	264
3258	265
3253	265
3253	266
3244	266
3244	267
3235	267
3235	268
3232	268
3232	269
3231	269
3231	268
3230	268
3230	269
3228	269
3228	270
3225	270
3225	271
3221	271
3221	272
3219	272
3219	273
3213	273
3213	274
3206	274
3206	275
3204	275
3204	276
3202	276
3202	278
3200	278
3200	280
3199	280
3199	281
3198	281
3198	282
3197	282
3197	283
3196	283
3196	284
3194	284
3194	286
3193	286
3193	285
3192	285
3192	286
3190	286
3190	287
3189	287
3189	289
3188	289
3188	290
3187	290
3187	291
3185	291
3185	292
3184	292
3184	293
3183	293
3183	294
3182	294
3182	295
3181	295
3181	297
3180	297
3180	298
3179	298
3179	299
3178	299
3178	300
3177	300
3177	302
3176	302
3176	304
3175	304
3175	309
3174	309
3174	313
3173	313
3173	316
3172	316
3172	321
3171	321
3171	324
3170	324
3170	325
3169	325
3169	331
3168	331
3168	332
3167	332
3167	337
3166	337
3166	340
3164	340
3164	341
3159	341
3159	342
3157	342
3157	341
3156	341
3156	342
3154	342
3154	343
3152	343
3152	342
3147	342
3147	343
3146	343
3146	342
3143	342
3143	341
3141	341
3141	340
3137	340
3137	339
3136	339
3136	338
3134	338
3134	337
3132	337
3132	335
3131	335
3131	334
3125	334
3125	333
3124	333
3124	332
3119	332
3119	333
3108	333
3108	334
3107	334
3107	335
3104	335
3104	336
3100	336
3100	337
3097	337
3097	338
3096	338
3096	339
3094	339
3094	340
3092	340
3092	339
3090	339
3090	340
3089	340
3089	341
3088	341
3088	343
3087	343
3087	345
3086	345
3086	347
3085	347
3085	348
3084	348
3084	351
3083	351
3083	352
3082	352
3082	353
3081	353
3081	355
3080	355
3080	360
3079	360
3079	369
3078	369
3078	371
3077	371
3077	374
3076	374
3076	375
3075	375
3075	377
3074	377
3074	378
3073	378
3073	381
3072	381
3072	383
3073	383
3073	386
3072	386
3072	388
3071	388
3071	391
3069	391
3069	392
3068	392
3068	394
3067	394
3067	395
3066	395
3066	396
3065	396
3065	398
3064	398
3064	400
3065	400
3065	401
3064	401
3064	405
3063	405
3063	407
3064	407
3064	408
3063	408
3063	409
3064	409
3064	412
3065	412
3065	414
3066	414
3066	415
3068	415
3068	420
3067	420
3067	421
3068	421
3068	428
3069	428
3069	436
3068	436
3068	443
3067	443
3067	444
3068	444
3068	446
3067	446
3067	449
3068	449
3068	453
3069	453
3069	456
3070	456
3070	460
3071	460
3071	472
3070	472
3070	474
3069	474
3069	476
3068	476
3068	477
3063	477
3063	478
3061	478
3061	477
3058	477
3058	478
3054	478
3054	479
3045	479
3045	478
3041	478
3041	479
3038	479
3038	478
3037	478
3037	477
3036	477
3036	476
3034	476
3034	475
3031	475
3031	474
3030	474
3030	473
3029	473
3029	472
3030	472
3030	462
3031	462
3031	455
3030	455
3030	451
3031	451
3031	445
3032	445
3032	442
3033	442
3033	423
3034	423
3034	422
3033	422
3033	418
3034	418
3034	420
3035	420
3035	426
3036	426
3036	429
3037	429
3037	432
3038	432
3038	434
3039	434
3039	437
3041	437
3041	435
3040	435
3040	431
3039	431
3039	429
3038	429
3038	424
3037	424
3037	419
3036	419
3036	418
3035	418
3035	416
3036	416
3036	415
3037	415
3037	414
3038	414
3038	410
3037	410
3037	409
3036	409
3036	408
3032	408
3032	407
3029	407
3029	406
3027	406
3027	405
3025	405
3025	402
3026	402
3026	401
3027	401
3027	399
3029	399
3029	398
3030	398
3030	396
3029	396
3029	397
3028	397
3028	398
3026	398
3026	400
3024	400
3024	402
3023	402
3023	404
3020	404
3020	405
3019	405
3019	406
3018	406
3018	410
3019	410
3019	411
3020	411
3020	412
3019	412
3019	416
3018	416
3018	420
3017	420
3017	423
3016	423
3016	434
3015	434
3015	440
3014	440
3014	459
3013	459
3013	460
3012	460
3012	462
3011	462
3011	464
3009	464
3009	465
3007	465
3007	466
3006	466
3006	467
2998	467
2998	466
2989	466
2989	467
2984	467
2984	468
2982	468
2982	469
2979	469
2979	470
2978	470
2978	471
2975	471
2975	472
2973	472
2973	473
2971	473
2971	474
2969	474
2969	475
2968	475
2968	476
2965	476
2965	477
2963	477
2963	478
2962	478
2962	479
2961	479
2961	480
2959	480
2959	481
2958	481
2958	482
2954	482
2954	483
2952	483
