3060	174
3057	174
3057	175
3053	175
3053	176
3052	176
3052	177
3049	177
3049	178
3047	178
3047	179
3046	179
3046	180
3042	180
3042	181
3041	181
3041	182
3040	182
3040	183
3037	183
3037	184
3036	184
3036	185
3035	185
3035	186
3029	186
3029	187
3022	187
3022	188
3020	188
3020	189
3017	189
3017	190
3013	190
3013	191
3009	191
3009	192
3002	192
3002	193
3001	193
3001	194
2995	194
2995	195
2988	195
2988	196
2986	196
2986	197
2985	197
2985	198
2983	198
2983	199
2979	199
2979	200
2978	200
2978	201
2976	201
2976	202
2975	202
2975	203
2972	203
2972	204
2971	204
2971	205
2970	205
2970	206
2965	206
2965	207
2963	207
2963	208
2961	208
2961	210
2960	210
2960	211
2959	211
2959	212
2958	212
2958	213
2957	213
2957	214
2956	214
2956	215
2955	215
2955	216
2954	216
2954	217
2953	217
2953	219
2952	219
2952	226
2951	226
2951	227
2950	227
2950	234
2949	234
2949	235
2948	235
2948	236
2947	236
2947	239
2946	239
2946	240
2945	240
2945	243
2944	243
2944	247
2943	247
2943	250
2942	250
2942	251
2941	251
2941	256
2940	256
2940	261
2939	261
2939	262
2938	262
2938	265
2937	265
2937	269
2936	269
2936	270
2935	270
2935	274
2934	274
2934	277
2933	277
2933	286
2932	286
2932	289
2931	289
2931	301
2930	301
2930	302
2929	302
2929	306
2928	306
2928	311
2927	311
2927	312
2926	312
2926	317
2925	317
2925	321
2924	321
2924	322
2923	322
2923	323
2922	323
2922	325
2921	325
2921	326
2920	326
2920	330
2919	330
2919	331
2918	331
2918	332
2917	332
2917	335
2916	335
2916	349
2915	349
2915	352
2914	352
2914	353
2913	353
2913	354
2891	354
2891	353
2890	353
2890	352
2887	352
2887	351
2885	351
2885	350
2883	350
2883	349
2880	349
2880	348
2879	348
2879	347
2869	347
2869	346
2864	346
2864	345
2862	345
2862	344
2856	344
2856	343
2839	343
2839	342
2835	342
2835	341
2814	341
2814	342
2813	342
2813	343
2805	343
2805	344
2804	344
2804	352
2805	352
2805	353
2806	353
2806	354
2807	354
2807	356
2808	356
2808	391
2807	391
2807	398
2806	398
2806	399
2805	399
2805	402
2804	402
2804	409
2803	409
2803	410
2802	410
2802	418
2801	418
2801	428
2800	428
2800	432
2799	432
2799	436
2798	436
2798	442
2797	442
2797	443
2796	443
2796	445
2795	445
2795	458
2794	458
2794	459
2793	459
2793	461
2792	461
2792	463
2791	463
2791	464
2790	464
2790	465
2782	465
2782	464
2778	464
2778	463
2776	463
2776	462
2767	462
2767	461
2766	461
2766	460
2759	460
2759	459
2753	459
2753	458
2751	458
2751	457
2749	457
2749	456
2741	456
2741	455
2738	455
2738	454
2718	454
2718	455
2716	455
2716	456
2701	456
2701	455
2700	455
2700	454
2690	454
2690	453
2688	453
2688	452
2679	452
2679	451
2677	451
2677	450
2642	450
2642	449
2641	449
2641	448
2640	448
2640	447
2639	447
2639	446
2631	446
2631	445
2630	445
2630	444
2582	444
2582	445
2579	445
2579	446
2578	446
2578	447
2576	447
2576	448
2575	448
2575	449
2574	449
2574	451
2573	451
2573	452
2572	452
2572	453
2571	453
2571	454
2570	454
2570	455
2569	455
2569	456
2561	456
2561	457
2558	457
2558	458
2557	458
2557	459
2554	459
2554	460
2550	460
2550	461
2549	461
2549	462
2543	462
2543	463
2540	463
2540	464
2534	464
2534	465
2531	465
2531	466
2530	466
2530	467
2519	467
2519	468
2516	468
2516	469
2515	469
2515	470
2506	470
2506	471
2505	471
2505	472
2499	472
2499	473
2496	473
2496	474
2494	474
2494	475
2493	475
2493	476
2492	476
2492	477
2491	477
2491	478
2489	478
2489	479
2488	479
2488	480
2486	480
2486	481
2485	481
2485	482
2484	482
2484	483
2483	483
2483	484
2482	484
2482	485
2479	485
2479	486
2478	486
2478	487
2477	487
2477	530
2478	530
2478	532
2479	532
2479	533
2480	533
2480	535
2481	535
2481	538
2483	538
2483	539
2484	539
2484	540
2485	540
2485	542
2486	542
2486	549
2487	549
2487	552
2488	552
2488	553
2489	553
2489	559
2488	559
2488	560
2487	560
2487	561
2428	561
2428	560
2420	560
2420	559
2419	559
2419	558
2383	558
2383	557
2379	557
2379	556
2378	556
2378	555
2373	555
2373	554
2372	554
2372	553
2367	553
2367	552
2366	552
2366	551
2355	551
2355	553
2354	553
2354	555
2353	555
2353	556
2352	556
2352	561
2351	561
2351	565
2350	565
2350	567
2349	567
2349	571
2348	571
2348	572
2347	572
2347	576
2346	576
2346	577
2345	577
2345	592
2344	592
2344	599
2343	599
2343	600
2342	600
2342	622
2341	622
2341	630
2340	630
2340	631
2339	631
2339	636
2338	636
2338	638
2337	638
2337	640
2336	640
2336	641
2335	641
2335	642
2334	642
2334	649
2333	649
2333	668
2332	668
2332	669
2331	669
2331	670
2330	670
2330	671
2329	671
2329	672
2328	672
2328	674
2327	674
2327	676
2326	676
2326	677
2325	677
2325	680
2324	680
2324	681
2323	681
2323	682
2322	682
2322	683
2321	683
2321	688
2320	688
2320	689
2319	689
2319	690
2318	690
2318	691
2317	691
2317	692
2315	692
2315	693
2314	693
2314	694
2313	694
2313	696
2312	696
2312	698
2311	698
2311	700
2310	700
2310	702
2309	702
2309	722
2308	722
2308	723
2307	723
2307	724
2306	724
2306	725
2305	725
2305	726
2304	726
2304	727
2301	727
2301	728
2300	728
2300	729
2299	729
2299	730
2298	730
2298	737
2297	737
2297	738
2296	738
2296	741
2295	741
2295	742
2294	742
2294	750
2293	750
2293	751
2292	751
2292	754
2291	754
2291	755
2290	755
2290	756
2239	756
2239	757
2237	757
2237	758
2234	758
2234	759
2232	759
2232	760
2231	760
2231	761
2230	761
2230	762
2229	762
2229	763
2225	763
2225	764
2224	764
2224	765
2223	765
2223	766
2222	766
2222	767
2219	767
2219	768
2207	768
2207	769
2204	769
2204	770
2198	770
2198	771
2197	771
2197	772
2193	772
2193	773
2190	773
2190	774
2189	774
2189	775
2188	775
2188	776
2185	776
2185	777
2184	777
2184	778
2182	778
2182	779
2181	779
2181	781
2180	781
2180	782
2179	782
2179	783
2173	783
2173	784
2171	784
2171	785
2169	785
2169	786
2168	786
2168	789
2167	789
2167	790
2166	790
2166	791
2164	791
2164	792
2154	792
2154	793
2153	793
2153	794
2151	794
2151	795
2146	795
2146	796
2143	796
2143	797
2140	797
2140	798
2139	798
2139	799
2136	799
2136	800
2134	800
2134	801
2133	801
2133	802
2125	802
2125	801
2124	801
2124	800
2123	800
2123	772
2124	772
2124	768
2125	768
2125	767
2126	767
2126	764
2127	764
2127	763
2128	763
2128	762
2129	762
2129	761
2130	761
2130	760
2131	760
2131	759
2132	759
2132	758
2133	758
2133	757
2134	757
2134	755
2135	755
2135	751
2136	751
2136	750
2137	750
2137	731
2136	731
2136	730
2135	730
2135	729
2134	729
2134	728
2133	728
2133	727
2132	727
2132	726
2131	726
2131	725
2130	725
2130	724
2129	724
2129	723
2128	723
2128	722
2127	722
2127	721
2126	721
2126	720
2125	720
2125	719
2124	719
2124	718
2123	718
2123	717
2122	717
2122	716
2121	716
2121	715
2120	715
2120	714
2119	714
2119	712
2118	712
2118	711
2117	711
2117	710
2116	710
2116	709
2115	709
2115	708
2114	708
2114	707
2113	707
2113	706
2112	706
2112	705
2111	705
2111	702
2110	702
2110	701
2109	701
2109	700
2108	700
2108	699
2107	699
2107	698
2106	698
2106	697
2105	697
2105	696
2104	696
2104	695
2101	695
2101	694
2100	694
2100	693
2099	693
2099	691
2098	691
2098	690
2095	690
2095	689
2093	689
2093	688
2092	688
2092	687
2091	687
2091	686
2089	686
2089	685
2086	685
2086	684
2085	684
2085	683
2084	683
2084	682
2082	682
2082	681
2081	681
2081	680
2077	680
2077	679
2076	679
2076	678
2075	678
2075	677
2070	677
2070	676
2069	676
2069	675
2068	675
2068	674
2062	674
2062	673
2061	673
2061	672
2054	672
2054	671
2051	671
2051	670
2048	670
2048	669
2047	669
2047	668
2044	668
2044	667
2040	667
2040	666
2038	666
2038	665
2037	665
2037	664
2015	664
2015	665
2014	665
2014	666
2012	666
2012	667
2010	667
2010	668
1994	668
1994	669
1993	669
1993	670
1988	670
1988	671
1987	671
1987	672
1986	672
1986	673
1980	673
1980	674
1979	674
1979	675
1976	675
1976	676
1975	676
1975	677
1973	677
1973	678
1970	678
1970	679
1965	679
1965	680
1964	680
1964	681
1963	681
1963	682
1960	682
1960	683
1959	683
1959	684
1958	684
1958	685
1954	685
1954	686
1953	686
1953	687
1952	687
1952	688
1951	688
1951	689
1949	689
1949	690
1946	690
1946	691
1945	691
1945	692
1944	692
1944	694
1943	694
1943	696
1942	696
1942	697
1941	697
1941	698
1940	698
1940	699
1939	699
1939	702
1938	702
1938	703
1937	703
1937	704
1936	704
1936	705
1935	705
1935	706
1934	706
1934	707
1933	707
1933	708
1932	708
1932	709
1931	709
1931	710
1930	710
1930	711
1929	711
1929	712
1928	712
1928	713
1927	713
1927	714
1926	714
1926	718
1925	718
1925	719
1924	719
1924	720
1923	720
1923	721
1922	721
1922	722
1920	722
1920	724
1919	724
1919	725
1918	725
1918	726
1917	726
1917	727
1916	727
1916	728
1915	728
1915	730
1914	730
1914	731
1913	731
1913	732
1912	732
1912	733
1911	733
1911	734
1910	734
1910	735
1909	735
1909	736
1908	736
1908	737
1907	737
1907	738
1906	738
1906	740
1905	740
1905	741
1904	741
1904	743
1903	743
1903	745
1902	745
1902	746
1901	746
1901	747
1900	747
1900	748
1899	748
1899	749
1898	749
1898	751
1897	751
1897	752
1896	752
1896	773
1895	773
1895	782
1894	782
1894	783
1893	783
1893	796
1892	796
1892	799
1891	799
1891	800
1890	800
1890	806
1889	806
1889	808
1888	808
1888	809
1887	809
1887	810
1885	810
1885	811
1883	811
1883	812
1882	812
1882	813
1881	813
1881	816
1880	816
1880	817
1879	817
1879	818
1878	818
1878	819
1877	819
1877	824
1876	824
1876	825
1875	825
1875	826
1873	826
1873	827
1868	827
1868	831
1867	831
1867	834
1866	834
1866	835
1865	835
1865	840
1864	840
1864	841
1863	841
1863	842
1862	842
1862	843
1861	843
1861	844
1860	844
1860	845
1859	845
1859	846
1858	846
1858	847
1857	847
1857	867
1856	867
1856	868
1855	868
1855	869
1852	869
1852	870
1851	870
1851	871
1835	871
1835	872
1834	872
1834	873
1818	873
1818	872
1815	872
1815	871
1812	871
1812	870
1811	870
1811	869
1807	869
1807	868
1806	868
1806	867
1802	867
1802	866
1787	866
1787	865
1782	865
1782	864
1781	864
1781	863
1779	863
1779	862
1778	862
1778	861
1776	861
1776	860
1774	860
1774	859
1773	859
1773	858
1748	858
1748	859
1735	859
1735	860
1728	860
1728	861
1713	861
1713	862
1704	862
1704	863
1701	863
1701	864
1695	864
1695	865
1692	865
1692	866
1691	866
1691	867
1688	867
1688	868
1687	868
1687	869
1685	869
1685	870
1684	870
1684	871
1683	871
1683	872
1678	872
1678	873
1677	873
1677	874
1675	874
1675	875
1674	875
1674	876
1673	876
1673	877
1662	877
1662	876
1661	876
1661	875
1660	875
1660	874
1659	874
1659	873
1658	873
1658	872
1646	872
1646	871
1645	871
1645	870
1644	870
1644	867
1643	867
1643	866
1642	866
1642	865
1641	865
1641	864
1640	864
1640	862
1639	862
1639	860
1638	860
1638	859
1637	859
1637	855
1636	855
1636	846
1635	846
1635	845
1634	845
1634	836
1633	836
1633	814
1632	814
1632	807
1631	807
1631	806
1630	806
1630	800
1629	800
1629	799
1628	799
1628	773
1627	773
1627	761
1626	761
1626	759
1625	759
1625	758
1624	758
1624	750
1623	750
1623	749
1622	749
1622	748
1621	748
1621	742
1620	742
1620	738
1619	738
1619	737
1618	737
1618	734
1617	734
1617	733
1616	733
1616	732
1614	732
1614	731
1613	731
1613	730
1612	730
1612	729
1610	729
1610	728
1609	728
1609	727
1608	727
1608	726
1607	726
1607	725
1606	725
1606	722
1605	722
1605	717
1604	717
1604	716
1566	716
1566	717
1565	717
1565	718
1562	718
1562	719
1561	719
1561	720
1557	720
1557	721
1556	721
1556	722
1551	722
1551	723
1549	723
1549	724
1546	724
1546	725
1545	725
1545	726
1543	726
1543	727
1541	727
1541	728
1540	728
1540	729
1536	729
1536	730
1518	730
1518	729
1500	729
1500	730
1493	730
1493	731
1487	731
1487	732
1485	732
1485	733
1484	733
1484	734
1483	734
1483	735
1482	735
1482	737
1481	737
1481	738
1480	738
1480	739
1479	739
1479	740
1478	740
1478	741
1476	741
1476	743
1475	743
1475	744
1474	744
1474	745
1473	745
1473	749
1472	749
1472	750
1471	750
1471	751
1470	751
1470	754
1469	754
1469	755
1468	755
1468	756
1467	756
1467	759
1466	759
1466	761
1465	761
1465	762
1464	762
1464	766
1463	766
1463	767
1462	767
1462	780
1461	780
1461	784
1460	784
1460	788
1459	788
1459	789
1458	789
1458	790
1457	790
1457	794
1456	794
1456	795
1455	795
1455	800
1454	800
1454	801
1453	801
1453	805
1452	805
1452	806
1451	806
1451	807
1450	807
1450	809
1449	809
1449	813
1448	813
1448	815
1447	815
1447	817
1446	817
1446	818
1445	818
1445	820
1444	820
1444	821
1443	821
1443	822
1441	822
1441	823
1417	823
1417	822
1416	822
1416	821
1389	821
1389	822
1388	822
1388	823
1369	823
1369	824
1368	824
1368	825
1366	825
1366	828
1365	828
1365	829
1364	829
1364	832
1363	832
1363	835
1362	835
1362	836
1361	836
1361	837
1358	837
1358	838
1357	838
1357	839
1356	839
1356	840
1355	840
1355	843
1354	843
1354	844
1353	844
1353	845
1352	845
1352	847
1351	847
1351	848
1350	848
1350	849
1348	849
1348	853
1347	853
1347	854
1346	854
1346	857
1345	857
1345	859
1344	859
1344	861
1343	861
1343	862
1342	862
1342	863
1341	863
1341	864
1340	864
1340	865
1339	865
1339	866
1338	866
1338	867
1337	867
1337	868
1336	868
1336	869
1335	869
1335	870
1334	870
1334	871
1333	871
1333	872
1332	872
1332	873
1331	873
1331	874
1330	874
1330	875
1329	875
1329	876
1328	876
1328	877
1325	877
1325	878
1297	878
1297	879
1270	879
1270	878
1269	878
1269	877
1264	877
1264	876
1262	876
1262	875
1261	875
1261	874
1260	874
1260	873
1258	873
1258	872
1257	872
1257	871
1247	871
1247	872
1246	872
1246	873
1245	873
1245	874
1237	874
1237	873
1236	873
1236	872
1233	872
1233	871
1224	871
1224	872
1221	872
1221	873
1220	873
1220	874
1219	874
1219	877
1218	877
1218	878
1217	878
1217	879
1216	879
1216	881
1215	881
1215	882
1214	882
1214	883
1213	883
1213	884
1196	884
1196	883
1192	883
1192	882
1191	882
1191	881
1190	881
1190	880
1187	880
1187	879
1186	879
1186	878
1183	878
1183	877
1182	877
1182	876
1181	876
1181	875
1179	875
1179	874
1178	874
1178	873
1177	873
1177	872
1175	872
1175	871
1173	871
1173	870
1172	870
1172	869
1171	869
1171	868
1170	868
1170	867
1168	867
1168	866
1167	866
1167	865
1166	865
1166	864
1163	864
1163	863
1162	863
1162	862
1161	862
1161	861
1160	861
1160	860
1157	860
1157	859
1156	859
1156	858
1155	858
1155	857
1154	857
1154	856
1153	856
1153	855
1152	855
1152	854
1151	854
1151	853
1150	853
1150	852
1149	852
1149	851
1148	851
1148	848
1147	848
1147	821
1148	821
1148	804
1149	804
1149	803
1150	803
1150	802
1151	802
1151	801
1154	801
1154	795
1155	795
1155	787
1156	787
1156	786
1157	786
1157	785
1158	785
1158	782
1159	782
1159	781
1160	781
1160	780
1162	780
1162	779
1164	779
1164	778
1165	778
1165	777
1166	777
1166	776
1167	776
1167	775
1168	775
1168	774
1169	774
1169	773
1170	773
1170	759
1149	759
1149	758
1148	758
1148	757
1147	757
1147	697
1148	697
1148	696
1149	696
1149	695
1150	695
1150	694
1151	694
1151	693
1152	693
1152	692
1153	692
1153	691
1154	691
1154	690
1155	690
1155	689
1156	689
1156	687
1148	687
1148	686
1147	686
1147	685
1145	685
1145	684
1122	684
1122	685
1100	685
1100	686
1099	686
1099	687
1095	687
1095	688
1093	688
1093	690
1092	690
1092	691
1091	691
1091	692
1090	692
1090	693
1089	693
1089	694
1084	694
1084	695
1083	695
1083	696
1082	696
1082	697
1079	697
1079	698
1076	698
1076	699
1075	699
1075	700
1060	700
1060	701
1058	701
1058	702
1054	702
1054	703
1053	703
1053	704
1037	704
1037	705
1032	705
1032	706
1030	706
1030	707
1029	707
1029	708
1028	708
1028	709
1027	709
1027	710
1026	710
1026	711
1020	711
1020	712
1019	712
1019	713
1018	713
1018	714
1005	714
1005	715
1003	715
1003	716
998	716
998	717
995	717
995	718
994	718
994	719
993	719
993	720
992	720
992	721
991	721
991	723
990	723
990	725
989	725
989	726
988	726
988	727
987	727
987	728
986	728
986	729
985	729
985	730
971	730
971	729
970	729
970	728
969	728
969	727
968	727
968	726
967	726
967	724
966	724
966	708
965	708
965	707
964	707
964	706
960	706
960	705
959	705
959	704
958	704
958	703
954	703
954	702
953	702
953	701
951	701
951	700
950	700
950	699
949	699
949	698
948	698
948	697
947	697
947	696
946	696
946	694
945	694
945	693
944	693
944	692
941	692
941	691
940	691
940	690
914	690
914	689
913	689
913	688
912	688
912	687
911	687
911	686
910	686
910	685
909	685
909	684
908	684
908	681
907	681
907	680
906	680
906	679
905	679
905	678
904	678
904	677
903	677
903	676
902	676
902	675
901	675
901	673
900	673
900	662
899	662
899	660
890	660
890	661
887	661
887	662
886	662
886	663
885	663
885	664
882	664
882	665
881	665
881	666
878	666
878	667
877	667
877	668
863	668
863	667
859	667
859	668
858	668
858	669
855	669
855	670
854	670
854	671
852	671
852	672
850	672
850	673
849	673
849	674
848	674
848	680
847	680
847	681
846	681
846	682
845	682
845	683
844	683
844	684
843	684
843	685
842	685
842	686
835	686
835	687
834	687
834	688
833	688
833	689
832	689
832	698
831	698
831	699
830	699
830	700
829	700
829	701
828	701
828	702
827	702
827	703
826	703
826	704
825	704
825	705
824	705
824	706
821	706
821	707
814	707
814	708
810	708
810	709
809	709
809	710
808	710
808	711
807	711
807	712
806	712
806	713
805	713
805	714
803	714
803	715
802	715
802	716
801	716
801	717
799	717
799	718
798	718
798	719
795	719
795	720
794	720
794	721
792	721
792	722
791	722
791	723
790	723
790	724
789	724
789	725
786	725
786	726
785	726
785	727
783	727
783	729
782	729
782	730
781	730
781	733
780	733
780	734
779	734
779	744
778	744
778	745
777	745
777	746
773	746
773	747
772	747
772	748
771	748
771	749
767	749
767	748
766	748
766	747
765	747
765	744
764	744
764	743
763	743
763	739
764	739
764	738
765	738
765	737
769	737
769	735
768	735
768	734
767	734
767	732
766	732
766	731
765	731
765	729
764	729
764	725
763	725
763	724
762	724
762	721
761	721
761	714
760	714
760	713
735	713
735	714
734	714
734	715
733	715
733	716
732	716
732	717
729	717
729	719
728	719
728	720
727	720
727	721
726	721
726	722
723	722
723	723
722	723
722	731
721	731
721	732
720	732
720	733
719	733
719	734
718	734
718	735
704	735
704	734
703	734
703	733
696	733
696	732
695	732
695	731
694	731
694	728
693	728
693	727
692	727
692	725
691	725
691	722
690	722
690	720
689	720
689	719
688	719
688	718
687	718
687	717
686	717
686	715
685	715
685	713
684	713
684	711
683	711
683	709
682	709
682	707
681	707
681	706
680	706
680	702
678	702
678	701
677	701
677	700
676	700
676	697
675	697
675	696
674	696
674	695
673	695
673	694
672	694
672	693
671	693
671	692
670	692
670	691
669	691
669	690
668	690
668	688
667	688
667	687
666	687
666	686
665	686
665	685
664	685
664	682
663	682
663	681
662	681
662	680
661	680
661	679
660	679
660	678
659	678
659	677
658	677
658	675
657	675
657	674
655	674
655	673
654	673
654	672
647	672
647	671
646	671
646	670
645	670
645	669
644	669
644	668
643	668
643	667
642	667
642	662
641	662
641	658
640	658
640	657
639	657
639	655
596	655
596	654
593	654
593	653
592	653
592	652
591	652
591	651
590	651
590	650
589	650
589	649
588	649
588	648
587	648
587	647
585	647
585	646
583	646
583	645
576	645
576	644
574	644
574	643
571	643
571	642
570	642
570	641
566	641
566	640
565	640
565	639
562	639
562	638
560	638
560	637
559	637
559	636
558	636
558	635
555	635
555	634
554	634
554	633
553	633
553	632
550	632
550	631
548	631
548	630
547	630
547	629
546	629
546	628
545	628
545	627
541	627
541	626
540	626
540	625
539	625
539	624
523	624
523	625
514	625
514	626
498	626
498	625
497	625
497	624
496	624
496	621
495	621
495	618
494	618
494	583
495	583
495	582
496	582
496	578
497	578
497	565
498	565
498	552
499	552
499	529
498	529
498	528
485	528
485	527
484	527
484	526
449	526
449	525
444	525
444	524
442	524
442	523
441	523
441	522
440	522
440	521
439	521
439	520
438	520
438	519
437	519
437	482
436	482
436	478
437	478
437	477
438	477
438	476
439	476
439	458
438	458
438	441
437	441
437	440
436	440
436	430
435	430
435	426
434	426
434	425
433	425
433	423
432	423
432	422
431	422
431	421
430	421
430	412
426	412
426	411
425	411
425	410
424	410
424	407
423	407
423	406
422	406
422	405
421	405
421	404
420	404
420	403
417	403
417	402
416	402
416	401
370	401
370	400
369	400
369	399
367	399
367	398
359	398
359	397
358	397
358	396
356	396
356	395
355	395
355	394
351	394
351	393
349	393
349	392
331	392
331	391
313	391
313	390
307	390
307	389
306	389
306	388
305	388
305	387
302	387
302	386
301	386
301	385
300	385
300	384
299	384
299	383
298	383
298	382
295	382
295	381
293	381
293	380
292	380
292	379
291	379
291	378
290	378
290	377
289	377
289	376
288	376
288	375
287	375
287	374
286	374
286	373
285	373
285	372
284	372
284	371
283	371
283	370
282	370
282	366
266	366
266	365
260	365
260	364
259	364
259	363
258	363
258	362
257	362
257	361
256	361
256	359
255	359
255	358
232	358
232	359
220	359
220	358
219	358
219	357
218	357
218	356
217	356
217	355
216	355
216	354
215	354
215	351
214	351
214	350
213	350
213	346
212	346
212	345
211	345
211	343
210	343
210	322
209	322
209	308
208	308
208	302
207	302
207	284
184	284
184	283
183	283
183	282
182	282
182	280
181	280
181	279
180	279
180	273
179	273
179	270
178	270
178	269
177	269
177	268
176	268
176	267
175	267
175	264
174	264
174	263
173	263
173	262
172	262
172	261
171	261
171	237
172	237
172	234
173	234
173	232
172	232
172	231
171	231
171	230
165	230
165	229
160	229
160	228
158	228
158	227
155	227
155	226
154	226
154	225
151	225
151	224
150	224
150	223
117	223
117	222
114	222
114	221
111	221
111	220
110	220
110	219
108	219
108	218
107	218
107	217
104	217
104	216
103	216
103	215
100	215
100	214
99	214
99	213
98	213
98	212
97	212
97	211
96	211
96	210
95	210
95	209
92	209
92	208
91	208
91	207
90	207
90	206
89	206
89	205
88	205
88	204
50	204
50	203
49	203
49	202
48	202
48	186
49	186
49	174
50	174
50	169
51	169
51	168
52	168
52	164
53	164
53	163
54	163
54	160
55	160
55	159
56	159
56	140
57	140
57	139
58	139
58	135
59	135
59	134
60	134
60	133
64	133
64	134
65	134
65	135
66	135
66	143
65	143
65	144
64	144
64	162
63	162
63	163
62	163
62	166
61	166
61	167
60	167
60	171
59	171
59	172
58	172
58	178
57	178
57	190
56	190
56	196
92	196
92	197
93	197
93	198
95	198
95	199
96	199
96	200
97	200
97	201
99	201
99	202
100	202
100	203
101	203
101	204
102	204
102	205
103	205
103	206
104	206
104	207
107	207
107	208
108	208
108	209
110	209
110	210
111	210
111	211
114	211
114	212
115	212
115	213
117	213
117	214
120	214
120	215
154	215
154	216
155	216
155	217
158	217
158	218
159	218
159	219
161	219
161	220
163	220
163	221
168	221
168	222
175	222
175	223
176	223
176	224
178	224
178	225
179	225
179	226
180	226
180	227
181	227
181	237
180	237
180	240
179	240
179	258
180	258
180	259
181	259
181	260
182	260
182	261
183	261
183	263
184	263
184	264
185	264
185	265
186	265
186	266
187	266
187	270
188	270
188	275
189	275
189	276
210	276
210	277
213	277
213	278
214	278
214	279
215	279
215	299
216	299
216	305
217	305
217	318
218	318
218	340
219	340
219	341
220	341
220	342
221	342
221	347
222	347
222	348
223	348
223	350
224	350
224	351
229	351
229	350
261	350
261	351
262	351
262	352
263	352
263	355
264	355
264	357
269	357
269	358
285	358
285	359
286	359
286	360
288	360
288	361
289	361
289	362
290	362
290	367
291	367
291	368
292	368
292	369
293	369
293	370
294	370
294	371
295	371
295	372
296	372
296	373
298	373
298	374
302	374
302	375
303	375
303	376
304	376
304	377
305	377
305	378
306	378
306	379
308	379
308	380
309	380
309	381
310	381
310	382
316	382
316	383
334	383
334	384
352	384
352	385
354	385
354	386
358	386
358	387
359	387
359	388
362	388
362	389
363	389
363	390
370	390
370	391
372	391
372	392
373	392
373	393
420	393
420	394
421	394
421	395
423	395
423	396
424	396
424	397
425	397
425	398
426	398
426	399
427	399
427	400
428	400
428	401
429	401
429	402
430	402
430	403
431	403
431	404
434	404
434	405
435	405
435	406
436	406
436	407
437	407
437	408
438	408
438	417
439	417
439	418
440	418
440	419
441	419
441	422
442	422
442	423
443	423
443	427
444	427
444	436
445	436
445	437
446	437
446	455
447	455
447	482
446	482
446	483
445	483
445	516
448	516
448	517
452	517
452	518
488	518
488	519
489	519
489	520
502	520
502	521
504	521
504	522
505	522
505	523
506	523
506	524
507	524
507	555
506	555
506	568
505	568
505	581
504	581
504	585
503	585
503	586
502	586
502	614
503	614
503	617
504	617
504	618
511	618
511	617
520	617
520	616
543	616
543	617
544	617
544	618
545	618
545	619
549	619
549	620
551	620
551	621
552	621
552	622
553	622
553	624
556	624
556	625
557	625
557	626
558	626
558	627
561	627
561	628
563	628
563	629
564	629
564	630
565	630
565	631
568	631
568	632
569	632
569	633
573	633
573	634
574	634
574	635
577	635
577	636
579	636
579	637
586	637
586	638
589	638
589	639
591	639
591	640
592	640
592	641
593	641
593	642
594	642
594	644
595	644
595	645
596	645
596	646
599	646
599	647
644	647
644	648
645	648
645	649
646	649
646	650
647	650
647	653
648	653
648	654
649	654
649	659
650	659
650	664
658	664
658	665
659	665
659	666
661	666
661	667
662	667
662	668
663	668
663	669
664	669
664	671
665	671
665	672
666	672
666	673
667	673
667	674
668	674
668	675
669	675
669	676
670	676
670	677
671	677
671	678
672	678
672	681
673	681
673	682
674	682
674	683
675	683
675	685
676	685
676	686
677	686
677	687
678	687
678	688
679	688
679	690
680	690
680	691
681	691
681	692
682	692
682	693
683	693
683	694
684	694
684	695
685	695
685	696
686	696
686	697
687	697
687	699
688	699
688	702
689	702
689	703
690	703
690	705
691	705
691	708
692	708
692	710
693	710
693	711
694	711
694	713
695	713
695	714
696	714
696	716
697	716
697	717
698	717
698	719
699	719
699	721
700	721
700	724
701	724
701	725
706	725
706	726
707	726
707	727
714	727
714	719
715	719
715	718
716	718
716	717
717	717
717	716
718	716
718	715
719	715
719	714
722	714
722	713
723	713
723	711
724	711
724	710
725	710
725	709
728	709
728	708
729	708
729	707
730	707
730	706
731	706
731	705
764	705
764	706
765	706
765	707
766	707
766	708
767	708
767	709
768	709
768	711
769	711
769	718
770	718
770	721
771	721
771	722
772	722
772	726
773	726
773	727
774	727
774	726
775	726
775	723
776	723
776	722
777	722
777	721
778	721
778	720
779	720
779	719
781	719
781	718
782	718
782	717
785	717
785	716
786	716
786	715
787	715
787	714
788	714
788	713
790	713
790	712
791	712
791	711
795	711
795	710
796	710
796	708
797	708
797	707
798	707
798	706
801	706
801	705
802	705
802	704
804	704
804	702
805	702
805	701
806	701
806	700
811	700
811	699
818	699
818	698
820	698
820	697
821	697
821	696
822	696
822	695
823	695
823	694
824	694
824	686
825	686
825	685
826	685
826	684
827	684
827	683
828	683
828	682
829	682
829	681
830	681
830	680
831	680
831	679
832	679
832	678
838	678
838	677
839	677
839	676
840	676
840	670
841	670
841	669
842	669
842	668
843	668
843	667
844	667
844	666
845	666
845	665
846	665
846	664
849	664
849	663
851	663
851	662
852	662
852	661
854	661
854	660
855	660
855	659
867	659
867	660
873	660
873	659
874	659
874	658
877	658
877	657
878	657
878	656
881	656
881	655
882	655
882	654
883	654
883	653
886	653
886	652
904	652
904	653
905	653
905	654
906	654
906	656
907	656
907	659
908	659
908	670
909	670
909	672
910	672
910	673
911	673
911	674
912	674
912	675
913	675
913	676
914	676
914	677
915	677
915	678
916	678
916	681
917	681
917	682
943	682
943	683
944	683
944	684
947	684
947	685
948	685
948	686
949	686
949	687
950	687
950	688
951	688
951	689
952	689
952	690
953	690
953	691
954	691
954	692
955	692
955	693
956	693
956	694
957	694
957	695
961	695
961	696
962	696
962	697
963	697
963	698
967	698
967	699
968	699
968	700
970	700
970	701
971	701
971	702
972	702
972	703
973	703
973	704
974	704
974	720
975	720
975	722
981	722
981	721
982	721
982	720
983	720
983	717
984	717
984	716
985	716
985	715
986	715
986	714
987	714
987	713
988	713
988	712
989	712
989	711
990	711
990	710
991	710
991	709
994	709
994	708
1000	708
1000	707
1001	707
1001	706
1014	706
1014	705
1016	705
1016	704
1017	704
1017	703
1021	703
1021	702
1022	702
1022	701
1023	701
1023	700
1026	700
1026	699
1027	699
1027	698
1028	698
1028	697
1033	697
1033	696
1050	696
1050	695
1051	695
1051	694
1055	694
1055	693
1056	693
1056	692
1072	692
1072	691
1073	691
1073	690
1076	690
1076	689
1079	689
1079	688
1080	688
1080	687
1081	687
1081	686
1085	686
1085	685
1086	685
1086	684
1087	684
1087	683
1088	683
1088	682
1089	682
1089	681
1090	681
1090	680
1092	680
1092	679
1095	679
1095	678
1096	678
1096	677
1119	677
1119	676
1148	676
1148	677
1150	677
1150	678
1151	678
1151	679
1161	679
1161	680
1162	680
1162	681
1163	681
1163	682
1164	682
1164	693
1163	693
1163	694
1162	694
1162	695
1160	695
1160	696
1159	696
1159	697
1158	697
1158	698
1157	698
1157	699
1156	699
1156	700
1155	700
1155	751
1174	751
1174	752
1175	752
1175	753
1176	753
1176	754
1177	754
1177	755
1178	755
1178	778
1177	778
1177	779
1176	779
1176	780
1174	780
1174	782
1173	782
1173	783
1172	783
1172	784
1169	784
1169	785
1168	785
1168	786
1167	786
1167	787
1166	787
1166	788
1165	788
1165	789
1164	789
1164	790
1163	790
1163	798
1162	798
1162	805
1161	805
1161	808
1160	808
1160	809
1159	809
1159	812
1158	812
1158	813
1157	813
1157	814
1156	814
1156	824
1155	824
1155	845
1156	845
1156	846
1157	846
1157	847
1158	847
1158	848
1159	848
1159	850
1160	850
1160	851
1161	851
1161	852
1163	852
1163	853
1164	853
1164	854
1165	854
1165	855
1167	855
1167	856
1169	856
1169	857
1170	857
1170	858
1171	858
1171	859
1174	859
1174	860
1175	860
1175	861
1176	861
1176	862
1177	862
1177	863
1178	863
1178	864
1180	864
1180	865
1181	865
1181	866
1182	866
1182	867
1184	867
1184	868
1185	868
1185	869
1186	869
1186	870
1189	870
1189	871
1190	871
1190	872
1193	872
1193	873
1194	873
1194	874
1195	874
1195	875
1200	875
1200	876
1209	876
1209	874
1210	874
1210	873
1211	873
1211	871
1212	871
1212	870
1213	870
1213	869
1214	869
1214	868
1215	868
1215	867
1216	867
1216	866
1217	866
1217	865
1218	865
1218	864
1220	864
1220	863
1236	863
1236	864
1239	864
1239	865
1240	865
1240	866
1242	866
1242	865
1243	865
1243	864
1244	864
1244	863
1261	863
1261	864
1262	864
1262	865
1264	865
1264	866
1265	866
1265	867
1266	867
1266	868
1267	868
1267	869
1272	869
1272	870
1273	870
1273	871
1294	871
1294	870
1322	870
1322	869
1324	869
1324	868
1325	868
1325	867
1326	867
1326	866
1327	866
1327	865
1328	865
1328	864
1329	864
1329	863
1330	863
1330	862
1331	862
1331	861
1333	861
1333	860
1334	860
1334	859
1335	859
1335	857
1336	857
1336	856
1337	856
1337	854
1338	854
1338	851
1339	851
1339	850
1340	850
1340	845
1341	845
1341	844
1342	844
1342	843
1343	843
1343	842
1344	842
1344	841
1345	841
1345	840
1346	840
1346	839
1347	839
1347	837
1348	837
1348	834
1349	834
1349	833
1350	833
1350	832
1351	832
1351	831
1354	831
1354	830
1355	830
1355	829
1356	829
1356	826
1357	826
1357	825
1358	825
1358	821
1359	821
1359	820
1360	820
1360	819
1361	819
1361	818
1362	818
1362	817
1365	817
1365	816
1366	816
1366	815
1385	815
1385	814
1386	814
1386	813
1419	813
1419	814
1420	814
1420	815
1437	815
1437	814
1438	814
1438	813
1439	813
1439	811
1440	811
1440	810
1441	810
1441	806
1442	806
1442	802
1443	802
1443	801
1444	801
1444	800
1445	800
1445	797
1446	797
1446	796
1447	796
1447	792
1448	792
1448	791
1449	791
1449	785
1450	785
1450	784
1451	784
1451	783
1452	783
1452	780
1453	780
1453	776
1454	776
1454	762
1455	762
1455	761
1456	761
1456	759
1457	759
1457	758
1458	758
1458	756
1459	756
1459	753
1460	753
1460	751
1461	751
1461	750
1462	750
1462	748
1463	748
1463	746
1464	746
1464	745
1465	745
1465	740
1466	740
1466	739
1467	739
1467	738
1468	738
1468	737
1469	737
1469	736
1470	736
1470	735
1471	735
1471	734
1472	734
1472	733
1474	733
1474	731
1475	731
1475	730
1476	730
1476	729
1477	729
1477	728
1478	728
1478	727
1479	727
1479	726
1480	726
1480	725
1481	725
1481	724
1484	724
1484	723
1490	723
1490	722
1497	722
1497	721
1521	721
1521	722
1533	722
1533	721
1536	721
1536	720
1537	720
1537	719
1539	719
1539	718
1542	718
1542	717
1543	717
1543	716
1545	716
1545	715
1548	715
1548	714
1553	714
1553	713
1554	713
1554	712
1558	712
1558	711
1559	711
1559	710
1562	710
1562	709
1563	709
1563	708
1607	708
1607	709
1608	709
1608	710
1609	710
1609	711
1610	711
1610	712
1611	712
1611	713
1612	713
1612	714
1613	714
1613	718
1614	718
1614	721
1615	721
1615	722
1616	722
1616	723
1617	723
1617	724
1619	724
1619	725
1620	725
1620	726
1621	726
1621	727
1622	727
1622	728
1623	728
1623	729
1624	729
1624	730
1625	730
1625	731
1626	731
1626	733
1627	733
1627	735
1628	735
1628	739
1629	739
1629	745
1630	745
1630	746
1631	746
1631	747
1632	747
1632	755
1633	755
1633	756
1634	756
1634	758
1635	758
1635	769
1636	769
1636	796
1637	796
1637	797
1638	797
1638	802
1639	802
1639	803
1640	803
1640	810
1641	810
1641	833
1642	833
1642	842
1643	842
1643	843
1644	843
1644	852
1645	852
1645	856
1646	856
1646	857
1647	857
1647	859
1648	859
1648	860
1649	860
1649	861
1650	861
1650	862
1651	862
1651	863
1652	863
1652	864
1661	864
1661	865
1663	865
1663	866
1664	866
1664	867
1665	867
1665	868
1666	868
1666	869
1669	869
1669	868
1670	868
1670	867
1672	867
1672	866
1674	866
1674	865
1675	865
1675	864
1680	864
1680	863
1681	863
1681	862
1682	862
1682	861
1683	861
1683	860
1685	860
1685	859
1687	859
1687	858
1688	858
1688	857
1690	857
1690	856
1698	856
1698	855
1700	855
1700	854
1709	854
1709	853
1725	853
1725	852
1731	852
1731	851
1744	851
1744	850
1777	850
1777	851
1778	851
1778	852
1780	852
1780	853
1781	853
1781	854
1782	854
1782	855
1785	855
1785	856
1786	856
1786	857
1791	857
1791	858
1805	858
1805	859
1810	859
1810	860
1811	860
1811	861
1815	861
1815	862
1816	862
1816	863
1818	863
1818	864
1821	864
1821	865
1830	865
1830	864
1832	864
1832	863
1847	863
1847	862
1848	862
1848	861
1849	861
1849	843
1850	843
1850	842
1851	842
1851	841
1852	841
1852	840
1853	840
1853	839
1854	839
1854	838
1855	838
1855	837
1856	837
1856	836
1857	836
1857	832
1858	832
1858	831
1859	831
1859	828
1860	828
1860	824
1861	824
1861	823
1862	823
1862	822
1863	822
1863	821
1864	821
1864	820
1865	820
1865	819
1869	819
1869	816
1870	816
1870	815
1871	815
1871	814
1872	814
1872	813
1873	813
1873	810
1874	810
1874	809
1875	809
1875	808
1876	808
1876	807
1877	807
1877	806
1878	806
1878	805
1879	805
1879	804
1880	804
1880	803
1882	803
1882	797
1883	797
1883	796
1884	796
1884	793
1885	793
1885	779
1886	779
1886	778
1887	778
1887	769
1888	769
1888	749
1889	749
1889	748
1890	748
1890	745
1891	745
1891	744
1892	744
1892	743
1893	743
1893	742
1894	742
1894	741
1895	741
1895	739
1896	739
1896	738
1897	738
1897	737
1898	737
1898	735
1899	735
1899	733
1900	733
1900	732
1901	732
1901	731
1902	731
1902	730
1903	730
1903	729
1904	729
1904	728
1905	728
1905	727
1906	727
1906	726
1907	726
1907	724
1908	724
1908	723
1909	723
1909	722
1910	722
1910	721
1911	721
1911	720
1912	720
1912	717
1913	717
1913	716
1914	716
1914	715
1915	715
1915	714
1918	714
1918	710
1919	710
1919	709
1920	709
1920	708
1921	708
1921	707
1922	707
1922	706
1923	706
1923	705
1924	705
1924	704
1925	704
1925	703
1926	703
1926	702
1927	702
1927	701
1928	701
1928	700
1929	700
1929	699
1931	699
1931	695
1932	695
1932	694
1933	694
1933	693
1934	693
1934	692
1935	692
1935	691
1936	691
1936	688
1937	688
1937	687
1938	687
1938	686
1939	686
1939	685
1940	685
1940	684
1941	684
1941	683
1942	683
1942	682
1946	682
1946	681
1947	681
1947	680
1948	680
1948	679
1950	679
1950	678
1951	678
1951	677
1954	677
1954	676
1956	676
1956	675
1957	675
1957	674
1959	674
1959	673
1960	673
1960	672
1961	672
1961	671
1967	671
1967	670
1970	670
1970	669
1972	669
1972	668
1973	668
1973	667
1976	667
1976	666
1977	666
1977	665
1982	665
1982	664
1983	664
1983	663
1984	663
1984	662
1989	662
1989	661
1991	661
1991	660
1993	660
1993	659
1997	659
1997	660
2007	660
2007	659
2009	659
2009	658
2011	658
2011	657
2012	657
2012	656
2040	656
2040	657
2041	657
2041	658
2044	658
2044	659
2047	659
2047	660
2051	660
2051	661
2052	661
2052	662
2054	662
2054	663
2057	663
2057	664
2064	664
2064	665
2065	665
2065	666
2072	666
2072	667
2073	667
2073	668
2074	668
2074	669
2079	669
2079	670
2080	670
2080	671
2081	671
2081	672
2084	672
2084	673
2085	673
2085	674
2087	674
2087	675
2088	675
2088	676
2089	676
2089	677
2092	677
2092	678
2094	678
2094	679
2096	679
2096	680
2097	680
2097	681
2098	681
2098	682
2101	682
2101	683
2102	683
2102	684
2103	684
2103	685
2104	685
2104	686
2105	686
2105	687
2107	687
2107	688
2108	688
2108	689
2109	689
2109	690
2110	690
2110	691
2111	691
2111	692
2113	692
2113	693
2114	693
2114	694
2115	694
2115	695
2116	695
2116	696
2117	696
2117	698
2118	698
2118	699
2119	699
2119	701
2120	701
2120	703
2122	703
2122	704
2123	704
2123	705
2124	705
2124	706
2125	706
2125	707
2126	707
2126	709
2128	709
2128	710
2129	710
2129	711
2130	711
2130	714
2131	714
2131	715
2132	715
2132	716
2134	716
2134	717
2135	717
2135	718
2136	718
2136	719
2137	719
2137	720
2138	720
2138	721
2139	721
2139	722
2140	722
2140	723
2141	723
2141	724
2142	724
2142	726
2143	726
2143	727
2144	727
2144	728
2145	728
2145	753
2144	753
2144	754
2143	754
2143	758
2142	758
2142	760
2141	760
2141	761
2140	761
2140	763
2139	763
2139	764
2138	764
2138	765
2137	765
2137	766
2136	766
2136	767
2134	767
2134	770
2133	770
2133	771
2132	771
2132	775
2131	775
2131	792
2133	792
2133	791
2136	791
2136	790
2137	790
2137	789
2140	789
2140	788
2142	788
2142	787
2147	787
2147	786
2150	786
2150	785
2151	785
2151	784
2157	784
2157	782
2158	782
2158	781
2159	781
2159	780
2163	780
2163	779
2164	779
2164	778
2166	778
2166	777
2168	777
2168	776
2170	776
2170	775
2174	775
2174	774
2175	774
2175	773
2176	773
2176	772
2177	772
2177	771
2179	771
2179	770
2181	770
2181	769
2182	769
2182	768
2185	768
2185	767
2186	767
2186	766
2187	766
2187	765
2190	765
2190	764
2193	764
2193	763
2194	763
2194	762
2200	762
2200	761
2203	761
2203	760
2216	760
2216	759
2218	759
2218	758
2219	758
2219	757
2220	757
2220	756
2222	756
2222	755
2225	755
2225	754
2226	754
2226	753
2227	753
2227	752
2228	752
2228	751
2231	751
2231	750
2233	750
2233	749
2236	749
2236	748
2285	748
2285	746
2286	746
2286	738
2287	738
2287	737
2288	737
2288	734
2289	734
2289	733
2290	733
2290	726
2291	726
2291	725
2292	725
2292	724
2294	724
2294	723
2295	723
2295	722
2296	722
2296	721
2297	721
2297	720
2298	720
2298	719
2300	719
2300	718
2301	718
2301	698
2302	698
2302	697
2303	697
2303	695
2304	695
2304	693
2305	693
2305	691
2306	691
2306	689
2307	689
2307	688
2308	688
2308	687
2309	687
2309	686
2311	686
2311	685
2312	685
2312	684
2313	684
2313	680
2314	680
2314	678
2315	678
2315	677
2316	677
2316	676
2317	676
2317	673
2318	673
2318	672
2319	672
2319	671
2320	671
2320	669
2321	669
2321	668
2322	668
2322	667
2323	667
2323	666
2324	666
2324	665
2325	665
2325	645
2326	645
2326	639
2327	639
2327	638
2328	638
2328	637
2329	637
2329	635
2330	635
2330	633
2331	633
2331	627
2332	627
2332	626
2333	626
2333	619
2334	619
2334	597
2335	597
2335	596
2336	596
2336	589
2337	589
2337	574
2338	574
2338	572
2339	572
2339	568
2340	568
2340	567
2341	567
2341	564
2342	564
2342	562
2343	562
2343	557
2344	557
2344	553
2345	553
2345	552
2346	552
2346	549
2347	549
2347	546
2348	546
2348	545
2349	545
2349	544
2350	544
2350	543
2370	543
2370	544
2371	544
2371	545
2376	545
2376	546
2377	546
2377	547
2381	547
2381	548
2383	548
2383	549
2386	549
2386	550
2422	550
2422	551
2423	551
2423	552
2431	552
2431	553
2479	553
2479	552
2478	552
2478	546
2477	546
2477	545
2476	545
2476	544
2475	544
2475	543
2474	543
2474	542
2473	542
2473	538
2472	538
2472	537
2471	537
2471	536
2470	536
2470	534
2469	534
2469	484
2470	484
2470	483
2471	483
2471	482
2472	482
2472	480
2473	480
2473	479
2474	479
2474	478
2475	478
2475	477
2478	477
2478	476
2479	476
2479	475
2480	475
2480	474
2481	474
2481	473
2483	473
2483	472
2484	472
2484	471
2485	471
2485	470
2487	470
2487	469
2488	469
2488	468
2489	468
2489	467
2491	467
2491	466
2493	466
2493	465
2496	465
2496	464
2502	464
2502	463
2503	463
2503	462
2504	462
2504	461
2508	461
2508	462
2511	462
2511	461
2512	461
2512	460
2515	460
2515	459
2526	459
2526	458
2528	458
2528	457
2531	457
2531	456
2537	456
2537	455
2540	455
2540	454
2545	454
2545	453
2546	453
2546	452
2551	452
2551	451
2554	451
2554	450
2555	450
2555	449
2558	449
2558	448
2566	448
2566	445
2567	445
2567	444
2568	444
2568	443
2569	443
2569	442
2570	442
2570	441
2571	441
2571	440
2572	440
2572	439
2575	439
2575	438
2576	438
2576	437
2579	437
2579	436
2633	436
2633	437
2634	437
2634	438
2643	438
2643	439
2644	439
2644	440
2645	440
2645	442
2680	442
2680	443
2682	443
2682	444
2691	444
2691	445
2693	445
2693	446
2703	446
2703	447
2704	447
2704	448
2713	448
2713	447
2714	447
2714	446
2742	446
2742	447
2744	447
2744	448
2752	448
2752	449
2754	449
2754	450
2756	450
2756	451
2762	451
2762	452
2769	452
2769	453
2770	453
2770	454
2779	454
2779	455
2781	455
2781	456
2786	456
2786	455
2787	455
2787	442
2788	442
2788	439
2789	439
2789	438
2790	438
2790	432
2791	432
2791	429
2792	429
2792	425
2793	425
2793	414
2794	414
2794	407
2795	407
2795	406
2796	406
2796	399
2797	399
2797	396
2798	396
2798	395
2799	395
2799	388
2800	388
2800	359
2799	359
2799	358
2798	358
2798	357
2797	357
2797	356
2796	356
2796	339
2797	339
2797	338
2798	338
2798	337
2800	337
2800	336
2802	336
2802	335
2810	335
2810	334
2811	334
2811	333
2838	333
2838	334
2842	334
2842	335
2859	335
2859	336
2865	336
2865	337
2867	337
2867	338
2872	338
2872	339
2882	339
2882	340
2883	340
2883	341
2886	341
2886	342
2888	342
2888	343
2890	343
2890	344
2893	344
2893	345
2894	345
2894	346
2908	346
2908	332
2909	332
2909	329
2910	329
2910	327
2911	327
2911	326
2912	326
2912	322
2913	322
2913	321
2914	321
2914	320
2915	320
2915	319
2916	319
2916	318
2917	318
2917	313
2918	313
2918	308
2919	308
2919	307
2920	307
2920	302
2921	302
2921	298
2922	298
2922	297
2923	297
2923	285
2924	285
2924	282
2925	282
2925	274
2926	274
2926	271
2927	271
2927	266
2928	266
2928	265
2929	265
2929	262
2930	262
2930	258
2931	258
2931	257
2932	257
2932	253
2933	253
2933	248
2934	248
2934	247
2935	247
2935	244
2936	244
2936	240
2937	240
2937	237
2938	237
2938	236
2939	236
2939	233
2940	233
2940	232
2941	232
2941	231
2942	231
2942	224
2943	224
2943	222
2944	222
2944	216
2945	216
2945	213
2946	213
2946	212
2947	212
2947	211
2948	211
2948	210
2949	210
2949	209
2950	209
2950	208
2951	208
2951	207
2952	207
2952	206
2953	206
2953	205
2954	205
2954	204
2955	204
2955	203
2956	203
2956	202
2957	202
2957	201
2958	201
2958	200
2960	200
2960	199
2962	199
2962	198
2967	198
2967	197
2968	197
2968	196
2969	196
2969	195
2971	195
2971	194
2973	194
2973	193
2974	193
2974	192
2975	192
2975	191
2980	191
2980	190
2982	190
2982	189
2983	189
2983	188
2985	188
2985	187
2987	187
2987	186
2991	186
2991	187
2992	187
2992	186
2994	186
2994	185
2999	185
2999	184
3006	184
3006	183
3010	183
3010	182
3012	182
3012	181
3016	181
3016	180
3019	180
3019	179
3026	179
3026	178
3030	178
3030	177
3031	177
3031	176
3032	176
3032	175
3037	175
3037	174
3038	174
3038	173
3039	173
3039	172
3043	172
3043	171
3044	171
3044	170
3046	170
3046	169
3049	169
3049	168
3050	168
3050	167
3054	167
3054	166
3057	166
3057	165
3058	165
3058	164
3060	164
3060	163
3062	163
3062	162
3064	162
3064	161
3065	161
3065	160
3066	160
3066	159
3070	159
3070	158
3073	158
3073	157
3075	157
3075	156
3076	156
3076	155
3079	155
3079	154
3080	154
3080	153
3082	153
3082	152
3084	152
3084	151
3085	151
3085	150
3086	150
3086	149
3088	149
3088	148
3089	148
3089	147
3091	147
3091	146
3093	146
3093	145
3094	145
3094	144
3096	144
3096	143
3097	143
3097	142
3098	142
3098	141
3102	141
3102	142
3103	142
3103	143
3104	143
3104	148
3103	148
3103	149
3102	149
3102	150
3101	150
3101	151
3100	151
3100	152
3097	152
3097	153
3096	153
3096	154
3094	154
3094	155
3092	155
3092	156
3091	156
3091	157
3090	157
3090	158
3089	158
3089	159
3087	159
3087	160
3086	160
3086	161
3083	161
3083	162
3082	162
3082	163
3080	163
3080	164
3079	164
3079	165
3076	165
3076	166
3073	166
3073	167
3070	167
3070	168
3068	168
3068	169
3067	169
3067	170
3065	170
3065	171
3063	171
3063	172
3061	172
3061	173
3060	173
