1182	395
1183	395
1183	396
1182	396
1182	399
1183	399
1183	400
1182	400
1182	405
1181	405
1181	406
1180	406
1180	407
1181	407
1181	410
1182	410
1182	411
1181	411
1181	412
1180	412
1180	414
1179	414
1179	415
1178	415
1178	416
1182	416
1182	419
1188	419
1188	418
1189	418
1189	417
1190	417
1190	416
1191	416
1191	414
1190	414
1190	412
1191	412
1191	410
1190	410
1190	409
1189	409
1189	408
1188	408
1188	407
1189	407
1189	395
1188	395
1188	393
1189	393
1189	387
1188	387
1188	386
1189	386
1189	385
1190	385
1190	384
1189	384
1189	383
1190	383
1190	377
1191	377
1191	370
1190	370
1190	367
1191	367
1191	366
1190	366
1190	365
1191	365
1191	363
1190	363
1190	362
1189	362
1189	357
1188	357
1188	355
1187	355
1187	353
1186	353
1186	351
1185	351
1185	350
1184	350
1184	349
1183	349
1183	346
1182	346
1182	345
1181	345
1181	343
1180	343
1180	341
1179	341
1179	340
1178	340
1178	339
1172	339
1172	340
1166	340
1166	341
1164	341
1164	342
1163	342
1163	343
1162	343
1162	344
1160	344
1160	345
1158	345
1158	346
1155	346
1155	345
1152	345
1152	346
1141	346
1141	345
1138	345
1138	344
1133	344
1133	345
1132	345
1132	346
1129	346
1129	347
1128	347
1128	348
1126	348
1126	350
1125	350
1125	351
1123	351
1123	353
1122	353
1122	355
1121	355
1121	356
1120	356
1120	359
1118	359
1118	360
1117	360
1117	361
1116	361
1116	362
1114	362
1114	363
1107	363
1107	364
1101	364
1101	365
1097	365
1097	364
1090	364
1090	363
1089	363
1089	362
1087	362
1087	363
1086	363
1086	362
1082	362
1082	361
1079	361
1079	360
1076	360
1076	359
1072	359
1072	357
1063	357
1063	356
1062	356
1062	355
1060	355
1060	353
1058	353
1058	352
1056	352
1056	351
1054	351
1054	350
1051	350
1051	349
1049	349
1049	348
1047	348
1047	347
1046	347
1046	345
1043	345
1043	344
1042	344
1042	343
1041	343
1041	342
1040	342
1040	341
1038	341
1038	340
1036	340
1036	339
1035	339
1035	338
1034	338
1034	337
1031	337
1031	336
1028	336
1028	335
1026	335
1026	334
1024	334
1024	335
1023	335
1023	334
1020	334
1020	335
1017	335
1017	336
1013	336
1013	335
1007	335
1007	336
1005	336
1005	337
1004	337
1004	338
1003	338
1003	339
1002	339
1002	341
1001	341
1001	343
1000	343
1000	345
998	345
998	348
996	348
996	351
995	351
995	358
994	358
994	359
993	359
993	360
992	360
992	367
991	367
991	373
990	373
990	380
989	380
989	382
988	382
988	383
987	383
987	384
986	384
986	385
985	385
985	386
984	386
984	387
983	387
983	388
982	388
982	387
980	387
980	388
978	388
978	390
977	390
977	391
976	391
976	392
975	392
975	394
974	394
974	395
973	395
973	396
971	396
971	397
961	397
961	398
953	398
953	399
952	399
952	398
950	398
950	399
944	399
944	400
939	400
939	401
936	401
936	402
934	402
934	403
932	403
932	404
928	404
928	405
926	405
926	404
923	404
923	405
919	405
919	406
918	406
918	407
917	407
917	408
915	408
915	409
913	409
913	411
908	411
908	412
905	412
905	411
900	411
900	410
895	410
895	411
892	411
892	412
890	412
890	411
888	411
888	410
882	410
882	411
875	411
875	412
873	412
873	411
870	411
870	410
866	410
866	409
864	409
864	410
863	410
863	409
861	409
861	410
860	410
860	409
858	409
858	408
856	408
856	407
855	407
855	404
854	404
854	403
853	403
853	400
852	400
852	398
851	398
851	397
850	397
850	395
849	395
849	394
848	394
848	392
847	392
847	390
846	390
846	389
845	389
845	388
844	388
844	385
843	385
843	384
842	384
842	382
841	382
841	380
840	380
840	378
839	378
839	377
834	377
834	376
832	376
832	375
831	375
831	372
828	372
828	370
827	370
827	369
826	369
826	368
825	368
825	367
816	367
816	366
815	366
815	367
814	367
814	366
810	366
810	365
808	365
808	364
807	364
807	363
804	363
804	362
803	362
803	361
802	361
802	360
801	360
801	359
800	359
800	358
799	358
799	357
797	357
797	356
790	356
790	355
788	355
788	354
786	354
786	351
785	351
785	349
784	349
784	348
782	348
782	334
781	334
781	333
782	333
782	331
781	331
781	317
780	317
780	316
781	316
781	314
780	314
780	313
781	313
781	312
780	312
780	308
781	308
781	298
780	298
780	297
779	297
779	294
778	294
778	293
777	293
777	292
776	292
776	291
775	291
775	289
774	289
774	287
773	287
773	285
772	285
772	281
773	281
773	278
772	278
772	256
771	256
771	254
770	254
770	249
769	249
769	248
770	248
770	246
769	246
769	242
768	242
768	238
769	238
769	235
768	235
768	234
769	234
769	233
770	233
770	229
771	229
771	227
772	227
772	224
771	224
771	223
768	223
768	221
767	221
767	219
765	219
765	218
760	218
760	216
758	216
758	215
757	215
757	213
756	213
756	211
754	211
754	209
752	209
752	208
745	208
745	209
742	209
742	210
734	210
734	211
728	211
728	212
727	212
727	213
725	213
725	214
723	214
723	215
715	215
715	216
714	216
714	215
709	215
709	214
708	214
708	213
707	213
707	211
703	211
703	210
702	210
702	211
701	211
701	212
699	212
699	211
696	211
696	209
694	209
694	208
692	208
692	207
691	207
691	205
688	205
688	206
681	206
681	207
677	207
677	206
675	206
675	205
674	205
674	206
673	206
673	205
663	205
663	204
662	204
662	203
660	203
660	201
659	201
659	200
647	200
647	201
646	201
646	200
645	200
645	201
642	201
642	200
633	200
633	199
631	199
631	198
627	198
627	196
626	196
626	195
624	195
624	194
623	194
623	192
622	192
622	191
618	191
618	189
616	189
616	188
615	188
615	187
614	187
614	186
613	186
613	185
612	185
612	184
611	184
611	183
610	183
610	181
609	181
609	180
607	180
607	179
605	179
605	176
601	176
601	174
602	174
602	173
601	173
601	172
600	172
600	171
599	171
599	170
598	170
598	169
597	169
597	168
596	168
596	167
595	167
595	168
593	168
593	167
589	167
589	166
584	166
584	167
582	167
582	166
581	166
581	167
575	167
575	168
573	168
573	165
572	165
572	161
573	161
573	159
572	159
572	158
573	158
573	155
572	155
572	145
571	145
571	138
570	138
570	134
571	134
571	133
570	133
570	132
569	132
569	131
568	131
568	130
567	130
567	128
566	128
566	127
565	127
565	125
564	125
564	123
563	123
563	122
562	122
562	120
561	120
561	119
560	119
560	117
558	117
558	116
556	116
556	115
552	115
552	114
550	114
550	113
549	113
549	112
545	112
545	111
543	111
543	112
541	112
541	113
539	113
539	114
533	114
533	115
532	115
532	114
531	114
531	115
524	115
524	116
523	116
523	115
521	115
521	114
518	114
518	113
513	113
513	114
507	114
507	115
506	115
506	117
505	117
505	121
504	121
504	125
503	125
503	127
504	127
504	131
503	131
503	134
501	134
501	135
499	135
499	136
497	136
497	135
496	135
496	136
491	136
491	137
490	137
490	136
488	136
488	137
484	137
484	138
480	138
480	139
479	139
479	140
478	140
478	141
476	141
476	143
475	143
475	144
474	144
474	146
473	146
473	148
472	148
472	149
471	149
471	152
470	152
470	155
469	155
469	161
468	161
468	163
467	163
467	171
468	171
468	185
467	185
467	186
466	186
466	189
467	189
467	192
468	192
468	196
469	196
469	198
468	198
468	205
467	205
467	206
468	206
468	207
469	207
469	211
468	211
468	213
469	213
469	215
467	215
467	217
465	217
465	218
458	218
458	219
456	219
456	220
454	220
454	221
451	221
451	222
450	222
450	223
446	223
446	224
444	224
444	225
443	225
443	226
436	226
436	225
435	225
435	226
433	226
433	225
432	225
432	226
426	226
426	225
425	225
425	226
424	226
424	225
423	225
423	226
418	226
418	225
416	225
416	226
412	226
412	225
411	225
411	226
408	226
408	225
407	225
407	223
406	223
406	222
404	222
404	221
403	221
403	220
402	220
402	219
400	219
400	218
398	218
398	217
399	217
399	216
397	216
397	215
393	215
393	214
392	214
392	212
390	212
390	211
388	211
388	209
387	209
387	207
386	207
386	205
385	205
385	204
377	204
377	203
376	203
376	204
373	204
373	203
371	203
371	204
365	204
365	205
362	205
362	204
357	204
357	203
356	203
356	204
352	204
352	205
348	205
348	206
346	206
346	205
332	205
332	206
331	206
331	207
329	207
329	206
328	206
328	205
326	205
326	203
324	203
324	201
315	201
315	202
314	202
314	201
311	201
311	202
302	202
302	203
300	203
300	202
296	202
296	201
295	201
295	202
294	202
294	201
289	201
289	200
287	200
287	201
276	201
276	200
275	200
275	199
271	199
271	198
266	198
266	197
264	197
264	196
263	196
263	197
261	197
261	198
259	198
259	197
256	197
256	198
252	198
252	197
246	197
246	198
242	198
242	197
233	197
233	196
232	196
232	195
231	195
231	194
228	194
228	193
227	193
227	192
226	192
226	189
223	189
223	187
222	187
222	186
221	186
221	185
220	185
220	184
219	184
219	183
218	183
218	182
217	182
217	181
216	181
216	180
215	180
215	179
214	179
214	177
213	177
213	176
212	176
212	174
211	174
211	173
210	173
210	172
209	172
209	171
208	171
208	170
207	170
207	169
202	169
202	170
198	170
198	169
186	169
186	168
185	168
185	167
183	167
183	165
182	165
182	164
180	164
180	161
177	161
177	160
175	160
175	158
174	158
174	157
172	157
172	156
166	156
166	157
157	157
157	158
151	158
151	159
148	159
148	158
147	158
147	159
142	159
142	160
125	160
125	158
123	158
123	159
122	159
122	160
121	160
121	162
122	162
122	166
123	166
123	167
124	167
124	168
132	168
132	169
134	169
134	168
138	168
138	169
146	169
146	168
148	168
148	167
151	167
151	168
152	168
152	167
153	167
153	166
156	166
156	167
158	167
158	166
163	166
163	165
169	165
169	166
170	166
170	165
171	165
171	166
172	166
172	167
174	167
174	168
173	168
173	169
176	169
176	170
177	170
177	171
178	171
178	172
179	172
179	173
182	173
182	175
183	175
183	176
184	176
184	177
185	177
185	178
191	178
191	177
196	177
196	178
204	178
204	179
206	179
206	181
208	181
208	182
209	182
209	184
211	184
211	186
212	186
212	187
213	187
213	188
214	188
214	189
215	189
215	190
216	190
216	191
217	191
217	192
219	192
219	193
220	193
220	194
221	194
221	195
222	195
222	196
223	196
223	197
224	197
224	198
225	198
225	199
226	199
226	200
227	200
227	201
228	201
228	202
229	202
229	204
230	204
230	205
231	205
231	206
246	206
246	205
250	205
250	206
251	206
251	205
254	205
254	206
255	206
255	207
257	207
257	206
264	206
264	207
266	207
266	206
272	206
272	207
273	207
273	209
296	209
296	210
300	210
300	211
302	211
302	210
303	210
303	211
308	211
308	210
312	210
312	211
315	211
315	210
321	210
321	211
323	211
323	212
325	212
325	213
329	213
329	214
332	214
332	213
333	213
333	214
344	214
344	213
351	213
351	212
356	212
356	213
357	213
357	212
359	212
359	213
367	213
367	212
373	212
373	213
374	213
374	212
382	212
382	213
383	213
383	214
387	214
387	217
389	217
389	218
391	218
391	219
392	219
392	220
394	220
394	221
395	221
395	222
396	222
396	223
397	223
397	224
398	224
398	225
400	225
400	227
401	227
401	229
402	229
402	230
403	230
403	231
404	231
404	232
405	232
405	234
408	234
408	235
415	235
415	234
416	234
416	235
418	235
418	234
420	234
420	235
424	235
424	234
426	234
426	235
427	235
427	234
434	234
434	233
439	233
439	234
441	234
441	233
444	233
444	232
446	232
446	231
450	231
450	229
451	229
451	228
456	228
456	227
459	227
459	226
461	226
461	227
462	227
462	225
472	225
472	224
476	224
476	223
477	223
477	222
479	222
479	219
480	219
480	217
479	217
479	215
477	215
477	212
476	212
476	210
475	210
475	206
474	206
474	201
475	201
475	195
476	195
476	193
475	193
475	191
476	191
476	188
475	188
475	181
476	181
476	180
475	180
475	179
476	179
476	177
475	177
475	173
476	173
476	172
475	172
475	170
474	170
474	169
475	169
475	164
474	164
474	163
475	163
475	161
476	161
476	158
477	158
477	155
476	155
476	154
477	154
477	153
478	153
478	152
479	152
479	151
480	151
480	149
481	149
481	147
484	147
484	146
485	146
485	147
486	147
486	146
488	146
488	145
494	145
494	144
497	144
497	145
499	145
499	144
505	144
505	143
506	143
506	141
508	141
508	139
509	139
509	137
510	137
510	131
511	131
511	128
510	128
510	127
511	127
511	123
515	123
515	122
520	122
520	123
521	123
521	124
538	124
538	123
541	123
541	122
542	122
542	121
544	121
544	120
545	120
545	119
547	119
547	120
549	120
549	121
550	121
550	123
552	123
552	125
553	125
553	126
554	126
554	127
555	127
555	128
556	128
556	129
557	129
557	130
559	130
559	132
560	132
560	134
561	134
561	136
562	136
562	138
563	138
563	144
564	144
564	147
565	147
565	159
564	159
564	160
563	160
563	161
564	161
564	162
563	162
563	163
564	163
564	166
566	166
566	168
567	168
567	169
568	169
568	170
570	170
570	173
571	173
571	175
573	175
573	176
579	176
579	175
590	175
590	176
595	176
595	177
596	177
596	178
598	178
598	180
600	180
600	181
601	181
601	182
602	182
602	183
603	183
603	184
604	184
604	185
605	185
605	186
606	186
606	187
607	187
607	188
608	188
608	189
609	189
609	190
611	190
611	191
612	191
612	193
614	193
614	194
615	194
615	195
616	195
616	197
617	197
617	198
618	198
618	199
619	199
619	200
620	200
620	202
622	202
622	203
623	203
623	204
624	204
624	206
628	206
628	207
629	207
629	206
630	206
630	208
632	208
632	207
634	207
634	208
638	208
638	209
639	209
639	208
656	208
656	209
659	209
659	210
660	210
660	211
661	211
661	213
663	213
663	214
670	214
670	213
673	213
673	214
674	214
674	213
675	213
675	214
679	214
679	215
680	215
680	214
682	214
682	215
684	215
684	214
688	214
688	215
693	215
693	216
694	216
694	217
695	217
695	218
696	218
696	219
705	219
705	220
706	220
706	219
707	219
707	220
708	220
708	221
709	221
709	222
710	222
710	223
712	223
712	224
715	224
715	223
716	223
716	224
717	224
717	223
719	223
719	222
725	222
725	221
729	221
729	220
732	220
732	219
734	219
734	218
739	218
739	217
740	217
740	218
741	218
741	217
742	217
742	218
743	218
743	217
747	217
747	216
752	216
752	217
754	217
754	219
755	219
755	220
756	220
756	221
757	221
757	222
758	222
758	223
759	223
759	225
760	225
760	226
762	226
762	227
763	227
763	229
762	229
762	238
761	238
761	242
762	242
762	250
763	250
763	252
764	252
764	256
765	256
765	261
766	261
766	272
765	272
765	275
766	275
766	284
767	284
767	285
766	285
766	286
767	286
767	293
768	293
768	294
769	294
769	295
770	295
770	296
771	296
771	298
773	298
773	300
774	300
774	302
773	302
773	305
774	305
774	319
775	319
775	327
774	327
774	329
775	329
775	335
776	335
776	337
775	337
775	346
774	346
774	350
775	350
775	351
776	351
776	352
777	352
777	353
778	353
778	354
779	354
779	356
780	356
780	358
781	358
781	360
782	360
782	361
783	361
783	363
784	363
784	364
785	364
785	365
796	365
796	366
800	366
800	369
801	369
801	370
802	370
802	374
803	374
803	375
805	375
805	376
819	376
819	377
827	377
827	378
828	378
828	379
829	379
829	380
830	380
830	381
831	381
831	382
832	382
832	384
833	384
833	385
835	385
835	386
836	386
836	387
837	387
837	389
838	389
838	391
839	391
839	394
840	394
840	396
841	396
841	398
842	398
842	399
843	399
843	401
844	401
844	403
845	403
845	405
846	405
846	407
847	407
847	408
848	408
848	410
849	410
849	411
850	411
850	412
851	412
851	413
852	413
852	414
853	414
853	415
854	415
854	416
856	416
856	417
857	417
857	418
868	418
868	419
872	419
872	420
891	420
891	419
894	419
894	418
904	418
904	419
905	419
905	418
913	418
913	417
914	417
914	416
916	416
916	415
918	415
918	414
920	414
920	413
921	413
921	412
923	412
923	411
933	411
933	410
938	410
938	409
942	409
942	408
943	408
943	407
948	407
948	406
952	406
952	407
953	407
953	406
955	406
955	407
956	407
956	405
958	405
958	406
959	406
959	405
968	405
968	406
969	406
969	405
970	405
970	406
971	406
971	405
974	405
974	404
976	404
976	402
977	402
977	401
978	401
978	400
979	400
979	398
980	398
980	397
982	397
982	396
984	396
984	395
986	395
986	394
987	394
987	393
990	393
990	391
991	391
991	389
992	389
992	387
994	387
994	385
995	385
995	383
996	383
996	382
997	382
997	379
998	379
998	378
999	378
999	377
1000	377
1000	375
999	375
999	374
1000	374
1000	373
999	373
999	365
1000	365
1000	361
1001	361
1001	359
1002	359
1002	357
1001	357
1001	356
1002	356
1002	353
1003	353
1003	352
1004	352
1004	349
1005	349
1005	348
1006	348
1006	346
1007	346
1007	345
1008	345
1008	344
1011	344
1011	343
1016	343
1016	344
1017	344
1017	343
1020	343
1020	344
1021	344
1021	343
1024	343
1024	344
1027	344
1027	345
1029	345
1029	346
1032	346
1032	347
1033	347
1033	348
1035	348
1035	349
1036	349
1036	350
1037	350
1037	351
1039	351
1039	352
1040	352
1040	353
1038	353
1038	354
1040	354
1040	353
1041	353
1041	354
1044	354
1044	355
1045	355
1045	356
1046	356
1046	357
1048	357
1048	359
1051	359
1051	360
1055	360
1055	361
1056	361
1056	360
1057	360
1057	361
1059	361
1059	362
1060	362
1060	363
1062	363
1062	364
1063	364
1063	365
1064	365
1064	366
1068	366
1068	367
1069	367
1069	366
1072	366
1072	367
1073	367
1073	366
1074	366
1074	367
1076	367
1076	368
1079	368
1079	369
1083	369
1083	370
1085	370
1085	371
1087	371
1087	370
1088	370
1088	371
1092	371
1092	372
1094	372
1094	373
1100	373
1100	374
1101	374
1101	373
1105	373
1105	372
1106	372
1106	373
1108	373
1108	372
1110	372
1110	371
1112	371
1112	372
1113	372
1113	371
1114	371
1114	370
1116	370
1116	369
1117	369
1117	368
1118	368
1118	367
1120	367
1120	366
1122	366
1122	365
1123	365
1123	364
1124	364
1124	363
1125	363
1125	361
1126	361
1126	360
1127	360
1127	357
1128	357
1128	355
1129	355
1129	356
1130	356
1130	355
1131	355
1131	354
1134	354
1134	352
1137	352
1137	353
1141	353
1141	354
1152	354
1152	355
1154	355
1154	354
1161	354
1161	353
1162	353
1162	352
1163	352
1163	351
1165	351
1165	350
1167	350
1167	349
1168	349
1168	348
1174	348
1174	350
1175	350
1175	351
1176	351
1176	353
1177	353
1177	355
1178	355
1178	357
1179	357
1179	358
1180	358
1180	360
1181	360
1181	361
1182	361
1182	364
1183	364
1183	375
1182	375
1182	379
1183	379
1183	380
1182	380
1587	401
1588	401
1588	402
1589	402
1589	406
1588	406
1588	407
1589	407
1589	408
1588	408
1588	409
1589	409
1589	414
1588	414
1588	416
1589	416
1589	422
1590	422
1590	425
1591	425
1591	426
1590	426
1590	427
1589	427
1589	428
1588	428
1588	429
1587	429
1587	430
1579	430
1579	431
1576	431
1576	430
1573	430
1573	431
1572	431
1572	430
1567	430
1567	429
1566	429
1566	428
1565	428
1565	427
1564	427
1564	426
1563	426
1563	427
1559	427
1559	424
1558	424
1558	423
1557	423
1557	422
1555	422
1555	421
1553	421
1553	419
1550	419
1550	416
1546	416
1546	417
1545	417
1545	416
1544	416
1544	415
1543	415
1543	414
1542	414
1542	413
1541	413
1541	412
1542	412
1542	410
1541	410
1541	409
1540	409
1540	408
1539	408
1539	409
1536	409
1536	408
1532	408
1532	409
1531	409
1531	408
1522	408
1522	407
1521	407
1521	406
1520	406
1520	405
1519	405
1519	404
1517	404
1517	402
1516	402
1516	401
1515	401
1515	398
1514	398
1514	394
1513	394
1513	391
1512	391
1512	387
1511	387
1511	386
1510	386
1510	385
1509	385
1509	384
1508	384
1508	383
1507	383
1507	382
1505	382
1505	381
1503	381
1503	380
1502	380
1502	379
1498	379
1498	378
1493	378
1493	379
1492	379
1492	381
1490	381
1490	382
1489	382
1489	383
1488	383
1488	384
1479	384
1479	385
1477	385
1477	384
1474	384
1474	386
1473	386
1473	387
1472	387
1472	388
1471	388
1471	389
1470	389
1470	390
1471	390
1471	392
1472	392
1472	393
1473	393
1473	395
1474	395
1474	399
1475	399
1475	401
1476	401
1476	404
1477	404
1477	412
1478	412
1478	414
1477	414
1477	417
1476	417
1476	418
1475	418
1475	421
1473	421
1473	422
1472	422
1472	423
1471	423
1471	425
1470	425
1470	426
1469	426
1469	429
1468	429
1468	430
1467	430
1467	434
1468	434
1468	435
1467	435
1467	439
1468	439
1468	445
1467	445
1467	446
1468	446
1468	451
1467	451
1467	452
1468	452
1468	454
1467	454
1467	455
1466	455
1466	456
1465	456
1465	457
1464	457
1464	458
1463	458
1463	459
1461	459
1461	461
1459	461
1459	462
1457	462
1457	463
1456	463
1456	465
1455	465
1455	466
1454	466
1454	468
1452	468
1452	469
1450	469
1450	470
1449	470
1449	471
1450	471
1450	472
1449	472
1449	475
1445	475
1445	476
1443	476
1443	477
1442	477
1442	478
1441	478
1441	485
1434	485
1434	486
1431	486
1431	485
1425	485
1425	484
1414	484
1414	483
1410	483
1410	482
1406	482
1406	481
1402	481
1402	480
1401	480
1401	481
1385	481
1385	482
1378	482
1378	483
1371	483
1371	484
1368	484
1368	483
1366	483
1366	484
1362	484
1362	483
1361	483
1361	484
1355	484
1355	485
1350	485
1350	486
1349	486
1349	485
1348	485
1348	486
1341	486
1341	487
1330	487
1330	488
1328	488
1328	487
1327	487
1327	486
1326	486
1326	487
1325	487
1325	489
1324	489
1324	488
1323	488
1323	487
1322	487
1322	485
1321	485
1321	484
1318	484
1318	483
1317	483
1317	484
1314	484
1314	485
1311	485
1311	484
1310	484
1310	483
1308	483
1308	479
1305	479
1305	478
1304	478
1304	477
1298	477
1298	478
1292	478
1292	479
1291	479
1291	480
1289	480
1289	481
1285	481
1285	482
1283	482
1283	483
1282	483
1282	484
1280	484
1280	485
1275	485
1275	484
1269	484
1269	482
1268	482
1268	483
1264	483
1264	484
1263	484
1263	483
1260	483
1260	484
1259	484
1259	483
1252	483
1252	484
1251	484
1251	483
1250	483
1250	484
1249	484
1249	485
1248	485
1248	484
1245	484
1245	483
1237	483
1237	484
1236	484
1236	483
1235	483
1235	484
1225	484
1225	485
1222	485
1222	484
1220	484
1220	485
1208	485
1208	486
1207	486
1207	485
1206	485
1206	486
1205	486
1205	485
1204	485
1204	486
1199	486
1199	485
1197	485
1197	486
1193	486
1193	485
1192	485
1192	484
1189	484
1189	485
1187	485
1187	471
1186	471
1186	464
1185	464
1185	462
1186	462
1186	461
1185	461
1185	454
1184	454
1184	452
1185	452
1185	451
1184	451
1184	449
1185	449
1185	447
1184	447
1184	446
1183	446
1183	442
1182	442
1182	437
1181	437
1181	432
1180	432
1180	427
1179	427
1179	424
1178	424
1178	418
1177	418
1177	410
1178	410
1178	408
1174	408
1174	409
1173	409
1173	411
1174	411
1174	412
1173	412
1173	413
1174	413
1174	419
1175	419
1175	424
1176	424
1176	434
1177	434
1177	443
1178	443
1178	448
1179	448
1179	456
1180	456
1180	459
1179	459
1179	460
1180	460
1180	464
1181	464
1181	476
1182	476
1182	477
1181	477
1181	479
1182	479
1182	480
1181	480
1181	492
1184	492
1184	493
1198	493
1198	494
1202	494
1202	493
1203	493
1203	494
1205	494
1205	493
1211	493
1211	494
1212	494
1212	493
1217	493
1217	492
1228	492
1228	493
1229	493
1229	492
1238	492
1238	491
1241	491
1241	492
1244	492
1244	491
1249	491
1249	492
1254	492
1254	491
1258	491
1258	492
1276	492
1276	493
1278	493
1278	492
1282	492
1282	491
1284	491
1284	490
1286	490
1286	489
1288	489
1288	488
1290	488
1290	487
1300	487
1300	486
1301	486
1301	485
1302	485
1302	486
1305	486
1305	487
1307	487
1307	488
1309	488
1309	489
1311	489
1311	490
1312	490
1312	491
1317	491
1317	492
1320	492
1320	493
1321	493
1321	494
1323	494
1323	495
1324	495
1324	496
1328	496
1328	495
1331	495
1331	496
1340	496
1340	495
1342	495
1342	494
1349	494
1349	493
1356	493
1356	494
1357	494
1357	493
1362	493
1362	492
1375	492
1375	491
1378	491
1378	490
1384	490
1384	489
1386	489
1386	490
1387	490
1387	489
1388	489
1388	488
1389	488
1389	489
1393	489
1393	490
1399	490
1399	489
1401	489
1401	490
1404	490
1404	491
1406	491
1406	490
1410	490
1410	491
1415	491
1415	492
1416	492
1416	491
1419	491
1419	492
1421	492
1421	493
1423	493
1423	492
1424	492
1424	493
1426	493
1426	494
1428	494
1428	493
1433	493
1433	494
1438	494
1438	495
1440	495
1440	496
1444	496
1444	495
1446	495
1446	494
1447	494
1447	491
1448	491
1448	490
1449	490
1449	487
1450	487
1450	485
1453	485
1453	484
1454	484
1454	481
1455	481
1455	480
1456	480
1456	477
1457	477
1457	473
1458	473
1458	472
1460	472
1460	471
1461	471
1461	470
1462	470
1462	468
1464	468
1464	467
1466	467
1466	466
1467	466
1467	465
1469	465
1469	464
1470	464
1470	462
1472	462
1472	461
1473	461
1473	459
1474	459
1474	457
1475	457
1475	450
1476	450
1476	449
1475	449
1475	448
1474	448
1474	445
1475	445
1475	442
1474	442
1474	439
1475	439
1475	431
1476	431
1476	430
1477	430
1477	429
1478	429
1478	428
1479	428
1479	425
1480	425
1480	423
1481	423
1481	421
1482	421
1482	420
1483	420
1483	418
1484	418
1484	415
1485	415
1485	412
1484	412
1484	408
1483	408
1483	405
1484	405
1484	404
1485	404
1485	402
1484	402
1484	400
1483	400
1483	399
1482	399
1482	398
1481	398
1481	393
1480	393
1480	392
1491	392
1491	391
1492	391
1492	390
1493	390
1493	389
1494	389
1494	387
1498	387
1498	388
1500	388
1500	389
1502	389
1502	390
1504	390
1504	391
1505	391
1505	393
1506	393
1506	394
1507	394
1507	396
1508	396
1508	398
1509	398
1509	401
1510	401
1510	404
1511	404
1511	407
1512	407
1512	410
1513	410
1513	412
1514	412
1514	413
1518	413
1518	415
1520	415
1520	416
1524	416
1524	417
1526	417
1526	416
1527	416
1527	417
1534	417
1534	416
1535	416
1535	417
1540	417
1540	418
1541	418
1541	417
1544	417
1544	418
1545	418
1545	421
1546	421
1546	423
1548	423
1548	424
1549	424
1549	425
1550	425
1550	427
1553	427
1553	428
1554	428
1554	429
1555	429
1555	430
1558	430
1558	432
1561	432
1561	434
1564	434
1564	436
1565	436
1565	438
1568	438
1568	439
1586	439
1586	438
1588	438
1588	437
1590	437
1590	436
1591	436
1591	435
1592	435
1592	434
1593	434
1593	433
1594	433
1594	430
1595	430
1595	429
1596	429
1596	428
1597	428
1597	426
1598	426
1598	425
1597	425
1597	424
1596	424
1596	422
1600	422
1600	420
1601	420
1601	419
1602	419
1602	417
1603	417
1603	416
1604	416
1604	415
1606	415
1606	413
1608	413
1608	410
1609	410
1609	407
1610	407
1610	406
1611	406
1611	405
1613	405
1613	403
1614	403
1614	401
1615	401
1615	400
1616	400
1616	399
1617	399
1617	398
1619	398
1619	395
1620	395
1620	390
1621	390
1621	388
1622	388
1622	386
1623	386
1623	385
1624	385
1624	386
1627	386
1627	388
1629	388
1629	390
1630	390
1630	392
1631	392
1631	394
1632	394
1632	397
1633	397
1633	399
1634	399
1634	403
1635	403
1635	405
1636	405
1636	409
1637	409
1637	413
1638	413
1638	416
1639	416
1639	417
1640	417
1640	422
1641	422
1641	423
1642	423
1642	425
1643	425
1643	427
1644	427
1644	429
1645	429
1645	430
1646	430
1646	432
1647	432
1647	435
1648	435
1648	437
1650	437
1650	438
1651	438
1651	439
1652	439
1652	440
1659	440
1659	439
1665	439
1665	438
1672	438
1672	439
1678	439
1678	440
1691	440
1691	439
1692	439
1692	440
1701	440
1701	439
1718	439
1718	438
1726	438
1726	437
1730	437
1730	436
1732	436
1732	435
1735	435
1735	431
1736	431
1736	430
1737	430
1737	428
1738	428
1738	426
1739	426
1739	424
1740	424
1740	423
1741	423
1741	422
1743	422
1743	421
1745	421
1745	420
1746	420
1746	419
1748	419
1748	418
1750	418
1750	416
1752	416
1752	415
1753	415
1753	414
1755	414
1755	413
1756	413
1756	412
1758	412
1758	411
1762	411
1762	410
1764	410
1764	409
1767	409
1767	408
1768	408
1768	407
1770	407
1770	406
1771	406
1771	405
1772	405
1772	404
1774	404
1774	403
1775	403
1775	402
1777	402
1777	401
1780	401
1780	399
1782	399
1782	398
1784	398
1784	397
1786	397
1786	396
1787	396
1787	395
1790	395
1790	394
1791	394
1791	392
1794	392
1794	391
1795	391
1795	390
1798	390
1798	389
1807	389
1807	388
1812	388
1812	387
1815	387
1815	386
1817	386
1817	385
1819	385
1819	384
1820	384
1820	383
1823	383
1823	382
1824	382
1824	381
1826	381
1826	380
1828	380
1828	379
1830	379
1830	378
1832	378
1832	377
1834	377
1834	376
1839	376
1839	375
1846	375
1846	374
1849	374
1849	373
1850	373
1850	371
1852	371
1852	370
1854	370
1854	369
1856	369
1856	368
1858	368
1858	367
1861	367
1861	368
1862	368
1862	370
1865	370
1865	372
1866	372
1866	373
1867	373
1867	374
1868	374
1868	375
1869	375
1869	376
1871	376
1871	377
1874	377
1874	376
1877	376
1877	377
1885	377
1885	378
1887	378
1887	379
1891	379
1891	378
1892	378
1892	379
1893	379
1893	380
1894	380
1894	382
1895	382
1895	383
1896	383
1896	385
1897	385
1897	386
1898	386
1898	387
1899	387
1899	389
1901	389
1901	391
1902	391
1902	392
1904	392
1904	395
1905	395
1905	399
1906	399
1906	402
1907	402
1907	410
1908	410
1908	412
1907	412
1907	420
1906	420
1906	427
1905	427
1905	432
1904	432
1904	433
1905	433
1905	444
1906	444
1906	453
1907	453
1907	463
1906	463
1906	466
1905	466
1905	467
1906	467
1906	468
1909	468
1909	469
1928	469
1928	470
1929	470
1929	469
1936	469
1936	468
1937	468
1937	467
1940	467
1940	466
1945	466
1945	467
1952	467
1952	466
1965	466
1965	465
1966	465
1966	464
1967	464
1967	463
1968	463
1968	462
1970	462
1970	461
1973	461
1973	459
1977	459
1977	458
1980	458
1980	457
1983	457
1983	456
1986	456
1986	455
1990	455
1990	454
2000	454
2000	453
2004	453
2004	452
2012	452
2012	453
2014	453
2014	452
2016	452
2016	451
2017	451
2017	452
2021	452
2021	451
2034	451
2034	450
2038	450
2038	449
2041	449
2041	450
2042	450
2042	449
2046	449
2046	450
2047	450
2047	449
2050	449
2050	448
2053	448
2053	449
2054	449
2054	448
2060	448
2060	447
2063	447
2063	448
2065	448
2065	449
2067	449
2067	450
2072	450
2072	451
2074	451
2074	452
2077	452
2077	453
2079	453
2079	454
2080	454
2080	455
2082	455
2082	456
2085	456
2085	457
2088	457
2088	458
2092	458
2092	459
2094	459
2094	460
2095	460
2095	461
2099	461
2099	462
2103	462
2103	463
2104	463
2104	464
2122	464
2122	463
2124	463
2124	464
2130	464
2130	465
2131	465
2131	466
2132	466
2132	467
2136	467
2136	468
2137	468
2137	467
2140	467
2140	468
2141	468
2141	467
2142	467
2142	468
2146	468
2146	469
2147	469
2147	468
2149	468
2149	469
2150	469
2150	467
2152	467
2152	468
2159	468
2159	469
2160	469
2160	468
2164	468
2164	469
2165	469
2165	468
2170	468
2170	469
2173	469
2173	468
2174	468
2174	467
2175	467
2175	464
2176	464
2176	462
2175	462
2175	460
2176	460
2176	458
2177	458
2177	455
2178	455
2178	454
2179	454
2179	453
2180	453
2180	452
2181	452
2181	451
2185	451
2185	450
2197	450
2197	449
2198	449
2198	450
2199	450
2199	449
2207	449
2207	448
2217	448
2217	447
2219	447
2219	446
2223	446
2223	445
2226	445
2226	444
2228	444
2228	443
2230	443
2230	442
2232	442
2232	441
2233	441
2233	440
2234	440
2234	439
2236	439
2236	438
2237	438
2237	435
2238	435
2238	434
2239	434
2239	432
2240	432
2240	431
2241	431
2241	426
2242	426
2242	423
2243	423
2243	421
2244	421
2244	419
2246	419
2246	418
2247	418
2247	416
2248	416
2248	414
2250	414
2250	413
2251	413
2251	412
2253	412
2253	411
2254	411
2254	410
2256	410
2256	409
2257	409
2257	407
2259	407
2259	405
2261	405
2261	404
2264	404
2264	403
2265	403
2265	402
2266	402
2266	401
2269	401
2269	400
2273	400
2273	399
2277	399
2277	397
2278	397
2278	396
2282	396
2282	395
2284	395
2284	394
2286	394
2286	393
2292	393
2292	392
2294	392
2294	391
2300	391
2300	390
2304	390
2304	389
2314	389
2314	388
2315	388
2315	389
2323	389
2323	388
2324	388
2324	389
2326	389
2326	388
2327	388
2327	389
2335	389
2335	388
2339	388
2339	387
2342	387
2342	388
2348	388
2348	389
2350	389
2350	390
2352	390
2352	391
2354	391
2354	392
2356	392
2356	393
2358	393
2358	394
2359	394
2359	395
2362	395
2362	396
2363	396
2363	397
2364	397
2364	398
2366	398
2366	399
2368	399
2368	401
2371	401
2371	403
2373	403
2373	405
2374	405
2374	406
2375	406
2375	408
2376	408
2376	409
2378	409
2378	410
2379	410
2379	412
2380	412
2380	413
2381	413
2381	414
2383	414
2383	415
2384	415
2384	416
2385	416
2385	417
2386	417
2386	418
2388	418
2388	420
2390	420
2390	421
2391	421
2391	422
2393	422
2393	423
2394	423
2394	424
2395	424
2395	425
2396	425
2396	426
2397	426
2397	427
2398	427
2398	426
2401	426
2401	427
2404	427
2404	426
2405	426
2405	427
2406	427
2406	426
2412	426
2412	427
2413	427
2413	426
2416	426
2416	427
2417	427
2417	426
2418	426
2418	427
2421	427
2421	428
2423	428
2423	427
2424	427
2424	428
2434	428
2434	427
2435	427
2435	428
2436	428
2436	427
2437	427
2437	426
2440	426
2440	427
2441	427
2441	426
2442	426
2442	425
2444	425
2444	424
2448	424
2448	425
2449	425
2449	424
2452	424
2452	425
2459	425
2459	426
2464	426
2464	427
2466	427
2466	426
2468	426
2468	427
2469	427
2469	426
2472	426
2472	427
2476	427
2476	428
2484	428
2484	429
2485	429
2485	428
2486	428
2486	429
2487	429
2487	430
2490	430
2490	431
2494	431
2494	432
2498	432
2498	433
2505	433
2505	434
2508	434
2508	435
2510	435
2510	436
2514	436
2514	437
2518	437
2518	438
2521	438
2521	439
2524	439
2524	440
2529	440
2529	442
2533	442
2533	443
2535	443
2535	444
2546	444
2546	443
2548	443
2548	442
2554	442
2554	441
2559	441
2559	440
2566	440
2566	439
2567	439
2567	440
2571	440
2571	439
2574	439
2574	438
2575	438
2575	436
2577	436
2577	435
2578	435
2578	434
2580	434
2580	433
2581	433
2581	432
2582	432
2582	431
2583	431
2583	430
2588	430
2588	429
2589	429
2589	430
2590	430
2590	429
2591	429
2591	428
2593	428
2593	427
2595	427
2595	426
2598	426
2598	425
2599	425
2599	426
2600	426
2600	425
2602	425
2602	424
2607	424
2607	425
2608	425
2608	426
2610	426
2610	427
2613	427
2613	429
2615	429
2615	430
2616	430
2616	431
2618	431
2618	433
2619	433
2619	434
2620	434
2620	435
2623	435
2623	437
2624	437
2624	440
2625	440
2625	441
2626	441
2626	442
2627	442
2627	444
2628	444
2628	445
2629	445
2629	446
2630	446
2630	449
2631	449
2631	453
2632	453
2632	456
2631	456
2631	457
2632	457
2632	458
2633	458
2633	465
2634	465
2634	468
2635	468
2635	471
2636	471
2636	474
2637	474
2637	477
2638	477
2638	479
2639	479
2639	483
2640	483
2640	486
2641	486
2641	488
2642	488
2642	489
2643	489
2643	490
2644	490
2644	493
2645	493
2645	494
2646	494
2646	496
2647	496
2647	498
2648	498
2648	499
2649	499
2649	501
2650	501
2650	503
2651	503
2651	505
2652	505
2652	506
2653	506
2653	507
2654	507
2654	508
2655	508
2655	509
2657	509
2657	510
2659	510
2659	512
2662	512
2662	513
2663	513
2663	515
2665	515
2665	516
2667	516
2667	517
2669	517
2669	518
2671	518
2671	519
2672	519
2672	520
2674	520
2674	521
2676	521
2676	522
2695	522
2695	521
2697	521
2697	522
2708	522
2708	523
2730	523
2730	522
2736	522
2736	521
2738	521
2738	520
2740	520
2740	519
2741	519
2741	518
2742	518
2742	517
2745	517
2745	515
2747	515
2747	513
2749	513
2749	511
2750	511
2750	510
2751	510
2751	509
2752	509
2752	508
2753	508
2753	506
2754	506
2754	505
2756	505
2756	504
2758	504
2758	502
2759	502
2759	501
2760	501
2760	500
2761	500
2761	499
2762	499
2762	498
2763	498
2763	497
2764	497
2764	496
2765	496
2765	495
2766	495
2766	494
2767	494
2767	493
2769	493
2769	492
2770	492
2770	491
2771	491
2771	490
2773	490
2773	489
2774	489
2774	488
2775	488
2775	487
2777	487
2777	488
2778	488
2778	487
2780	487
2780	486
2781	486
2781	485
2784	485
2784	484
2786	484
2786	483
2789	483
2789	482
2790	482
2790	481
2791	481
2791	480
2792	480
2792	479
2793	479
2793	478
2795	478
2795	475
2796	475
2796	472
2797	472
2797	471
2798	471
2798	470
2800	470
2800	467
2799	467
2799	465
2800	465
2800	464
2802	464
2802	461
2804	461
2804	458
2806	458
2806	457
2808	457
2808	455
2809	455
2809	454
2810	454
2810	453
2812	453
2812	452
2814	452
2814	450
2815	450
2815	449
2816	449
2816	448
2817	448
2817	447
2820	447
2820	446
2821	446
2821	445
2822	445
2822	444
2824	444
2824	443
2826	443
2826	441
2828	441
2828	440
2829	440
2829	439
2830	439
2830	438
2832	438
2832	436
2833	436
2833	435
2835	435
2835	434
2837	434
2837	433
2838	433
2838	432
2839	432
2839	431
2840	431
2840	430
2843	430
2843	429
2846	429
2846	427
2848	427
2848	426
2850	426
2850	425
2854	425
2854	424
2858	424
2858	423
2862	423
2862	422
2865	422
2865	421
2866	421
2866	422
2868	422
2868	421
2872	421
2872	420
2887	420
2887	421
2889	421
2889	420
2892	420
2892	421
2893	421
2893	420
2896	420
2896	421
2898	421
2898	420
2902	420
2902	421
2904	421
2904	420
2912	420
2912	421
2913	421
2913	420
2914	420
2914	421
2948	421
2948	417
2949	417
2949	416
2950	416
2950	413
2949	413
2949	410
2950	410
2950	407
2951	407
2951	406
2950	406
2950	404
2951	404
2951	401
2950	401
2950	399
2952	399
2952	396
2950	396
2950	393
2951	393
2951	384
2952	384
2952	380
2953	380
2953	376
2954	376
2954	372
2955	372
2955	370
2956	370
2956	369
2958	369
2958	368
2960	368
2960	367
2961	367
2961	366
2963	366
2963	365
2965	365
2965	364
2966	364
2966	363
2968	363
2968	361
2970	361
2970	360
2972	360
2972	359
2974	359
2974	358
2975	358
2975	357
2977	357
2977	356
2978	356
2978	354
2980	354
2980	353
2981	353
2981	352
2983	352
2983	351
2984	351
2984	350
2986	350
2986	349
2989	349
2989	348
2990	348
2990	347
3011	347
3011	346
3012	346
3012	347
3019	347
3019	346
3021	346
3021	345
3023	345
3023	346
3024	346
3024	345
3025	345
3025	346
3028	346
3028	347
3029	347
3029	348
3030	348
3030	349
3031	349
3031	350
3032	350
3032	351
3033	351
3033	353
3034	353
3034	354
3035	354
3035	356
3036	356
3036	358
3037	358
3037	360
3038	360
3038	361
3039	361
3039	363
3040	363
3040	364
3041	364
3041	370
3042	370
3042	371
3043	371
3043	373
3044	373
3044	375
3045	375
3045	379
3046	379
3046	381
3047	381
3047	382
3048	382
3048	384
3050	384
3050	385
3051	385
3051	386
3054	386
3054	387
3058	387
3058	388
3060	388
3060	390
3061	390
3061	391
3068	391
3068	392
3070	392
3070	391
3083	391
3083	392
3088	392
3088	391
3089	391
3089	392
3092	392
3092	393
3093	393
3093	394
3098	394
3098	395
3100	395
3100	394
3124	394
3124	393
3126	393
3126	392
3127	392
3127	393
3135	393
3135	392
3136	392
3136	391
3138	391
3138	390
3140	390
3140	389
3142	389
3142	388
3144	388
3144	386
3145	386
3145	385
3148	385
3148	384
3150	384
3150	383
3151	383
3151	381
3152	381
3152	380
3154	380
3154	379
3155	379
3155	377
3156	377
3156	376
3157	376
3157	375
3159	375
3159	372
3160	372
3160	370
3161	370
3161	366
3162	366
3162	363
3163	363
3163	362
3162	362
3162	361
3163	361
3163	357
3164	357
3164	356
3165	356
3165	355
3166	355
3166	352
3167	352
3167	350
3168	350
3168	347
3169	347
3169	346
3170	346
3170	345
3171	345
3171	344
3172	344
3172	343
3173	343
3173	342
3174	342
3174	341
3175	341
3175	340
3178	340
3178	339
3180	339
3180	338
3182	338
3182	337
3184	337
3184	336
3188	336
3188	335
3190	335
3190	336
3191	336
3191	335
3193	335
3193	336
3194	336
3194	335
3197	335
3197	336
3199	336
3199	337
3201	337
3201	339
3202	339
3202	340
3203	340
3203	341
3204	341
3204	342
3205	342
3205	343
3206	343
3206	344
3207	344
3207	345
3208	345
3208	347
3209	347
3209	348
3210	348
3210	349
3211	349
3211	351
3212	351
3212	353
3213	353
3213	356
3214	356
3214	358
3215	358
3215	363
3216	363
3216	366
3217	366
3217	369
3218	369
3218	371
3219	371
3219	373
3220	373
3220	376
3222	376
3222	377
3223	377
3223	379
3224	379
3224	380
3226	380
3226	382
3227	382
3227	383
3228	383
3228	384
3229	384
3229	385
3230	385
3230	386
3231	386
3231	387
3232	387
3232	388
3233	388
3233	389
3234	389
3234	391
3235	391
3235	392
3237	392
3237	394
3238	394
3238	395
3239	395
3239	396
3241	396
3241	397
3242	397
3242	396
3244	396
3244	397
3246	397
3246	396
3249	396
3249	397
3250	397
3250	396
3255	396
3255	397
3256	397
3256	396
3257	396
3257	397
3259	397
3259	396
3264	396
3264	397
3269	397
3269	396
3275	396
3275	397
3278	397
3278	398
3288	398
3288	397
3302	397
3302	396
3306	396
3306	395
3308	395
3308	396
3312	396
3312	395
3317	395
3317	396
3319	396
3319	394
3322	394
3322	393
3323	393
3323	392
3324	392
3324	391
3332	391
3332	390
3335	390
3335	389
3337	389
3337	388
3340	388
3340	387
3341	387
3341	386
3342	386
3342	384
3344	384
3344	383
3346	383
3346	382
3347	382
3347	381
3348	381
3348	380
3349	380
3349	379
3351	379
3351	378
3354	378
3354	377
3356	377
3356	376
3357	376
3357	375
3360	375
3360	374
3361	374
3361	373
3364	373
3364	372
3366	372
3366	371
3368	371
3368	370
3371	370
3371	369
3372	369
3372	368
3373	368
3373	367
3375	367
3375	363
3376	363
3376	361
3377	361
3377	357
3378	357
3378	351
3379	351
3379	343
3380	343
3380	341
3381	341
3381	340
3382	340
3382	335
3381	335
3381	333
3382	333
3382	332
3384	332
3384	330
3385	330
3385	327
3386	327
3386	325
3388	325
3388	322
3390	322
3390	321
3391	321
3391	320
3392	320
3392	319
3394	319
3394	318
3395	318
3395	317
3396	317
3396	316
3398	316
3398	314
3400	314
3400	313
3401	313
3401	314
3403	314
3403	313
3404	313
3404	312
3407	312
3407	311
3411	311
3411	313
3412	313
3412	310
3414	310
3414	309
3422	309
3422	308
3423	308
3423	307
3447	307
3447	308
3448	308
3448	307
3452	307
3452	308
3453	308
3453	307
3456	307
3456	308
3467	308
3467	309
3472	309
3472	308
3473	308
3473	310
3475	310
3475	309
3477	309
3477	310
3487	310
3487	311
3495	311
3495	312
3500	312
3500	313
3502	313
3502	314
3506	314
3506	313
3508	313
3508	312
3510	312
3510	311
3511	311
3511	309
3512	309
3512	308
3513	308
3513	307
3514	307
3514	306
3515	306
3515	303
3516	303
3516	299
3517	299
3517	297
3518	297
3518	292
3519	292
3519	290
3518	290
3518	288
3519	288
3519	286
3520	286
3520	283
3521	283
3521	281
3522	281
3522	278
3523	278
3523	275
3524	275
3524	273
3526	273
3526	270
3527	270
3527	269
3529	269
3529	267
3531	267
3531	266
3532	266
3532	265
3533	265
3533	263
3535	263
3535	260
3536	260
3536	259
3537	259
3537	258
3538	258
3538	254
3539	254
3539	253
3540	253
3540	251
3541	251
3541	248
3542	248
3542	247
3543	247
3543	244
3544	244
3544	243
3543	243
3543	240
3544	240
3544	239
3543	239
3543	235
3544	235
3544	233
3543	233
3543	228
3542	228
3542	226
3543	226
3543	224
3544	224
3544	223
3545	223
3545	222
3546	222
3546	221
3547	221
3547	219
3548	219
3548	218
3549	218
3549	216
3550	216
3550	214
3553	214
3553	213
3554	213
3554	211
3556	211
3556	210
3558	210
3558	211
3560	211
3560	212
3562	212
3562	213
3563	213
3563	214
3564	214
3564	215
3565	215
3565	217
3566	217
3566	218
3567	218
3567	220
3568	220
3568	221
3569	221
3569	222
3570	222
3570	224
3571	224
3571	226
3572	226
3572	227
3573	227
3573	229
3574	229
3574	232
3575	232
3575	235
3576	235
3576	236
3577	236
3577	237
3578	237
3578	238
3579	238
3579	239
3580	239
3580	243
3581	243
3581	245
3582	245
3582	247
3583	247
3583	249
3584	249
3584	252
3585	252
3585	253
3586	253
3586	254
3590	254
3590	253
3592	253
3592	254
3602	254
3602	255
3609	255
3609	256
3610	256
3610	255
3617	255
3617	256
3618	256
3618	255
3619	255
3619	256
3620	256
3620	255
3622	255
3622	256
3626	256
3626	255
3638	255
3638	256
3639	256
3639	255
3642	255
3642	256
3643	256
3643	255
3645	255
3645	254
3646	254
3646	253
3647	253
3647	252
3648	252
3648	251
3649	251
3649	249
3650	249
3650	248
3651	248
3651	246
3652	246
3652	245
3653	245
3653	244
3654	244
3654	243
3655	243
3655	242
3656	242
3656	240
3657	240
3657	239
3659	239
3659	238
3660	238
3660	236
3662	236
3662	235
3663	235
3663	234
3664	234
3664	232
3665	232
3665	231
3667	231
3667	230
3668	230
3668	229
3669	229
3669	228
3670	228
3670	227
3672	227
3672	225
3674	225
3674	224
3675	224
3675	223
3676	223
3676	221
3677	221
3677	220
3679	220
3679	219
3681	219
3681	218
3683	218
3683	216
3685	216
3685	215
3686	215
3686	214
3687	214
3687	213
3690	213
3690	212
3693	212
3693	211
3699	211
3699	212
3700	212
3700	211
3703	211
3703	212
3707	212
3707	213
3725	213
3725	212
3727	212
3727	213
3734	213
3734	212
3740	212
3740	213
3743	213
3743	214
3744	214
3744	213
3745	213
3745	214
3748	214
3748	215
3749	215
3749	216
3751	216
3751	217
3755	217
3755	218
3756	218
3756	217
3757	217
3757	218
3759	218
3759	217
3766	217
3766	218
3768	218
3768	217
3769	217
3769	216
3771	216
3771	215
3772	215
3772	216
3775	216
3775	215
3778	215
3778	214
3798	214
3798	215
3799	215
3799	214
3800	214
3800	216
3802	216
3802	217
3803	217
3803	218
3806	218
3806	219
3814	219
3814	218
3816	218
3816	217
3820	217
3820	216
3821	216
3821	213
3822	213
3822	211
3823	211
3823	206
3822	206
3822	204
3823	204
3823	203
3824	203
3824	200
3823	200
3823	195
3822	195
3822	192
3823	192
3823	191
3824	191
3824	190
3826	190
3826	189
3829	189
3829	188
3830	188
3830	186
3832	186
3832	184
3833	184
3833	183
3837	183
3837	182
3838	182
3838	181
3840	181
3840	180
3842	180
3842	179
3844	179
3844	178
3852	178
3852	177
3854	177
3854	176
3857	176
3857	177
3858	177
3858	178
3859	178
3859	179
3862	179
3862	180
3863	180
3863	181
3864	181
3864	182
3866	182
3866	183
3867	183
3867	184
3870	184
3870	185
3871	185
3871	186
3872	186
3872	187
3875	187
3875	188
3877	188
3877	189
3878	189
3878	190
3880	190
3880	191
3881	191
3881	192
3882	192
3882	193
3883	193
3883	194
3884	194
3884	195
3885	195
3885	196
3886	196
3886	197
3887	197
3887	198
3888	198
3888	199
3890	199
3890	200
3891	200
3891	201
3892	201
3892	202
3893	202
3893	203
3895	203
3895	204
3897	204
3897	205
3898	205
3898	206
3899	206
3899	207
3901	207
3901	208
3902	208
3902	209
3904	209
3904	211
3907	211
3907	213
3911	213
3911	215
3913	215
3913	216
3914	216
3914	217
3916	217
3916	218
3918	218
3918	219
3919	219
3919	220
3921	220
3921	221
3923	221
3923	222
3924	222
3924	221
3925	221
3925	222
3929	222
3929	221
3930	221
3930	222
3931	222
3931	221
3934	221
3934	220
3935	220
3935	219
3936	219
3936	218
3937	218
3937	216
3938	216
3938	215
3937	215
3937	213
3936	213
3936	210
3937	210
3937	209
3936	209
3936	207
3937	207
3937	204
3938	204
3938	197
3939	197
3939	193
3940	193
3940	192
3941	192
3941	187
3942	187
3942	185
3944	185
3944	182
3945	182
3945	181
3946	181
3946	178
3947	178
3947	177
3948	177
3948	175
3949	175
3949	173
3950	173
3950	171
3951	171
3951	170
3952	170
3952	168
3953	168
3953	166
3954	166
3954	164
3956	164
3956	163
3957	163
3957	162
3958	162
3958	161
3959	161
3959	160
3960	160
3960	159
3962	159
3962	158
3963	158
3963	157
3964	157
3964	156
3966	156
3966	155
3967	155
3967	154
3968	154
3968	153
3970	153
3970	152
3971	152
3971	151
3972	151
3972	150
3974	150
3974	149
3975	149
3975	148
3978	148
3978	147
3983	147
3983	146
3987	146
3987	145
3988	145
3988	146
3991	146
3991	145
3992	145
3992	146
3993	146
3993	145
3995	145
3995	144
4002	144
4002	143
4004	143
4004	144
4006	144
4006	143
4011	143
4011	145
4012	145
4012	143
4013	143
4013	142
4014	142
4014	143
4018	143
4018	142
4023	142
4023	141
4024	141
4024	140
4028	140
4028	139
4029	139
4029	138
4030	138
4030	137
4031	137
4031	136
4033	136
4033	135
4038	135
4038	134
4042	134
4042	133
4044	133
4044	134
4047	134
4047	135
4049	135
4049	134
4054	134
4054	135
4058	135
4058	136
4059	136
4059	135
4062	135
4062	134
4063	134
4063	135
4069	135
4069	134
4070	134
4070	135
4074	135
4074	136
4075	136
4075	134
4076	134
4076	135
4086	135
4086	134
4087	134
4087	135
4090	135
4090	134
4098	134
4098	133
4105	133
4105	132
4111	132
4111	131
4115	131
4115	130
4116	130
4116	131
4118	131
4118	130
4119	130
4119	131
4121	131
4121	130
4122	130
4122	131
4123	131
4123	130
4125	130
4125	129
4133	129
4133	128
4134	128
4134	129
4137	129
4137	128
4140	128
4140	129
4143	129
4143	128
4151	128
4151	127
4161	127
4161	126
4163	126
4163	127
4164	127
4164	780
3935	780
3935	779
3934	779
3934	780
0	780
0	62
2	62
2	59
4	59
4	58
3	58
3	56
2	56
2	55
1	55
1	57
0	57
0	0
3213	0
3213	1
3214	1
3214	0
4164	0
4164	123
4163	123
4163	124
4162	124
4162	123
4159	123
4159	124
4138	124
4138	125
4136	125
4136	124
4135	124
4135	125
4134	125
4134	124
4132	124
4132	125
4131	125
4131	124
4130	124
4130	125
4126	125
4126	126
4123	126
4123	125
4122	125
4122	126
4121	126
4121	125
4120	125
4120	126
4103	126
4103	127
4099	127
4099	128
4097	128
4097	129
4093	129
4093	130
4092	130
4092	129
4087	129
4087	128
4086	128
4086	129
4082	129
4082	128
4081	128
4081	129
4079	129
4079	128
4077	128
4077	129
4073	129
4073	128
4072	128
4072	129
4067	129
4067	130
4063	130
4063	129
4059	129
4059	128
4057	128
4057	129
4054	129
4054	128
4044	128
4044	126
4043	126
4043	127
4042	127
4042	126
4038	126
4038	127
4031	127
4031	128
4029	128
4029	129
4028	129
4028	130
4027	130
4027	131
4025	131
4025	132
4022	132
4022	133
4020	133
4020	134
4016	134
4016	135
4015	135
4015	134
4011	134
4011	135
4009	135
4009	136
4006	136
4006	135
3997	135
3997	136
3993	136
3993	137
3989	137
3989	138
3986	138
3986	137
3985	137
3985	138
3982	138
3982	139
3978	139
3978	140
3975	140
3975	141
3973	141
3973	142
3971	142
3971	143
3969	143
3969	144
3967	144
3967	145
3966	145
3966	146
3964	146
3964	147
3963	147
3963	148
3962	148
3962	149
3961	149
3961	150
3960	150
3960	151
3959	151
3959	152
3957	152
3957	153
3955	153
3955	155
3954	155
3954	156
3953	156
3953	157
3950	157
3950	159
3949	159
3949	161
3948	161
3948	162
3947	162
3947	163
3945	163
3945	164
3944	164
3944	167
3943	167
3943	170
3942	170
3942	172
3941	172
3941	173
3940	173
3940	175
3939	175
3939	176
3938	176
3938	177
3937	177
3937	180
3936	180
3936	182
3934	182
3934	186
3933	186
3933	192
3932	192
3932	195
3931	195
3931	198
3930	198
3930	199
3931	199
3931	200
3930	200
3930	204
3929	204
3929	211
3928	211
3928	213
3924	213
3924	212
3922	212
3922	211
3921	211
3921	210
3920	210
3920	211
3919	211
3919	210
3917	210
3917	209
3915	209
3915	208
3914	208
3914	207
3912	207
3912	206
3908	206
3908	204
3905	204
3905	202
3904	202
3904	201
3901	201
3901	200
3900	200
3900	198
3897	198
3897	196
3894	196
3894	194
3893	194
3893	193
3892	193
3892	192
3891	192
3891	191
3890	191
3890	190
3889	190
3889	189
3888	189
3888	187
3886	187
3886	186
3883	186
3883	185
3880	185
3880	184
3879	184
3879	181
3878	181
3878	180
3877	180
3877	179
3876	179
3876	178
3874	178
3874	177
3873	177
3873	176
3872	176
3872	175
3871	175
3871	174
3868	174
3868	173
3865	173
3865	171
3863	171
3863	170
3862	170
3862	169
3861	169
3861	168
3860	168
3860	167
3855	167
3855	168
3854	168
3854	169
3850	169
3850	170
3846	170
3846	171
3843	171
3843	172
3842	172
3842	171
3838	171
3838	172
3837	172
3837	173
3836	173
3836	174
3830	174
3830	175
3829	175
3829	176
3828	176
3828	177
3827	177
3827	178
3826	178
3826	180
3824	180
3824	181
3820	181
3820	182
3818	182
3818	183
3817	183
3817	186
3815	186
3815	190
3814	190
3814	191
3815	191
3815	201
3814	201
3814	202
3815	202
3815	206
3814	206
3814	208
3815	208
3815	209
3813	209
3813	210
3811	210
3811	211
3810	211
3810	210
3800	210
3800	208
3799	208
3799	207
3798	207
3798	206
3794	206
3794	205
3787	205
3787	206
3786	206
3786	205
3785	205
3785	206
3776	206
3776	207
3771	207
3771	208
3769	208
3769	209
3767	209
3767	210
3762	210
3762	209
3761	209
3761	210
3752	210
3752	209
3750	209
3750	208
3748	208
3748	207
3746	207
3746	206
3744	206
3744	205
3742	205
3742	204
3741	204
3741	203
3740	203
3740	204
3739	204
3739	203
3734	203
3734	204
3727	204
3727	205
3726	205
3726	204
3724	204
3724	203
3723	203
3723	204
3717	204
3717	205
3713	205
3713	204
3711	204
3711	203
3701	203
3701	202
3694	202
3694	203
3690	203
3690	204
3688	204
3688	205
3686	205
3686	206
3684	206
3684	207
3682	207
3682	208
3681	208
3681	209
3680	209
3680	210
3679	210
3679	211
3677	211
3677	212
3676	212
3676	213
3675	213
3675	214
3674	214
3674	215
3672	215
3672	216
3671	216
3671	217
3669	217
3669	219
3668	219
3668	220
3667	220
3667	221
3666	221
3666	222
3665	222
3665	223
3663	223
3663	224
3662	224
3662	225
3661	225
3661	226
3660	226
3660	227
3657	227
3657	230
3656	230
3656	231
3655	231
3655	232
3654	232
3654	233
3653	233
3653	234
3652	234
3652	235
3651	235
3651	236
3649	236
3649	238
3648	238
3648	239
3647	239
3647	241
3645	241
3645	243
3644	243
3644	245
3641	245
3641	246
3635	246
3635	247
3631	247
3631	248
3628	248
3628	247
3612	247
3612	248
3610	248
3610	247
3607	247
3607	248
3605	248
3605	249
3604	249
3604	248
3603	248
3603	247
3602	247
3602	246
3600	246
3600	245
3599	245
3599	246
3598	246
3598	245
3597	245
3597	244
3596	244
3596	245
3595	245
3595	246
3590	246
3590	245
3589	245
3589	244
3588	244
3588	243
3586	243
3586	242
3585	242
3585	241
3586	241
3586	240
3585	240
3585	239
3586	239
3586	238
3585	238
3585	237
3583	237
3583	236
3584	236
3584	233
3582	233
3582	232
3581	232
3581	231
3580	231
3580	226
3579	226
3579	223
3576	223
3576	221
3575	221
3575	220
3573	220
3573	218
3574	218
3574	216
3573	216
3573	215
3572	215
3572	214
3571	214
3571	212
3570	212
3570	211
3569	211
3569	209
3568	209
3568	208
3567	208
3567	206
3566	206
3566	205
3564	205
3564	203
3563	203
3563	202
3553	202
3553	203
3552	203
3552	204
3551	204
3551	205
3549	205
3549	206
3548	206
3548	207
3546	207
3546	208
3545	208
3545	209
3544	209
3544	210
3543	210
3543	211
3542	211
3542	214
3541	214
3541	216
3540	216
3540	217
3539	217
3539	219
3538	219
3538	221
3537	221
3537	223
3536	223
3536	226
3535	226
3535	230
3536	230
3536	233
3535	233
3535	234
3536	234
3536	237
3534	237
3534	238
3535	238
3535	246
3534	246
3534	248
3533	248
3533	252
3532	252
3532	254
3531	254
3531	256
3530	256
3530	257
3529	257
3529	259
3527	259
3527	261
3525	261
3525	262
3523	262
3523	265
3521	265
3521	267
3520	267
3520	268
3519	268
3519	270
3518	270
3518	271
3517	271
3517	274
3516	274
3516	276
3515	276
3515	279
3514	279
3514	282
3513	282
3513	284
3512	284
3512	293
3511	293
3511	297
3510	297
3510	299
3509	299
3509	302
3508	302
3508	303
3507	303
3507	304
3506	304
3506	305
3505	305
3505	306
3504	306
3504	305
3503	305
3503	304
3496	304
3496	303
3489	303
3489	302
3486	302
3486	303
3485	303
3485	302
3483	302
3483	303
3480	303
3480	301
3478	301
3478	302
3477	302
3477	301
3476	301
3476	302
3474	302
3474	301
3473	301
3473	302
3471	302
3471	301
3464	301
3464	300
3459	300
3459	301
3458	301
3458	300
3454	300
3454	299
3428	299
3428	300
3427	300
3427	301
3425	301
3425	300
3423	300
3423	301
3412	301
3412	302
3408	302
3408	303
3405	303
3405	304
3403	304
3403	303
3402	303
3402	304
3400	304
3400	305
3397	305
3397	306
3396	306
3396	307
3394	307
3394	308
3393	308
3393	309
3390	309
3390	312
3388	312
3388	313
3387	313
3387	315
3386	315
3386	316
3384	316
3384	317
3382	317
3382	319
3381	319
3381	320
3380	320
3380	321
3379	321
3379	325
3377	325
3377	328
3376	328
3376	330
3375	330
3375	334
3374	334
3374	340
3372	340
3372	345
3371	345
3371	349
3369	349
3369	350
3370	350
3370	352
3369	352
3369	355
3368	355
3368	356
3369	356
3369	360
3368	360
3368	361
3366	361
3366	362
3365	362
3365	363
3363	363
3363	364
3360	364
3360	365
3358	365
3358	366
3357	366
3357	367
3356	367
3356	368
3353	368
3353	369
3351	369
3351	370
3349	370
3349	371
3347	371
3347	372
3346	372
3346	373
3344	373
3344	374
3343	374
3343	375
3342	375
3342	376
3340	376
3340	377
3339	377
3339	378
3337	378
3337	379
3336	379
3336	380
3334	380
3334	381
3333	381
3333	382
3330	382
3330	383
3328	383
3328	384
3326	384
3326	383
3322	383
3322	384
3320	384
3320	385
3318	385
3318	386
3309	386
3309	387
3303	387
3303	388
3302	388
3302	389
3300	389
3300	388
3297	388
3297	389
3295	389
3295	388
3294	388
3294	389
3287	389
3287	390
3273	390
3273	389
3269	389
3269	390
3265	390
3265	389
3264	389
3264	390
3262	390
3262	389
3261	389
3261	390
3260	390
3260	389
3258	389
3258	390
3254	390
3254	389
3251	389
3251	388
3250	388
3250	387
3248	387
3248	388
3243	388
3243	389
3242	389
3242	388
3241	388
3241	387
3240	387
3240	386
3238	386
3238	383
3237	383
3237	382
3236	382
3236	381
3235	381
3235	380
3234	380
3234	379
3233	379
3233	378
3231	378
3231	377
3230	377
3230	376
3229	376
3229	375
3228	375
3228	374
3227	374
3227	373
3225	373
3225	371
3226	371
3226	369
3225	369
3225	368
3224	368
3224	366
3223	366
3223	365
3222	365
3222	360
3221	360
3221	356
3220	356
3220	352
3219	352
3219	348
3218	348
3218	346
3217	346
3217	344
3216	344
3216	341
3214	341
3214	340
3211	340
3211	338
3210	338
3210	336
3209	336
3209	335
3208	335
3208	333
3207	333
3207	332
3205	332
3205	333
3204	333
3204	329
3203	329
3203	328
3201	328
3201	327
3200	327
3200	328
3196	328
3196	327
3193	327
3193	326
3186	326
3186	327
3184	327
3184	328
3183	328
3183	330
3179	330
3179	331
3176	331
3176	333
3173	333
3173	334
3170	334
3170	335
3169	335
3169	336
3168	336
3168	337
3167	337
3167	338
3166	338
3166	340
3164	340
3164	342
3163	342
3163	343
3162	343
3162	345
3161	345
3161	346
3160	346
3160	348
3159	348
3159	350
3158	350
3158	351
3157	351
3157	355
3156	355
3156	358
3155	358
3155	364
3154	364
3154	367
3153	367
3153	369
3152	369
3152	371
3151	371
3151	373
3150	373
3150	374
3148	374
3148	375
3147	375
3147	376
3146	376
3146	377
3145	377
3145	378
3143	378
3143	379
3142	379
3142	381
3140	381
3140	382
3137	382
3137	383
3136	383
3136	384
3130	384
3130	385
3128	385
3128	384
3123	384
3123	385
3119	385
3119	386
3105	386
3105	387
3104	387
3104	386
3092	386
3092	385
3090	385
3090	383
3081	383
3081	382
3077	382
3077	383
3069	383
3069	382
3062	382
3062	383
3060	383
3060	382
3059	382
3059	380
3058	380
3058	379
3054	379
3054	378
3053	378
3053	377
3052	377
3052	375
3051	375
3051	374
3050	374
3050	372
3049	372
3049	370
3050	370
3050	369
3049	369
3049	368
3048	368
3048	362
3047	362
3047	361
3046	361
3046	360
3045	360
3045	359
3044	359
3044	358
3043	358
3043	354
3042	354
3042	350
3041	350
3041	348
3040	348
3040	347
3039	347
3039	345
3038	345
3038	344
3037	344
3037	343
3036	343
3036	341
3033	341
3033	340
3032	340
3032	339
3029	339
3029	338
3027	338
3027	337
3024	337
3024	336
3022	336
3022	337
3021	337
3021	336
3020	336
3020	337
3013	337
3013	338
3008	338
3008	337
3005	337
3005	338
3004	338
3004	337
3001	337
3001	338
2993	338
2993	339
2988	339
2988	340
2985	340
2985	341
2984	341
2984	342
2983	342
2983	343
2981	343
2981	344
2979	344
2979	345
2978	345
2978	346
2977	346
2977	347
2975	347
2975	349
2974	349
2974	350
2973	350
2973	351
2972	351
2972	352
2970	352
2970	354
2967	354
2967	355
2964	355
2964	357
2962	357
2962	358
2961	358
2961	359
2959	359
2959	360
2957	360
2957	361
2956	361
2956	362
2954	362
2954	363
2952	363
2952	364
2950	364
2950	366
2949	366
2949	368
2948	368
2948	371
2947	371
2947	374
2946	374
2946	376
2945	376
2945	384
2944	384
2944	392
2943	392
2943	399
2942	399
2942	400
2943	400
2943	403
2942	403
2942	404
2943	404
2943	409
2942	409
2942	410
2941	410
2941	412
2940	412
2940	413
2930	413
2930	414
2929	414
2929	415
2926	415
2926	414
2920	414
2920	413
2913	413
2913	414
2911	414
2911	413
2910	413
2910	412
2908	412
2908	414
2904	414
2904	413
2895	413
2895	412
2894	412
2894	413
2893	413
2893	412
2887	412
2887	413
2884	413
2884	412
2877	412
2877	413
2872	413
2872	412
2870	412
2870	413
2868	413
2868	414
2866	414
2866	413
2865	413
2865	411
2864	411
2864	414
2860	414
2860	415
2855	415
2855	416
2852	416
2852	417
2850	417
2850	418
2849	418
2849	419
2845	419
2845	420
2843	420
2843	422
2842	422
2842	423
2839	423
2839	424
2837	424
2837	425
2834	425
2834	427
2833	427
2833	428
2831	428
2831	429
2830	429
2830	430
2827	430
2827	432
2826	432
2826	433
2824	433
2824	434
2823	434
2823	435
2822	435
2822	437
2820	437
2820	438
2819	438
2819	439
2817	439
2817	441
2815	441
2815	442
2814	442
2814	443
2813	443
2813	444
2810	444
2810	446
2806	446
2806	448
2804	448
2804	449
2803	449
2803	451
2802	451
2802	453
2800	453
2800	454
2799	454
2799	455
2798	455
2798	457
2796	457
2796	459
2795	459
2795	461
2794	461
2794	463
2793	463
2793	464
2792	464
2792	467
2791	467
2791	468
2790	468
2790	470
2789	470
2789	472
2788	472
2788	473
2787	473
2787	475
2784	475
2784	476
2781	476
2781	477
2779	477
2779	478
2777	478
2777	479
2773	479
2773	480
2772	480
2772	481
2770	481
2770	482
2769	482
2769	483
2767	483
2767	484
2766	484
2766	485
2765	485
2765	486
2764	486
2764	487
2761	487
2761	490
2760	490
2760	491
2759	491
2759	492
2757	492
2757	493
2756	493
2756	495
2754	495
2754	497
2753	497
2753	498
2751	498
2751	499
2750	499
2750	500
2749	500
2749	501
2747	501
2747	502
2746	502
2746	504
2744	504
2744	505
2743	505
2743	507
2741	507
2741	509
2739	509
2739	510
2738	510
2738	511
2736	511
2736	513
2734	513
2734	514
2727	514
2727	515
2718	515
2718	516
2715	516
2715	515
2708	515
2708	516
2707	516
2707	515
2705	515
2705	514
2703	514
2703	513
2693	513
2693	514
2691	514
2691	513
2690	513
2690	514
2684	514
2684	513
2683	513
2683	514
2682	514
2682	513
2676	513
2676	512
2674	512
2674	511
2671	511
2671	510
2670	510
2670	508
2668	508
2668	507
2665	507
2665	506
2664	506
2664	505
2662	505
2662	504
2660	504
2660	502
2659	502
2659	501
2657	501
2657	500
2656	500
2656	496
2655	496
2655	495
2654	495
2654	494
2653	494
2653	492
2652	492
2652	491
2651	491
2651	489
2650	489
2650	487
2649	487
2649	486
2648	486
2648	485
2647	485
2647	483
2648	483
2648	482
2646	482
2646	481
2645	481
2645	480
2644	480
2644	479
2645	479
2645	477
2644	477
2644	476
2643	476
2643	469
2642	469
2642	468
2641	468
2641	467
2640	467
2640	464
2641	464
2641	463
2640	463
2640	457
2639	457
2639	456
2640	456
2640	455
2639	455
2639	450
2638	450
2638	447
2637	447
2637	444
2635	444
2635	442
2634	442
2634	441
2633	441
2633	438
2632	438
2632	437
2631	437
2631	433
2630	433
2630	432
2629	432
2629	431
2627	431
2627	429
2625	429
2625	427
2624	427
2624	425
2622	425
2622	424
2620	424
2620	423
2619	423
2619	422
2617	422
2617	421
2615	421
2615	420
2614	420
2614	417
2613	417
2613	416
2612	416
2612	415
2609	415
2609	414
2604	414
2604	415
2601	415
2601	416
2598	416
2598	417
2597	417
2597	418
2594	418
2594	419
2590	419
2590	420
2588	420
2588	421
2579	421
2579	423
2578	423
2578	424
2577	424
2577	425
2576	425
2576	426
2574	426
2574	427
2573	427
2573	428
2572	428
2572	429
2571	429
2571	430
2570	430
2570	431
2568	431
2568	432
2556	432
2556	433
2554	433
2554	432
2553	432
2553	433
2550	433
2550	434
2549	434
2549	433
2548	433
2548	434
2542	434
2542	435
2535	435
2535	434
2532	434
2532	433
2527	433
2527	432
2526	432
2526	431
2520	431
2520	430
2516	430
2516	429
2515	429
2515	428
2510	428
2510	429
2508	429
2508	428
2506	428
2506	429
2505	429
2505	426
2504	426
2504	427
2502	427
2502	426
2501	426
2501	425
2498	425
2498	424
2492	424
2492	423
2489	423
2489	422
2486	422
2486	421
2482	421
2482	420
2479	420
2479	421
2478	421
2478	420
2477	420
2477	419
2466	419
2466	418
2464	418
2464	417
2462	417
2462	418
2456	418
2456	417
2453	417
2453	416
2445	416
2445	417
2439	417
2439	418
2437	418
2437	419
2431	419
2431	420
2422	420
2422	419
2421	419
2421	418
2408	418
2408	417
2406	417
2406	418
2399	418
2399	417
2397	417
2397	416
2395	416
2395	415
2394	415
2394	414
2393	414
2393	413
2391	413
2391	412
2389	412
2389	411
2388	411
2388	410
2387	410
2387	409
2386	409
2386	408
2385	408
2385	407
2383	407
2383	406
2382	406
2382	403
2380	403
2380	401
2379	401
2379	400
2378	400
2378	399
2377	399
2377	398
2376	398
2376	396
2375	396
2375	394
2374	394
2374	393
2371	393
2371	392
2370	392
2370	391
2369	391
2369	390
2366	390
2366	389
2365	389
2365	388
2362	388
2362	387
2361	387
2361	386
2355	386
2355	384
2354	384
2354	383
2352	383
2352	382
2351	382
2351	381
2348	381
2348	380
2344	380
2344	379
2338	379
2338	378
2336	378
2336	379
2335	379
2335	378
2334	378
2334	379
2332	379
2332	380
2329	380
2329	379
2328	379
2328	380
2319	380
2319	381
2318	381
2318	380
2316	380
2316	381
2311	381
2311	380
2310	380
2310	381
2308	381
2308	380
2304	380
2304	381
2302	381
2302	382
2297	382
2297	383
2293	383
2293	384
2288	384
2288	385
2285	385
2285	386
2282	386
2282	387
2281	387
2281	388
2278	388
2278	389
2275	389
2275	390
2273	390
2273	391
2271	391
2271	392
2269	392
2269	393
2264	393
2264	394
2262	394
2262	395
2261	395
2261	396
2259	396
2259	397
2257	397
2257	398
2254	398
2254	399
2253	399
2253	402
2251	402
2251	403
2249	403
2249	404
2248	404
2248	405
2247	405
2247	406
2246	406
2246	407
2245	407
2245	408
2242	408
2242	410
2241	410
2241	411
2239	411
2239	412
2238	412
2238	413
2237	413
2237	416
2236	416
2236	421
2235	421
2235	424
2234	424
2234	426
2233	426
2233	428
2232	428
2232	431
2231	431
2231	432
2230	432
2230	433
2228	433
2228	434
2226	434
2226	435
2225	435
2225	436
2222	436
2222	437
2220	437
2220	438
2213	438
2213	439
2211	439
2211	438
2210	438
2210	439
2208	439
2208	440
2202	440
2202	441
2200	441
2200	442
2192	442
2192	443
2180	443
2180	444
2177	444
2177	445
2175	445
2175	446
2173	446
2173	448
2172	448
2172	449
2171	449
2171	450
2170	450
2170	451
2169	451
2169	454
2168	454
2168	458
2167	458
2167	459
2153	459
2153	458
2151	458
2151	459
2149	459
2149	460
2148	460
2148	459
2146	459
2146	458
2144	458
2144	459
2143	459
2143	458
2141	458
2141	459
2133	459
2133	458
2130	458
2130	457
2129	457
2129	456
2128	456
2128	455
2123	455
2123	456
2121	456
2121	455
2101	455
2101	454
2097	454
2097	453
2096	453
2096	452
2095	452
2095	451
2092	451
2092	450
2091	450
2091	449
2088	449
2088	448
2086	448
2086	447
2082	447
2082	446
2081	446
2081	445
2077	445
2077	444
2073	444
2073	443
2069	443
2069	442
2067	442
2067	441
2062	441
2062	440
2058	440
2058	441
2050	441
2050	442
2049	442
2049	443
2047	443
2047	442
2044	442
2044	441
2043	441
2043	442
2041	442
2041	443
2038	443
2038	442
2036	442
2036	443
2030	443
2030	444
2029	444
2029	443
2023	443
2023	444
2021	444
2021	443
2013	443
2013	444
2005	444
2005	445
2004	445
2004	446
2000	446
2000	445
1998	445
1998	446
1993	446
1993	447
1992	447
1992	446
1989	446
1989	447
1986	447
1986	448
1985	448
1985	447
1984	447
1984	448
1982	448
1982	449
1981	449
1981	450
1977	450
1977	451
1975	451
1975	450
1974	450
1974	451
1972	451
1972	452
1969	452
1969	453
1967	453
1967	454
1965	454
1965	455
1964	455
1964	456
1961	456
1961	457
1955	457
1955	458
1952	458
1952	457
1949	457
1949	458
1944	458
1944	457
1943	457
1943	458
1940	458
1940	459
1939	459
1939	458
1938	458
1938	459
1934	459
1934	460
1927	460
1927	461
1922	461
1922	460
1916	460
1916	459
1913	459
1913	452
1912	452
1912	445
1911	445
1911	444
1912	444
1912	443
1911	443
1911	441
1912	441
1912	422
1913	422
1913	417
1914	417
1914	416
1915	416
1915	415
1914	415
1914	412
1915	412
1915	410
1914	410
1914	406
1913	406
1913	405
1914	405
1914	403
1913	403
1913	397
1912	397
1912	393
1913	393
1913	391
1912	391
1912	389
1911	389
1911	388
1910	388
1910	387
1909	387
1909	384
1907	384
1907	383
1906	383
1906	382
1904	382
1904	377
1902	377
1902	376
1898	376
1898	375
1896	375
1896	373
1895	373
1895	371
1894	371
1894	370
1893	370
1893	369
1890	369
1890	370
1885	370
1885	369
1884	369
1884	370
1880	370
1880	369
1878	369
1878	368
1877	368
1877	366
1876	366
1876	367
1873	367
1873	366
1872	366
1872	364
1871	364
1871	363
1870	363
1870	362
1863	362
1863	361
1861	361
1861	360
1858	360
1858	359
1856	359
1856	360
1852	360
1852	361
1850	361
1850	362
1849	362
1849	363
1848	363
1848	364
1846	364
1846	365
1845	365
1845	366
1841	366
1841	367
1839	367
1839	368
1837	368
1837	367
1834	367
1834	368
1833	368
1833	369
1832	369
1832	370
1828	370
1828	371
1827	371
1827	373
1826	373
1826	374
1824	374
1824	375
1820	375
1820	377
1818	377
1818	376
1817	376
1817	377
1816	377
1816	378
1815	378
1815	379
1813	379
1813	380
1810	380
1810	379
1809	379
1809	380
1807	380
1807	381
1804	381
1804	382
1803	382
1803	383
1802	383
1802	382
1793	382
1793	383
1794	383
1794	384
1792	384
1792	385
1789	385
1789	387
1787	387
1787	388
1784	388
1784	389
1783	389
1783	390
1780	390
1780	391
1777	391
1777	393
1776	393
1776	394
1775	394
1775	395
1773	395
1773	394
1772	394
1772	395
1770	395
1770	396
1768	396
1768	398
1766	398
1766	399
1765	399
1765	400
1763	400
1763	401
1758	401
1758	402
1757	402
1757	403
1756	403
1756	404
1753	404
1753	405
1752	405
1752	406
1750	406
1750	407
1749	407
1749	408
1748	408
1748	409
1745	409
1745	410
1744	410
1744	411
1742	411
1742	412
1741	412
1741	413
1740	413
1740	414
1739	414
1739	415
1738	415
1738	416
1737	416
1737	417
1735	417
1735	419
1734	419
1734	420
1732	420
1732	422
1731	422
1731	427
1730	427
1730	428
1728	428
1728	429
1724	429
1724	430
1721	430
1721	429
1718	429
1718	430
1713	430
1713	431
1712	431
1712	430
1710	430
1710	431
1700	431
1700	432
1694	432
1694	431
1692	431
1692	432
1689	432
1689	433
1688	433
1688	434
1687	434
1687	433
1675	433
1675	431
1672	431
1672	430
1671	430
1671	431
1669	431
1669	430
1664	430
1664	431
1661	431
1661	430
1656	430
1656	431
1654	431
1654	430
1652	430
1652	428
1651	428
1651	427
1650	427
1650	425
1649	425
1649	423
1648	423
1648	420
1647	420
1647	419
1646	419
1646	417
1645	417
1645	415
1646	415
1646	414
1645	414
1645	413
1644	413
1644	409
1643	409
1643	402
1641	402
1641	399
1642	399
1642	398
1641	398
1641	397
1640	397
1640	393
1639	393
1639	392
1638	392
1638	391
1637	391
1637	386
1636	386
1636	385
1635	385
1635	384
1634	384
1634	382
1632	382
1632	381
1631	381
1631	380
1630	380
1630	379
1629	379
1629	378
1627	378
1627	377
1626	377
1626	376
1625	376
1625	375
1623	375
1623	374
1622	374
1622	373
1618	373
1618	372
1616	372
1616	373
1614	373
1614	374
1613	374
1613	383
1614	383
1614	388
1613	388
1613	393
1612	393
1612	395
1611	395
1611	396
1610	396
1610	397
1608	397
1608	398
1607	398
1607	399
1606	399
1606	400
1604	400
1604	402
1603	402
1603	403
1602	403
1602	406
1600	406
1600	407
1599	407
1599	405
1600	405
1600	399
1601	399
1601	395
1600	395
1600	393
1599	393
1599	392
1596	392
1596	391
1594	391
1594	392
1592	392
1592	394
1591	394
1591	395
1589	395
1589	398
1588	398
1588	400
1587	400
