2602	104
2603	104
2603	109
2602	109
2602	110
2601	110
2601	111
2595	111
2595	112
2593	112
2593	113
2572	113
2572	114
2570	114
2570	115
2568	115
2568	116
2566	116
2566	117
2565	117
2565	118
2563	118
2563	120
2562	120
2562	144
2561	144
2561	145
2560	145
2560	146
2559	146
2559	147
2557	147
2557	148
2555	148
2555	149
2553	149
2553	150
2552	150
2552	151
2551	151
2551	152
2550	152
2550	153
2521	153
2521	154
2519	154
2519	155
2517	155
2517	156
2512	156
2512	157
2511	157
2511	158
2510	158
2510	159
2509	159
2509	160
2508	160
2508	161
2507	161
2507	162
2506	162
2506	167
2505	167
2505	170
2504	170
2504	171
2503	171
2503	178
2502	178
2502	179
2501	179
2501	184
2500	184
2500	187
2499	187
2499	188
2498	188
2498	193
2497	193
2497	197
2496	197
2496	209
2495	209
2495	210
2494	210
2494	212
2493	212
2493	256
2492	256
2492	257
2491	257
2491	258
2490	258
2490	259
2489	259
2489	260
2488	260
2488	261
2487	261
2487	262
2485	262
2485	264
2484	264
2484	269
2483	269
2483	270
2482	270
2482	276
2481	276
2481	277
2480	277
2480	281
2479	281
2479	294
2478	294
2478	295
2477	295
2477	325
2478	325
2478	326
2479	326
2479	327
2480	327
2480	328
2483	328
2483	329
2486	329
2486	330
2487	330
2487	331
2488	331
2488	332
2489	332
2489	333
2490	333
2490	334
2491	334
2491	347
2490	347
2490	348
2489	348
2489	349
2488	349
2488	350
2484	350
2484	351
2483	351
2483	352
2427	352
2427	351
2419	351
2419	350
2418	350
2418	349
2417	349
2417	348
2416	348
2416	347
2415	347
2415	346
2414	346
2414	345
2413	345
2413	344
2412	344
2412	341
2411	341
2411	340
2410	340
2410	338
2409	338
2409	336
2408	336
2408	335
2407	335
2407	332
2406	332
2406	330
2405	330
2405	329
2404	329
2404	327
2403	327
2403	326
2402	326
2402	324
2401	324
2401	323
2400	323
2400	321
2399	321
2399	320
2398	320
2398	319
2397	319
2397	318
2388	318
2388	319
2386	319
2386	321
2385	321
2385	322
2384	322
2384	323
2383	323
2383	324
2382	324
2382	325
2381	325
2381	327
2380	327
2380	328
2379	328
2379	330
2378	330
2378	331
2377	331
2377	334
2376	334
2376	340
2375	340
2375	341
2374	341
2374	391
2373	391
2373	394
2372	394
2372	400
2371	400
2371	401
2370	401
2370	403
2369	403
2369	404
2368	404
2368	424
2367	424
2367	425
2366	425
2366	426
2362	426
2362	425
2361	425
2361	424
2360	424
2360	421
2359	421
2359	420
2358	420
2358	419
2357	419
2357	416
2356	416
2356	406
2357	406
2357	400
2358	400
2358	397
2359	397
2359	385
2360	385
2360	383
2361	383
2361	381
2362	381
2362	367
2363	367
2363	366
2364	366
2364	363
2365	363
2365	362
2363	362
2363	363
2362	363
2362	364
2361	364
2361	365
2360	365
2360	366
2359	366
2359	367
2358	367
2358	368
2357	368
2357	369
2356	369
2356	370
2353	370
2353	371
2350	371
2350	372
2349	372
2349	373
2347	373
2347	374
2346	374
2346	375
2345	375
2345	376
2340	376
2340	377
2334	377
2334	378
2333	378
2333	379
2325	379
2325	380
2322	380
2322	381
2321	381
2321	382
2320	382
2320	383
2318	383
2318	384
2317	384
2317	385
2316	385
2316	386
2315	386
2315	387
2314	387
2314	388
2313	388
2313	389
2312	389
2312	390
2311	390
2311	391
2310	391
2310	394
2309	394
2309	399
2308	399
2308	400
2307	400
2307	407
2306	407
2306	410
2305	410
2305	417
2304	417
2304	439
2303	439
2303	479
2302	479
2302	481
2301	481
2301	484
2300	484
2300	485
2299	485
2299	491
2298	491
2298	492
2297	492
2297	518
2296	518
2296	519
2295	519
2295	520
2294	520
2294	539
2293	539
2293	540
2292	540
2292	541
2287	541
2287	542
2286	542
2286	543
2259	543
2259	544
2201	544
2201	545
2198	545
2198	546
2194	546
2194	547
2193	547
2193	548
2189	548
2189	549
2187	549
2187	550
2186	550
2186	551
2185	551
2185	552
2184	552
2184	553
2183	553
2183	554
2182	554
2182	555
2181	555
2181	556
2180	556
2180	557
2179	557
2179	558
2178	558
2178	559
2177	559
2177	560
2176	560
2176	561
2175	561
2175	562
2174	562
2174	563
2172	563
2172	564
2171	564
2171	565
2168	565
2168	566
2167	566
2167	567
2164	567
2164	568
2163	568
2163	569
2162	569
2162	570
2161	570
2161	571
2160	571
2160	574
2159	574
2159	575
2158	575
2158	577
2157	577
2157	580
2156	580
2156	581
2155	581
2155	594
2154	594
2154	596
2153	596
2153	597
2152	597
2152	599
2151	599
2151	602
2150	602
2150	603
2149	603
2149	605
2148	605
2148	607
2147	607
2147	626
2146	626
2146	630
2145	630
2145	631
2144	631
2144	632
2143	632
2143	633
2142	633
2142	637
2141	637
2141	638
2140	638
2140	640
2139	640
2139	641
2138	641
2138	644
2137	644
2137	646
2136	646
2136	647
2135	647
2135	650
2134	650
2134	651
2133	651
2133	653
2132	653
2132	654
2131	654
2131	656
2130	656
2130	658
2129	658
2129	659
2128	659
2128	660
2127	660
2127	661
2126	661
2126	663
2125	663
2125	664
2124	664
2124	665
2120	665
2120	667
2119	667
2119	668
2118	668
2118	669
2117	669
2117	670
2088	670
2088	671
2087	671
2087	672
2084	672
2084	673
2083	673
2083	674
2082	674
2082	675
2079	675
2079	676
2076	676
2076	677
2038	677
2038	676
2037	676
2037	675
2035	675
2035	674
2034	674
2034	673
2033	673
2033	672
2032	672
2032	670
2031	670
2031	648
2030	648
2030	647
2029	647
2029	646
2028	646
2028	645
2027	645
2027	644
2024	644
2024	643
2023	643
2023	642
2021	642
2021	641
2020	641
2020	640
2019	640
2019	639
2018	639
2018	638
2017	638
2017	637
2016	637
2016	636
2015	636
2015	635
2014	635
2014	633
2013	633
2013	632
1996	632
1996	633
1994	633
1994	634
1987	634
1987	635
1985	635
1985	636
1984	636
1984	637
1979	637
1979	638
1927	638
1927	639
1923	639
1923	643
1922	643
1922	644
1921	644
1921	645
1919	645
1919	646
1918	646
1918	647
1917	647
1917	651
1916	651
1916	658
1915	658
1915	659
1914	659
1914	663
1913	663
1913	665
1912	665
1912	733
1911	733
1911	734
1910	734
1910	735
1909	735
1909	736
1907	736
1907	737
1906	737
1906	738
1904	738
1904	739
1903	739
1903	740
1891	740
1891	741
1886	741
1886	742
1885	742
1885	744
1884	744
1884	745
1883	745
1883	746
1882	746
1882	747
1881	747
1881	748
1880	748
1880	749
1879	749
1879	750
1878	750
1878	754
1877	754
1877	755
1876	755
1876	756
1872	756
1872	757
1871	757
1871	758
1870	758
1870	759
1830	759
1830	758
1829	758
1829	757
1826	757
1826	756
1825	756
1825	755
1824	755
1824	754
1789	754
1789	753
1787	753
1787	752
1784	752
1784	751
1783	751
1783	750
1779	750
1779	749
1777	749
1777	748
1776	748
1776	747
1774	747
1774	746
1773	746
1773	745
1772	745
1772	744
1770	744
1770	743
1769	743
1769	742
1767	742
1767	741
1765	741
1765	740
1714	740
1714	741
1706	741
1706	742
1705	742
1705	743
1703	743
1703	744
1701	744
1701	745
1700	745
1700	746
1699	746
1699	747
1695	747
1695	748
1671	748
1671	749
1670	749
1670	750
1669	750
1669	751
1668	751
1668	753
1667	753
1667	754
1666	754
1666	755
1660	755
1660	756
1659	756
1659	757
1658	757
1658	758
1644	758
1644	759
1641	759
1641	760
1639	760
1639	761
1638	761
1638	762
1637	762
1637	763
1636	763
1636	764
1635	764
1635	765
1632	765
1632	766
1630	766
1630	767
1627	767
1627	768
1624	768
1624	769
1623	769
1623	778
1622	778
1622	779
1621	779
1621	780
1590	780
1590	779
1589	779
1589	778
1587	778
1587	777
1582	777
1582	776
1581	776
1581	775
1580	775
1580	774
1579	774
1579	773
1576	773
1576	772
1574	772
1574	771
1569	771
1569	770
1568	770
1568	769
1562	769
1562	768
1561	768
1561	767
1559	767
1559	766
1558	766
1558	765
1553	765
1553	764
1552	764
1552	763
1549	763
1549	762
1544	762
1544	761
1543	761
1543	760
1542	760
1542	759
1540	759
1540	758
1539	758
1539	757
1528	757
1528	758
1522	758
1522	759
1521	759
1521	760
1516	760
1516	761
1515	761
1515	762
1499	762
1499	761
1492	761
1492	760
1491	760
1491	759
1487	759
1487	758
1486	758
1486	757
1483	757
1483	756
1482	756
1482	755
1481	755
1481	754
1480	754
1480	753
1479	753
1479	752
1478	752
1478	751
1477	751
1477	750
1476	750
1476	749
1475	749
1475	748
1474	748
1474	730
1456	730
1456	731
1453	731
1453	732
1446	732
1446	733
1441	733
1441	734
1440	734
1440	735
1437	735
1437	736
1435	736
1435	737
1434	737
1434	738
1433	738
1433	739
1432	739
1432	740
1431	740
1431	741
1430	741
1430	742
1429	742
1429	743
1428	743
1428	744
1427	744
1427	745
1426	745
1426	746
1415	746
1415	747
1411	747
1411	748
1410	748
1410	749
1409	749
1409	750
1408	750
1408	751
1406	751
1406	752
1404	752
1404	753
1402	753
1402	754
1401	754
1401	755
1398	755
1398	756
1397	756
1397	757
1396	757
1396	758
1395	758
1395	759
1394	759
1394	761
1393	761
1393	765
1392	765
1392	766
1391	766
1391	768
1390	768
1390	769
1389	769
1389	770
1388	770
1388	771
1387	771
1387	772
1363	772
1363	771
1361	771
1361	770
1359	770
1359	769
1358	769
1358	768
1357	768
1357	767
1356	767
1356	766
1355	766
1355	765
1354	765
1354	764
1353	764
1353	763
1350	763
1350	762
1349	762
1349	761
1313	761
1313	760
1301	760
1301	759
1299	759
1299	758
1288	758
1288	757
1287	757
1287	756
1260	756
1260	755
1256	755
1256	754
1251	754
1251	753
1249	753
1249	752
1247	752
1247	751
1246	751
1246	750
1243	750
1243	749
1238	749
1238	748
1237	748
1237	747
1235	747
1235	746
1234	746
1234	745
1230	745
1230	744
1226	744
1226	743
1224	743
1224	742
1223	742
1223	741
1219	741
1219	740
1210	740
1210	739
1200	739
1200	738
1195	738
1195	737
1194	737
1194	736
1190	736
1190	735
1189	735
1189	734
1188	734
1188	733
1187	733
1187	732
1186	732
1186	731
1185	731
1185	730
1177	730
1177	731
1157	731
1157	732
1141	732
1141	733
1140	733
1140	734
1124	734
1124	733
1123	733
1123	732
1122	732
1122	714
1121	714
1121	713
1120	713
1120	710
1119	710
1119	709
1118	709
1118	708
1117	708
1117	707
1116	707
1116	706
1115	706
1115	705
1111	705
1111	704
1110	704
1110	703
1101	703
1101	702
1100	702
1100	701
1099	701
1099	700
1098	700
1098	699
1097	699
1097	698
1096	698
1096	697
1095	697
1095	696
1094	696
1094	695
1093	695
1093	693
1092	693
1092	692
1090	692
1090	691
1089	691
1089	690
1088	690
1088	686
1087	686
1087	685
1086	685
1086	684
1085	684
1085	683
1084	683
1084	682
1064	682
1064	683
1052	683
1052	684
1046	684
1046	685
1043	685
1043	686
1042	686
1042	687
1041	687
1041	688
1040	688
1040	689
1039	689
1039	691
1038	691
1038	692
1037	692
1037	703
1038	703
1038	706
1039	706
1039	730
1040	730
1040	731
1043	731
1043	732
1045	732
1045	733
1046	733
1046	734
1047	734
1047	735
1048	735
1048	736
1049	736
1049	737
1050	737
1050	768
1049	768
1049	769
1048	769
1048	770
1036	770
1036	769
1035	769
1035	768
1034	768
1034	767
1032	767
1032	766
1031	766
1031	765
1030	765
1030	764
1017	764
1017	763
1016	763
1016	762
1015	762
1015	761
1014	761
1014	760
1013	760
1013	759
1012	759
1012	744
1011	744
1011	743
1010	743
1010	739
1009	739
1009	738
1008	738
1008	736
1007	736
1007	735
1006	735
1006	734
1004	734
1004	733
1002	733
1002	732
1001	732
1001	731
1000	731
1000	730
999	730
999	729
995	729
995	728
994	728
994	727
993	727
993	726
990	726
990	725
989	725
989	724
987	724
987	723
986	723
986	722
985	722
985	721
984	721
984	720
983	720
983	719
982	719
982	718
981	718
981	717
979	717
979	716
978	716
978	715
977	715
977	714
976	714
976	713
975	713
975	712
974	712
974	711
964	711
964	710
961	710
961	709
960	709
960	708
959	708
959	706
957	706
957	705
956	705
956	704
949	704
949	703
948	703
948	702
946	702
946	701
945	701
945	700
938	700
938	699
937	699
937	698
936	698
936	697
935	697
935	696
934	696
934	695
933	695
933	694
932	694
932	693
931	693
931	692
930	692
930	691
927	691
927	690
925	690
925	689
923	689
923	688
922	688
922	687
921	687
921	686
920	686
920	684
919	684
919	682
918	682
918	680
917	680
917	675
916	675
916	673
915	673
915	672
914	672
914	670
913	670
913	668
912	668
912	667
911	667
911	666
910	666
910	665
909	665
909	664
908	664
908	663
907	663
907	662
906	662
906	661
905	661
905	660
904	660
904	658
903	658
903	657
902	657
902	656
901	656
901	653
900	653
900	652
899	652
899	651
898	651
898	650
897	650
897	649
896	649
896	648
895	648
895	647
894	647
894	646
893	646
893	645
892	645
892	644
887	644
887	643
870	643
870	642
864	642
864	641
862	641
862	640
861	640
861	639
860	639
860	638
859	638
859	637
858	637
858	636
857	636
857	631
856	631
856	628
855	628
855	622
854	622
854	620
853	620
853	619
842	619
842	620
839	620
839	621
836	621
836	622
834	622
834	623
826	623
826	624
825	624
825	625
823	625
823	626
821	626
821	627
811	627
811	626
809	626
809	625
803	625
803	624
799	624
799	625
793	625
793	626
789	626
789	627
788	627
788	628
779	628
779	629
776	629
776	630
759	630
759	629
758	629
758	628
747	628
747	627
746	627
746	626
745	626
745	625
744	625
744	624
743	624
743	621
742	621
742	619
741	619
741	617
720	617
720	618
719	618
719	619
718	619
718	620
699	620
699	621
689	621
689	622
688	622
688	623
683	623
683	624
680	624
680	625
658	625
658	624
657	624
657	623
639	623
639	622
637	622
637	621
634	621
634	620
630	620
630	619
629	619
629	618
628	618
628	617
625	617
625	616
624	616
624	615
622	615
622	614
619	614
619	613
617	613
617	612
614	612
614	611
610	611
610	610
605	610
605	609
604	609
604	608
599	608
599	607
596	607
596	606
595	606
595	605
594	605
594	604
591	604
591	603
588	603
588	602
587	602
587	601
586	601
586	600
585	600
585	599
584	599
584	598
583	598
583	597
582	597
582	596
581	596
581	595
580	595
580	594
574	594
574	593
573	593
573	592
567	592
567	591
562	591
562	590
560	590
560	589
558	589
558	588
557	588
557	587
556	587
556	586
554	586
554	585
553	585
553	584
550	584
550	583
549	583
549	582
548	582
548	580
547	580
547	579
546	579
546	578
543	578
543	577
542	577
542	576
540	576
540	575
538	575
538	574
534	574
534	573
533	573
533	572
529	572
529	571
527	571
527	570
525	570
525	569
524	569
524	568
523	568
523	566
522	566
522	564
519	564
519	563
518	563
518	562
517	562
517	544
518	544
518	543
519	543
519	536
520	536
520	534
521	534
521	533
522	533
522	532
523	532
523	531
524	531
524	520
525	520
525	507
524	507
524	506
523	506
523	503
522	503
522	502
521	502
521	501
520	501
520	498
519	498
519	497
518	497
518	496
517	496
517	494
516	494
516	484
515	484
515	483
513	483
513	482
510	482
510	481
489	481
489	482
488	482
488	483
480	483
480	484
476	484
476	485
475	485
475	486
474	486
474	487
460	487
460	486
459	486
459	485
458	485
458	484
457	484
457	483
456	483
456	482
455	482
455	481
454	481
454	480
453	480
453	479
452	479
452	478
451	478
451	477
450	477
450	476
449	476
449	470
448	470
448	459
449	459
449	454
450	454
450	452
451	452
451	451
452	451
452	449
448	449
448	450
447	450
447	451
446	451
446	452
445	452
445	453
444	453
444	454
441	454
441	455
436	455
436	456
435	456
435	457
434	457
434	458
431	458
431	459
430	459
430	461
429	461
429	462
428	462
428	463
418	463
418	464
417	464
417	465
407	465
407	466
406	466
406	467
405	467
405	468
394	468
394	467
393	467
393	466
392	466
392	453
393	453
393	432
392	432
392	431
391	431
391	427
390	427
390	369
389	369
389	357
388	357
388	356
387	356
387	355
386	355
386	354
385	354
385	351
384	351
384	350
383	350
383	348
379	348
379	347
378	347
378	346
376	346
376	345
375	345
375	344
374	344
374	343
371	343
371	342
370	342
370	341
369	341
369	340
367	340
367	339
357	339
357	338
356	338
356	337
353	337
353	336
352	336
352	335
351	335
351	334
350	334
350	333
349	333
349	332
348	332
348	331
347	331
347	330
346	330
346	327
345	327
345	326
342	326
342	325
339	325
339	324
338	324
338	323
335	323
335	322
334	322
334	321
333	321
333	320
332	320
332	319
331	319
331	318
330	318
330	308
329	308
329	307
328	307
328	306
306	306
306	305
305	305
305	304
295	304
295	303
286	303
286	302
285	302
285	301
280	301
280	300
274	300
274	299
270	299
270	298
266	298
266	297
265	297
265	296
263	296
263	295
262	295
262	294
261	294
261	293
260	293
260	278
261	278
261	276
262	276
262	267
263	267
263	266
264	266
264	265
265	265
265	253
241	253
241	254
240	254
240	255
220	255
220	254
216	254
216	253
215	253
215	252
214	252
214	249
213	249
213	248
212	248
212	244
211	244
211	234
210	234
210	229
209	229
209	228
208	228
208	227
207	227
207	225
206	225
206	224
205	224
205	222
204	222
204	219
203	219
203	215
202	215
202	214
201	214
201	211
164	211
164	210
155	210
155	209
153	209
153	208
150	208
150	207
140	207
140	206
139	206
139	205
138	205
138	202
137	202
137	201
136	201
136	196
135	196
135	182
134	182
134	180
133	180
133	176
132	176
132	173
131	173
131	172
130	172
130	169
129	169
129	168
128	168
128	167
127	167
127	166
125	166
125	165
124	165
124	164
123	164
123	162
122	162
122	160
121	160
121	159
120	159
120	155
107	155
107	154
106	154
106	153
105	153
105	149
106	149
106	148
107	148
107	147
124	147
124	148
125	148
125	149
126	149
126	150
127	150
127	151
128	151
128	156
129	156
129	157
130	157
130	159
131	159
131	160
132	160
132	161
133	161
133	162
134	162
134	163
135	163
135	164
136	164
136	165
137	165
137	166
138	166
138	169
139	169
139	170
140	170
140	173
141	173
141	177
142	177
142	179
143	179
143	193
144	193
144	197
145	197
145	198
146	198
146	199
154	199
154	200
156	200
156	201
158	201
158	202
167	202
167	203
204	203
204	204
206	204
206	205
207	205
207	206
208	206
208	208
209	208
209	211
210	211
210	212
211	212
211	216
212	216
212	218
213	218
213	221
214	221
214	222
215	222
215	224
216	224
216	225
217	225
217	226
218	226
218	231
219	231
219	240
220	240
220	245
221	245
221	246
224	246
224	247
235	247
235	246
236	246
236	245
270	245
270	246
271	246
271	247
272	247
272	249
273	249
273	268
272	268
272	269
271	269
271	270
270	270
270	279
269	279
269	281
268	281
268	288
269	288
269	289
270	289
270	290
274	290
274	291
277	291
277	292
283	292
283	293
290	293
290	294
291	294
291	295
298	295
298	296
308	296
308	297
309	297
309	298
332	298
332	299
333	299
333	300
334	300
334	301
335	301
335	303
336	303
336	304
337	304
337	305
338	305
338	314
339	314
339	315
342	315
342	316
343	316
343	317
345	317
345	318
348	318
348	319
349	319
349	320
350	320
350	321
351	321
351	322
352	322
352	323
353	323
353	324
354	324
354	327
355	327
355	328
356	328
356	329
359	329
359	330
360	330
360	331
371	331
371	332
372	332
372	333
373	333
373	334
375	334
375	335
377	335
377	336
378	336
378	337
379	337
379	338
382	338
382	339
383	339
383	340
388	340
388	341
389	341
389	342
390	342
390	344
391	344
391	346
392	346
392	347
393	347
393	349
394	349
394	350
395	350
395	351
396	351
396	354
397	354
397	366
398	366
398	424
399	424
399	428
400	428
400	429
401	429
401	456
400	456
400	460
401	460
401	459
402	459
402	458
403	458
403	457
414	457
414	456
415	456
415	455
423	455
423	454
424	454
424	453
425	453
425	452
427	452
427	451
428	451
428	450
430	450
430	449
431	449
431	448
433	448
433	447
438	447
438	446
440	446
440	445
441	445
441	444
442	444
442	443
444	443
444	442
445	442
445	441
449	441
449	440
460	440
460	441
461	441
461	442
462	442
462	451
461	451
461	452
460	452
460	454
459	454
459	455
458	455
458	457
457	457
457	462
456	462
456	467
457	467
457	473
458	473
458	474
459	474
459	475
460	475
460	476
461	476
461	477
462	477
462	478
463	478
463	479
471	479
471	478
472	478
472	477
473	477
473	476
477	476
477	475
484	475
484	474
485	474
485	473
514	473
514	474
517	474
517	475
518	475
518	476
519	476
519	477
521	477
521	478
522	478
522	479
523	479
523	480
524	480
524	491
525	491
525	492
526	492
526	493
527	493
527	494
528	494
528	497
529	497
529	498
530	498
530	499
531	499
531	503
532	503
532	504
533	504
533	523
532	523
532	534
531	534
531	535
530	535
530	537
529	537
529	538
528	538
528	539
527	539
527	546
526	546
526	547
525	547
525	557
526	557
526	558
527	558
527	559
528	559
528	560
529	560
529	561
530	561
530	562
531	562
531	563
532	563
532	564
536	564
536	565
537	565
537	566
541	566
541	567
544	567
544	568
546	568
546	569
547	569
547	570
549	570
549	571
550	571
550	572
551	572
551	573
552	573
552	574
553	574
553	575
554	575
554	576
556	576
556	577
558	577
558	578
559	578
559	579
560	579
560	580
561	580
561	581
563	581
563	582
565	582
565	583
570	583
570	584
577	584
577	585
578	585
578	586
586	586
586	587
587	587
587	588
588	588
588	591
589	591
589	592
590	592
590	593
591	593
591	594
592	594
592	595
594	595
594	596
597	596
597	597
598	597
598	598
599	598
599	599
602	599
602	600
607	600
607	601
608	601
608	602
613	602
613	603
617	603
617	604
620	604
620	605
622	605
622	606
625	606
625	607
627	607
627	608
629	608
629	609
631	609
631	610
633	610
633	611
634	611
634	612
637	612
637	613
640	613
640	614
642	614
642	615
661	615
661	616
662	616
662	617
676	617
676	616
680	616
680	615
685	615
685	614
686	614
686	613
696	613
696	612
714	612
714	611
716	611
716	610
717	610
717	609
745	609
745	610
746	610
746	611
747	611
747	613
748	613
748	614
749	614
749	615
750	615
750	618
751	618
751	620
761	620
761	621
762	621
762	622
773	622
773	621
775	621
775	620
784	620
784	619
785	619
785	618
789	618
789	617
796	617
796	616
801	616
801	615
802	615
802	614
807	614
807	615
808	615
808	616
809	616
809	617
812	617
812	618
814	618
814	619
818	619
818	618
819	618
819	617
822	617
822	616
823	616
823	615
831	615
831	614
833	614
833	613
835	613
835	612
839	612
839	611
857	611
857	612
858	612
858	613
859	613
859	614
860	614
860	615
861	615
861	616
862	616
862	618
863	618
863	624
864	624
864	627
865	627
865	633
867	633
867	634
873	634
873	635
890	635
890	636
895	636
895	637
896	637
896	638
898	638
898	639
899	639
899	640
900	640
900	641
901	641
901	642
902	642
902	643
903	643
903	644
904	644
904	645
905	645
905	647
906	647
906	648
907	648
907	649
908	649
908	650
909	650
909	653
910	653
910	654
911	654
911	655
912	655
912	656
913	656
913	657
914	657
914	658
915	658
915	659
916	659
916	660
917	660
917	661
918	661
918	662
919	662
919	664
920	664
920	665
921	665
921	666
922	666
922	668
923	668
923	669
924	669
924	672
925	672
925	676
926	676
926	679
927	679
927	680
928	680
928	681
929	681
929	682
930	682
930	683
933	683
933	684
934	684
934	685
935	685
935	686
937	686
937	687
938	687
938	688
939	688
939	689
940	689
940	690
941	690
941	691
942	691
942	692
948	692
948	693
949	693
949	694
952	694
952	695
953	695
953	696
959	696
959	697
961	697
961	698
963	698
963	699
964	699
964	700
965	700
965	701
966	701
966	702
967	702
967	703
977	703
977	704
979	704
979	705
980	705
980	706
981	706
981	707
982	707
982	708
983	708
983	709
984	709
984	710
985	710
985	711
986	711
986	712
987	712
987	713
988	713
988	714
990	714
990	715
991	715
991	716
992	716
992	717
993	717
993	718
997	718
997	719
998	719
998	720
999	720
999	721
1002	721
1002	722
1003	722
1003	723
1004	723
1004	724
1005	724
1005	725
1007	725
1007	726
1010	726
1010	727
1011	727
1011	728
1012	728
1012	729
1013	729
1013	730
1014	730
1014	731
1015	731
1015	733
1016	733
1016	735
1017	735
1017	736
1018	736
1018	740
1019	740
1019	741
1020	741
1020	756
1033	756
1033	757
1034	757
1034	758
1035	758
1035	759
1037	759
1037	760
1039	760
1039	761
1040	761
1040	762
1042	762
1042	741
1041	741
1041	740
1040	740
1040	739
1035	739
1035	738
1034	738
1034	737
1033	737
1033	734
1032	734
1032	733
1031	733
1031	709
1030	709
1030	707
1029	707
1029	689
1030	689
1030	688
1031	688
1031	686
1032	686
1032	685
1033	685
1033	683
1034	683
1034	682
1035	682
1035	681
1036	681
1036	680
1037	680
1037	679
1038	679
1038	678
1039	678
1039	677
1042	677
1042	676
1048	676
1048	675
1061	675
1061	674
1088	674
1088	675
1089	675
1089	676
1091	676
1091	677
1092	677
1092	678
1093	678
1093	679
1094	679
1094	681
1095	681
1095	682
1096	682
1096	685
1097	685
1097	686
1098	686
1098	687
1099	687
1099	688
1100	688
1100	689
1101	689
1101	692
1102	692
1102	693
1103	693
1103	694
1104	694
1104	695
1113	695
1113	696
1114	696
1114	697
1118	697
1118	698
1121	698
1121	699
1122	699
1122	700
1123	700
1123	701
1124	701
1124	704
1125	704
1125	705
1126	705
1126	706
1127	706
1127	707
1128	707
1128	710
1129	710
1129	711
1130	711
1130	726
1136	726
1136	725
1137	725
1137	724
1154	724
1154	723
1173	723
1173	722
1189	722
1189	723
1190	723
1190	724
1191	724
1191	725
1192	725
1192	726
1193	726
1193	727
1194	727
1194	728
1197	728
1197	729
1198	729
1198	730
1203	730
1203	731
1213	731
1213	732
1223	732
1223	733
1226	733
1226	734
1228	734
1228	735
1229	735
1229	736
1233	736
1233	737
1237	737
1237	738
1238	738
1238	739
1241	739
1241	740
1242	740
1242	741
1246	741
1246	742
1249	742
1249	743
1251	743
1251	744
1252	744
1252	745
1254	745
1254	746
1259	746
1259	747
1263	747
1263	748
1291	748
1291	749
1292	749
1292	750
1302	750
1302	751
1304	751
1304	752
1316	752
1316	753
1353	753
1353	754
1354	754
1354	755
1356	755
1356	756
1357	756
1357	757
1359	757
1359	758
1360	758
1360	759
1361	759
1361	760
1362	760
1362	761
1363	761
1363	762
1364	762
1364	763
1366	763
1366	764
1383	764
1383	762
1384	762
1384	761
1385	761
1385	757
1386	757
1386	756
1387	756
1387	755
1388	755
1388	754
1389	754
1389	753
1390	753
1390	752
1391	752
1391	751
1392	751
1392	750
1393	750
1393	749
1394	749
1394	748
1395	748
1395	747
1398	747
1398	746
1399	746
1399	745
1401	745
1401	744
1402	744
1402	743
1405	743
1405	742
1406	742
1406	741
1407	741
1407	740
1408	740
1408	739
1412	739
1412	738
1423	738
1423	737
1424	737
1424	736
1425	736
1425	735
1426	735
1426	734
1427	734
1427	733
1428	733
1428	730
1429	730
1429	729
1430	729
1430	728
1433	728
1433	727
1437	727
1437	726
1438	726
1438	725
1443	725
1443	724
1449	724
1449	723
1453	723
1453	722
1480	722
1480	723
1481	723
1481	724
1482	724
1482	744
1483	744
1483	745
1484	745
1484	746
1485	746
1485	747
1486	747
1486	748
1487	748
1487	749
1489	749
1489	750
1490	750
1490	751
1494	751
1494	752
1495	752
1495	753
1503	753
1503	754
1512	754
1512	753
1513	753
1513	752
1517	752
1517	751
1518	751
1518	750
1524	750
1524	749
1542	749
1542	750
1543	750
1543	751
1546	751
1546	752
1547	752
1547	753
1548	753
1548	754
1553	754
1553	755
1555	755
1555	756
1556	756
1556	757
1561	757
1561	758
1562	758
1562	759
1564	759
1564	760
1565	760
1565	761
1571	761
1571	762
1572	762
1572	763
1577	763
1577	764
1579	764
1579	765
1582	765
1582	766
1583	766
1583	767
1585	767
1585	768
1586	768
1586	769
1590	769
1590	770
1593	770
1593	771
1594	771
1594	772
1615	772
1615	765
1616	765
1616	764
1617	764
1617	763
1619	763
1619	762
1620	762
1620	761
1621	761
1621	760
1624	760
1624	759
1627	759
1627	758
1629	758
1629	757
1631	757
1631	756
1632	756
1632	755
1633	755
1633	754
1634	754
1634	753
1635	753
1635	752
1638	752
1638	751
1641	751
1641	750
1653	750
1653	749
1654	749
1654	740
1655	740
1655	739
1656	739
1656	738
1660	738
1660	739
1661	739
1661	740
1662	740
1662	745
1663	745
1663	744
1664	744
1664	743
1665	743
1665	742
1666	742
1666	741
1667	741
1667	740
1692	740
1692	739
1695	739
1695	738
1696	738
1696	737
1697	737
1697	736
1699	736
1699	735
1702	735
1702	734
1703	734
1703	733
1710	733
1710	732
1768	732
1768	733
1770	733
1770	734
1772	734
1772	735
1773	735
1773	736
1777	736
1777	737
1778	737
1778	738
1779	738
1779	739
1780	739
1780	740
1781	740
1781	741
1783	741
1783	742
1786	742
1786	743
1787	743
1787	744
1790	744
1790	745
1792	745
1792	746
1827	746
1827	747
1829	747
1829	748
1830	748
1830	749
1833	749
1833	750
1834	750
1834	751
1866	751
1866	750
1867	750
1867	749
1868	749
1868	748
1870	748
1870	746
1871	746
1871	745
1872	745
1872	744
1873	744
1873	743
1874	743
1874	742
1875	742
1875	741
1876	741
1876	740
1877	740
1877	739
1878	739
1878	738
1879	738
1879	737
1880	737
1880	736
1881	736
1881	735
1882	735
1882	734
1883	734
1883	733
1888	733
1888	732
1898	732
1898	731
1899	731
1899	730
1903	730
1903	729
1904	729
1904	661
1905	661
1905	660
1906	660
1906	655
1907	655
1907	654
1908	654
1908	648
1909	648
1909	643
1910	643
1910	642
1911	642
1911	641
1912	641
1912	640
1913	640
1913	639
1914	639
1914	638
1915	638
1915	635
1916	635
1916	634
1917	634
1917	633
1918	633
1918	632
1919	632
1919	631
1924	631
1924	630
1976	630
1976	629
1980	629
1980	628
1981	628
1981	627
1983	627
1983	626
1991	626
1991	625
1992	625
1992	624
2017	624
2017	625
2018	625
2018	626
2019	626
2019	628
2020	628
2020	629
2021	629
2021	630
2022	630
2022	631
2023	631
2023	632
2024	632
2024	633
2025	633
2025	634
2027	634
2027	635
2028	635
2028	636
2031	636
2031	637
2032	637
2032	638
2033	638
2033	639
2034	639
2034	640
2035	640
2035	641
2036	641
2036	642
2037	642
2037	643
2038	643
2038	644
2039	644
2039	667
2040	667
2040	668
2041	668
2041	669
2073	669
2073	668
2075	668
2075	667
2078	667
2078	666
2079	666
2079	665
2081	665
2081	664
2083	664
2083	663
2084	663
2084	662
2113	662
2113	661
2114	661
2114	660
2115	660
2115	659
2116	659
2116	658
2117	658
2117	657
2120	657
2120	656
2121	656
2121	655
2122	655
2122	653
2123	653
2123	651
2124	651
2124	650
2125	650
2125	648
2126	648
2126	646
2127	646
2127	644
2128	644
2128	643
2129	643
2129	641
2130	641
2130	638
2131	638
2131	637
2132	637
2132	634
2133	634
2133	633
2134	633
2134	628
2135	628
2135	627
2136	627
2136	626
2138	626
2138	623
2139	623
2139	604
2140	604
2140	602
2141	602
2141	600
2142	600
2142	599
2143	599
2143	596
2144	596
2144	593
2145	593
2145	592
2146	592
2146	591
2147	591
2147	577
2148	577
2148	576
2149	576
2149	574
2150	574
2150	571
2151	571
2151	570
2152	570
2152	567
2153	567
2153	566
2154	566
2154	565
2155	565
2155	564
2156	564
2156	563
2157	563
2157	562
2158	562
2158	561
2159	561
2159	560
2161	560
2161	559
2164	559
2164	558
2165	558
2165	557
2168	557
2168	556
2169	556
2169	554
2170	554
2170	553
2171	553
2171	552
2174	552
2174	550
2175	550
2175	549
2176	549
2176	548
2177	548
2177	547
2178	547
2178	546
2179	546
2179	545
2180	545
2180	544
2181	544
2181	543
2182	543
2182	542
2183	542
2183	541
2186	541
2186	540
2190	540
2190	539
2191	539
2191	538
2195	538
2195	537
2197	537
2197	536
2256	536
2256	535
2283	535
2283	534
2286	534
2286	516
2287	516
2287	515
2288	515
2288	514
2289	514
2289	489
2290	489
2290	487
2291	487
2291	482
2292	482
2292	481
2293	481
2293	478
2294	478
2294	476
2295	476
2295	435
2296	435
2296	413
2297	413
2297	407
2298	407
2298	404
2299	404
2299	396
2300	396
2300	395
2301	395
2301	391
2302	391
2302	387
2303	387
2303	386
2304	386
2304	385
2305	385
2305	383
2306	383
2306	382
2307	382
2307	381
2308	381
2308	380
2310	380
2310	379
2311	379
2311	378
2312	378
2312	377
2313	377
2313	376
2314	376
2314	375
2317	375
2317	374
2318	374
2318	373
2319	373
2319	372
2322	372
2322	371
2329	371
2329	370
2330	370
2330	369
2336	369
2336	368
2340	368
2340	367
2341	367
2341	366
2344	366
2344	365
2346	365
2346	364
2347	364
2347	363
2350	363
2350	362
2352	362
2352	361
2353	361
2353	360
2354	360
2354	359
2356	359
2356	358
2357	358
2357	357
2358	357
2358	356
2359	356
2359	355
2360	355
2360	354
2361	354
2361	353
2362	353
2362	352
2363	352
2363	351
2366	351
2366	338
2367	338
2367	337
2368	337
2368	331
2369	331
2369	328
2370	328
2370	327
2371	327
2371	324
2372	324
2372	323
2373	323
2373	322
2374	322
2374	321
2375	321
2375	320
2376	320
2376	319
2377	319
2377	318
2378	318
2378	316
2379	316
2379	315
2380	315
2380	313
2381	313
2381	312
2382	312
2382	311
2385	311
2385	310
2401	310
2401	311
2402	311
2402	312
2403	312
2403	313
2405	313
2405	314
2406	314
2406	315
2407	315
2407	316
2408	316
2408	319
2409	319
2409	320
2410	320
2410	322
2411	322
2411	323
2412	323
2412	325
2413	325
2413	326
2414	326
2414	328
2415	328
2415	331
2416	331
2416	332
2417	332
2417	335
2418	335
2418	337
2419	337
2419	338
2420	338
2420	341
2421	341
2421	342
2422	342
2422	343
2430	343
2430	344
2480	344
2480	343
2481	343
2481	342
2483	342
2483	337
2479	337
2479	336
2476	336
2476	335
2475	335
2475	334
2474	334
2474	332
2472	332
2472	331
2471	331
2471	330
2470	330
2470	329
2469	329
2469	291
2470	291
2470	290
2471	290
2471	278
2472	278
2472	274
2473	274
2473	273
2474	273
2474	267
2475	267
2475	265
2476	265
2476	261
2477	261
2477	258
2478	258
2478	257
2479	257
2479	256
2480	256
2480	255
2481	255
2481	254
2483	254
2483	253
2484	253
2484	252
2485	252
2485	209
2486	209
2486	207
2487	207
2487	206
2488	206
2488	194
2489	194
2489	190
2490	190
2490	185
2491	185
2491	184
2492	184
2492	180
2493	180
2493	176
2494	176
2494	175
2495	175
2495	167
2496	167
2496	166
2497	166
2497	163
2498	163
2498	159
2499	159
2499	158
2500	158
2500	157
2501	157
2501	156
2502	156
2502	155
2503	155
2503	154
2504	154
2504	153
2505	153
2505	152
2506	152
2506	151
2507	151
2507	150
2508	150
2508	149
2509	149
2509	148
2514	148
2514	147
2516	147
2516	146
2517	146
2517	145
2546	145
2546	144
2547	144
2547	143
2548	143
2548	142
2550	142
2550	141
2551	141
2551	140
2554	140
2554	117
2555	117
2555	114
2556	114
2556	113
2557	113
2557	112
2558	112
2558	111
2560	111
2560	110
2562	110
2562	109
2563	109
2563	108
2565	108
2565	107
2567	107
2567	106
2569	106
2569	105
2590	105
2590	104
2592	104
2592	103
2597	103
2597	102
2601	102
2601	103
2602	103
