3658	252
3607	252
3607	253
3604	253
3604	254
3594	254
3594	255
3588	255
3588	256
3587	256
3587	257
3582	257
3582	258
3575	258
3575	259
3573	259
3573	260
3572	260
3572	261
3571	261
3571	262
3570	262
3570	263
3569	263
3569	264
3568	264
3568	267
3567	267
3567	268
3566	268
3566	269
3565	269
3565	276
3564	276
3564	280
3563	280
3563	285
3562	285
3562	286
3561	286
3561	287
3560	287
3560	290
3559	290
3559	293
3558	293
3558	294
3557	294
3557	298
3556	298
3556	301
3555	301
3555	306
3554	306
3554	309
3553	309
3553	310
3552	310
3552	311
3551	311
3551	313
3550	313
3550	315
3549	315
3549	316
3548	316
3548	317
3547	317
3547	318
3546	318
3546	319
3545	319
3545	320
3500	320
3500	321
3489	321
3489	322
3488	322
3488	323
3487	323
3487	324
3486	324
3486	325
3485	325
3485	326
3484	326
3484	327
3483	327
3483	328
3482	328
3482	329
3481	329
3481	330
3478	330
3478	331
3476	331
3476	332
3475	332
3475	333
3474	333
3474	334
3473	334
3473	335
3470	335
3470	336
3467	336
3467	337
3466	337
3466	338
3464	338
3464	339
3463	339
3463	340
3462	340
3462	341
3460	341
3460	342
3459	342
3459	343
3458	343
3458	348
3457	348
3457	351
3456	351
3456	354
3455	354
3455	355
3454	355
3454	357
3453	357
3453	358
3452	358
3452	359
3451	359
3451	362
3450	362
3450	363
3449	363
3449	365
3448	365
3448	366
3447	366
3447	369
3446	369
3446	375
3445	375
3445	376
3444	376
3444	390
3443	390
3443	394
3442	394
3442	395
3441	395
3441	398
3440	398
3440	403
3439	403
3439	404
3438	404
3438	406
3437	406
3437	407
3436	407
3436	424
3435	424
3435	426
3434	426
3434	433
3433	433
3433	434
3432	434
3432	440
3431	440
3431	441
3430	441
3430	444
3429	444
3429	445
3428	445
3428	446
3427	446
3427	447
3425	447
3425	448
3424	448
3424	449
3421	449
3421	450
3420	450
3420	451
3419	451
3419	452
3417	452
3417	479
3416	479
3416	480
3415	480
3415	481
3413	481
3413	482
3412	482
3412	483
3410	483
3410	484
3408	484
3408	485
3407	485
3407	486
3406	486
3406	487
3402	487
3402	488
3386	488
3386	487
3385	487
3385	486
3384	486
3384	485
3377	485
3377	486
3376	486
3376	487
3375	487
3375	488
3374	488
3374	489
3371	489
3371	491
3370	491
3370	492
3369	492
3369	493
3368	493
3368	496
3367	496
3367	497
3366	497
3366	498
3365	498
3365	502
3364	502
3364	514
3363	514
3363	519
3362	519
3362	520
3361	520
3361	525
3360	525
3360	529
3359	529
3359	530
3358	530
3358	543
3357	543
3357	549
3356	549
3356	553
3355	553
3355	554
3354	554
3354	567
3353	567
3353	583
3352	583
3352	602
3351	602
3351	603
3350	603
3350	607
3349	607
3349	616
3348	616
3348	617
3347	617
3347	618
3346	618
3346	621
3345	621
3345	627
3344	627
3344	628
3343	628
3343	629
3342	629
3342	631
3341	631
3341	632
3340	632
3340	634
3339	634
3339	635
3338	635
3338	636
3337	636
3337	637
3336	637
3336	638
3335	638
3335	639
3334	639
3334	640
3333	640
3333	641
3328	641
3328	642
3326	642
3326	643
3325	643
3325	644
3324	644
3324	645
3319	645
3319	644
3305	644
3305	643
3304	643
3304	642
3274	642
3274	643
3272	643
3272	644
3264	644
3264	645
3262	645
3262	646
3260	646
3260	647
3259	647
3259	648
3258	648
3258	649
3257	649
3257	650
3256	650
3256	651
3255	651
3255	652
3254	652
3254	653
3253	653
3253	656
3252	656
3252	657
3251	657
3251	658
3250	658
3250	661
3249	661
3249	662
3248	662
3248	686
3249	686
3249	687
3250	687
3250	688
3251	688
3251	689
3252	689
3252	690
3253	690
3253	691
3254	691
3254	692
3255	692
3255	693
3256	693
3256	694
3257	694
3257	695
3258	695
3258	706
3257	706
3257	707
3256	707
3256	708
3224	708
3224	709
3220	709
3220	710
3219	710
3219	711
3206	711
3206	712
3205	712
3205	713
3202	713
3202	714
3201	714
3201	715
3196	715
3196	716
3194	716
3194	717
3187	717
3187	718
3186	718
3186	719
3183	719
3183	720
3172	720
3172	721
3171	721
3171	722
3168	722
3168	723
3167	723
3167	724
3165	724
3165	726
3164	726
3164	727
3163	727
3163	728
3162	728
3162	729
3161	729
3161	730
3158	730
3158	731
3157	731
3157	732
3156	732
3156	733
3155	733
3155	734
3154	734
3154	735
3152	735
3152	738
3151	738
3151	739
3150	739
3150	740
3149	740
3149	744
3148	744
3148	745
3147	745
3147	749
3146	749
3146	753
3145	753
3145	754
3144	754
3144	756
3143	756
3143	757
3142	757
3142	758
3141	758
3141	768
3140	768
3140	770
3139	770
3139	771
3138	771
3138	772
3136	772
3136	773
3135	773
3135	774
3134	774
3134	775
3133	775
3133	777
3132	777
3132	778
3131	778
3131	779
3129	779
3129	780
3128	780
3128	781
3127	781
3127	782
3126	782
3126	783
3109	783
3109	782
3108	782
3108	781
3107	781
3107	780
3106	780
3106	778
3105	778
3105	777
3104	777
3104	776
3103	776
3103	774
3102	774
3102	773
3101	773
3101	772
3100	772
3100	771
3099	771
3099	740
3098	740
3098	735
3097	735
3097	734
3096	734
3096	733
3095	733
3095	732
3094	732
3094	731
3093	731
3093	730
3092	730
3092	729
3068	729
3068	730
3067	730
3067	731
3065	731
3065	732
3063	732
3063	733
3062	733
3062	734
3061	734
3061	735
3060	735
3060	736
3058	736
3058	737
3056	737
3056	738
3055	738
3055	739
3054	739
3054	741
3053	741
3053	742
3052	742
3052	743
3051	743
3051	748
3050	748
3050	749
3049	749
3049	750
3048	750
3048	751
3047	751
3047	752
3046	752
3046	753
3045	753
3045	754
3043	754
3043	755
3032	755
3032	754
3031	754
3031	753
3030	753
3030	752
3029	752
3029	751
3028	751
3028	750
3027	750
3027	749
3019	749
3019	750
3011	750
3011	751
3005	751
3005	752
3004	752
3004	753
2976	753
2976	752
2974	752
2974	751
2970	751
2970	750
2969	750
2969	749
2968	749
2968	748
2967	748
2967	747
2966	747
2966	746
2965	746
2965	745
2963	745
2963	751
2962	751
2962	755
2961	755
2961	760
2960	760
2960	764
2959	764
2959	765
2958	765
2958	772
2957	772
2957	775
2956	775
2956	780
2955	780
2955	781
2954	781
2954	791
2955	791
2955	792
2956	792
2956	793
2959	793
2959	794
2960	794
2960	795
2961	795
2961	812
2960	812
2960	813
2959	813
2959	814
2953	814
2953	815
2949	815
2949	816
2948	816
2948	817
2947	817
2947	818
2945	818
2945	819
2944	819
2944	820
2943	820
2943	828
2942	828
2942	831
2941	831
2941	832
2940	832
2940	833
2938	833
2938	834
2937	834
2937	835
2936	835
2936	836
2935	836
2935	837
2932	837
2932	838
2931	838
2931	839
2912	839
2912	838
2911	838
2911	837
2910	837
2910	836
2900	836
2900	837
2899	837
2899	839
2898	839
2898	841
2897	841
2897	842
2896	842
2896	843
2895	843
2895	848
2894	848
2894	849
2893	849
2893	851
2892	851
2892	856
2891	856
2891	857
2890	857
2890	858
2889	858
2889	860
2888	860
2888	862
2887	862
2887	863
2886	863
2886	865
2885	865
2885	866
2884	866
2884	869
2883	869
2883	870
2882	870
2882	871
2881	871
2881	874
2880	874
2880	875
2879	875
2879	876
2878	876
2878	878
2877	878
2877	881
2876	881
2876	884
2875	884
2875	885
2874	885
2874	887
2873	887
2873	888
2872	888
2872	889
2871	889
2871	890
2870	890
2870	892
2869	892
2869	905
2868	905
2868	915
2867	915
2867	916
2866	916
2866	917
2865	917
2865	918
2851	918
2851	919
2849	919
2849	920
2848	920
2848	921
2847	921
2847	922
2846	922
2846	923
2845	923
2845	924
2844	924
2844	925
2843	925
2843	926
2842	926
2842	927
2841	927
2841	928
2840	928
2840	929
2839	929
2839	930
2833	930
2833	931
2831	931
2831	932
2826	932
2826	933
2825	933
2825	935
2824	935
2824	936
2823	936
2823	937
2822	937
2822	938
2821	938
2821	939
2820	939
2820	940
2819	940
2819	941
2818	941
2818	942
2811	942
2811	943
2781	943
2781	944
2779	944
2779	945
2755	945
2755	946
2742	946
2742	947
2739	947
2739	948
2734	948
2734	949
2733	949
2733	950
2732	950
2732	951
2729	951
2729	952
2728	952
2728	953
2727	953
2727	954
2726	954
2726	955
2724	955
2724	956
2723	956
2723	957
2709	957
2709	956
2698	956
2698	955
2697	955
2697	954
2685	954
2685	953
2684	953
2684	952
2683	952
2683	950
2681	950
2681	949
2680	949
2680	948
2678	948
2678	947
2676	947
2676	946
2675	946
2675	945
2674	945
2674	944
2658	944
2658	945
2657	945
2657	946
2655	946
2655	947
2654	947
2654	948
2652	948
2652	949
2651	949
2651	950
2650	950
2650	951
2649	951
2649	952
2646	952
2646	953
2645	953
2645	954
2642	954
2642	955
2638	955
2638	956
2637	956
2637	957
2631	957
2631	958
2630	958
2630	959
2629	959
2629	960
2626	960
2626	961
2625	961
2625	962
2622	962
2622	963
2621	963
2621	964
2619	964
2619	965
2618	965
2618	968
2617	968
2617	969
2616	969
2616	970
2614	970
2614	971
2613	971
2613	972
2612	972
2612	973
2611	973
2611	974
2598	974
2598	973
2597	973
2597	972
2594	972
2594	971
2592	971
2592	970
2589	970
2589	969
2588	969
2588	968
2584	968
2584	967
2578	967
2578	966
2556	966
2556	967
2549	967
2549	968
2548	968
2548	969
2539	969
2539	970
2528	970
2528	971
2519	971
2519	972
2517	972
2517	973
2516	973
2516	974
2515	974
2515	975
2514	975
2514	976
2513	976
2513	977
2512	977
2512	978
2511	978
2511	979
2510	979
2510	980
2509	980
2509	981
2508	981
2508	982
2507	982
2507	983
2506	983
2506	984
2504	984
2504	985
2502	985
2502	986
2501	986
2501	987
2500	987
2500	988
2498	988
2498	989
2497	989
2497	990
2496	990
2496	991
2495	991
2495	992
2494	992
2494	993
2492	993
2492	994
2490	994
2490	995
2488	995
2488	996
2485	996
2485	997
2482	997
2482	998
2481	998
2481	999
2479	999
2479	1000
2476	1000
2476	1002
2475	1002
2475	1004
2474	1004
2474	1005
2473	1005
2473	1006
2471	1006
2471	1007
2470	1007
2470	1008
2469	1008
2469	1009
2468	1009
2468	1010
2467	1010
2467	1012
2466	1012
2466	1013
2465	1013
2465	1014
2464	1014
2464	1015
2463	1015
2463	1016
2462	1016
2462	1017
2460	1017
2460	1018
2459	1018
2459	1020
2458	1020
2458	1021
2457	1021
2457	1022
2455	1022
2455	1023
2454	1023
2454	1024
2453	1024
2453	1025
2451	1025
2451	1026
2448	1026
2448	1027
2437	1027
2437	1028
2436	1028
2436	1029
2433	1029
2433	1030
2432	1030
2432	1031
2429	1031
2429	1032
2425	1032
2425	1033
2424	1033
2424	1034
2402	1034
2402	1033
2401	1033
2401	1032
2396	1032
2396	1031
2390	1031
2390	1030
2389	1030
2389	1029
2388	1029
2388	1028
2387	1028
2387	1027
2386	1027
2386	1026
2376	1026
2376	1025
2375	1025
2375	1024
2374	1024
2374	1023
2373	1023
2373	1022
2372	1022
2372	1021
2371	1021
2371	1019
2370	1019
2370	1018
2369	1018
2369	1017
2368	1017
2368	1013
2367	1013
2367	1009
2366	1009
2366	1008
2365	1008
2365	1003
2364	1003
2364	1001
2363	1001
2363	1000
2360	1000
2360	999
2359	999
2359	998
2358	998
2358	997
2357	997
2357	996
2355	996
2355	995
2354	995
2354	994
2353	994
2353	993
2352	993
2352	991
2351	991
2351	990
2350	990
2350	989
2349	989
2349	987
2348	987
2348	986
2347	986
2347	985
2346	985
2346	983
2334	983
2334	984
2326	984
2326	989
2325	989
2325	994
2324	994
2324	995
2323	995
2323	1003
2322	1003
2322	1004
2321	1004
2321	1006
2320	1006
2320	1015
2319	1015
2319	1016
2318	1016
2318	1024
2317	1024
2317	1027
2316	1027
2316	1038
2315	1038
2315	1043
2314	1043
2314	1044
2313	1044
2313	1047
2312	1047
2312	1048
2311	1048
2311	1049
2310	1049
2310	1050
2308	1050
2308	1051
2307	1051
2307	1052
2294	1052
2294	1051
2292	1051
2292	1050
2250	1050
2250	1051
2246	1051
2246	1052
2243	1052
2243	1053
2242	1053
2242	1054
2241	1054
2241	1055
2218	1055
2218	1056
2215	1056
2215	1057
2212	1057
2212	1058
2210	1058
2210	1059
2209	1059
2209	1060
2208	1060
2208	1061
2206	1061
2206	1062
2205	1062
2205	1063
2204	1063
2204	1064
2202	1064
2202	1065
2196	1065
2196	1064
2195	1064
2195	1063
2194	1063
2194	1064
2187	1064
2187	1063
2186	1063
2186	1062
2185	1062
2185	1061
2182	1061
2182	1060
2181	1060
2181	1059
2180	1059
2180	1058
2178	1058
2178	1057
2177	1057
2177	1056
2176	1056
2176	1055
2175	1055
2175	1054
2134	1054
2134	1053
2132	1053
2132	1052
2130	1052
2130	1051
2119	1051
2119	1050
2117	1050
2117	1049
2095	1049
2095	1048
2085	1048
2085	1047
2083	1047
2083	1046
2073	1046
2073	1045
2071	1045
2071	1044
2069	1044
2069	1043
2032	1043
2032	1044
2031	1044
2031	1046
2030	1046
2030	1047
2029	1047
2029	1048
2028	1048
2028	1049
2027	1049
2027	1050
2026	1050
2026	1051
2025	1051
2025	1052
2024	1052
2024	1053
2008	1053
2008	1054
2007	1054
2007	1055
1998	1055
1998	1056
1997	1056
1997	1057
1971	1057
1971	1056
1970	1056
1970	1055
1965	1055
1965	1054
1961	1054
1961	1053
1953	1053
1953	1052
1951	1052
1951	1051
1923	1051
1923	1050
1922	1050
1922	1049
1917	1049
1917	1048
1913	1048
1913	1047
1906	1047
1906	1046
1905	1046
1905	1045
1903	1045
1903	1044
1900	1044
1900	1043
1899	1043
1899	1042
1896	1042
1896	1041
1895	1041
1895	1040
1894	1040
1894	1039
1893	1039
1893	1038
1892	1038
1892	1037
1891	1037
1891	1036
1890	1036
1890	1035
1874	1035
1874	1036
1873	1036
1873	1037
1870	1037
1870	1038
1866	1038
1866	1039
1865	1039
1865	1040
1858	1040
1858	1041
1855	1041
1855	1042
1834	1042
1834	1044
1833	1044
1833	1045
1832	1045
1832	1046
1830	1046
1830	1047
1802	1047
1802	1046
1781	1046
1781	1045
1756	1045
1756	1044
1755	1044
1755	1043
1716	1043
1716	1042
1713	1042
1713	1041
1705	1041
1705	1040
1704	1040
1704	1039
1703	1039
1703	1038
1698	1038
1698	1037
1697	1037
1697	1036
1694	1036
1694	1035
1689	1035
1689	1034
1688	1034
1688	1033
1687	1033
1687	1031
1686	1031
1686	1030
1685	1030
1685	1029
1684	1029
1684	1026
1683	1026
1683	1024
1682	1024
1682	1023
1681	1023
1681	1022
1680	1022
1680	1020
1679	1020
1679	1018
1675	1018
1675	1019
1674	1019
1674	1020
1669	1020
1669	1021
1658	1021
1658	1020
1646	1020
1646	1019
1645	1019
1645	1018
1629	1018
1629	1017
1618	1017
1618	1016
1613	1016
1613	1015
1611	1015
1611	1014
1606	1014
1606	1013
1604	1013
1604	1012
1585	1012
1585	1011
1583	1011
1583	1010
1580	1010
1580	1009
1577	1009
1577	1008
1571	1008
1571	1007
1569	1007
1569	1006
1566	1006
1566	1005
1544	1005
1544	1004
1543	1004
1543	1003
1542	1003
1542	1002
1541	1002
1541	992
1534	992
1534	991
1532	991
1532	990
1531	990
1531	989
1528	989
1528	988
1527	988
1527	987
1526	987
1526	986
1524	986
1524	985
1523	985
1523	984
1520	984
1520	983
1519	983
1519	982
1518	982
1518	981
1515	981
1515	980
1512	980
1512	979
1511	979
1511	978
1508	978
1508	977
1507	977
1507	976
1506	976
1506	975
1505	975
1505	974
1504	974
1504	973
1503	973
1503	972
1502	972
1502	971
1501	971
1501	970
1500	970
1500	969
1498	969
1498	968
1496	968
1496	967
1495	967
1495	966
1494	966
1494	963
1493	963
1493	957
1492	957
1492	956
1491	956
1491	953
1490	953
1490	952
1489	952
1489	951
1488	951
1488	950
1487	950
1487	949
1486	949
1486	948
1485	948
1485	947
1484	947
1484	946
1479	946
1479	945
1478	945
1478	944
1477	944
1477	943
1476	943
1476	942
1475	942
1475	940
1464	940
1464	939
1463	939
1463	938
1462	938
1462	936
1455	936
1455	937
1454	937
1454	938
1451	938
1451	939
1437	939
1437	938
1436	938
1436	937
1434	937
1434	936
1431	936
1431	935
1430	935
1430	934
1429	934
1429	933
1428	933
1428	932
1427	932
1427	931
1426	931
1426	930
1425	930
1425	929
1424	929
1424	928
1423	928
1423	927
1422	927
1422	924
1421	924
1421	923
1420	923
1420	921
1419	921
1419	920
1418	920
1418	919
1370	919
1370	918
1368	918
1368	917
1366	917
1366	916
1347	916
1347	915
1343	915
1343	914
1342	914
1342	913
1340	913
1340	912
1338	912
1338	911
1336	911
1336	910
1334	910
1334	909
1333	909
1333	908
1332	908
1332	907
1331	907
1331	906
1330	906
1330	905
1329	905
1329	904
1328	904
1328	903
1327	903
1327	901
1326	901
1326	900
1325	900
1325	899
1324	899
1324	897
1323	897
1323	896
1322	896
1322	891
1321	891
1321	890
1320	890
1320	889
1313	889
1313	888
1312	888
1312	887
1311	887
1311	886
1310	886
1310	885
1309	885
1309	884
1308	884
1308	883
1307	883
1307	882
1306	882
1306	875
1295	875
1295	876
1294	876
1294	877
1293	877
1293	878
1283	878
1283	877
1282	877
1282	876
1281	876
1281	875
1280	875
1280	872
1279	872
1279	871
1278	871
1278	870
1274	870
1274	869
1273	869
1273	868
1272	868
1272	867
1271	867
1271	866
1270	866
1270	865
1269	865
1269	864
1268	864
1268	862
1267	862
1267	855
1257	855
1257	854
1256	854
1256	853
1252	853
1252	852
1251	852
1251	851
1250	851
1250	850
1249	850
1249	848
1247	848
1247	847
1246	847
1246	846
1245	846
1245	845
1244	845
1244	844
1243	844
1243	843
1238	843
1238	842
1237	842
1237	841
1236	841
1236	840
1235	840
1235	839
1234	839
1234	838
1233	838
1233	837
1232	837
1232	836
1231	836
1231	835
1230	835
1230	834
1226	834
1226	833
1219	833
1219	832
1218	832
1218	831
1217	831
1217	830
1216	830
1216	829
1215	829
1215	828
1214	828
1214	826
1213	826
1213	825
1212	825
1212	824
1193	824
1193	823
1192	823
1192	822
1191	822
1191	821
1187	821
1187	820
1185	820
1185	819
1174	819
1174	818
1173	818
1173	817
1172	817
1172	816
1171	816
1171	813
1170	813
1170	810
1169	810
1169	809
1168	809
1168	804
1167	804
1167	803
1138	803
1138	802
1132	802
1132	801
1129	801
1129	800
1127	800
1127	799
1124	799
1124	798
1123	798
1123	797
1120	797
1120	796
1117	796
1117	795
1116	795
1116	794
1115	794
1115	793
1114	793
1114	792
1113	792
1113	790
1112	790
1112	789
1111	789
1111	788
1110	788
1110	787
1109	787
1109	786
1108	786
1108	785
1107	785
1107	784
1106	784
1106	783
1104	783
1104	782
1102	782
1102	781
1100	781
1100	780
1099	780
1099	779
1096	779
1096	778
1094	778
1094	777
1093	777
1093	776
1092	776
1092	775
1091	775
1091	774
1088	774
1088	773
1087	773
1087	772
1085	772
1085	771
1082	771
1082	770
1081	770
1081	769
1080	769
1080	768
1079	768
1079	767
1078	767
1078	766
1077	766
1077	765
1074	765
1074	764
1073	764
1073	763
1050	763
1050	762
1049	762
1049	761
1035	761
1035	760
1034	760
1034	759
1031	759
1031	758
1030	758
1030	757
1029	757
1029	745
1027	745
1027	744
1007	744
1007	743
1004	743
1004	742
1001	742
1001	741
1000	741
1000	740
988	740
988	739
987	739
987	738
981	738
981	737
978	737
978	736
977	736
977	735
975	735
975	734
974	734
974	733
972	733
972	732
971	732
971	731
969	731
969	730
967	730
967	729
966	729
966	728
965	728
965	727
964	727
964	726
963	726
963	725
962	725
962	723
961	723
961	716
960	716
960	711
958	711
958	710
941	710
941	709
938	709
938	708
937	708
937	707
936	707
936	706
935	706
935	705
933	705
933	704
930	704
930	703
929	703
929	702
928	702
928	701
926	701
926	700
925	700
925	699
924	699
924	698
923	698
923	696
909	696
909	697
903	697
903	696
902	696
902	695
892	695
892	694
891	694
891	693
888	693
888	692
887	692
887	691
886	691
886	683
883	683
883	682
882	682
882	681
881	681
881	680
879	680
879	679
878	679
878	678
860	678
860	677
859	677
859	676
858	676
858	675
857	675
857	673
856	673
856	672
855	672
855	671
853	671
853	670
852	670
852	669
851	669
851	668
846	668
846	667
845	667
845	666
844	666
844	664
843	664
843	663
842	663
842	660
825	660
825	659
824	659
824	658
823	658
823	657
822	657
822	645
821	645
821	644
820	644
820	642
819	642
819	640
800	640
800	639
797	639
797	638
796	638
796	637
780	637
780	636
777	636
777	635
776	635
776	634
773	634
773	633
772	633
772	632
771	632
771	630
770	630
770	629
769	629
769	627
768	627
768	626
767	626
767	625
766	625
766	624
765	624
765	623
764	623
764	622
763	622
763	621
762	621
762	620
761	620
761	615
760	615
760	614
758	614
758	613
757	613
757	612
756	612
756	606
755	606
755	605
752	605
752	604
749	604
749	603
748	603
748	602
747	602
747	601
746	601
746	599
745	599
745	598
741	598
741	597
740	597
740	596
739	596
739	595
738	595
738	590
737	590
737	589
736	589
736	588
735	588
735	587
734	587
734	586
731	586
731	585
730	585
730	584
729	584
729	580
719	580
719	579
718	579
718	578
717	578
717	577
716	577
716	576
715	576
715	573
714	573
714	572
713	572
713	571
712	571
712	570
711	570
711	569
710	569
710	568
709	568
709	565
702	565
702	564
691	564
691	563
686	563
686	562
677	562
677	561
676	561
676	560
666	560
666	559
663	559
663	558
662	558
662	557
661	557
661	556
660	556
660	555
659	555
659	550
657	550
657	549
656	549
656	548
655	548
655	547
654	547
654	546
653	546
653	545
652	545
652	544
650	544
650	543
649	543
649	542
648	542
648	539
647	539
647	538
646	538
646	533
644	533
644	532
643	532
643	531
642	531
642	528
641	528
641	527
624	527
624	526
622	526
622	525
621	525
621	524
620	524
620	523
617	523
617	522
616	522
616	521
615	521
615	506
612	506
612	505
611	505
611	504
608	504
608	503
607	503
607	504
603	504
603	503
600	503
600	502
599	502
599	501
598	501
598	500
597	500
597	499
590	499
590	500
587	500
587	501
586	501
586	502
542	502
542	501
541	501
541	500
540	500
540	493
533	493
533	492
532	492
532	491
531	491
531	490
530	490
530	486
529	486
529	484
528	484
528	480
527	480
527	479
526	479
526	478
525	478
525	477
522	477
522	476
521	476
521	475
519	475
519	474
513	474
513	473
512	473
512	472
511	472
511	463
510	463
510	458
509	458
509	457
484	457
484	456
483	456
483	455
482	455
482	454
481	454
481	453
479	453
479	452
478	452
478	451
477	451
477	450
476	450
476	449
475	449
475	446
470	446
470	445
469	445
469	444
468	444
468	443
467	443
467	442
466	442
466	441
465	441
465	440
464	440
464	439
463	439
463	438
462	438
462	437
461	437
461	436
460	436
460	427
459	427
459	426
457	426
457	427
454	427
454	428
448	428
448	427
447	427
447	426
446	426
446	423
445	423
445	422
444	422
444	421
443	421
443	420
442	420
442	419
441	419
441	418
440	418
440	414
439	414
439	413
438	413
438	408
437	408
437	407
436	407
436	398
435	398
435	396
400	396
400	395
398	395
398	394
397	394
397	393
396	393
396	391
395	391
395	388
394	388
394	385
393	385
393	384
392	384
392	383
373	383
373	382
372	382
372	381
371	381
371	375
370	375
370	370
366	370
366	373
365	373
365	374
364	374
364	375
363	375
363	376
361	376
361	377
356	377
356	376
355	376
355	375
354	375
354	374
353	374
353	363
352	363
352	358
351	358
351	355
350	355
350	354
349	354
349	353
348	353
348	347
347	347
347	344
332	344
332	343
331	343
331	342
329	342
329	341
328	341
328	340
327	340
327	338
326	338
326	337
325	337
325	336
324	336
324	335
323	335
323	332
322	332
322	331
321	331
321	330
320	330
320	327
319	327
319	326
318	326
318	323
317	323
317	322
316	322
316	320
315	320
315	319
314	319
314	316
313	316
313	315
312	315
312	305
311	305
311	304
310	304
310	299
309	299
309	298
308	298
308	296
307	296
307	293
306	293
306	289
305	289
305	288
304	288
304	287
302	287
302	286
301	286
301	285
300	285
300	284
299	284
299	275
298	275
298	274
295	274
295	275
276	275
276	274
275	274
275	273
274	273
274	272
273	272
273	260
265	260
265	261
255	261
255	260
254	260
254	259
253	259
253	258
252	258
252	257
251	257
251	255
250	255
250	254
249	254
249	253
248	253
248	252
247	252
247	251
246	251
246	250
245	250
245	249
244	249
244	248
243	248
243	247
239	247
239	246
232	246
232	245
231	245
231	244
230	244
230	243
229	243
229	239
228	239
228	238
227	238
227	235
226	235
226	233
225	233
225	232
224	232
224	229
223	229
223	226
222	226
222	224
221	224
221	217
220	217
220	216
219	216
219	201
211	201
211	202
210	202
210	203
209	203
209	204
191	204
191	203
190	203
190	202
189	202
189	200
188	200
188	195
187	195
187	194
185	194
185	193
183	193
183	192
182	192
182	191
181	191
181	187
180	187
180	186
179	186
179	183
178	183
178	182
176	182
176	181
175	181
175	180
172	180
172	179
170	179
170	178
168	178
168	177
163	177
163	176
155	176
155	175
154	175
154	174
153	174
153	167
154	167
154	139
150	139
150	138
149	138
149	137
148	137
148	136
145	136
145	135
137	135
137	134
136	134
136	133
135	133
135	129
136	129
136	128
137	128
137	127
148	127
148	128
152	128
152	129
153	129
153	130
154	130
154	131
158	131
158	132
159	132
159	133
160	133
160	134
161	134
161	135
162	135
162	168
167	168
167	169
172	169
172	170
174	170
174	171
175	171
175	172
179	172
179	173
180	173
180	174
181	174
181	175
182	175
182	176
183	176
183	177
184	177
184	178
185	178
185	179
186	179
186	180
187	180
187	183
188	183
188	184
189	184
189	186
191	186
191	187
192	187
192	188
193	188
193	189
194	189
194	191
195	191
195	192
196	192
196	196
205	196
205	195
206	195
206	194
207	194
207	193
224	193
224	194
225	194
225	195
226	195
226	198
227	198
227	213
228	213
228	214
229	214
229	221
230	221
230	223
231	223
231	226
232	226
232	228
233	228
233	229
234	229
234	232
235	232
235	235
236	235
236	236
237	236
237	238
242	238
242	239
246	239
246	240
247	240
247	241
250	241
250	242
251	242
251	243
252	243
252	244
253	244
253	247
256	247
256	248
257	248
257	249
258	249
258	251
259	251
259	253
262	253
262	252
279	252
279	253
280	253
280	254
281	254
281	267
292	267
292	266
302	266
302	267
303	267
303	268
304	268
304	269
305	269
305	270
306	270
306	271
307	271
307	280
309	280
309	281
310	281
310	282
311	282
311	283
312	283
312	284
313	284
313	286
314	286
314	289
315	289
315	292
316	292
316	295
317	295
317	296
318	296
318	301
319	301
319	302
320	302
320	311
321	311
321	312
322	312
322	315
323	315
323	316
324	316
324	318
325	318
325	320
326	320
326	322
327	322
327	323
328	323
328	326
329	326
329	327
330	327
330	328
331	328
331	332
333	332
333	333
334	333
334	334
335	334
335	335
336	335
336	336
352	336
352	337
353	337
353	338
354	338
354	340
355	340
355	344
356	344
356	349
357	349
357	350
358	350
358	352
359	352
359	354
360	354
360	360
361	360
361	362
376	362
376	363
377	363
377	364
378	364
378	372
379	372
379	375
396	375
396	376
397	376
397	377
398	377
398	378
399	378
399	379
400	379
400	381
401	381
401	382
402	382
402	385
403	385
403	388
432	388
432	387
440	387
440	388
441	388
441	389
442	389
442	390
443	390
443	395
444	395
444	403
445	403
445	404
446	404
446	409
447	409
447	410
448	410
448	413
449	413
449	414
450	414
450	415
451	415
451	416
452	416
452	419
454	419
454	418
464	418
464	419
465	419
465	420
466	420
466	421
467	421
467	423
468	423
468	433
469	433
469	434
470	434
470	435
471	435
471	436
472	436
472	437
473	437
473	438
480	438
480	439
481	439
481	440
482	440
482	441
483	441
483	445
484	445
484	446
486	446
486	447
487	447
487	448
488	448
488	449
513	449
513	450
514	450
514	451
515	451
515	452
516	452
516	453
517	453
517	454
518	454
518	459
519	459
519	466
522	466
522	467
525	467
525	468
526	468
526	469
529	469
529	470
530	470
530	471
531	471
531	472
533	472
533	473
534	473
534	474
535	474
535	475
536	475
536	481
537	481
537	483
538	483
538	485
545	485
545	486
546	486
546	487
547	487
547	489
548	489
548	494
583	494
583	493
584	493
584	492
587	492
587	491
601	491
601	492
602	492
602	493
603	493
603	495
606	495
606	494
610	494
610	495
611	495
611	496
615	496
615	497
616	497
616	498
619	498
619	499
620	499
620	500
621	500
621	502
622	502
622	503
623	503
623	515
624	515
624	516
625	516
625	517
626	517
626	518
627	518
627	519
645	519
645	520
646	520
646	521
647	521
647	523
648	523
648	524
649	524
649	525
650	525
650	527
651	527
651	528
652	528
652	529
653	529
653	530
654	530
654	535
655	535
655	536
656	536
656	537
658	537
658	538
659	538
659	539
660	539
660	542
662	542
662	543
664	543
664	544
665	544
665	545
666	545
666	547
667	547
667	551
669	551
669	552
680	552
680	553
681	553
681	554
689	554
689	555
694	555
694	556
705	556
705	557
713	557
713	558
714	558
714	559
715	559
715	560
716	560
716	562
717	562
717	564
718	564
718	565
719	565
719	566
720	566
720	567
721	567
721	568
722	568
722	569
723	569
723	572
732	572
732	573
734	573
734	574
735	574
735	575
736	575
736	576
737	576
737	578
738	578
738	579
739	579
739	580
740	580
740	581
741	581
741	582
742	582
742	583
743	583
743	584
744	584
744	586
745	586
745	587
746	587
746	590
748	590
748	591
751	591
751	592
752	592
752	593
753	593
753	594
754	594
754	596
755	596
755	597
758	597
758	598
759	598
759	599
762	599
762	600
763	600
763	601
764	601
764	607
765	607
765	608
766	608
766	609
767	609
767	610
768	610
768	612
769	612
769	617
770	617
770	618
771	618
771	619
775	619
775	620
776	620
776	621
777	621
777	625
778	625
778	626
779	626
779	627
780	627
780	628
783	628
783	629
799	629
799	630
800	630
800	631
803	631
803	632
822	632
822	633
824	633
824	634
825	634
825	635
826	635
826	636
827	636
827	638
828	638
828	639
829	639
829	640
830	640
830	652
848	652
848	653
849	653
849	654
850	654
850	660
855	660
855	661
856	661
856	662
857	662
857	663
861	663
861	664
862	664
862	665
863	665
863	668
864	668
864	669
865	669
865	670
881	670
881	671
882	671
882	672
884	672
884	673
886	673
886	674
887	674
887	675
889	675
889	676
890	676
890	677
891	677
891	678
892	678
892	679
893	679
893	680
894	680
894	686
895	686
895	687
906	687
906	688
929	688
929	689
930	689
930	690
931	690
931	693
932	693
932	694
933	694
933	695
934	695
934	696
936	696
936	697
939	697
939	698
940	698
940	699
941	699
941	700
942	700
942	701
945	701
945	702
961	702
961	703
963	703
963	704
965	704
965	705
966	705
966	706
967	706
967	708
968	708
968	713
969	713
969	720
970	720
970	721
971	721
971	722
972	722
972	723
974	723
974	724
975	724
975	725
977	725
977	726
978	726
978	727
981	727
981	728
982	728
982	729
984	729
984	730
987	730
987	731
988	731
988	732
1004	732
1004	733
1005	733
1005	734
1007	734
1007	735
1010	735
1010	736
1030	736
1030	737
1032	737
1032	738
1034	738
1034	739
1035	739
1035	740
1036	740
1036	742
1037	742
1037	752
1038	752
1038	753
1052	753
1052	754
1053	754
1053	755
1077	755
1077	756
1078	756
1078	757
1081	757
1081	758
1082	758
1082	759
1083	759
1083	760
1086	760
1086	761
1087	761
1087	762
1088	762
1088	764
1090	764
1090	765
1091	765
1091	766
1095	766
1095	767
1096	767
1096	768
1097	768
1097	770
1099	770
1099	771
1102	771
1102	772
1104	772
1104	773
1105	773
1105	774
1107	774
1107	775
1109	775
1109	776
1111	776
1111	777
1112	777
1112	778
1113	778
1113	780
1114	780
1114	781
1115	781
1115	782
1116	782
1116	783
1118	783
1118	784
1119	784
1119	785
1120	785
1120	787
1121	787
1121	788
1124	788
1124	789
1127	789
1127	790
1128	790
1128	791
1130	791
1130	792
1133	792
1133	793
1136	793
1136	794
1142	794
1142	795
1172	795
1172	796
1173	796
1173	797
1174	797
1174	798
1175	798
1175	800
1176	800
1176	806
1177	806
1177	807
1178	807
1178	809
1179	809
1179	811
1188	811
1188	812
1190	812
1190	813
1194	813
1194	814
1195	814
1195	815
1196	815
1196	816
1215	816
1215	817
1217	817
1217	818
1218	818
1218	819
1219	819
1219	821
1220	821
1220	822
1221	822
1221	823
1222	823
1222	825
1229	825
1229	826
1233	826
1233	827
1234	827
1234	828
1236	828
1236	829
1237	829
1237	830
1238	830
1238	831
1239	831
1239	832
1240	832
1240	833
1241	833
1241	834
1242	834
1242	835
1247	835
1247	836
1248	836
1248	837
1249	837
1249	838
1250	838
1250	839
1251	839
1251	840
1252	840
1252	841
1253	841
1253	842
1254	842
1254	843
1255	843
1255	844
1256	844
1256	845
1259	845
1259	846
1261	846
1261	847
1273	847
1273	848
1274	848
1274	849
1275	849
1275	859
1276	859
1276	860
1277	860
1277	861
1278	861
1278	862
1281	862
1281	863
1282	863
1282	864
1283	864
1283	865
1286	865
1286	866
1287	866
1287	867
1288	867
1288	869
1289	869
1289	868
1290	868
1290	867
1311	867
1311	868
1312	868
1312	869
1313	869
1313	870
1314	870
1314	879
1315	879
1315	880
1316	880
1316	881
1325	881
1325	882
1326	882
1326	883
1327	883
1327	885
1328	885
1328	886
1329	886
1329	887
1330	887
1330	893
1331	893
1331	894
1332	894
1332	895
1333	895
1333	896
1334	896
1334	897
1335	897
1335	899
1336	899
1336	900
1337	900
1337	901
1338	901
1338	902
1339	902
1339	903
1341	903
1341	904
1343	904
1343	905
1346	905
1346	906
1347	906
1347	907
1350	907
1350	908
1369	908
1369	909
1371	909
1371	910
1373	910
1373	911
1423	911
1423	912
1424	912
1424	913
1425	913
1425	914
1426	914
1426	917
1427	917
1427	918
1428	918
1428	920
1429	920
1429	921
1430	921
1430	923
1431	923
1431	924
1432	924
1432	925
1434	925
1434	926
1435	926
1435	927
1436	927
1436	928
1437	928
1437	929
1439	929
1439	930
1440	930
1440	931
1448	931
1448	930
1450	930
1450	929
1451	929
1451	928
1479	928
1479	929
1480	929
1480	930
1481	930
1481	934
1482	934
1482	935
1483	935
1483	938
1487	938
1487	939
1488	939
1488	940
1489	940
1489	941
1490	941
1490	942
1492	942
1492	943
1493	943
1493	944
1494	944
1494	945
1495	945
1495	946
1496	946
1496	947
1497	947
1497	949
1498	949
1498	950
1499	950
1499	952
1500	952
1500	953
1501	953
1501	959
1502	959
1502	961
1504	961
1504	962
1505	962
1505	963
1506	963
1506	964
1507	964
1507	965
1508	965
1508	966
1509	966
1509	967
1510	967
1510	968
1511	968
1511	970
1514	970
1514	971
1515	971
1515	972
1518	972
1518	973
1521	973
1521	974
1522	974
1522	975
1523	975
1523	976
1527	976
1527	977
1528	977
1528	978
1530	978
1530	979
1531	979
1531	980
1532	980
1532	981
1536	981
1536	982
1537	982
1537	983
1538	983
1538	984
1546	984
1546	985
1547	985
1547	986
1548	986
1548	987
1549	987
1549	997
1570	997
1570	998
1572	998
1572	999
1575	999
1575	1000
1580	1000
1580	1001
1583	1001
1583	1002
1586	1002
1586	1003
1589	1003
1589	1004
1608	1004
1608	1005
1609	1005
1609	1006
1614	1006
1614	1007
1617	1007
1617	1008
1621	1008
1621	1009
1632	1009
1632	1010
1649	1010
1649	1011
1650	1011
1650	1012
1661	1012
1661	1013
1665	1013
1665	1012
1671	1012
1671	1011
1672	1011
1672	1010
1684	1010
1684	1011
1685	1011
1685	1012
1686	1012
1686	1014
1687	1014
1687	1017
1688	1017
1688	1019
1689	1019
1689	1020
1690	1020
1690	1021
1691	1021
1691	1023
1692	1023
1692	1025
1693	1025
1693	1026
1694	1026
1694	1027
1697	1027
1697	1028
1701	1028
1701	1029
1702	1029
1702	1030
1707	1030
1707	1031
1708	1031
1708	1032
1709	1032
1709	1033
1716	1033
1716	1034
1720	1034
1720	1035
1758	1035
1758	1036
1759	1036
1759	1037
1785	1037
1785	1038
1805	1038
1805	1039
1826	1039
1826	1038
1827	1038
1827	1037
1828	1037
1828	1036
1829	1036
1829	1035
1830	1035
1830	1034
1852	1034
1852	1033
1855	1033
1855	1032
1862	1032
1862	1031
1863	1031
1863	1030
1866	1030
1866	1029
1869	1029
1869	1028
1870	1028
1870	1027
1895	1027
1895	1028
1896	1028
1896	1029
1897	1029
1897	1031
1898	1031
1898	1032
1899	1032
1899	1033
1900	1033
1900	1034
1902	1034
1902	1035
1903	1035
1903	1036
1907	1036
1907	1037
1908	1037
1908	1038
1909	1038
1909	1039
1917	1039
1917	1040
1921	1040
1921	1041
1925	1041
1925	1042
1926	1042
1926	1043
1954	1043
1954	1044
1956	1044
1956	1045
1964	1045
1964	1046
1969	1046
1969	1047
1973	1047
1973	1048
1974	1048
1974	1049
1994	1049
1994	1048
1995	1048
1995	1047
2004	1047
2004	1046
2005	1046
2005	1045
2009	1045
2009	1044
2013	1044
2013	1045
2020	1045
2020	1044
2021	1044
2021	1043
2022	1043
2022	1042
2023	1042
2023	1041
2024	1041
2024	1039
2025	1039
2025	1038
2026	1038
2026	1037
2027	1037
2027	1036
2029	1036
2029	1035
2072	1035
2072	1036
2074	1036
2074	1037
2076	1037
2076	1038
2086	1038
2086	1039
2088	1039
2088	1040
2099	1040
2099	1041
2120	1041
2120	1042
2122	1042
2122	1043
2133	1043
2133	1044
2135	1044
2135	1045
2138	1045
2138	1046
2179	1046
2179	1047
2180	1047
2180	1048
2181	1048
2181	1049
2182	1049
2182	1050
2183	1050
2183	1051
2184	1051
2184	1052
2185	1052
2185	1053
2189	1053
2189	1054
2190	1054
2190	1055
2192	1055
2192	1054
2193	1054
2193	1053
2194	1053
2194	1052
2195	1052
2195	1051
2199	1051
2199	1050
2200	1050
2200	1049
2204	1049
2204	1048
2207	1048
2207	1047
2208	1047
2208	1046
2212	1046
2212	1045
2221	1045
2221	1046
2222	1046
2222	1047
2238	1047
2238	1046
2239	1046
2239	1045
2240	1045
2240	1044
2243	1044
2243	1043
2246	1043
2246	1042
2295	1042
2295	1043
2298	1043
2298	1044
2304	1044
2304	1043
2305	1043
2305	1041
2306	1041
2306	1040
2307	1040
2307	1035
2308	1035
2308	1023
2309	1023
2309	1020
2310	1020
2310	1012
2311	1012
2311	1011
2312	1011
2312	1003
2313	1003
2313	1000
2314	1000
2314	999
2315	999
2315	991
2316	991
2316	990
2317	990
2317	986
2318	986
2318	980
2319	980
2319	979
2320	979
2320	978
2321	978
2321	977
2322	977
2322	976
2331	976
2331	975
2351	975
2351	976
2352	976
2352	977
2353	977
2353	978
2354	978
2354	979
2355	979
2355	980
2356	980
2356	981
2357	981
2357	985
2358	985
2358	986
2359	986
2359	988
2360	988
2360	989
2363	989
2363	990
2364	990
2364	991
2365	991
2365	992
2366	992
2366	993
2369	993
2369	994
2370	994
2370	995
2371	995
2371	998
2372	998
2372	999
2373	999
2373	1004
2374	1004
2374	1005
2375	1005
2375	1010
2376	1010
2376	1014
2377	1014
2377	1015
2378	1015
2378	1016
2379	1016
2379	1017
2380	1017
2380	1018
2390	1018
2390	1019
2391	1019
2391	1020
2392	1020
2392	1021
2393	1021
2393	1022
2394	1022
2394	1023
2400	1023
2400	1024
2404	1024
2404	1025
2405	1025
2405	1026
2421	1026
2421	1025
2422	1025
2422	1024
2426	1024
2426	1023
2428	1023
2428	1022
2429	1022
2429	1021
2433	1021
2433	1020
2434	1020
2434	1019
2445	1019
2445	1018
2448	1018
2448	1017
2449	1017
2449	1016
2450	1016
2450	1015
2451	1015
2451	1014
2453	1014
2453	1013
2454	1013
2454	1012
2455	1012
2455	1011
2456	1011
2456	1010
2457	1010
2457	1009
2458	1009
2458	1008
2459	1008
2459	1007
2460	1007
2460	1005
2461	1005
2461	1004
2462	1004
2462	1003
2464	1003
2464	1002
2465	1002
2465	1001
2466	1001
2466	1000
2467	1000
2467	999
2468	999
2468	997
2469	997
2469	995
2470	995
2470	994
2471	994
2471	993
2472	993
2472	992
2476	992
2476	991
2478	991
2478	990
2479	990
2479	989
2482	989
2482	988
2485	988
2485	987
2487	987
2487	986
2489	986
2489	985
2490	985
2490	984
2491	984
2491	983
2492	983
2492	982
2493	982
2493	981
2494	981
2494	980
2497	980
2497	979
2498	979
2498	978
2499	978
2499	977
2501	977
2501	976
2502	976
2502	975
2503	975
2503	974
2504	974
2504	973
2505	973
2505	972
2506	972
2506	971
2507	971
2507	970
2508	970
2508	969
2509	969
2509	968
2510	968
2510	967
2511	967
2511	966
2512	966
2512	965
2513	965
2513	964
2516	964
2516	963
2524	963
2524	962
2536	962
2536	961
2545	961
2545	960
2546	960
2546	959
2552	959
2552	958
2582	958
2582	959
2587	959
2587	960
2591	960
2591	961
2592	961
2592	962
2595	962
2595	963
2597	963
2597	964
2600	964
2600	965
2601	965
2601	966
2607	966
2607	964
2608	964
2608	963
2609	963
2609	962
2611	962
2611	961
2612	961
2612	960
2613	960
2613	959
2614	959
2614	958
2615	958
2615	957
2616	957
2616	956
2617	956
2617	955
2618	955
2618	954
2621	954
2621	953
2622	953
2622	952
2625	952
2625	951
2626	951
2626	950
2627	950
2627	949
2633	949
2633	948
2634	948
2634	947
2639	947
2639	946
2641	946
2641	945
2643	945
2643	944
2645	944
2645	943
2646	943
2646	942
2647	942
2647	941
2648	941
2648	940
2650	940
2650	939
2651	939
2651	938
2653	938
2653	937
2655	937
2655	936
2678	936
2678	937
2679	937
2679	938
2680	938
2680	939
2681	939
2681	940
2683	940
2683	941
2684	941
2684	942
2687	942
2687	943
2688	943
2688	944
2689	944
2689	945
2690	945
2690	946
2700	946
2700	947
2702	947
2702	948
2713	948
2713	949
2719	949
2719	948
2720	948
2720	947
2722	947
2722	946
2723	946
2723	945
2724	945
2724	944
2726	944
2726	943
2728	943
2728	942
2729	942
2729	941
2730	941
2730	940
2735	940
2735	939
2739	939
2739	938
2752	938
2752	937
2776	937
2776	936
2778	936
2778	935
2808	935
2808	934
2814	934
2814	933
2815	933
2815	932
2816	932
2816	931
2817	931
2817	930
2818	930
2818	928
2819	928
2819	927
2820	927
2820	926
2821	926
2821	925
2822	925
2822	924
2828	924
2828	923
2829	923
2829	922
2835	922
2835	921
2836	921
2836	920
2837	920
2837	919
2838	919
2838	918
2839	918
2839	917
2840	917
2840	916
2841	916
2841	915
2842	915
2842	914
2843	914
2843	913
2844	913
2844	912
2845	912
2845	911
2847	911
2847	910
2860	910
2860	902
2861	902
2861	889
2862	889
2862	887
2863	887
2863	885
2864	885
2864	884
2865	884
2865	883
2866	883
2866	882
2867	882
2867	880
2868	880
2868	877
2869	877
2869	874
2870	874
2870	872
2871	872
2871	871
2872	871
2872	870
2873	870
2873	868
2874	868
2874	867
2875	867
2875	866
2876	866
2876	861
2877	861
2877	860
2878	860
2878	859
2879	859
2879	858
2880	858
2880	857
2881	857
2881	855
2882	855
2882	854
2883	854
2883	853
2884	853
2884	848
2885	848
2885	845
2886	845
2886	844
2887	844
2887	839
2888	839
2888	838
2889	838
2889	837
2890	837
2890	836
2891	836
2891	834
2892	834
2892	833
2893	833
2893	832
2894	832
2894	831
2895	831
2895	830
2896	830
2896	829
2897	829
2897	828
2914	828
2914	829
2915	829
2915	830
2916	830
2916	831
2928	831
2928	830
2929	830
2929	829
2932	829
2932	828
2933	828
2933	827
2934	827
2934	825
2935	825
2935	817
2936	817
2936	816
2937	816
2937	814
2938	814
2938	813
2939	813
2939	812
2940	812
2940	811
2941	811
2941	810
2943	810
2943	809
2944	809
2944	808
2945	808
2945	807
2946	807
2946	806
2947	806
2947	798
2946	798
2946	792
2945	792
2945	788
2946	788
2946	777
2947	777
2947	776
2948	776
2948	771
2949	771
2949	768
2950	768
2950	762
2951	762
2951	761
2952	761
2952	757
2953	757
2953	752
2954	752
2954	748
2955	748
2955	741
2956	741
2956	738
2957	738
2957	737
2958	737
2958	736
2967	736
2967	737
2969	737
2969	738
2970	738
2970	739
2971	739
2971	740
2972	740
2972	741
2973	741
2973	743
2977	743
2977	744
2979	744
2979	745
3000	745
3000	744
3001	744
3001	743
3008	743
3008	742
3016	742
3016	741
3030	741
3030	742
3032	742
3032	743
3033	743
3033	744
3034	744
3034	746
3035	746
3035	747
3040	747
3040	746
3041	746
3041	745
3042	745
3042	744
3043	744
3043	740
3044	740
3044	739
3045	739
3045	738
3046	738
3046	734
3047	734
3047	733
3048	733
3048	732
3050	732
3050	731
3052	731
3052	730
3053	730
3053	729
3055	729
3055	728
3056	728
3056	727
3057	727
3057	726
3058	726
3058	725
3059	725
3059	724
3062	724
3062	723
3063	723
3063	722
3064	722
3064	721
3096	721
3096	722
3098	722
3098	723
3099	723
3099	724
3100	724
3100	727
3101	727
3101	728
3102	728
3102	729
3103	729
3103	730
3104	730
3104	731
3105	731
3105	732
3106	732
3106	737
3107	737
3107	767
3108	767
3108	768
3109	768
3109	769
3110	769
3110	771
3111	771
3111	772
3112	772
3112	773
3113	773
3113	775
3123	775
3123	774
3124	774
3124	773
3125	773
3125	772
3126	772
3126	771
3127	771
3127	770
3128	770
3128	769
3129	769
3129	768
3130	768
3130	767
3131	767
3131	766
3132	766
3132	765
3133	765
3133	754
3134	754
3134	753
3135	753
3135	752
3136	752
3136	750
3137	750
3137	749
3138	749
3138	745
3139	745
3139	742
3140	742
3140	741
3141	741
3141	736
3142	736
3142	735
3143	735
3143	734
3144	734
3144	731
3145	731
3145	730
3146	730
3146	729
3147	729
3147	728
3148	728
3148	727
3150	727
3150	726
3151	726
3151	725
3152	725
3152	724
3153	724
3153	723
3154	723
3154	722
3157	722
3157	721
3158	721
3158	720
3159	720
3159	719
3160	719
3160	718
3161	718
3161	717
3162	717
3162	716
3163	716
3163	715
3164	715
3164	714
3168	714
3168	713
3169	713
3169	712
3180	712
3180	711
3183	711
3183	710
3184	710
3184	709
3191	709
3191	708
3193	708
3193	707
3197	707
3197	706
3198	706
3198	705
3201	705
3201	704
3202	704
3202	703
3216	703
3216	702
3217	702
3217	701
3221	701
3221	700
3250	700
3250	698
3249	698
3249	697
3248	697
3248	696
3247	696
3247	695
3246	695
3246	694
3245	694
3245	693
3244	693
3244	692
3243	692
3243	691
3242	691
3242	690
3241	690
3241	689
3240	689
3240	658
3241	658
3241	657
3242	657
3242	655
3243	655
3243	653
3244	653
3244	652
3245	652
3245	650
3246	650
3246	649
3247	649
3247	648
3248	648
3248	647
3249	647
3249	645
3250	645
3250	644
3251	644
3251	643
3253	643
3253	642
3254	642
3254	641
3255	641
3255	640
3256	640
3256	639
3257	639
3257	638
3259	638
3259	637
3260	637
3260	636
3269	636
3269	635
3270	635
3270	634
3307	634
3307	635
3309	635
3309	636
3320	636
3320	635
3323	635
3323	634
3324	634
3324	633
3330	633
3330	631
3331	631
3331	630
3332	630
3332	628
3333	628
3333	627
3334	627
3334	625
3335	625
3335	624
3336	624
3336	623
3337	623
3337	617
3338	617
3338	611
3339	611
3339	610
3340	610
3340	609
3341	609
3341	604
3342	604
3342	600
3343	600
3343	599
3344	599
3344	580
3345	580
3345	564
3346	564
3346	551
3347	551
3347	550
3348	550
3348	546
3349	546
3349	540
3350	540
3350	526
3351	526
3351	525
3352	525
3352	522
3353	522
3353	517
3354	517
3354	516
3355	516
3355	511
3356	511
3356	499
3357	499
3357	493
3358	493
3358	492
3359	492
3359	491
3360	491
3360	490
3361	490
3361	489
3362	489
3362	488
3363	488
3363	485
3364	485
3364	484
3365	484
3365	483
3366	483
3366	482
3368	482
3368	481
3371	481
3371	480
3372	480
3372	479
3373	479
3373	478
3374	478
3374	477
3390	477
3390	478
3391	478
3391	479
3392	479
3392	480
3399	480
3399	479
3402	479
3402	478
3403	478
3403	477
3404	477
3404	476
3407	476
3407	475
3409	475
3409	449
3410	449
3410	448
3411	448
3411	447
3412	447
3412	446
3413	446
3413	445
3414	445
3414	444
3415	444
3415	443
3416	443
3416	442
3417	442
3417	441
3420	441
3420	440
3421	440
3421	439
3422	439
3422	438
3423	438
3423	437
3424	437
3424	430
3425	430
3425	429
3426	429
3426	423
3427	423
3427	420
3428	420
3428	404
3429	404
3429	403
3430	403
3430	400
3431	400
3431	399
3432	399
3432	395
3433	395
3433	392
3434	392
3434	391
3435	391
3435	387
3436	387
3436	373
3437	373
3437	372
3438	372
3438	366
3439	366
3439	363
3440	363
3440	362
3441	362
3441	360
3442	360
3442	359
3443	359
3443	355
3444	355
3444	354
3445	354
3445	353
3446	353
3446	352
3447	352
3447	351
3448	351
3448	347
3449	347
3449	344
3450	344
3450	339
3451	339
3451	338
3452	338
3452	337
3453	337
3453	336
3454	336
3454	335
3455	335
3455	334
3456	334
3456	333
3459	333
3459	332
3460	332
3460	331
3461	331
3461	330
3463	330
3463	329
3464	329
3464	328
3467	328
3467	327
3469	327
3469	326
3470	326
3470	325
3471	325
3471	324
3473	324
3473	323
3475	323
3475	322
3477	322
3477	321
3478	321
3478	320
3480	320
3480	319
3481	319
3481	318
3482	318
3482	317
3483	317
3483	316
3484	316
3484	315
3485	315
3485	314
3486	314
3486	313
3497	313
3497	312
3541	312
3541	311
3542	311
3542	310
3543	310
3543	308
3544	308
3544	307
3545	307
3545	306
3546	306
3546	302
3547	302
3547	298
3548	298
3548	295
3549	295
3549	290
3550	290
3550	289
3551	289
3551	287
3552	287
3552	284
3553	284
3553	283
3554	283
3554	282
3555	282
3555	277
3556	277
3556	273
3557	273
3557	265
3558	265
3558	264
3559	264
3559	263
3560	263
3560	261
3561	261
3561	260
3562	260
3562	259
3563	259
3563	256
3564	256
3564	255
3565	255
3565	254
3567	254
3567	253
3568	253
3568	252
3569	252
3569	251
3572	251
3572	250
3579	250
3579	249
3584	249
3584	248
3585	248
3585	247
3591	247
3591	246
3601	246
3601	245
3603	245
3603	244
3658	244
3658	245
3659	245
3659	246
3660	246
3660	250
3659	250
3659	251
3658	251
