91	277
92	277
92	280
93	280
93	284
94	284
94	288
95	288
95	290
96	290
96	294
97	294
97	295
98	295
98	299
99	299
99	301
100	301
100	303
101	303
101	304
103	304
103	305
105	305
105	304
107	304
107	303
110	303
110	302
113	302
113	301
118	301
118	300
122	300
122	299
123	299
123	300
125	300
125	301
126	301
126	302
127	302
127	301
128	301
128	303
129	303
129	304
131	304
131	305
133	305
133	306
134	306
134	307
138	307
138	308
140	308
140	307
141	307
141	308
145	308
145	307
146	307
146	308
149	308
149	306
151	306
151	305
152	305
152	303
153	303
153	302
154	302
154	301
156	301
156	299
158	299
158	298
157	298
157	297
159	297
159	296
160	296
160	295
174	295
174	296
182	296
182	297
186	297
186	295
188	295
188	297
197	297
197	296
198	296
198	297
200	297
200	298
201	298
201	297
202	297
202	298
204	298
204	297
205	297
205	296
202	296
202	295
200	295
200	296
198	296
198	295
197	295
197	294
186	294
186	293
176	293
176	292
170	292
170	291
162	291
162	292
159	292
159	293
157	293
157	295
156	295
156	296
157	296
157	297
154	297
154	299
152	299
152	301
150	301
150	303
149	303
149	304
138	304
138	303
136	303
136	302
134	302
134	301
132	301
132	300
131	300
131	299
130	299
130	298
126	298
126	297
125	297
125	296
118	296
118	297
112	297
112	298
110	298
110	299
109	299
109	300
107	300
107	301
104	301
104	300
103	300
103	298
102	298
102	295
101	295
101	293
100	293
100	290
99	290
99	288
98	288
98	284
97	284
97	281
96	281
96	280
97	280
97	279
96	279
96	275
95	275
95	270
94	270
94	267
93	267
93	262
92	262
92	257
91	257
91	255
90	255
90	248
89	248
89	238
88	238
88	237
89	237
89	234
88	234
88	232
89	232
89	229
88	229
88	227
87	227
87	226
88	226
88	223
87	223
87	222
86	222
86	220
84	220
84	218
82	218
82	217
77	217
77	216
76	216
76	217
66	217
66	216
64	216
64	215
63	215
63	209
64	209
64	207
63	207
63	202
62	202
62	198
61	198
61	187
60	187
60	186
61	186
61	185
60	185
60	178
59	178
59	177
58	177
58	175
57	175
57	174
58	174
58	170
57	170
57	171
56	171
56	169
55	169
55	168
53	168
53	169
52	169
52	168
50	168
50	167
45	167
45	168
36	168
36	165
35	165
35	162
34	162
34	155
33	155
33	153
34	153
34	152
33	152
33	141
32	141
32	140
33	140
33	137
32	137
32	130
33	130
33	129
32	129
32	127
33	127
33	118
34	118
34	115
33	115
33	117
32	117
32	119
31	119
31	120
30	120
30	121
29	121
29	141
28	141
28	142
29	142
29	148
30	148
30	149
29	149
29	159
30	159
30	160
29	160
29	161
30	161
30	162
31	162
31	164
30	164
30	165
31	165
31	171
32	171
32	172
35	172
35	171
38	171
38	172
39	172
39	171
54	171
54	172
55	172
55	171
56	171
56	178
57	178
57	195
56	195
56	196
57	196
57	199
58	199
58	203
59	203
59	213
60	213
60	219
61	219
61	220
82	220
82	221
84	221
84	223
85	223
85	224
86	224
86	225
85	225
85	228
86	228
86	237
85	237
85	245
86	245
86	248
87	248
87	256
88	256
88	262
89	262
89	265
90	265
90	268
91	268
366	413
367	413
367	414
368	414
368	415
396	415
396	416
402	416
402	415
404	415
404	416
405	416
405	418
406	418
406	419
407	419
407	422
408	422
408	424
409	424
409	426
410	426
410	428
411	428
411	430
412	430
412	431
413	431
413	433
414	433
414	435
415	435
415	436
416	436
416	438
417	438
417	439
418	439
418	440
424	440
424	437
423	437
423	436
419	436
419	435
418	435
418	434
417	434
417	432
416	432
416	431
415	431
415	430
414	430
414	427
413	427
413	426
412	426
412	423
411	423
411	422
410	422
410	419
409	419
409	415
408	415
408	413
407	413
407	412
403	412
403	413
400	413
400	412
389	412
389	411
386	411
386	412
385	412
385	411
379	411
379	410
370	410
370	409
369	409
369	408
368	408
368	407
367	407
367	406
366	406
366	405
365	405
365	403
364	403
364	402
356	402
356	401
353	401
353	400
352	400
352	401
348	401
348	400
346	400
346	399
345	399
345	394
346	394
346	389
345	389
345	380
344	380
344	365
343	365
343	360
342	360
342	327
343	327
343	324
344	324
344	319
345	319
345	314
344	314
344	302
345	302
345	295
346	295
346	292
347	292
347	289
348	289
348	286
349	286
349	284
350	284
350	280
351	280
351	276
350	276
350	266
349	266
349	265
348	265
348	264
342	264
342	265
341	265
341	266
340	266
340	267
339	267
339	268
326	268
326	266
320	266
320	267
319	267
319	268
318	268
318	270
317	270
317	269
316	269
316	270
314	270
314	271
313	271
313	272
312	272
312	274
311	274
311	275
310	275
310	276
308	276
308	277
304	277
304	278
302	278
302	277
297	277
297	278
294	278
294	277
289	277
289	278
288	278
288	277
287	277
287	278
280	278
280	279
279	279
279	280
278	280
278	281
277	281
277	283
276	283
276	284
275	284
275	285
274	285
274	286
273	286
273	288
272	288
272	290
271	290
271	291
270	291
270	292
269	292
269	293
268	293
268	294
267	294
267	296
266	296
266	298
264	298
264	299
263	299
263	300
256	300
256	299
254	299
254	298
253	298
253	296
252	296
252	295
251	295
251	294
250	294
250	293
249	293
249	291
248	291
248	290
247	290
247	288
242	288
242	289
240	289
240	291
239	291
239	292
238	292
238	293
236	293
236	295
235	295
235	296
234	296
234	297
231	297
231	298
230	298
230	297
225	297
225	298
223	298
223	296
222	296
222	297
211	297
211	296
210	296
210	297
208	297
208	296
206	296
206	298
207	298
207	297
208	297
208	298
215	298
215	299
217	299
217	298
218	298
218	299
219	299
219	298
220	298
220	299
225	299
225	300
227	300
227	299
230	299
230	300
232	300
232	299
236	299
236	298
238	298
238	297
239	297
239	296
241	296
241	295
243	295
243	294
245	294
245	295
247	295
247	296
248	296
248	299
249	299
249	302
250	302
250	303
253	303
253	304
257	304
257	305
258	305
258	304
263	304
263	303
265	303
265	302
266	302
266	301
267	301
267	300
268	300
268	298
269	298
269	296
270	296
270	295
271	295
271	294
272	294
272	292
273	292
273	290
274	290
274	288
276	288
276	287
277	287
277	286
278	286
278	285
279	285
279	284
280	284
280	283
281	283
281	282
282	282
282	283
284	283
284	282
287	282
287	281
289	281
289	282
290	282
290	281
300	281
300	280
305	280
305	281
306	281
306	280
308	280
308	279
311	279
311	277
312	277
312	276
313	276
313	274
315	274
315	273
318	273
318	274
319	274
319	275
320	275
320	276
342	276
342	279
341	279
341	280
340	280
340	284
341	284
341	285
342	285
342	286
344	286
344	290
343	290
343	294
342	294
342	297
341	297
341	304
340	304
340	320
339	320
339	331
338	331
338	335
337	335
337	338
338	338
338	340
337	340
337	357
338	357
338	358
337	358
337	359
338	359
338	368
339	368
339	375
340	375
340	383
341	383
341	402
340	402
340	403
341	403
341	405
342	405
342	406
343	406
343	405
361	405
361	406
362	406
362	407
363	407
363	408
364	408
364	409
365	409
365	411
366	411
1055	501
1054	501
1054	502
1052	502
1052	503
1051	503
1051	504
1048	504
1048	505
1047	505
1047	506
1046	506
1046	507
1045	507
1045	508
1044	508
1044	509
1043	509
1043	511
1042	511
1042	515
1041	515
1041	518
1040	518
1040	520
1039	520
1039	522
1036	522
1036	523
1035	523
1035	524
1030	524
1030	525
1027	525
1027	526
1025	526
1025	527
1024	527
1024	528
1023	528
1023	529
1022	529
1022	530
1021	530
1021	532
1020	532
1020	533
1018	533
1018	534
1014	534
1014	533
1012	533
1012	532
1010	532
1010	531
1008	531
1008	530
1003	530
1003	529
996	529
996	528
991	528
991	527
986	527
986	526
979	526
979	527
978	527
978	526
972	526
972	527
970	527
970	528
966	528
966	529
963	529
963	530
962	530
962	529
950	529
950	528
948	528
948	527
945	527
945	526
944	526
944	525
941	525
941	524
933	524
933	523
930	523
930	522
928	522
928	521
926	521
926	522
925	522
925	521
920	521
920	520
917	520
917	521
903	521
903	520
899	520
899	519
886	519
886	520
881	520
881	521
878	521
878	522
864	522
864	523
861	523
861	524
858	524
858	525
854	525
854	524
853	524
853	525
846	525
846	524
841	524
841	525
840	525
840	524
837	524
837	523
835	523
835	522
833	522
833	521
832	521
832	520
831	520
831	519
830	519
830	518
829	518
829	517
828	517
828	516
826	516
826	514
824	514
824	513
822	513
822	512
820	512
820	511
819	511
819	510
818	510
818	509
816	509
816	508
815	508
815	507
814	507
814	506
811	506
811	505
808	505
808	504
805	504
805	503
802	503
802	502
800	502
800	501
798	501
798	500
796	500
796	499
795	499
795	498
769	498
769	492
770	492
770	488
769	488
769	479
768	479
768	477
769	477
769	476
768	476
768	475
769	475
769	472
768	472
768	470
769	470
769	457
770	457
770	452
771	452
771	450
770	450
770	448
771	448
771	441
772	441
772	436
771	436
771	435
770	435
770	430
769	430
769	429
770	429
770	420
769	420
769	417
768	417
768	416
766	416
766	414
765	414
765	413
764	413
764	412
763	412
763	411
762	411
762	410
754	410
754	409
753	409
753	410
752	410
752	409
751	409
751	408
750	408
750	406
749	406
749	405
748	405
748	406
744	406
744	407
743	407
743	408
741	408
741	409
739	409
739	410
738	410
738	411
737	411
737	412
736	412
736	413
735	413
735	415
733	415
733	416
731	416
731	417
727	417
727	418
716	418
716	419
710	419
710	420
708	420
708	421
706	421
706	422
704	422
704	423
703	423
703	424
701	424
701	425
699	425
699	427
698	427
698	429
697	429
697	430
695	430
695	431
693	431
693	432
690	432
690	433
681	433
681	434
680	434
680	435
678	435
678	436
677	436
677	437
676	437
676	439
675	439
675	441
674	441
674	442
673	442
673	443
671	443
671	445
670	445
670	446
669	446
669	447
667	447
667	448
662	448
662	449
652	449
652	448
646	448
646	447
642	447
642	446
640	446
640	445
639	445
639	444
638	444
638	443
631	443
631	444
630	444
630	443
629	443
629	444
627	444
627	445
626	445
626	446
622	446
622	445
615	445
615	446
614	446
614	445
610	445
610	446
607	446
607	447
602	447
602	448
598	448
598	449
596	449
596	450
592	450
592	451
591	451
591	452
590	452
590	453
589	453
589	454
584	454
584	455
583	455
583	456
582	456
582	461
581	461
581	460
578	460
578	459
577	459
577	458
576	458
576	457
574	457
574	458
573	458
573	460
572	460
572	462
573	462
573	463
572	463
572	464
573	464
573	466
572	466
572	471
571	471
571	474
570	474
570	479
569	479
569	481
568	481
568	482
567	482
567	483
566	483
566	485
565	485
565	486
564	486
564	487
563	487
563	488
561	488
561	489
560	489
560	490
559	490
559	491
558	491
558	493
557	493
557	495
556	495
556	498
555	498
555	500
554	500
554	502
552	502
552	503
551	503
551	504
545	504
545	505
544	505
544	506
542	506
542	508
540	508
540	509
531	509
531	508
527	508
527	507
526	507
526	506
524	506
524	505
523	505
523	504
522	504
522	503
520	503
520	502
519	502
519	501
517	501
517	500
516	500
516	499
514	499
514	498
512	498
512	497
510	497
510	496
509	496
509	495
508	495
508	494
506	494
506	493
504	493
504	492
500	492
500	491
499	491
499	492
498	492
498	490
497	490
497	488
495	488
495	487
494	487
494	484
493	484
493	482
492	482
492	481
491	481
491	480
490	480
490	479
489	479
489	478
488	478
488	477
487	477
487	475
486	475
486	474
484	474
484	473
483	473
483	472
480	472
480	471
479	471
479	470
478	470
478	468
477	468
477	467
476	467
476	465
475	465
475	464
474	464
474	462
473	462
473	461
472	461
472	460
470	460
470	459
469	459
469	458
467	458
467	457
465	457
465	456
463	456
463	455
462	455
462	454
461	454
461	453
458	453
458	452
456	452
456	451
454	451
454	449
453	449
453	448
452	448
452	447
444	447
444	446
441	446
441	445
431	445
431	444
430	444
430	443
429	443
429	442
427	442
427	448
428	448
428	449
442	449
442	450
450	450
450	451
453	451
453	452
454	452
454	453
455	453
455	454
456	454
456	456
457	456
457	457
459	457
459	458
460	458
460	457
461	457
461	458
463	458
463	459
464	459
464	460
465	460
465	461
468	461
468	462
469	462
469	463
470	463
470	464
472	464
472	466
473	466
473	468
474	468
474	470
475	470
475	471
476	471
476	473
477	473
477	475
481	475
481	476
483	476
483	477
485	477
485	478
486	478
486	481
487	481
487	484
488	484
488	487
489	487
489	488
490	488
490	490
491	490
491	492
492	492
492	493
493	493
493	495
494	495
494	496
495	496
495	497
506	497
506	498
507	498
507	499
508	499
508	501
509	501
509	502
512	502
512	503
514	503
514	504
515	504
515	505
516	505
516	506
517	506
517	507
520	507
520	509
522	509
522	510
523	510
523	511
524	511
524	512
532	512
532	513
542	513
542	512
543	512
543	511
544	511
544	510
545	510
545	509
547	509
547	508
552	508
552	507
554	507
554	506
555	506
555	505
557	505
557	504
558	504
558	498
559	498
559	497
560	497
560	496
561	496
561	495
562	495
562	493
563	493
563	492
564	492
564	491
566	491
566	490
567	490
567	489
568	489
568	488
569	488
569	487
570	487
570	486
571	486
571	484
572	484
572	481
573	481
573	478
574	478
574	475
575	475
575	472
576	472
576	467
575	467
575	465
576	465
576	463
577	463
577	464
579	464
579	465
584	465
584	464
590	464
590	463
591	463
591	462
592	462
592	461
593	461
593	460
594	460
594	459
595	459
595	458
602	458
602	457
603	457
603	456
604	456
604	455
605	455
605	454
606	454
606	451
607	451
607	450
609	450
609	449
610	449
610	448
613	448
613	449
617	449
617	448
618	448
618	449
622	449
622	448
627	448
627	447
632	447
632	448
636	448
636	449
637	449
637	450
640	450
640	451
642	451
642	452
646	452
646	453
665	453
665	452
670	452
670	450
671	450
671	449
673	449
673	447
674	447
674	446
675	446
675	445
676	445
676	443
677	443
677	442
678	442
678	440
679	440
679	439
680	439
680	438
681	438
681	437
685	437
685	436
686	436
686	437
692	437
692	436
694	436
694	435
695	435
695	434
696	434
696	433
697	433
697	432
698	432
698	431
699	431
699	430
700	430
700	429
701	429
701	428
702	428
702	427
704	427
704	426
706	426
706	425
707	425
707	424
709	424
709	423
715	423
715	422
717	422
717	423
718	423
718	422
722	422
722	423
723	423
723	422
728	422
728	421
732	421
732	420
734	420
734	419
736	419
736	416
738	416
738	415
739	415
739	414
740	414
740	412
742	412
742	411
743	411
743	409
744	409
744	410
745	410
745	409
748	409
748	410
750	410
750	411
753	411
753	413
758	413
758	414
762	414
762	415
763	415
763	416
764	416
764	418
765	418
765	423
766	423
766	433
767	433
767	450
766	450
766	455
765	455
765	464
764	464
764	468
765	468
765	475
764	475
764	477
765	477
765	492
764	492
764	502
765	502
765	503
768	503
768	502
772	502
772	501
774	501
774	502
777	502
777	501
780	501
780	502
788	502
788	501
790	501
790	502
795	502
795	503
796	503
796	504
797	504
797	505
798	505
798	506
800	506
800	507
802	507
802	508
806	508
806	509
809	509
809	510
813	510
813	511
814	511
814	512
816	512
816	513
817	513
817	514
818	514
818	515
819	515
819	516
820	516
820	517
821	517
821	518
824	518
824	519
825	519
825	521
826	521
826	522
828	522
828	523
829	523
829	524
830	524
830	525
832	525
832	526
833	526
833	527
836	527
836	528
845	528
845	529
849	529
849	528
853	528
853	529
854	529
854	528
860	528
860	527
863	527
863	526
867	526
867	527
868	527
868	526
869	526
869	527
872	527
872	526
880	526
880	525
887	525
887	524
890	524
890	523
891	523
891	524
898	524
898	525
902	525
902	526
904	526
904	525
905	525
905	526
925	526
925	527
927	527
927	526
928	526
928	527
931	527
931	528
935	528
935	529
940	529
940	530
944	530
944	531
945	531
945	532
946	532
946	533
948	533
948	534
951	534
951	533
955	533
955	534
957	534
957	533
958	533
958	534
962	534
962	533
967	533
967	532
971	532
971	531
974	531
974	530
978	530
978	531
979	531
979	530
980	530
980	531
985	531
985	532
993	532
993	533
998	533
998	534
1003	534
1003	535
1008	535
1008	536
1010	536
1010	537
1012	537
1012	538
1018	538
1018	537
1020	537
1020	536
1021	536
1021	535
1023	535
1023	533
1025	533
1025	531
1027	531
1027	529
1033	529
1033	528
1037	528
1037	527
1039	527
1039	526
1040	526
1040	525
1041	525
1041	523
1042	523
1042	521
1043	521
1043	520
1044	520
1044	516
1045	516
1045	513
1046	513
1046	512
1047	512
1047	510
1048	510
1048	509
1049	509
1049	508
1051	508
1051	507
1053	507
1053	506
1055	506
1055	505
1056	505
1056	503
1058	503
1058	502
1060	502
1060	501
1061	501
1061	500
1062	500
1062	498
1063	498
1063	497
1064	497
1064	495
1072	495
1072	496
1075	496
1075	497
1076	497
1076	496
1079	496
1079	495
1080	495
1080	491
1078	491
1078	492
1077	492
1077	493
1076	493
1076	492
1073	492
1073	491
1068	491
1068	490
1065	490
1065	491
1064	491
1064	492
1063	492
1063	493
1061	493
1061	495
1060	495
1060	496
1059	496
1059	497
1058	497
1058	498
1057	498
1057	499
1056	499
1056	500
1055	500
1354	469
1355	469
1355	470
1354	470
1354	476
1355	476
1355	477
1354	477
1354	480
1351	480
1351	481
1348	481
1348	482
1345	482
1345	483
1344	483
1344	484
1341	484
1341	485
1339	485
1339	486
1338	486
1338	487
1334	487
1334	488
1329	488
1329	489
1328	489
1328	488
1322	488
1322	487
1320	487
1320	486
1317	486
1317	485
1316	485
1316	486
1300	486
1300	487
1285	487
1285	488
1284	488
1284	489
1282	489
1282	490
1281	490
1281	491
1279	491
1279	492
1270	492
1270	493
1269	493
1269	494
1266	494
1266	493
1261	493
1261	492
1259	492
1259	491
1258	491
1258	489
1257	489
1257	487
1256	487
1256	484
1255	484
1255	481
1254	481
1254	479
1253	479
1253	477
1252	477
1252	474
1251	474
1251	473
1250	473
1250	471
1249	471
1249	469
1248	469
1248	468
1247	468
1247	467
1246	467
1246	465
1245	465
1245	464
1244	464
1244	463
1243	463
1243	462
1241	462
1241	460
1240	460
1240	459
1239	459
1239	458
1238	458
1238	457
1236	457
1236	456
1234	456
1234	455
1232	455
1232	454
1230	454
1230	453
1229	453
1229	452
1228	452
1228	451
1226	451
1226	450
1223	450
1223	448
1220	448
1220	447
1219	447
1219	446
1215	446
1215	445
1214	445
1214	444
1210	444
1210	443
1208	443
1208	442
1206	442
1206	441
1205	441
1205	440
1204	440
1204	439
1195	439
1195	438
1190	438
1190	437
1189	437
1189	436
1185	436
1185	435
1184	435
1184	434
1182	434
1182	433
1179	433
1179	432
1177	432
1177	431
1173	431
1173	430
1169	430
1169	429
1167	429
1167	428
1162	428
1162	427
1160	427
1160	426
1158	426
1158	425
1154	425
1154	424
1151	424
1151	423
1141	423
1141	422
1139	422
1139	421
1137	421
1137	420
1135	420
1135	419
1133	419
1133	418
1132	418
1132	417
1130	417
1130	416
1126	416
1126	417
1122	417
1122	418
1121	418
1121	419
1120	419
1120	420
1117	420
1117	421
1116	421
1116	422
1115	422
1115	423
1114	423
1114	425
1113	425
1113	426
1112	426
1112	427
1110	427
1110	428
1108	428
1108	429
1106	429
1106	430
1104	430
1104	431
1103	431
1103	432
1102	432
1102	435
1101	435
1101	436
1100	436
1100	442
1099	442
1099	443
1100	443
1100	444
1099	444
1099	447
1098	447
1098	449
1097	449
1097	452
1096	452
1096	454
1095	454
1095	456
1094	456
1094	459
1093	459
1093	461
1092	461
1092	463
1091	463
1091	464
1090	464
1090	465
1088	465
1088	466
1087	466
1087	467
1086	467
1086	468
1085	468
1085	469
1084	469
1084	470
1083	470
1083	472
1082	472
1082	473
1081	473
1081	474
1080	474
1080	477
1079	477
1079	480
1078	480
1078	490
1080	490
1080	488
1081	488
1081	482
1082	482
1082	481
1083	481
1083	478
1084	478
1084	477
1085	477
1085	475
1086	475
1086	473
1087	473
1087	472
1089	472
1089	471
1090	471
1090	470
1091	470
1091	469
1093	469
1093	468
1094	468
1094	467
1095	467
1095	466
1096	466
1096	464
1097	464
1097	462
1098	462
1098	461
1099	461
1099	456
1100	456
1100	455
1101	455
1101	453
1102	453
1102	452
1103	452
1103	451
1104	451
1104	446
1103	446
1103	444
1104	444
1104	440
1105	440
1105	436
1106	436
1106	435
1107	435
1107	434
1109	434
1109	433
1111	433
1111	432
1112	432
1112	431
1114	431
1114	429
1116	429
1116	428
1117	428
1117	427
1119	427
1119	426
1120	426
1120	425
1122	425
1122	424
1123	424
1123	423
1124	423
1124	422
1131	422
1131	423
1133	423
1133	424
1134	424
1134	425
1136	425
1136	426
1142	426
1142	427
1143	427
1143	426
1146	426
1146	427
1150	427
1150	428
1156	428
1156	429
1158	429
1158	430
1160	430
1160	431
1162	431
1162	432
1164	432
1164	431
1165	431
1165	432
1166	432
1166	433
1168	433
1168	434
1171	434
1171	435
1176	435
1176	436
1177	436
1177	437
1180	437
1180	438
1182	438
1182	439
1184	439
1184	440
1187	440
1187	441
1189	441
1189	442
1191	442
1191	443
1201	443
1201	444
1205	444
1205	445
1208	445
1208	448
1210	448
1210	449
1211	449
1211	450
1218	450
1218	451
1220	451
1220	452
1222	452
1222	453
1224	453
1224	454
1225	454
1225	455
1226	455
1226	456
1228	456
1228	457
1230	457
1230	459
1233	459
1233	460
1234	460
1234	461
1235	461
1235	462
1236	462
1236	463
1239	463
1239	464
1240	464
1240	465
1241	465
1241	467
1242	467
1242	469
1243	469
1243	470
1244	470
1244	471
1245	471
1245	473
1246	473
1246	475
1247	475
1247	476
1248	476
1248	478
1249	478
1249	481
1250	481
1250	484
1251	484
1251	486
1252	486
1252	490
1253	490
1253	491
1254	491
1254	493
1255	493
1255	495
1256	495
1256	496
1258	496
1258	497
1264	497
1264	498
1266	498
1266	497
1269	497
1269	496
1279	496
1279	495
1281	495
1281	494
1284	494
1284	493
1285	493
1285	492
1288	492
1288	491
1295	491
1295	492
1299	492
1299	491
1304	491
1304	490
1305	490
1305	491
1306	491
1306	490
1308	490
1308	491
1310	491
1310	490
1312	490
1312	491
1313	491
1313	490
1315	490
1315	491
1319	491
1319	492
1326	492
1326	493
1327	493
1327	492
1331	492
1331	493
1332	493
1332	492
1337	492
1337	491
1338	491
1338	490
1341	490
1341	489
1342	489
1342	488
1344	488
1344	487
1346	487
1346	486
1351	486
1351	485
1353	485
1353	484
1361	484
1361	479
1359	479
1359	478
1358	478
1358	475
1357	475
1357	474
1358	474
1358	469
1359	469
1359	466
1360	466
1360	462
1361	462
1361	461
1362	461
1362	460
1364	460
1364	459
1366	459
1366	458
1368	458
1368	457
1369	457
1369	456
1370	456
1370	455
1372	455
1372	456
1373	456
1373	457
1374	457
1374	459
1375	459
1375	460
1376	460
1376	461
1377	461
1377	462
1386	462
1386	461
1388	461
1388	462
1390	462
1390	461
1391	461
1391	462
1392	462
1392	461
1404	461
1404	460
1407	460
1407	459
1408	459
1408	458
1410	458
1410	456
1412	456
1412	455
1414	455
1414	454
1420	454
1420	453
1421	453
1421	454
1422	454
1422	453
1426	453
1426	452
1427	452
1427	451
1430	451
1430	450
1432	450
1432	449
1435	449
1435	448
1436	448
1436	447
1438	447
1438	446
1440	446
1440	445
1442	445
1442	444
1444	444
1444	443
1446	443
1446	442
1448	442
1448	440
1451	440
1451	439
1452	439
1452	438
1454	438
1454	437
1455	437
1455	436
1459	436
1459	435
1460	435
1460	434
1466	434
1466	433
1469	433
1469	431
1471	431
1471	430
1472	430
1472	429
1473	429
1473	428
1475	428
1475	427
1478	427
1478	426
1480	426
1480	425
1482	425
1482	424
1483	424
1483	423
1486	423
1486	422
1495	422
1495	424
1497	424
1497	423
1499	423
1499	422
1500	422
1500	420
1501	420
1501	417
1500	417
1500	413
1499	413
1499	411
1500	411
1500	406
1501	406
1501	405
1502	405
1502	404
1501	404
1501	403
1502	403
1502	400
1503	400
1503	399
1504	399
1504	397
1505	397
1505	395
1506	395
1506	394
1507	394
1507	392
1508	392
1508	390
1509	390
1509	388
1510	388
1510	387
1511	387
1511	386
1512	386
1512	385
1513	385
1513	384
1514	384
1514	383
1515	383
1515	382
1516	382
1516	381
1518	381
1518	380
1519	380
1519	379
1521	379
1521	378
1522	378
1522	376
1523	376
1523	375
1524	375
1524	372
1525	372
1525	369
1526	369
1526	365
1527	365
1527	361
1528	361
1528	359
1529	359
1529	358
1530	358
1530	356
1532	356
1532	355
1533	355
1533	354
1534	354
1534	351
1536	351
1536	350
1537	350
1537	351
1538	351
1538	352
1547	352
1547	353
1548	353
1548	354
1555	354
1555	355
1556	355
1556	364
1557	364
1557	365
1558	365
1558	366
1561	366
1561	373
1560	373
1560	390
1561	390
1561	407
1562	407
1562	408
1561	408
1561	412
1562	412
1562	416
1563	416
1563	422
1564	422
1564	433
1565	433
1565	435
1564	435
1564	436
1565	436
1565	439
1566	439
1566	444
1567	444
1567	448
1568	448
1568	449
1569	449
1569	450
1570	450
1570	451
1573	451
1573	450
1574	450
1574	451
1575	451
1575	450
1585	450
1585	449
1586	449
1586	450
1592	450
1592	451
1600	451
1600	452
1602	452
1602	451
1604	451
1604	450
1607	450
1607	449
1609	449
1609	448
1618	448
1618	449
1622	449
1622	448
1623	448
1623	449
1624	449
1624	448
1629	448
1629	447
1637	447
1637	446
1639	446
1639	445
1643	445
1643	444
1644	444
1644	445
1658	445
1658	444
1666	444
1666	443
1668	443
1668	442
1671	442
1671	443
1672	443
1672	442
1676	442
1676	441
1679	441
1679	440
1681	440
1681	439
1683	439
1683	438
1685	438
1685	437
1686	437
1686	436
1688	436
1688	435
1691	435
1691	434
1694	434
1694	433
1698	433
1698	434
1703	434
1703	435
1706	435
1706	436
1709	436
1709	437
1710	437
1710	436
1711	436
1711	437
1714	437
1714	438
1716	438
1716	439
1719	439
1719	440
1720	440
1720	441
1722	441
1722	442
1724	442
1724	443
1725	443
1725	444
1730	444
1730	443
1737	443
1737	444
1752	444
1752	445
1753	445
1753	444
1763	444
1763	445
1769	445
1769	444
1771	444
1771	445
1772	445
1772	444
1774	444
1774	445
1776	445
1776	446
1780	446
1780	447
1783	447
1783	446
1784	446
1784	447
1790	447
1790	446
1791	446
1791	447
1794	447
1794	446
1797	446
1797	447
1809	447
1809	446
1812	446
1812	445
1814	445
1814	444
1816	444
1816	443
1817	443
1817	444
1820	444
1820	443
1821	443
1821	444
1822	444
1822	443
1828	443
1828	442
1829	442
1829	439
1830	439
1830	436
1831	436
1831	428
1830	428
1830	421
1829	421
1829	405
1828	405
1828	403
1829	403
1829	400
1828	400
1828	393
1827	393
1827	388
1826	388
1826	385
1827	385
1827	381
1826	381
1826	369
1827	369
1827	362
1828	362
1828	360
1829	360
1829	358
1830	358
1830	357
1831	357
1831	354
1832	354
1832	350
1833	350
1833	349
1832	349
1832	344
1835	344
1835	345
1836	345
1836	346
1837	346
1837	347
1842	347
1842	348
1845	348
1845	349
1851	349
1851	350
1856	350
1856	351
1858	351
1858	352
1860	352
1860	353
1863	353
1863	354
1865	354
1865	355
1868	355
1868	356
1878	356
1878	355
1880	355
1880	356
1881	356
1881	354
1885	354
1885	353
1886	353
1886	354
1901	354
1901	353
1904	353
1904	352
1906	352
1906	350
1908	350
1908	349
1910	349
1910	348
1912	348
1912	347
1921	347
1921	346
1926	346
1926	345
1927	345
1927	344
1931	344
1931	343
1937	343
1937	342
1940	342
1940	343
1942	343
1942	344
1945	344
1945	345
1946	345
1946	346
1948	346
1948	347
1952	347
1952	348
1954	348
1954	349
1955	349
1955	348
1957	348
1957	349
1960	349
1960	350
1961	350
1961	351
1968	351
1968	350
1979	350
1979	351
1980	351
1980	350
1981	350
1981	351
1982	351
1982	350
1984	350
1984	349
1985	349
1985	347
1984	347
1984	346
1985	346
1985	338
1986	338
1986	334
1987	334
1987	323
1988	323
1988	318
1989	318
1989	314
1990	314
1990	312
1991	312
1991	303
1992	303
1992	301
1993	301
1993	300
1994	300
1994	295
1995	295
1995	293
1996	293
1996	291
1997	291
1997	289
1998	289
1998	288
1999	288
1999	286
2000	286
2000	285
2001	285
2001	283
2002	283
2002	282
2003	282
2003	281
2004	281
2004	280
2005	280
2005	278
2006	278
2006	276
2007	276
2007	274
2008	274
2008	272
2009	272
2009	271
2010	271
2010	269
2011	269
2011	268
2012	268
2012	267
2013	267
2013	263
2014	263
2014	260
2015	260
2015	259
2016	259
2016	258
2018	258
2018	257
2019	257
2019	256
2021	256
2021	255
2029	255
2029	254
2030	254
2030	255
2032	255
2032	254
2034	254
2034	255
2035	255
2035	254
2036	254
2036	253
2037	253
2037	254
2038	254
2038	253
2040	253
2040	252
2042	252
2042	251
2044	251
2044	250
2046	250
2046	251
2048	251
2048	250
2056	250
2056	249
2057	249
2057	248
2058	248
2058	249
2063	249
2063	248
2066	248
2066	247
2072	247
2072	248
2081	248
2081	247
2087	247
2087	248
2088	248
2088	250
2089	250
2089	253
2091	253
2091	254
2092	254
2092	255
2093	255
2093	257
2094	257
2094	258
2095	258
2095	259
2097	259
2097	260
2099	260
2099	261
2100	261
2100	262
2101	262
2101	263
2103	263
2103	265
2104	265
2104	266
2105	266
2105	268
2106	268
2106	270
2107	270
2107	271
2108	271
2108	273
2109	273
2109	274
2110	274
2110	276
2111	276
2111	278
2112	278
2112	280
2113	280
2113	283
2114	283
2114	285
2115	285
2115	286
2116	286
2116	287
2117	287
2117	286
2119	286
2119	287
2120	287
2120	286
2122	286
2122	288
2123	288
2123	289
2126	289
2126	291
2127	291
2127	293
2128	293
2128	294
2129	294
2129	295
2130	295
2130	297
2131	297
2131	298
2132	298
2132	306
2133	306
2133	318
2134	318
2134	319
2135	319
2135	320
2140	320
2140	328
2141	328
2141	329
2142	329
2142	330
2144	330
2144	332
2145	332
2145	335
2146	335
2146	336
2147	336
2147	339
2145	339
2145	343
2146	343
2146	346
2147	346
2147	349
2148	349
2148	352
2149	352
2149	370
2148	370
2148	375
2149	375
2149	376
2152	376
2152	377
2156	377
2156	376
2157	376
2157	377
2160	377
2160	376
2163	376
2163	375
2166	375
2166	374
2170	374
2170	373
2171	373
2171	372
2172	372
2172	371
2174	371
2174	370
2175	370
2175	369
2176	369
2176	367
2177	367
2177	366
2178	366
2178	363
2179	363
2179	361
2180	361
2180	359
2181	359
2181	354
2182	354
2182	351
2183	351
2183	347
2184	347
2184	341
2185	341
2185	338
2186	338
2186	337
2187	337
2187	334
2188	334
2188	333
2189	333
2189	331
2190	331
2190	329
2191	329
2191	328
2192	328
2192	327
2193	327
2193	326
2194	326
2194	324
2195	324
2195	322
2196	322
2196	321
2197	321
2197	320
2198	320
2198	315
2199	315
2199	310
2200	310
2200	306
2201	306
2201	303
2202	303
2202	302
2203	302
2203	298
2204	298
2204	297
2205	297
2205	291
2204	291
2204	288
2205	288
2205	282
2206	282
2206	281
2205	281
2205	278
2206	278
2206	275
2205	275
2205	273
2206	273
2206	270
2207	270
2207	268
2208	268
2208	265
2209	265
2209	262
2210	262
2210	260
2211	260
2211	257
2212	257
2212	254
2213	254
2213	251
2214	251
2214	250
2215	250
2215	249
2216	249
2216	247
2215	247
2215	245
2216	245
2216	243
2217	243
2217	240
2218	240
2218	236
2219	236
2219	234
2220	234
2220	232
2221	232
2221	231
2222	231
2222	229
2223	229
2223	227
2225	227
2225	225
2226	225
2226	224
2227	224
2227	221
2228	221
2228	219
2229	219
2229	218
2230	218
2230	217
2231	217
2231	214
2232	214
2232	212
2233	212
2233	211
2234	211
2234	210
2235	210
2235	209
2236	209
2236	207
2237	207
2237	206
2238	206
2238	204
2239	204
2239	202
2240	202
2240	201
2241	201
2241	200
2242	200
2242	199
2243	199
2243	198
2244	198
2244	197
2245	197
2245	196
2246	196
2246	195
2247	195
2247	194
2248	194
2248	193
2250	193
2250	192
2252	192
2252	191
2254	191
2254	189
2256	189
2256	188
2257	188
2257	187
2258	187
2258	186
2259	186
2259	185
2260	185
2260	184
2262	184
2262	182
2264	182
2264	181
2265	181
2265	180
2266	180
2266	179
2267	179
2267	180
2268	180
2268	179
2271	179
2271	177
2272	177
2272	176
2274	176
2274	175
2276	175
2276	174
2278	174
2278	173
2283	173
2283	172
2286	172
2286	171
2290	171
2290	170
2292	170
2292	169
2294	169
2294	168
2296	168
2296	167
2302	167
2302	166
2306	166
2306	165
2310	165
2310	164
2311	164
2311	165
2312	165
2312	164
2314	164
2314	165
2316	165
2316	164
2318	164
2318	165
2322	165
2322	166
2323	166
2323	165
2325	165
2325	164
2328	164
2328	163
2330	163
2330	162
2335	162
2335	161
2339	161
2339	160
2341	160
2341	159
2347	159
2347	158
2348	158
2348	157
2351	157
2351	156
2353	156
2353	155
2356	155
2356	154
2364	154
2364	153
2367	153
2367	152
2370	152
2370	151
2373	151
2373	150
2377	150
2377	149
2380	149
2380	148
2383	148
2383	147
2385	147
2385	146
2386	146
2386	147
2387	147
2387	145
2388	145
2388	143
2389	143
2389	142
2388	142
2388	140
2383	140
2383	141
2380	141
2380	142
2374	142
2374	143
2377	143
2377	144
2376	144
2376	145
2372	145
2372	146
2368	146
2368	147
2366	147
2366	148
2364	148
2364	149
2363	149
2363	148
2362	148
2362	149
2357	149
2357	150
2352	150
2352	151
2350	151
2350	152
2349	152
2349	153
2346	153
2346	154
2341	154
2341	155
2338	155
2338	156
2336	156
2336	157
2334	157
2334	158
2329	158
2329	159
2326	159
2326	160
2305	160
2305	161
2302	161
2302	162
2296	162
2296	163
2294	163
2294	164
2291	164
2291	165
2288	165
2288	166
2286	166
2286	167
2284	167
2284	168
2282	168
2282	169
2273	169
2273	170
2272	170
2272	171
2270	171
2270	172
2269	172
2269	173
2268	173
2268	174
2264	174
2264	176
2263	176
2263	175
2262	175
2262	176
2260	176
2260	178
2259	178
2259	179
2258	179
2258	180
2257	180
2257	181
2256	181
2256	182
2255	182
2255	183
2253	183
2253	184
2252	184
2252	186
2250	186
2250	187
2248	187
2248	188
2246	188
2246	189
2244	189
2244	191
2242	191
2242	192
2241	192
2241	193
2240	193
2240	194
2238	194
2238	195
2237	195
2237	197
2236	197
2236	199
2235	199
2235	200
2234	200
2234	202
2232	202
2232	204
2231	204
2231	205
2230	205
2230	207
2229	207
2229	208
2228	208
2228	210
2227	210
2227	212
2226	212
2226	213
2225	213
2225	215
2224	215
2224	216
2223	216
2223	217
2222	217
2222	219
2221	219
2221	220
2220	220
2220	222
2219	222
2219	223
2218	223
2218	225
2217	225
2217	227
2216	227
2216	228
2215	228
2215	231
2214	231
2214	233
2213	233
2213	237
2212	237
2212	240
2211	240
2211	242
2210	242
2210	245
2209	245
2209	249
2208	249
2208	251
2207	251
2207	255
2206	255
2206	257
2205	257
2205	260
2204	260
2204	262
2203	262
2203	266
2202	266
2202	268
2201	268
2201	271
2200	271
2200	272
2199	272
2199	277
2198	277
2198	278
2199	278
2199	282
2198	282
2198	284
2199	284
2199	285
2198	285
2198	292
2197	292
2197	297
2196	297
2196	300
2195	300
2195	303
2194	303
2194	304
2193	304
2193	308
2192	308
2192	314
2191	314
2191	317
2190	317
2190	318
2189	318
2189	320
2188	320
2188	321
2187	321
2187	322
2186	322
2186	324
2185	324
2185	325
2184	325
2184	326
2183	326
2183	330
2182	330
2182	333
2181	333
2181	336
2180	336
2180	339
2179	339
2179	346
2178	346
2178	349
2177	349
2177	353
2176	353
2176	356
2175	356
2175	359
2174	359
2174	362
2173	362
2173	365
2172	365
2172	366
2169	366
2169	367
2168	367
2168	368
2166	368
2166	369
2161	369
2161	370
2154	370
2154	358
2153	358
2153	356
2156	356
2156	355
2157	355
2157	354
2158	354
2158	336
2157	336
2157	335
2156	335
2156	334
2155	334
2155	333
2154	333
2154	332
2153	332
2153	329
2152	329
2152	326
2151	326
2151	325
2150	325
2150	324
2149	324
2149	323
2148	323
2148	308
2147	308
2147	307
2146	307
2146	306
2142	306
2142	307
2141	307
2141	308
2140	308
2140	315
2137	315
2137	307
2136	307
2136	302
2135	302
2135	299
2134	299
2134	296
2133	296
2133	293
2132	293
2132	292
2131	292
2131	290
2130	290
2130	289
2129	289
2129	288
2128	288
2128	287
2127	287
2127	286
2126	286
2126	285
2125	285
2125	284
2124	284
2124	283
2123	283
2123	282
2120	282
2120	281
2119	281
2119	282
2118	282
2118	281
2117	281
2117	279
2116	279
2116	277
2115	277
2115	275
2114	275
2114	272
2113	272
2113	270
2112	270
2112	269
2111	269
2111	267
2109	267
2109	266
2108	266
2108	265
2107	265
2107	264
2106	264
2106	263
2105	263
2105	262
2104	262
2104	260
2103	260
2103	259
2102	259
2102	258
2101	258
2101	257
2100	257
2100	256
2097	256
2097	255
2096	255
2096	253
2095	253
2095	251
2094	251
2094	250
2093	250
2093	248
2092	248
2092	247
2091	247
2091	245
2090	245
2090	244
2089	244
2089	243
2079	243
2079	244
2066	244
2066	245
2062	245
2062	246
2059	246
2059	247
2058	247
2058	246
2057	246
2057	247
2053	247
2053	246
2051	246
2051	247
2045	247
2045	246
2044	246
2044	247
2042	247
2042	246
2041	246
2041	247
2040	247
2040	248
2038	248
2038	249
2035	249
2035	250
2031	250
2031	251
2022	251
2022	252
2019	252
2019	253
2017	253
2017	254
2013	254
2013	256
2012	256
2012	257
2011	257
2011	260
2010	260
2010	262
2009	262
2009	264
2008	264
2008	265
2007	265
2007	266
2006	266
2006	269
2005	269
2005	271
2003	271
2003	274
2002	274
2002	275
2001	275
2001	276
2000	276
2000	279
1998	279
1998	280
1997	280
1997	282
1996	282
1996	283
1995	283
1995	285
1994	285
1994	287
1993	287
1993	288
1992	288
1992	290
1991	290
1991	295
1990	295
1990	298
1989	298
1989	299
1988	299
1988	301
1987	301
1987	306
1986	306
1986	310
1985	310
1985	315
1984	315
1984	323
1983	323
1983	331
1982	331
1982	337
1981	337
1981	344
1982	344
1982	345
1981	345
1981	346
1969	346
1969	347
1966	347
1966	346
1962	346
1962	345
1960	345
1960	344
1957	344
1957	343
1955	343
1955	344
1954	344
1954	343
1952	343
1952	342
1949	342
1949	341
1946	341
1946	340
1944	340
1944	339
1942	339
1942	338
1938	338
1938	337
1935	337
1935	338
1931	338
1931	339
1929	339
1929	340
1926	340
1926	341
1920	341
1920	342
1914	342
1914	343
1910	343
1910	344
1909	344
1909	345
1907	345
1907	346
1906	346
1906	347
1905	347
1905	348
1902	348
1902	349
1898	349
1898	348
1897	348
1897	349
1893	349
1893	350
1892	350
1892	349
1886	349
1886	350
1885	350
1885	349
1883	349
1883	350
1879	350
1879	351
1876	351
1876	352
1875	352
1875	351
1867	351
1867	350
1865	350
1865	349
1863	349
1863	348
1861	348
1861	347
1858	347
1858	346
1853	346
1853	345
1848	345
1848	346
1847	346
1847	345
1845	345
1845	344
1843	344
1843	343
1838	343
1838	342
1837	342
1837	341
1835	341
1835	340
1834	340
1834	339
1832	339
1832	338
1829	338
1829	341
1828	341
1828	351
1827	351
1827	354
1826	354
1826	355
1825	355
1825	358
1824	358
1824	360
1823	360
1823	364
1822	364
1822	374
1821	374
1821	376
1822	376
1822	388
1823	388
1823	395
1824	395
1824	399
1825	399
1825	400
1824	400
1824	401
1825	401
1825	410
1826	410
1826	412
1825	412
1825	414
1826	414
1826	422
1827	422
1827	425
1828	425
1828	426
1827	426
1827	427
1828	427
1828	428
1829	428
1829	436
1828	436
1828	439
1827	439
1827	440
1819	440
1819	441
1814	441
1814	442
1806	442
1806	443
1800	443
1800	442
1795	442
1795	443
1793	443
1793	442
1786	442
1786	441
1780	441
1780	440
1760	440
1760	439
1751	439
1751	440
1750	440
1750	439
1748	439
1748	440
1747	440
1747	439
1734	439
1734	438
1728	438
1728	437
1725	437
1725	436
1723	436
1723	435
1721	435
1721	434
1720	434
1720	433
1716	433
1716	432
1713	432
1713	431
1709	431
1709	430
1707	430
1707	429
1702	429
1702	428
1692	428
1692	429
1689	429
1689	430
1687	430
1687	431
1686	431
1686	432
1683	432
1683	434
1681	434
1681	435
1679	435
1679	436
1677	436
1677	437
1674	437
1674	438
1671	438
1671	439
1659	439
1659	440
1649	440
1649	439
1647	439
1647	440
1645	440
1645	439
1644	439
1644	440
1640	440
1640	441
1633	441
1633	442
1631	442
1631	443
1630	443
1630	442
1629	442
1629	443
1626	443
1626	444
1624	444
1624	443
1622	443
1622	444
1621	444
1621	443
1620	443
1620	444
1617	444
1617	443
1611	443
1611	444
1609	444
1609	445
1608	445
1608	446
1606	446
1606	447
1601	447
1601	446
1591	446
1591	447
1589	447
1589	446
1588	446
1588	447
1587	447
1587	446
1575	446
1575	445
1572	445
1572	443
1571	443
1571	440
1570	440
1570	439
1571	439
1571	437
1570	437
1570	435
1569	435
1569	434
1570	434
1570	430
1569	430
1569	421
1568	421
1568	416
1567	416
1567	411
1566	411
1566	399
1565	399
1565	379
1564	379
1564	364
1565	364
1565	358
1564	358
1564	352
1563	352
1563	351
1562	351
1562	350
1561	350
1561	349
1560	349
1560	348
1559	348
1559	347
1558	347
1558	346
1553	346
1553	345
1552	345
1552	344
1541	344
1541	343
1540	343
1540	342
1536	342
1536	343
1535	343
1535	344
1534	344
1534	349
1533	349
1533	350
1532	350
1532	351
1531	351
1531	352
1529	352
1529	353
1528	353
1528	354
1527	354
1527	356
1526	356
1526	357
1525	357
1525	360
1524	360
1524	365
1523	365
1523	370
1522	370
1522	373
1521	373
1521	374
1519	374
1519	376
1518	376
1518	377
1516	377
1516	379
1512	379
1512	380
1510	380
1510	382
1509	382
1509	383
1508	383
1508	384
1507	384
1507	385
1506	385
1506	386
1505	386
1505	389
1504	389
1504	390
1503	390
1503	392
1501	392
1501	395
1500	395
1500	396
1499	396
1499	397
1498	397
1498	400
1497	400
1497	404
1496	404
1496	408
1495	408
1495	409
1496	409
1496	411
1495	411
1495	416
1494	416
1494	417
1489	417
1489	418
1485	418
1485	419
1484	419
1484	418
1483	418
1483	419
1482	419
1482	420
1478	420
1478	421
1476	421
1476	422
1475	422
1475	423
1472	423
1472	424
1470	424
1470	425
1468	425
1468	426
1467	426
1467	427
1466	427
1466	428
1463	428
1463	429
1461	429
1461	430
1456	430
1456	431
1453	431
1453	432
1452	432
1452	433
1451	433
1451	434
1449	434
1449	435
1448	435
1448	436
1447	436
1447	438
1445	438
1445	439
1443	439
1443	440
1437	440
1437	441
1435	441
1435	442
1434	442
1434	443
1433	443
1433	444
1432	444
1432	445
1431	445
1431	446
1428	446
1428	447
1425	447
1425	448
1422	448
1422	449
1413	449
1413	450
1411	450
1411	451
1409	451
1409	453
1408	453
1408	454
1407	454
1407	455
1406	455
1406	456
1405	456
1405	457
1403	457
1403	458
1400	458
1400	457
1399	457
1399	458
1393	458
1393	459
1392	459
1392	458
1389	458
1389	459
1385	459
1385	458
1379	458
1379	457
1378	457
1378	456
1377	456
1377	455
1376	455
1376	453
1375	453
1375	452
1374	452
1374	451
1373	451
1373	450
1370	450
1370	451
1368	451
1368	453
1367	453
1367	454
1365	454
1365	455
1362	455
1362	456
1360	456
1360	457
1358	457
1358	459
1357	459
1357	462
1356	462
1356	465
1355	465
1355	468
1354	468
