898	285
897	285
897	293
896	293
896	295
897	295
897	297
898	297
898	301
892	301
892	302
891	302
891	303
890	303
890	304
889	304
889	305
888	305
888	306
887	306
887	307
884	307
884	308
883	308
883	309
880	309
880	310
870	310
870	311
868	311
868	310
867	310
867	311
861	311
861	309
859	309
859	308
858	308
858	309
853	309
853	310
851	310
851	314
850	314
850	316
851	316
851	317
850	317
850	323
849	323
849	324
850	324
850	326
849	326
849	328
850	328
850	336
849	336
849	337
850	337
850	341
851	341
851	342
852	342
852	347
853	347
853	349
852	349
852	352
853	352
853	358
852	358
852	366
853	366
853	367
852	367
852	370
853	370
853	374
852	374
852	375
853	375
853	379
852	379
852	385
851	385
851	386
850	386
850	388
848	388
848	389
846	389
846	390
835	390
835	392
831	392
831	393
830	393
830	392
829	392
829	393
822	393
822	394
821	394
821	393
819	393
819	394
817	394
817	395
811	395
811	394
809	394
809	395
807	395
807	397
805	397
805	396
803	396
803	395
797	395
797	394
790	394
790	393
778	393
778	394
775	394
775	393
770	393
770	394
768	394
768	395
769	395
769	396
767	396
767	398
766	398
766	401
765	401
765	405
766	405
766	409
767	409
767	414
768	414
768	424
769	424
769	429
770	429
770	430
769	430
769	432
770	432
770	434
768	434
768	435
769	435
769	438
768	438
768	442
767	442
767	444
766	444
766	447
765	447
765	451
764	451
764	452
765	452
765	453
764	453
764	455
763	455
763	458
762	458
762	461
758	461
758	460
755	460
755	461
751	461
751	462
750	462
750	461
748	461
748	459
746	459
746	458
744	458
744	457
743	457
743	456
739	456
739	458
738	458
738	460
739	460
739	461
740	461
740	462
742	462
742	464
744	464
744	465
745	465
745	467
746	467
746	472
745	472
745	475
744	475
744	481
743	481
743	480
742	480
742	481
740	481
740	482
739	482
739	487
738	487
738	493
737	493
737	494
736	494
736	495
737	495
737	497
734	497
734	496
730	496
730	495
725	495
725	496
724	496
724	495
723	495
723	494
721	494
721	493
718	493
718	492
715	492
715	491
714	491
714	490
713	490
713	489
711	489
711	488
710	488
710	487
708	487
708	486
707	486
707	485
705	485
705	484
704	484
704	483
702	483
702	482
701	482
701	481
700	481
700	480
698	480
698	479
696	479
696	478
695	478
695	476
693	476
693	475
692	475
692	474
689	474
689	473
686	473
686	472
684	472
684	471
683	471
683	472
682	472
682	471
681	471
681	470
678	470
678	469
675	469
675	468
674	468
674	467
672	467
672	466
657	466
657	465
656	465
656	466
647	466
647	465
643	465
643	464
639	464
639	463
637	463
637	462
635	462
635	461
634	461
634	460
632	460
632	459
631	459
631	458
629	458
629	457
626	457
626	456
624	456
624	455
623	455
623	456
622	456
622	455
616	455
616	454
613	454
613	453
612	453
612	454
604	454
604	453
603	453
603	454
598	454
598	453
596	453
596	452
594	452
594	451
591	451
591	450
590	450
590	449
589	449
589	448
587	448
587	447
585	447
585	446
584	446
584	445
583	445
583	446
582	446
582	445
581	445
581	446
575	446
575	426
574	426
574	424
573	424
573	412
572	412
572	410
570	410
570	409
568	409
568	408
567	408
567	407
566	407
566	406
564	406
564	405
562	405
562	401
563	401
563	399
562	399
562	397
563	397
563	390
564	390
564	389
563	389
563	387
564	387
564	386
563	386
563	382
564	382
564	381
563	381
563	380
564	380
564	373
563	373
563	372
564	372
564	367
563	367
563	366
564	366
564	363
563	363
563	361
564	361
564	359
563	359
563	356
562	356
562	355
563	355
563	347
564	347
564	339
565	339
565	338
564	338
564	331
565	331
565	330
564	330
564	326
565	326
565	319
566	319
566	311
565	311
565	307
566	307
566	306
565	306
565	305
566	305
566	304
565	304
565	303
564	303
564	301
563	301
563	300
562	300
562	299
556	299
556	298
554	298
554	297
552	297
552	296
551	296
551	295
547	295
547	294
546	294
546	293
545	293
545	294
544	294
544	292
543	292
543	293
542	293
542	291
540	291
540	290
539	290
539	289
536	289
536	288
533	288
533	287
530	287
530	288
529	288
529	287
526	287
526	286
525	286
525	285
524	285
524	284
523	284
523	283
520	283
520	284
518	284
518	282
519	282
519	273
518	273
518	268
517	268
517	267
518	267
518	262
517	262
517	260
518	260
518	259
517	259
517	255
516	255
516	249
515	249
515	247
514	247
514	242
513	242
513	240
512	240
512	237
510	237
510	236
509	236
509	235
508	235
508	234
506	234
506	233
504	233
504	232
501	232
501	231
498	231
498	232
497	232
497	231
495	231
495	230
494	230
494	231
492	231
492	230
487	230
487	229
486	229
486	230
484	230
484	231
482	231
482	232
480	232
480	233
479	233
479	234
477	234
477	236
476	236
476	237
475	237
475	238
474	238
474	241
473	241
473	243
469	243
469	242
467	242
467	241
465	241
465	240
463	240
463	239
462	239
462	238
461	238
461	237
458	237
458	238
456	238
456	237
451	237
451	238
450	238
450	237
438	237
438	236
434	236
434	235
433	235
433	236
431	236
431	229
430	229
430	219
429	219
429	218
430	218
430	217
429	217
429	215
430	215
430	212
429	212
429	208
428	208
428	207
429	207
429	206
428	206
428	205
427	205
427	197
426	197
426	195
424	195
424	194
425	194
425	193
424	193
424	192
422	192
422	191
421	191
421	190
418	190
418	191
417	191
417	192
416	192
416	193
413	193
413	194
411	194
411	196
410	196
410	198
409	198
409	201
408	201
408	203
407	203
407	206
406	206
406	207
405	207
405	208
404	208
404	210
403	210
403	211
402	211
402	212
401	212
401	214
400	214
400	216
399	216
399	217
398	217
398	218
397	218
397	220
396	220
396	222
395	222
395	224
393	224
393	225
392	225
392	226
391	226
391	227
390	227
390	228
389	228
389	230
386	230
386	231
383	231
383	232
381	232
381	233
380	233
380	235
378	235
378	236
376	236
376	237
375	237
375	236
370	236
370	235
369	235
369	234
367	234
367	232
364	232
364	231
362	231
362	232
360	232
360	231
359	231
359	218
360	218
360	217
359	217
359	214
360	214
360	213
359	213
359	210
356	210
356	209
355	209
355	197
354	197
354	194
353	194
353	189
352	189
352	186
348	186
348	188
347	188
347	187
335	187
335	188
334	188
334	189
333	189
333	190
331	190
331	193
330	193
330	195
329	195
329	211
330	211
330	214
329	214
329	221
328	221
328	224
327	224
327	227
326	227
326	228
325	228
325	229
321	229
321	228
320	228
320	227
315	227
315	226
314	226
314	227
313	227
313	228
312	228
312	229
311	229
311	232
310	232
310	233
309	233
309	234
308	234
308	236
307	236
307	237
306	237
306	239
305	239
305	241
304	241
304	245
303	245
303	246
302	246
302	250
300	250
300	251
290	251
290	252
282	252
282	250
280	250
280	248
279	248
279	246
278	246
278	245
277	245
277	244
276	244
276	242
275	242
275	240
273	240
273	239
268	239
268	238
264	238
264	237
261	237
261	236
255	236
255	235
254	235
254	234
253	234
253	233
252	233
252	230
251	230
251	229
250	229
250	228
249	228
249	226
248	226
248	225
247	225
247	224
246	224
246	223
238	223
238	222
235	222
235	221
234	221
234	220
233	220
233	217
232	217
232	213
231	213
231	207
230	207
230	206
231	206
231	204
230	204
230	202
229	202
229	201
230	201
230	200
229	200
229	198
228	198
228	196
227	196
227	195
226	195
226	194
224	194
224	193
223	193
223	192
222	192
222	191
221	191
221	190
220	190
220	189
219	189
219	185
218	185
218	183
217	183
217	173
216	173
216	161
215	161
215	155
214	155
214	151
213	151
213	150
211	150
211	149
210	149
210	148
207	148
207	147
206	147
206	146
204	146
204	145
205	145
205	144
203	144
203	143
202	143
202	141
201	141
201	140
200	140
200	139
199	139
199	138
198	138
198	137
197	137
197	136
195	136
195	135
192	135
192	132
191	132
191	120
190	120
190	109
189	109
189	108
190	108
190	106
189	106
189	105
190	105
190	103
189	103
189	99
190	99
190	98
189	98
189	96
190	96
190	95
189	95
189	93
190	93
190	91
189	91
189	90
190	90
190	89
189	89
189	88
190	88
190	85
191	85
191	84
190	84
190	82
191	82
191	81
190	81
190	74
191	74
191	67
192	67
192	66
191	66
191	63
190	63
190	62
187	62
187	61
186	61
186	60
181	60
181	59
179	59
179	60
178	60
178	59
170	59
170	60
167	60
167	62
157	62
157	63
156	63
156	62
148	62
148	63
147	63
147	64
146	64
146	66
145	66
145	71
144	71
144	72
143	72
143	74
142	74
142	76
143	76
143	80
140	80
140	81
137	81
137	82
131	82
131	83
130	83
130	82
128	82
128	83
127	83
127	84
126	84
126	86
125	86
125	89
124	89
124	90
125	90
125	91
124	91
124	94
125	94
125	96
126	96
126	101
127	101
127	102
126	102
126	103
125	103
125	105
124	105
124	106
123	106
123	107
122	107
122	108
120	108
120	109
118	109
118	110
116	110
116	109
114	109
114	110
113	110
113	109
108	109
108	110
102	110
102	111
100	111
100	110
99	110
99	109
98	109
98	110
97	110
97	111
96	111
96	116
98	116
98	117
107	117
107	116
108	116
108	117
109	117
109	116
121	116
121	115
124	115
124	114
125	114
125	113
126	113
126	112
128	112
128	111
129	111
129	110
130	110
130	107
131	107
131	105
132	105
132	101
134	101
134	100
133	100
133	98
134	98
134	97
133	97
133	96
132	96
132	94
133	94
133	93
132	93
132	91
131	91
131	90
132	90
132	89
137	89
137	88
141	88
141	87
149	87
149	86
150	86
150	84
151	84
151	83
152	83
152	78
151	78
151	77
149	77
149	73
150	73
150	70
151	70
151	69
153	69
153	70
158	70
158	69
165	69
165	70
167	70
167	69
173	69
173	68
176	68
176	65
178	65
178	66
181	66
181	67
182	67
182	66
183	66
183	67
184	67
184	75
183	75
183	83
184	83
184	85
183	85
183	90
182	90
182	92
183	92
183	94
182	94
182	99
183	99
183	106
182	106
182	107
183	107
183	122
184	122
184	134
185	134
185	140
186	140
186	142
193	142
193	143
194	143
194	144
195	144
195	145
196	145
196	146
197	146
197	148
198	148
198	149
199	149
199	152
200	152
200	154
202	154
202	155
204	155
204	154
205	154
205	155
206	155
206	156
207	156
207	160
208	160
208	166
209	166
209	179
210	179
210	184
211	184
211	188
212	188
212	190
213	190
213	193
212	193
212	194
213	194
213	196
214	196
214	197
218	197
218	199
220	199
220	200
221	200
221	201
222	201
222	204
223	204
223	213
224	213
224	218
225	218
225	221
226	221
226	223
227	223
227	225
228	225
228	227
229	227
229	228
233	228
233	229
234	229
234	230
244	230
244	231
245	231
245	233
247	233
247	235
248	235
248	238
249	238
249	241
250	241
250	243
258	243
258	244
261	244
261	245
267	245
267	246
269	246
269	245
270	245
270	246
271	246
271	247
273	247
273	250
274	250
274	252
275	252
275	255
276	255
276	258
277	258
277	259
288	259
288	258
291	258
291	259
292	259
292	257
293	257
293	258
296	258
296	257
297	257
297	258
300	258
300	257
304	257
304	256
306	256
306	255
307	255
307	252
308	252
308	248
309	248
309	246
310	246
310	243
311	243
311	241
312	241
312	240
313	240
313	239
314	239
314	237
315	237
315	236
316	236
316	235
319	235
319	236
320	236
320	237
325	237
325	236
327	236
327	235
328	235
328	234
329	234
329	233
330	233
330	232
331	232
331	231
332	231
332	230
333	230
333	227
334	227
334	226
335	226
335	219
336	219
336	216
337	216
337	206
338	206
338	201
337	201
337	200
334	200
334	197
335	197
335	195
336	195
336	194
344	194
344	195
348	195
348	198
349	198
349	201
348	201
348	204
349	204
349	211
350	211
350	214
351	214
351	215
353	215
353	217
354	217
354	219
353	219
353	220
354	220
354	224
353	224
353	225
354	225
354	229
353	229
353	237
354	237
354	238
355	238
355	239
364	239
364	240
365	240
365	241
366	241
366	242
367	242
367	243
371	243
371	244
377	244
377	243
380	243
380	242
381	242
381	241
382	241
382	240
384	240
384	239
385	239
385	238
387	238
387	237
390	237
390	236
392	236
392	234
393	234
393	233
395	233
395	232
396	232
396	231
397	231
397	229
398	229
398	228
399	228
399	226
400	226
400	225
402	225
402	223
403	223
403	222
404	222
404	221
406	221
406	217
407	217
407	216
408	216
408	214
409	214
409	213
410	213
410	212
411	212
411	210
412	210
412	208
413	208
413	204
414	204
414	202
415	202
415	200
417	200
417	201
420	201
420	203
421	203
421	207
422	207
422	214
423	214
423	218
424	218
424	220
423	220
423	223
424	223
424	227
423	227
423	228
424	228
424	233
425	233
425	241
426	241
426	242
428	242
428	243
431	243
431	242
433	242
433	243
441	243
441	244
444	244
444	243
445	243
445	244
459	244
459	245
461	245
461	246
463	246
463	247
465	247
465	248
467	248
467	250
469	250
469	251
471	251
471	250
476	250
476	249
477	249
477	248
478	248
478	245
479	245
479	242
480	242
480	240
481	240
481	239
483	239
483	238
485	238
485	237
486	237
486	236
488	236
488	237
493	237
493	238
499	238
499	239
502	239
502	240
503	240
503	241
505	241
505	242
506	242
506	243
507	243
507	245
508	245
508	247
509	247
509	251
510	251
510	258
511	258
511	264
512	264
512	271
513	271
513	272
512	272
512	275
513	275
513	288
514	288
514	289
518	289
518	290
520	290
520	289
523	289
523	290
525	290
525	292
526	292
526	293
530	293
530	294
532	294
532	295
537	295
537	297
539	297
539	298
541	298
541	299
543	299
543	300
546	300
546	301
548	301
548	302
550	302
550	303
551	303
551	304
552	304
552	305
554	305
554	306
555	306
555	307
556	307
556	308
558	308
558	310
559	310
559	311
558	311
558	312
559	312
559	319
558	319
558	327
556	327
556	328
557	328
557	329
558	329
558	331
557	331
557	336
558	336
558	337
557	337
557	338
558	338
558	339
557	339
557	341
558	341
558	343
557	343
557	344
556	344
556	345
557	345
557	349
556	349
556	352
557	352
557	354
556	354
556	356
557	356
557	357
556	357
556	359
557	359
557	376
556	376
556	377
557	377
557	383
556	383
556	387
557	387
557	396
556	396
556	399
555	399
555	400
556	400
556	411
557	411
557	412
558	412
558	414
559	414
559	415
560	415
560	416
561	416
561	417
562	417
562	418
563	418
563	428
564	428
564	430
565	430
565	452
566	452
566	454
567	454
567	455
568	455
568	456
570	456
570	457
574	457
574	456
576	456
576	454
577	454
577	452
579	452
579	453
586	453
586	454
587	454
587	455
590	455
590	456
592	456
592	457
593	457
593	459
595	459
595	460
598	460
598	461
611	461
611	462
614	462
614	461
617	461
617	462
619	462
619	463
624	463
624	464
629	464
629	465
630	465
630	466
631	466
631	467
633	467
633	468
634	468
634	469
636	469
636	470
639	470
639	471
644	471
644	472
649	472
649	473
654	473
654	474
657	474
657	473
658	473
658	474
663	474
663	473
664	473
664	474
666	474
666	473
669	473
669	474
672	474
672	473
673	473
673	474
676	474
676	475
677	475
677	476
678	476
678	477
681	477
681	478
685	478
685	479
687	479
687	480
688	480
688	481
689	481
689	482
691	482
691	483
692	483
692	484
694	484
694	485
695	485
695	486
698	486
698	487
700	487
700	488
701	488
701	489
702	489
702	490
704	490
704	492
706	492
706	493
708	493
708	494
709	494
709	495
710	495
710	496
711	496
711	497
713	497
713	498
717	498
717	499
719	499
719	501
720	501
720	502
726	502
726	503
727	503
727	502
734	502
734	503
740	503
740	502
741	502
741	499
742	499
742	496
743	496
743	495
744	495
744	489
745	489
745	488
747	488
747	487
748	487
748	486
750	486
750	476
751	476
751	475
752	475
752	470
753	470
753	469
754	469
754	468
755	468
755	467
757	467
757	468
760	468
760	467
761	467
761	468
764	468
764	466
765	466
765	465
766	465
766	464
767	464
767	461
769	461
769	457
770	457
770	448
771	448
771	447
772	447
772	443
773	443
773	438
774	438
774	436
775	436
775	424
774	424
774	422
773	422
773	419
774	419
774	417
773	417
773	414
772	414
772	408
771	408
771	407
770	407
770	405
771	405
771	401
772	401
772	400
775	400
775	402
777	402
777	401
780	401
780	400
793	400
793	401
794	401
794	400
795	400
795	401
796	401
796	400
799	400
799	401
803	401
803	402
809	402
809	401
820	401
820	400
827	400
827	399
837	399
837	398
839	398
839	397
843	397
843	398
845	398
845	399
846	399
846	400
848	400
848	401
852	401
852	400
854	400
854	398
855	398
855	397
858	397
858	396
860	396
860	394
861	394
861	390
860	390
860	388
858	388
858	387
857	387
857	384
858	384
858	375
859	375
859	370
858	370
858	358
859	358
859	357
858	357
858	355
859	355
859	352
858	352
858	350
859	350
859	348
858	348
858	340
857	340
857	335
856	335
856	329
855	329
855	326
856	326
856	317
857	317
857	316
862	316
862	317
863	317
863	316
864	316
864	317
867	317
867	318
868	318
868	317
876	317
876	318
880	318
880	317
883	317
883	316
885	316
885	315
887	315
887	314
888	314
888	313
890	313
890	312
892	312
892	310
893	310
893	309
896	309
896	308
899	308
899	307
904	307
904	306
905	306
905	305
906	305
906	299
905	299
905	298
904	298
904	296
903	296
903	285
904	285
904	284
905	284
905	283
904	283
904	281
905	281
905	278
906	278
906	276
907	276
907	280
908	280
908	279
909	279
909	278
910	278
910	270
915	270
915	271
918	271
918	270
919	270
919	272
920	272
920	275
921	275
921	279
922	279
922	286
923	286
923	289
924	289
924	292
925	292
925	298
926	298
926	301
927	301
927	305
928	305
928	320
927	320
927	321
928	321
928	327
929	327
929	335
930	335
930	337
929	337
929	345
928	345
928	346
929	346
929	347
928	347
928	350
927	350
927	354
926	354
926	356
925	356
925	360
924	360
924	363
923	363
923	365
922	365
922	366
921	366
921	369
920	369
920	371
921	371
921	372
920	372
920	387
919	387
919	392
918	392
918	399
919	399
919	401
920	401
920	402
921	402
921	405
922	405
922	406
923	406
923	407
924	407
924	409
925	409
925	410
926	410
926	412
928	412
928	413
929	413
929	414
930	414
930	415
931	415
931	417
932	417
932	419
933	419
933	420
935	420
935	428
936	428
936	429
937	429
937	431
938	431
938	435
939	435
939	438
940	438
940	440
941	440
941	442
942	442
942	446
943	446
943	449
944	449
944	450
945	450
945	452
946	452
946	453
947	453
947	454
948	454
948	456
949	456
949	457
950	457
950	458
951	458
951	462
953	462
953	463
954	463
954	462
955	462
955	463
956	463
956	464
959	464
959	465
962	465
962	466
964	466
964	467
965	467
965	466
967	466
967	467
968	467
968	468
970	468
970	469
972	469
972	470
976	470
976	469
986	469
986	468
989	468
989	467
990	467
990	466
993	466
993	465
997	465
997	466
999	466
999	467
1001	467
1001	466
1005	466
1005	465
1006	465
1006	464
1011	464
1011	462
1013	462
1013	461
1014	461
1014	460
1016	460
1016	458
1018	458
1018	457
1019	457
1019	456
1021	456
1021	455
1023	455
1023	454
1024	454
1024	453
1025	453
1025	452
1026	452
1026	451
1029	451
1029	450
1030	450
1030	449
1033	449
1033	448
1036	448
1036	447
1038	447
1038	446
1041	446
1041	445
1043	445
1043	446
1045	446
1045	447
1047	447
1047	449
1048	449
1048	451
1049	451
1049	453
1050	453
1050	455
1051	455
1051	456
1052	456
1052	457
1053	457
1053	459
1054	459
1054	460
1055	460
1055	461
1056	461
1056	463
1060	463
1060	464
1063	464
1063	465
1068	465
1068	466
1069	466
1069	467
1074	467
1074	468
1076	468
1076	469
1077	469
1077	470
1082	470
1082	471
1091	471
1091	472
1093	472
1093	473
1094	473
1094	472
1097	472
1097	471
1104	471
1104	470
1105	470
1105	471
1106	471
1106	470
1111	470
1111	471
1116	471
1116	470
1118	470
1118	471
1121	471
1121	470
1127	470
1127	469
1132	469
1132	468
1140	468
1140	467
1141	467
1141	466
1143	466
1143	465
1145	465
1145	464
1146	464
1146	463
1147	463
1147	462
1148	462
1148	464
1150	464
1150	465
1154	465
1154	464
1157	464
1157	465
1158	465
1158	464
1159	464
1159	463
1160	463
1160	461
1162	461
1162	460
1164	460
1164	458
1165	458
1165	456
1166	456
1166	454
1167	454
1167	442
1168	442
1168	438
1169	438
1169	437
1168	437
1168	432
1169	432
1169	430
1168	430
1168	428
1169	428
1169	421
1168	421
1168	418
1169	418
1169	414
1170	414
1170	407
1169	407
1169	406
1170	406
1170	394
1169	394
1169	385
1170	385
1170	380
1171	380
1171	379
1170	379
1170	378
1171	378
1171	376
1170	376
1170	375
1171	375
1171	366
1172	366
1172	365
1171	365
1171	363
1172	363
1172	358
1173	358
1173	356
1174	356
1174	351
1179	351
1179	354
1180	354
1180	359
1181	359
1181	360
1180	360
1180	366
1181	366
1181	373
1182	373
1182	385
1181	385
1181	386
1182	386
1182	396
1181	396
1181	397
1182	397
1182	399
1181	399
1181	412
1180	412
1180	413
1181	413
1181	417
1180	417
1180	418
1181	418
1181	419
1180	419
1180	420
1181	420
1181	422
1180	422
1180	427
1179	427
1179	436
1178	436
1178	439
1177	439
1177	441
1178	441
1178	442
1177	442
1177	467
1178	467
1178	468
1177	468
1177	471
1178	471
1178	473
1177	473
1177	476
1176	476
1176	486
1175	486
1175	487
1176	487
1176	493
1177	493
1177	501
1178	501
1178	502
1177	502
1177	503
1178	503
1178	506
1177	506
1177	508
1176	508
1176	510
1175	510
1175	514
1174	514
1174	516
1173	516
1173	520
1174	520
1174	523
1175	523
1175	524
1176	524
1176	525
1178	525
1178	526
1179	526
1179	525
1180	525
1180	526
1181	526
1181	525
1183	525
1183	526
1184	526
1184	527
1186	527
1186	528
1189	528
1189	529
1193	529
1193	531
1194	531
1194	532
1195	532
1195	533
1199	533
1199	534
1201	534
1201	535
1202	535
1202	536
1204	536
1204	537
1205	537
1205	538
1207	538
1207	539
1210	539
1210	541
1211	541
1211	542
1215	542
1215	543
1220	543
1220	544
1223	544
1223	545
1225	545
1225	546
1226	546
1226	547
1229	547
1229	548
1231	548
1231	549
1233	549
1233	550
1234	550
1234	551
1235	551
1235	552
1236	552
1236	553
1238	553
1238	554
1240	554
1240	555
1243	555
1243	556
1244	556
1244	557
1245	557
1245	558
1246	558
1246	560
1247	560
1247	561
1249	561
1249	562
1250	562
1250	564
1252	564
1252	566
1253	566
1253	567
1264	567
1264	568
1266	568
1266	569
1267	569
1267	570
1277	570
1277	569
1283	569
1283	568
1287	568
1287	567
1291	567
1291	566
1292	566
1292	567
1293	567
1293	566
1295	566
1295	565
1296	565
1296	566
1297	566
1297	565
1299	565
1299	564
1304	564
1304	563
1306	563
1306	564
1307	564
1307	563
1313	563
1313	562
1316	562
1316	561
1318	561
1318	560
1323	560
1323	559
1324	559
1324	558
1326	558
1326	557
1327	557
1327	558
1328	558
1328	560
1330	560
1330	561
1334	561
1334	560
1338	560
1338	561
1344	561
1344	560
1346	560
1346	559
1347	559
1347	558
1348	558
1348	556
1349	556
1349	554
1350	554
1350	553
1352	553
1352	550
1353	550
1353	547
1354	547
1354	544
1355	544
1355	538
1356	538
1356	534
1355	534
1355	532
1356	532
1356	530
1357	530
1357	527
1358	527
1358	523
1359	523
1359	515
1360	515
1360	514
1359	514
1359	512
1360	512
1360	509
1359	509
1359	508
1360	508
1360	506
1361	506
1361	501
1362	501
1362	500
1361	500
1361	495
1362	495
1362	492
1363	492
1363	488
1364	488
1364	485
1365	485
1365	477
1366	477
1366	465
1365	465
1365	463
1366	463
1366	460
1365	460
1365	458
1366	458
1366	455
1365	455
1365	443
1366	443
1366	442
1365	442
1365	441
1366	441
1366	438
1365	438
1365	437
1366	437
1366	435
1367	435
1367	434
1366	434
1366	432
1367	432
1367	430
1368	430
1368	425
1369	425
1369	424
1370	424
1370	423
1371	423
1371	421
1372	421
1372	420
1374	420
1374	419
1387	419
1387	420
1389	420
1389	419
1391	419
1391	420
1392	420
1392	421
1393	421
1393	420
1397	420
1397	418
1398	418
1398	416
1399	416
1399	408
1400	408
1400	405
1399	405
1399	399
1400	399
1400	400
1402	400
1402	399
1403	399
1403	398
1404	398
1404	394
1405	394
1405	390
1406	390
1406	357
1407	357
1407	350
1408	350
1408	349
1407	349
1407	348
1408	348
1408	342
1409	342
1409	336
1410	336
1410	334
1411	334
1411	333
1412	333
1412	329
1413	329
1413	328
1414	328
1414	327
1416	327
1416	326
1420	326
1420	325
1423	325
1423	324
1425	324
1425	323
1439	323
1439	322
1440	322
1440	320
1441	320
1441	318
1440	318
1440	317
1442	317
1442	316
1444	316
1444	314
1445	314
1445	310
1446	310
1446	308
1447	308
1447	304
1448	304
1448	298
1449	298
1449	288
1450	288
1450	286
1451	286
1451	283
1452	283
1452	278
1453	278
1453	277
1456	277
1456	276
1457	276
1457	277
1458	277
1458	278
1459	278
1459	280
1460	280
1460	281
1461	281
1461	283
1462	283
1462	285
1463	285
1463	286
1462	286
1462	287
1464	287
1464	290
1465	290
1465	293
1466	293
1466	296
1467	296
1467	306
1468	306
1468	313
1467	313
1467	315
1466	315
1466	316
1467	316
1467	320
1466	320
1466	340
1467	340
1467	343
1466	343
1466	345
1465	345
1465	350
1466	350
1466	352
1465	352
1465	353
1466	353
1466	354
1464	354
1464	355
1465	355
1465	358
1464	358
1464	369
1463	369
1463	372
1462	372
1462	377
1461	377
1461	379
1462	379
1462	384
1461	384
1461	393
1460	393
1460	394
1461	394
1461	400
1460	400
1460	401
1461	401
1461	403
1460	403
1460	409
1459	409
1459	423
1458	423
1458	428
1459	428
1459	430
1460	430
1460	436
1461	436
1461	439
1462	439
1462	441
1461	441
1461	446
1462	446
1462	452
1463	452
1463	461
1464	461
1464	464
1465	464
1465	467
1466	467
1466	470
1467	470
1467	471
1466	471
1466	472
1467	472
1467	475
1468	475
1468	477
1469	477
1469	479
1470	479
1470	484
1471	484
1471	490
1472	490
1472	494
1473	494
1473	495
1476	495
1476	496
1477	496
1477	497
1478	497
1478	499
1480	499
1480	500
1481	500
1481	501
1482	501
1482	502
1483	502
1483	503
1485	503
1485	504
1486	504
1486	505
1488	505
1488	509
1489	509
1489	510
1490	510
1490	512
1491	512
1491	516
1492	516
1492	518
1493	518
1493	522
1494	522
1494	524
1495	524
1495	528
1496	528
1496	529
1497	529
1497	531
1498	531
1498	532
1499	532
1499	534
1500	534
1500	537
1501	537
1501	539
1502	539
1502	541
1503	541
1503	543
1504	543
1504	545
1505	545
1505	547
1506	547
1506	549
1507	549
1507	550
1510	550
1510	551
1514	551
1514	552
1516	552
1516	553
1517	553
1517	552
1522	552
1522	553
1530	553
1530	554
1534	554
1534	555
1548	555
1548	554
1549	554
1549	555
1556	555
1556	554
1557	554
1557	555
1558	555
1558	554
1559	554
1559	555
1567	555
1567	556
1568	556
1568	555
1577	555
1577	556
1589	556
1589	555
1590	555
1590	556
1592	556
1592	555
1593	555
1593	556
1597	556
1597	557
1603	557
1603	558
1606	558
1606	559
1610	559
1610	560
1616	560
1616	561
1619	561
1619	562
1622	562
1622	563
1628	563
1628	564
1630	564
1630	563
1631	563
1631	564
1633	564
1633	563
1634	563
1634	564
1635	564
1635	563
1636	563
1636	564
1644	564
1644	563
1645	563
1645	564
1653	564
1653	563
1655	563
1655	562
1656	562
1656	560
1657	560
1657	562
1658	562
1658	564
1660	564
1660	565
1664	565
1664	568
1665	568
1665	569
1668	569
1668	567
1670	567
1670	566
1672	566
1672	564
1673	564
1673	560
1672	560
1672	558
1670	558
1670	557
1671	557
1671	556
1672	556
1672	554
1673	554
1673	553
1676	553
1676	552
1678	552
1678	553
1679	553
1679	552
1683	552
1683	551
1690	551
1690	550
1694	550
1694	551
1698	551
1698	552
1701	552
1701	553
1704	553
1704	554
1708	554
1708	555
1710	555
1710	556
1711	556
1711	557
1717	557
1717	558
1719	558
1719	557
1720	557
1720	558
1728	558
1728	557
1729	557
1729	558
1733	558
1733	557
1739	557
1739	558
1748	558
1748	559
1756	559
1756	560
1758	560
1758	559
1759	559
1759	560
1760	560
1760	561
1761	561
1761	562
1762	562
1762	563
1764	563
1764	564
1765	564
1765	565
1766	565
1766	566
1767	566
1767	567
1766	567
1766	568
1767	568
1767	569
1768	569
1768	573
1769	573
1769	575
1770	575
1770	576
1771	576
1771	578
1772	578
1772	579
1773	579
1773	581
1774	581
1774	583
1775	583
1775	584
1776	584
1776	585
1777	585
1777	586
1779	586
1779	588
1780	588
1780	590
1781	590
1781	591
1782	591
1782	593
1783	593
1783	595
1784	595
1784	596
1785	596
1785	598
1786	598
1786	601
1787	601
1787	602
1788	602
1788	603
1789	603
1789	604
1790	604
1790	605
1791	605
1791	606
1792	606
1792	607
1794	607
1794	608
1795	608
1795	609
1800	609
1800	610
1803	610
1803	611
1807	611
1807	610
1815	610
1815	609
1821	609
1821	608
1824	608
1824	607
1827	607
1827	606
1828	606
1828	605
1830	605
1830	603
1832	603
1832	600
1835	600
1835	599
1838	599
1838	598
1841	598
1841	599
1842	599
1842	598
1845	598
1845	597
1852	597
1852	598
1854	598
1854	597
1855	597
1855	596
1856	596
1856	597
1858	597
1858	596
1860	596
1860	597
1886	597
1886	598
1890	598
1890	597
1892	597
1892	598
1897	598
1897	599
1899	599
1899	598
1907	598
1907	599
1908	599
1908	598
1909	598
1909	599
1910	599
1910	598
1915	598
1915	599
1923	599
1923	598
1925	598
1925	599
1941	599
1941	600
1943	600
1943	599
1944	599
1944	600
1946	600
1946	601
1956	601
1956	600
1958	600
1958	601
1960	601
1960	600
1962	600
1962	598
1963	598
1963	597
1964	597
1964	596
1965	596
1965	595
1967	595
1967	594
1968	594
1968	593
1969	593
1969	592
1970	592
1970	590
1971	590
1971	589
1972	589
1972	588
1973	588
1973	585
1975	585
1975	583
1976	583
1976	581
1977	581
1977	579
1978	579
1978	577
1979	577
1979	574
1981	574
1981	573
1982	573
1982	572
1983	572
1983	570
1984	570
1984	568
1985	568
1985	566
1986	566
1986	564
1987	564
1987	561
1988	561
1988	558
1989	558
1989	553
1990	553
1990	550
1988	550
1988	549
1989	549
1989	545
1990	545
1990	544
1991	544
1991	541
1992	541
1992	539
1993	539
1993	535
1994	535
1994	533
1995	533
1995	531
1996	531
1996	526
1997	526
1997	522
1998	522
1998	521
1997	521
1997	519
1998	519
1998	502
1999	502
1999	494
2000	494
2000	491
2001	491
2001	486
2002	486
2002	478
2003	478
2003	477
2002	477
2002	469
2003	469
2003	466
2002	466
2002	463
2003	463
2003	462
2002	462
2002	460
2003	460
2003	455
2004	455
2004	451
2005	451
2005	446
2004	446
2004	439
2003	439
2003	436
2004	436
2004	431
2005	431
2005	423
2004	423
2004	418
2005	418
2005	417
2006	417
2006	415
2007	415
2007	409
2008	409
2008	400
2009	400
2009	399
2010	399
2010	397
2011	397
2011	395
2012	395
2012	390
2013	390
2013	389
2014	389
2014	387
2015	387
2015	386
2016	386
2016	385
2019	385
2019	384
2020	384
2020	385
2022	385
2022	384
2025	384
2025	383
2026	383
2026	384
2027	384
2027	383
2031	383
2031	382
2035	382
2035	383
2036	383
2036	382
2039	382
2039	383
2045	383
2045	384
2051	384
2051	385
2053	385
2053	386
2057	386
2057	385
2058	385
2058	380
2057	380
2057	377
2056	377
2056	374
2055	374
2055	365
2056	365
2056	354
2057	354
2057	349
2058	349
2058	345
2059	345
2059	343
2058	343
2058	338
2059	338
2059	335
2060	335
2060	333
2061	333
2061	332
2063	332
2063	330
2065	330
2065	329
2066	329
2066	328
2067	328
2067	326
2072	326
2072	325
2073	325
2073	324
2074	324
2074	322
2075	322
2075	321
2077	321
2077	320
2079	320
2079	319
2083	319
2083	318
2091	318
2091	317
2096	317
2096	318
2097	318
2097	329
2098	329
2098	333
2099	333
2099	341
2100	341
2100	347
2101	347
2101	358
2102	358
2102	364
2103	364
2103	365
2102	365
2102	366
2103	366
2103	368
2104	368
2104	371
2105	371
2105	372
2104	372
2104	373
2105	373
2105	375
2104	375
2104	376
2105	376
2105	377
2106	377
2106	385
2107	385
2107	386
2106	386
2106	387
2107	387
2107	391
2106	391
2106	392
2107	392
2107	399
2108	399
2108	427
2107	427
2107	428
2108	428
2108	429
2107	429
2107	433
2108	433
2108	434
2107	434
2107	450
2106	450
2106	451
2107	451
2107	452
2106	452
2106	453
2107	453
2107	455
2106	455
2106	456
2107	456
2107	458
2106	458
2106	459
2107	459
2107	460
2106	460
2106	462
2107	462
2107	463
2106	463
2106	474
2105	474
2105	478
2104	478
2104	485
2103	485
2103	490
2102	490
2102	525
2103	525
2103	528
2104	528
2104	531
2105	531
2105	533
2108	533
2108	534
2112	534
2112	535
2118	535
2118	536
2119	536
2119	535
2120	535
2120	536
2126	536
2126	535
2127	535
2127	536
2129	536
2129	537
2130	537
2130	539
2131	539
2131	540
2132	540
2132	541
2133	541
2133	542
2135	542
2135	543
2138	543
2138	544
2142	544
2142	543
2147	543
2147	540
2148	540
2148	538
2149	538
2149	536
2150	536
2150	534
2151	534
2151	531
2152	531
2152	529
2153	529
2153	526
2154	526
2154	519
2155	519
2155	510
2154	510
2154	509
2155	509
2155	495
2156	495
2156	489
2155	489
2155	470
2154	470
2154	468
2155	468
2155	462
2156	462
2156	461
2155	461
2155	460
2156	460
2156	458
2155	458
2155	457
2156	457
2156	456
2155	456
2155	452
2156	452
2156	439
2157	439
2157	433
2156	433
2156	432
2157	432
2157	431
2158	431
2158	430
2159	430
2159	428
2169	428
2169	427
2172	427
2172	428
2173	428
2173	429
2174	429
2174	430
2175	430
2175	433
2176	433
2176	434
2177	434
2177	436
2178	436
2178	438
2179	438
2179	439
2180	439
2180	441
2181	441
2181	442
2182	442
2182	444
2183	444
2183	445
2184	445
2184	446
2189	446
2189	445
2190	445
2190	444
2203	444
2203	443
2205	443
2205	444
2206	444
2206	445
2208	445
2208	446
2209	446
2209	447
2210	447
2210	448
2212	448
2212	449
2213	449
2213	450
2214	450
2214	451
2215	451
2215	453
2216	453
2216	454
2217	454
2217	455
2218	455
2218	456
2219	456
2219	458
2220	458
2220	460
2221	460
2221	462
2222	462
2222	466
2223	466
2223	470
2224	470
2224	473
2225	473
2225	474
2228	474
2228	472
2229	472
2229	471
2231	471
2231	470
2233	470
2233	469
2235	469
2235	468
2241	468
2241	469
2243	469
2243	468
2247	468
2247	469
2248	469
2248	468
2249	468
2249	469
2254	469
2254	470
2257	470
2257	471
2259	471
2259	472
2261	472
2261	473
2263	473
2263	474
2264	474
2264	475
2265	475
2265	477
2266	477
2266	478
2267	478
2267	479
2268	479
2268	483
2269	483
2269	485
2270	485
2270	488
2271	488
2271	495
2270	495
2270	517
2269	517
2269	521
2270	521
2270	522
2269	522
2269	544
2268	544
2268	545
2269	545
2269	548
2268	548
2268	558
2269	558
2269	559
2271	559
2271	560
2275	560
2275	559
2281	559
2281	558
2285	558
2285	557
2288	557
2288	555
2289	555
2289	553
2290	553
2290	551
2291	551
2291	544
2292	544
2292	543
2291	543
2291	536
2292	536
2292	535
2291	535
2291	534
2292	534
2292	531
2291	531
2291	530
2292	530
2292	529
2291	529
2291	511
2290	511
2290	503
2289	503
2289	501
2290	501
2290	500
2289	500
2289	495
2288	495
2288	487
2287	487
2287	477
2288	477
2288	475
2287	475
2287	472
2286	472
2286	467
2285	467
2285	450
2286	450
2286	445
2287	445
2287	441
2288	441
2288	437
2289	437
2289	435
2290	435
2290	433
2291	433
2291	432
2295	432
2295	430
2296	430
2296	424
2297	424
2297	421
2298	421
2298	419
2299	419
2299	416
2300	416
2300	414
2301	414
2301	413
2302	413
2302	410
2303	410
2303	408
2304	408
2304	406
2305	406
2305	405
2306	405
2306	403
2307	403
2307	402
2308	402
2308	400
2309	400
2309	399
2311	399
2311	394
2312	394
2312	392
2313	392
2313	390
2315	390
2315	389
2314	389
2314	388
2315	388
2315	380
2316	380
2316	377
2317	377
2317	376
2318	376
2318	375
2319	375
2319	374
2320	374
2320	371
2321	371
2321	370
2322	370
2322	369
2323	369
2323	367
2324	367
2324	366
2326	366
2326	365
2328	365
2328	364
2329	364
2329	363
2330	363
2330	361
2332	361
2332	359
2334	359
2334	358
2335	358
2335	357
2336	357
2336	359
2337	359
2337	357
2341	357
2341	356
2342	356
2342	358
2343	358
2343	359
2344	359
2344	364
2345	364
2345	374
2346	374
2346	378
2347	378
2347	381
2348	381
2348	384
2349	384
2349	389
2350	389
2350	393
2351	393
2351	396
2352	396
2352	398
2351	398
2351	399
2352	399
2352	407
2353	407
2353	420
2354	420
2354	421
2353	421
2353	422
2354	422
2354	431
2355	431
2355	444
2354	444
2354	446
2355	446
2355	447
2356	447
2356	448
2362	448
2362	449
2363	449
2363	448
2367	448
2367	449
2384	449
2384	448
2385	448
2385	447
2389	447
2389	446
2393	446
2393	445
2397	445
2397	444
2400	444
2400	443
2401	443
2401	442
2402	442
2402	441
2405	441
2405	440
2408	440
2408	441
2410	441
2410	440
2417	440
2417	441
2420	441
2420	442
2422	442
2422	443
2423	443
2423	444
2424	444
2424	446
2425	446
2425	451
2426	451
2426	456
2427	456
2427	461
2428	461
2428	465
2429	465
2429	468
2430	468
2430	469
2429	469
2429	470
2430	470
2430	476
2429	476
2429	477
2430	477
2430	486
2429	486
2429	487
2430	487
2430	494
2431	494
2431	496
2432	496
2432	498
2433	498
2433	501
2434	501
2434	503
2435	503
2435	506
2436	506
2436	509
2437	509
2437	513
2438	513
2438	516
2439	516
2439	519
2440	519
2440	526
2441	526
2441	539
2442	539
2442	540
2441	540
2441	548
2440	548
2440	549
2441	549
2441	550
2440	550
2440	552
2441	552
2441	553
2442	553
2442	556
2443	556
2443	559
2442	559
2442	560
2443	560
2443	561
2442	561
2442	562
2441	562
2441	563
2442	563
2442	564
2443	564
2443	567
2444	567
2444	568
2445	568
2445	569
2446	569
2446	570
2447	570
2447	571
2448	571
2448	572
2454	572
2454	573
2455	573
2455	574
2456	574
2456	575
2457	575
2457	576
2458	576
2458	577
2459	577
2459	578
2460	578
2460	579
2463	579
2463	580
2465	580
2465	581
2469	581
2469	580
2470	580
2470	581
2473	581
2473	580
2475	580
2475	579
2476	579
2476	578
2477	578
2477	577
2478	577
2478	576
2480	576
2480	575
2484	575
2484	574
2486	574
2486	573
2490	573
2490	572
2497	572
2497	571
2504	571
2504	570
2505	570
2505	571
2506	571
2506	570
2509	570
2509	569
2511	569
2511	568
2512	568
2512	567
2514	567
2514	566
2517	566
2517	565
2519	565
2519	564
2523	564
2523	562
2525	562
2525	561
2527	561
2527	560
2530	560
2530	559
2532	559
2532	558
2540	558
2540	557
2541	557
2541	558
2548	558
2548	557
2549	557
2549	556
2551	556
2551	555
2554	555
2554	554
2559	554
2559	553
2560	553
2560	552
2561	552
2561	551
2562	551
2562	550
2563	550
2563	549
2564	549
2564	548
2565	548
2565	547
2566	547
2566	546
2567	546
2567	544
2568	544
2568	543
2569	543
2569	542
2573	542
2573	541
2577	541
2577	540
2579	540
2579	539
2582	539
2582	538
2584	538
2584	537
2587	537
2587	536
2592	536
2592	535
2594	535
2594	536
2595	536
2595	535
2601	535
2601	534
2607	534
2607	533
2612	533
2612	532
2616	532
2616	531
2625	531
2625	530
2629	530
2629	529
2636	529
2636	528
2637	528
2637	529
2638	529
2638	528
2643	528
2643	527
2647	527
2647	526
2652	526
2652	525
2654	525
2654	524
2658	524
2658	523
2659	523
2659	522
2660	522
2660	521
2662	521
2662	520
2664	520
2664	519
2666	519
2666	518
2667	518
2667	515
2668	515
2668	514
2667	514
2667	512
2666	512
2666	511
2665	511
2665	505
2666	505
2666	503
2665	503
2665	502
2666	502
2666	498
2667	498
2667	496
2666	496
2666	495
2667	495
2667	485
2668	485
2668	476
2669	476
2669	475
2668	475
2668	470
2669	470
2669	469
2668	469
2668	461
2669	461
2669	459
2668	459
2668	456
2669	456
2669	437
2670	437
2670	435
2669	435
2669	434
2670	434
2670	433
2669	433
2669	432
2670	432
2670	430
2669	430
2669	429
2670	429
2670	419
2669	419
2669	418
2670	418
2670	410
2671	410
2671	399
2672	399
2672	398
2671	398
2671	397
2672	397
2672	379
2673	379
2673	368
2674	368
2674	350
2673	350
2673	349
2674	349
2674	348
2673	348
2673	344
2672	344
2672	327
2671	327
2671	321
2670	321
2670	319
2671	319
2671	318
2670	318
2670	308
2669	308
2669	305
2668	305
2668	303
2669	303
2669	297
2670	297
2670	295
2671	295
2671	294
2673	294
2673	293
2674	293
2674	292
2675	292
2675	291
2676	291
2676	290
2677	290
2677	289
2678	289
2678	287
2679	287
2679	286
2680	286
2680	285
2681	285
2681	284
2683	284
2683	282
2685	282
2685	281
2688	281
2688	280
2690	280
2690	279
2703	279
2703	280
2706	280
2706	281
2710	281
2710	282
2713	282
2713	284
2714	284
2714	286
2715	286
2715	287
2716	287
2716	288
2728	288
2728	289
2731	289
2731	290
2735	290
2735	291
2737	291
2737	292
2738	292
2738	293
2740	293
2740	294
2741	294
2741	295
2742	295
2742	296
2743	296
2743	297
2744	297
2744	299
2745	299
2745	300
2746	300
2746	301
2747	301
2747	302
2748	302
2748	304
2749	304
2749	305
2750	305
2750	307
2751	307
2751	308
2752	308
2752	309
2753	309
2753	311
2754	311
2754	312
2755	312
2755	315
2756	315
2756	318
2757	318
2757	320
2758	320
2758	322
2759	322
2759	325
2760	325
2760	326
2763	326
2763	327
2764	327
2764	326
2765	326
2765	327
2766	327
2766	326
2772	326
2772	327
2775	327
2775	329
2781	329
2781	328
2783	328
2783	329
2784	329
2784	331
2785	331
2785	333
2786	333
2786	339
2787	339
2787	349
2788	349
2788	355
2789	355
2789	358
2790	358
2790	362
2791	362
2791	368
2792	368
2792	373
2793	373
2793	383
2794	383
2794	389
2795	389
2795	394
2796	394
2796	398
2797	398
2797	401
2798	401
2798	406
2799	406
2799	409
2800	409
2800	412
2801	412
2801	415
2802	415
2802	418
2803	418
2803	421
2804	421
2804	422
2805	422
2805	425
2806	425
2806	427
2807	427
2807	428
2811	428
2811	429
2812	429
2812	430
2814	430
2814	432
2815	432
2815	433
2817	433
2817	435
2818	435
2818	437
2819	437
2819	438
2820	438
2820	439
2821	439
2821	440
2822	440
2822	442
2823	442
2823	444
2825	444
2825	445
2826	445
2826	446
2827	446
2827	447
2831	447
2831	448
2839	448
2839	447
2846	447
2846	446
2850	446
2850	447
2853	447
2853	448
2854	448
2854	447
2855	447
2855	448
2858	448
2858	449
2860	449
2860	450
2861	450
2861	451
2862	451
2862	452
2863	452
2863	453
2864	453
2864	454
2865	454
2865	458
2866	458
2866	460
2867	460
2867	465
2868	465
2868	466
2871	466
2871	467
2872	467
2872	468
2879	468
2879	469
2882	469
2882	471
2883	471
2883	474
2884	474
2884	475
2885	475
2885	477
2886	477
2886	483
2887	483
2887	485
2886	485
2886	486
2887	486
2887	494
2888	494
2888	495
2887	495
2887	517
2886	517
2886	518
2885	518
2885	520
2884	520
2884	523
2885	523
2885	524
2891	524
2891	525
2893	525
2893	524
2895	524
2895	523
2896	523
2896	522
2897	522
2897	521
2898	521
2898	519
2899	519
2899	518
2900	518
2900	516
2902	516
2902	515
2903	515
2903	514
2905	514
2905	513
2906	513
2906	512
2909	512
2909	511
2912	511
2912	510
2913	510
2913	511
2915	511
2915	510
2917	510
2917	509
2919	509
2919	508
2921	508
2921	507
2925	507
2925	506
2928	506
2928	507
2929	507
2929	506
2934	506
2934	505
2940	505
2940	504
2941	504
2941	503
2943	503
2943	502
2944	502
2944	501
2949	501
2949	500
2957	500
2957	499
2958	499
2958	490
2959	490
2959	489
2958	489
2958	482
2959	482
2959	481
2958	481
2958	480
2959	480
2959	478
2960	478
2960	477
2959	477
2959	471
2960	471
2960	462
2961	462
2961	461
2960	461
2960	457
2961	457
2961	451
2962	451
2962	448
2963	448
2963	446
2964	446
2964	444
2965	444
2965	442
2966	442
2966	441
2967	441
2967	440
2968	440
2968	438
2969	438
2969	437
2970	437
2970	436
2971	436
2971	434
2972	434
2972	433
2973	433
2973	431
2974	431
2974	430
2975	430
2975	429
2976	429
2976	428
2979	428
2979	427
2981	427
2981	426
2983	426
2983	425
2985	425
2985	424
2986	424
2986	423
2989	423
2989	422
2991	422
2991	421
2992	421
2992	420
2993	420
2993	419
2995	419
2995	418
2997	418
2997	417
2998	417
2998	415
3000	415
3000	414
3001	414
3001	413
3002	413
3002	412
3003	412
3003	411
3004	411
3004	410
3005	410
3005	409
3006	409
3006	408
3007	408
3007	407
3008	407
3008	406
3009	406
3009	405
3010	405
3010	403
3011	403
3011	402
3013	402
3013	400
3014	400
3014	399
3015	399
3015	398
3016	398
3016	397
3028	397
3028	396
3030	396
3030	395
3031	395
3031	394
3032	394
3032	392
3033	392
3033	389
3034	389
3034	386
3035	386
3035	385
3036	385
3036	383
3037	383
3037	382
3038	382
3038	381
3040	381
3040	380
3042	380
3042	379
3046	379
3046	378
3051	378
3051	377
3057	377
3057	376
3059	376
3059	375
3061	375
3061	374
3062	374
3062	373
3063	373
3063	372
3064	372
3064	370
3067	370
3067	369
3066	369
3066	367
3067	367
3067	366
3068	366
3068	365
3069	365
3069	364
3070	364
3070	363
3071	363
3071	362
3073	362
3073	361
3074	361
3074	360
3075	360
3075	359
3076	359
3076	358
3077	358
3077	357
3078	357
3078	356
3079	356
3079	353
3080	353
3080	351
3081	351
3081	348
3082	348
3082	346
3083	346
3083	341
3084	341
3084	338
3085	338
3085	334
3086	334
3086	330
3087	330
3087	322
3086	322
3086	309
3087	309
3087	308
3086	308
3086	307
3087	307
3087	303
3088	303
3088	299
3089	299
3089	292
3090	292
3090	285
3091	285
3091	279
3092	279
3092	274
3093	274
3093	273
3092	273
3092	271
3093	271
3093	270
3092	270
3092	268
3093	268
3093	242
3094	242
3094	241
3093	241
3093	239
3094	239
3094	231
3095	231
3095	230
3094	230
3094	228
3095	228
3095	226
3094	226
3094	225
3095	225
3095	219
3096	219
3096	204
3097	204
3097	203
3096	203
3096	201
3097	201
3097	193
3096	193
3096	192
3097	192
3097	191
3096	191
3096	189
3097	189
3097	182
3098	182
3098	168
3099	168
3099	161
3100	161
3100	158
3101	158
3101	141
3102	141
3102	115
3101	115
3101	113
3100	113
3100	112
3099	112
3099	109
3100	109
3100	108
3099	108
3099	105
3100	105
3100	104
3099	104
3099	101
3100	101
3100	99
3099	99
3099	98
3100	98
3100	87
3101	87
3101	86
3100	86
3100	84
3099	84
3099	83
3096	83
3096	91
3095	91
3095	93
3096	93
3096	94
3095	94
3095	95
3096	95
3096	100
3095	100
3095	102
3094	102
3094	103
3095	103
3095	113
3096	113
3096	116
3097	116
3097	124
3098	124
3098	126
3097	126
3097	148
3096	148
3096	151
3097	151
3097	152
3096	152
3096	153
3097	153
3097	155
3096	155
3096	160
3095	160
3095	161
3094	161
3094	164
3095	164
3095	165
3094	165
3094	170
3093	170
3093	173
3094	173
3094	174
3093	174
3093	175
3094	175
3094	178
3093	178
3093	182
3092	182
3092	215
3091	215
3091	216
3092	216
3092	217
3091	217
3091	225
3090	225
3090	226
3091	226
3091	228
3090	228
3090	235
3089	235
3089	264
3088	264
3088	265
3089	265
3089	271
3088	271
3088	276
3087	276
3087	286
3086	286
3086	294
3085	294
3085	299
3084	299
3084	303
3083	303
3083	313
3082	313
3082	319
3083	319
3083	331
3082	331
3082	335
3081	335
3081	337
3080	337
3080	340
3079	340
3079	342
3078	342
3078	344
3079	344
3079	346
3078	346
3078	347
3077	347
3077	350
3076	350
3076	353
3075	353
3075	354
3074	354
3074	355
3073	355
3073	356
3072	356
3072	357
3071	357
3071	358
3069	358
3069	359
3067	359
3067	361
3066	361
3066	362
3065	362
3065	363
3064	363
3064	364
3063	364
3063	365
3062	365
3062	366
3061	366
3061	369
3059	369
3059	370
3058	370
3058	371
3057	371
3057	372
3053	372
3053	373
3049	373
3049	374
3044	374
3044	375
3041	375
3041	376
3038	376
3038	377
3036	377
3036	379
3034	379
3034	381
3033	381
3033	382
3032	382
3032	383
3031	383
3031	386
3030	386
3030	388
3029	388
3029	389
3028	389
3028	391
3020	391
3020	390
3019	390
3019	391
3017	391
3017	392
3015	392
3015	393
3014	393
3014	394
3013	394
3013	395
3011	395
3011	396
3010	396
3010	398
3009	398
3009	399
3008	399
3008	400
3007	400
3007	401
3006	401
3006	402
3005	402
3005	403
3004	403
3004	405
3003	405
3003	406
3002	406
3002	407
3000	407
3000	409
2998	409
2998	410
2997	410
2997	411
2996	411
2996	412
2995	412
2995	413
2994	413
2994	414
2992	414
2992	415
2991	415
2991	416
2990	416
2990	417
2989	417
2989	418
2987	418
2987	419
2984	419
2984	420
2982	420
2982	421
2981	421
2981	422
2978	422
2978	424
2974	424
2974	425
2972	425
2972	426
2971	426
2971	427
2970	427
2970	428
2969	428
2969	430
2968	430
2968	431
2967	431
2967	433
2966	433
2966	434
2965	434
2965	436
2964	436
2964	437
2963	437
2963	438
2962	438
2962	440
2961	440
2961	441
2960	441
2960	442
2959	442
2959	445
2958	445
2958	448
2957	448
2957	452
2956	452
2956	454
2957	454
2957	455
2956	455
2956	456
2955	456
2955	459
2956	459
2956	460
2955	460
2955	468
2954	468
2954	469
2955	469
2955	471
2954	471
2954	477
2953	477
2953	478
2954	478
2954	482
2953	482
2953	486
2954	486
2954	488
2953	488
2953	491
2954	491
2954	493
2953	493
2953	494
2952	494
2952	496
2951	496
2951	495
2950	495
2950	496
2947	496
2947	497
2942	497
2942	498
2941	498
2941	499
2940	499
2940	500
2938	500
2938	501
2931	501
2931	502
2930	502
2930	501
2927	501
2927	502
2923	502
2923	503
2918	503
2918	504
2913	504
2913	506
2911	506
2911	505
2910	505
2910	506
2908	506
2908	507
2907	507
2907	506
2906	506
2906	508
2905	508
2905	509
2901	509
2901	510
2900	510
2900	511
2899	511
2899	512
2897	512
2897	513
2894	513
2894	516
2893	516
2893	517
2890	517
2890	516
2891	516
2891	497
2892	497
2892	496
2891	496
2891	495
2892	495
2892	491
2891	491
2891	477
2890	477
2890	474
2889	474
2889	473
2890	473
2890	472
2889	472
2889	469
2888	469
2888	466
2887	466
2887	464
2886	464
2886	463
2884	463
2884	462
2882	462
2882	463
2878	463
2878	461
2877	461
2877	460
2871	460
2871	458
2870	458
2870	455
2869	455
2869	454
2868	454
2868	452
2867	452
2867	451
2866	451
2866	449
2865	449
2865	448
2864	448
2864	447
2863	447
2863	446
2860	446
2860	445
2858	445
2858	444
2854	444
2854	443
2852	443
2852	442
2848	442
2848	441
2847	441
2847	442
2846	442
2846	443
2839	443
2839	444
2833	444
2833	443
2830	443
2830	442
2829	442
2829	441
2828	441
2828	440
2827	440
2827	438
2825	438
2825	437
2824	437
2824	436
2823	436
2823	434
2821	434
2821	431
2820	431
2820	430
2819	430
2819	429
2816	429
2816	427
2815	427
2815	426
2814	426
2814	425
2813	425
2813	424
2811	424
2811	423
2809	423
2809	421
2808	421
2808	418
2807	418
2807	417
2806	417
2806	414
2805	414
2805	410
2804	410
2804	408
2803	408
2803	405
2802	405
2802	399
2801	399
2801	395
2800	395
2800	393
2799	393
2799	388
2798	388
2798	385
2797	385
2797	380
2796	380
2796	379
2797	379
2797	372
2796	372
2796	366
2795	366
2795	363
2794	363
2794	359
2793	359
2793	355
2792	355
2792	352
2791	352
2791	344
2790	344
2790	337
2789	337
2789	333
2788	333
2788	331
2787	331
2787	328
2786	328
2786	327
2785	327
2785	326
2784	326
2784	325
2781	325
2781	326
2776	326
2776	325
2775	325
2775	324
2772	324
2772	323
2765	323
2765	322
2764	322
2764	323
2763	323
2763	322
2762	322
2762	320
2761	320
2761	317
2760	317
2760	316
2759	316
2759	313
2758	313
2758	311
2757	311
2757	309
2756	309
2756	307
2755	307
2755	306
2754	306
2754	305
2753	305
2753	303
2752	303
2752	301
2751	301
2751	300
2750	300
2750	299
2749	299
2749	297
2748	297
2748	296
2747	296
2747	295
2746	295
2746	293
2744	293
2744	292
2743	292
2743	291
2742	291
2742	290
2741	290
2741	289
2740	289
2740	288
2738	288
2738	287
2735	287
2735	286
2729	286
2729	285
2727	285
2727	284
2726	284
2726	285
2725	285
2725	284
2717	284
2717	281
2716	281
2716	279
2714	279
2714	278
2709	278
2709	277
2705	277
2705	276
2699	276
2699	275
2698	275
2698	276
2697	276
2697	275
2696	275
2696	276
2688	276
2688	277
2685	277
2685	278
2684	278
2684	279
2681	279
2681	280
2680	280
2680	281
2678	281
2678	282
2677	282
2677	284
2676	284
2676	285
2675	285
2675	287
2674	287
2674	288
2673	288
2673	290
2672	290
2672	291
2669	291
2669	290
2668	290
2668	291
2667	291
2667	295
2666	295
2666	298
2665	298
2665	301
2666	301
2666	303
2665	303
2665	304
2666	304
2666	309
2665	309
2665	310
2666	310
2666	315
2667	315
2667	316
2666	316
2666	317
2667	317
2667	320
2666	320
2666	321
2667	321
2667	326
2668	326
2668	331
2667	331
2667	338
2668	338
2668	346
2669	346
2669	350
2670	350
2670	351
2669	351
2669	353
2670	353
2670	354
2669	354
2669	356
2670	356
2670	364
2669	364
2669	375
2668	375
2668	383
2667	383
2667	386
2668	386
2668	387
2667	387
2667	396
2666	396
2666	398
2667	398
2667	399
2666	399
2666	407
2665	407
2665	408
2666	408
2666	411
2665	411
2665	412
2666	412
2666	414
2665	414
2665	433
2664	433
2664	437
2665	437
2665	440
2664	440
2664	473
2663	473
2663	491
2662	491
2662	492
2663	492
2663	493
2662	493
2662	506
2661	506
2661	507
2662	507
2662	508
2661	508
2661	509
2660	509
2660	508
2658	508
2658	507
2655	507
2655	508
2654	508
2654	509
2655	509
2655	511
2657	511
2657	513
2658	513
2658	515
2659	515
2659	516
2658	516
2658	517
2657	517
2657	518
2654	518
2654	519
2653	519
2653	520
2651	520
2651	521
2646	521
2646	522
2641	522
2641	523
2636	523
2636	524
2632	524
2632	525
2624	525
2624	524
2623	524
2623	525
2619	525
2619	526
2611	526
2611	527
2607	527
2607	528
2606	528
2606	529
2598	529
2598	530
2591	530
2591	531
2590	531
2590	530
2588	530
2588	531
2584	531
2584	532
2581	532
2581	533
2579	533
2579	534
2575	534
2575	535
2574	535
2574	536
2570	536
2570	537
2567	537
2567	538
2565	538
2565	539
2564	539
2564	540
2563	540
2563	541
2561	541
2561	543
2559	543
2559	545
2558	545
2558	546
2557	546
2557	547
2556	547
2556	548
2554	548
2554	549
2550	549
2550	550
2547	550
2547	551
2541	551
2541	552
2538	552
2538	553
2536	553
2536	552
2535	552
2535	553
2531	553
2531	554
2525	554
2525	555
2523	555
2523	556
2522	556
2522	557
2520	557
2520	558
2519	558
2519	559
2516	559
2516	560
2514	560
2514	561
2512	561
2512	562
2511	562
2511	563
2508	563
2508	564
2505	564
2505	565
2504	565
2504	566
2495	566
2495	567
2493	567
2493	566
2492	566
2492	567
2488	567
2488	568
2487	568
2487	567
2484	567
2484	568
2479	568
2479	569
2477	569
2477	570
2474	570
2474	571
2472	571
2472	572
2470	572
2470	574
2469	574
2469	573
2462	573
2462	574
2461	574
2461	573
2460	573
2460	572
2459	572
2459	571
2457	571
2457	570
2456	570
2456	569
2455	569
2455	567
2454	567
2454	565
2451	565
2451	564
2449	564
2449	562
2448	562
2448	556
2447	556
2447	553
2446	553
2446	550
2445	550
2445	536
2446	536
2446	535
2445	535
2445	527
2444	527
2444	519
2443	519
2443	517
2442	517
2442	515
2441	515
2441	511
2440	511
2440	508
2439	508
2439	504
2438	504
2438	502
2437	502
2437	501
2436	501
2436	499
2435	499
2435	493
2434	493
2434	492
2435	492
2435	491
2434	491
2434	488
2433	488
2433	476
2434	476
2434	472
2433	472
2433	470
2434	470
2434	469
2433	469
2433	466
2432	466
2432	463
2431	463
2431	460
2430	460
2430	458
2429	458
2429	452
2428	452
2428	448
2427	448
2427	442
2426	442
2426	441
2424	441
2424	440
2422	440
2422	439
2420	439
2420	438
2416	438
2416	437
2410	437
2410	438
2402	438
2402	439
2401	439
2401	440
2398	440
2398	441
2396	441
2396	442
2395	442
2395	441
2394	441
2394	442
2392	442
2392	441
2391	441
2391	442
2389	442
2389	443
2383	443
2383	444
2380	444
2380	445
2379	445
2379	444
2377	444
2377	445
2373	445
2373	444
2369	444
2369	443
2363	443
2363	442
2360	442
2360	436
2359	436
2359	435
2360	435
2360	433
2359	433
2359	429
2358	429
2358	428
2359	428
2359	427
2358	427
2358	425
2357	425
2357	424
2358	424
2358	422
2357	422
2357	410
2356	410
2356	404
2355	404
2355	401
2356	401
2356	398
2355	398
2355	392
2354	392
2354	388
2353	388
2353	386
2352	386
2352	382
2351	382
2351	376
2350	376
2350	374
2349	374
2349	367
2348	367
2348	359
2347	359
2347	356
2346	356
2346	355
2345	355
2345	353
2344	353
2344	352
2343	352
2343	353
2342	353
2342	352
2340	352
2340	353
2336	353
2336	354
2333	354
2333	355
2332	355
2332	356
2331	356
2331	357
2329	357
2329	358
2328	358
2328	360
2326	360
2326	361
2325	361
2325	362
2324	362
2324	363
2323	363
2323	365
2321	365
2321	366
2320	366
2320	368
2319	368
2319	370
2318	370
2318	371
2317	371
2317	372
2316	372
2316	373
2315	373
2315	374
2314	374
2314	376
2313	376
2313	381
2312	381
2312	386
2311	386
2311	387
2310	387
2310	389
2309	389
2309	392
2308	392
2308	395
2306	395
2306	397
2305	397
2305	399
2304	399
2304	400
2303	400
2303	402
2302	402
2302	404
2301	404
2301	407
2300	407
2300	409
2299	409
2299	411
2298	411
2298	413
2299	413
2299	414
2298	414
2298	415
2297	415
2297	416
2296	416
2296	418
2295	418
2295	420
2294	420
2294	423
2293	423
2293	427
2292	427
2292	429
2291	429
2291	428
2288	428
2288	429
2287	429
2287	432
2286	432
2286	435
2285	435
2285	437
2284	437
2284	441
2283	441
2283	447
2282	447
2282	454
2281	454
2281	456
2280	456
2280	465
2281	465
2281	471
2282	471
2282	476
2281	476
2281	477
2282	477
2282	479
2281	479
2281	481
2282	481
2282	482
2281	482
2281	484
2282	484
2282	491
2283	491
2283	502
2284	502
2284	510
2285	510
2285	511
2284	511
2284	512
2285	512
2285	528
2286	528
2286	529
2285	529
2285	531
2286	531
2286	537
2285	537
2285	551
2284	551
2284	552
2283	552
2283	553
2278	553
2278	554
2276	554
2276	553
2273	553
2273	552
2272	552
2272	550
2273	550
2273	540
2274	540
2274	539
2273	539
2273	520
2274	520
2274	519
2273	519
2273	518
2274	518
2274	507
2273	507
2273	506
2274	506
2274	495
2273	495
2273	494
2274	494
2274	489
2273	489
2273	484
2272	484
2272	482
2271	482
2271	479
2270	479
2270	478
2269	478
2269	476
2268	476
2268	474
2267	474
2267	473
2265	473
2265	472
2264	472
2264	471
2263	471
2263	470
2262	470
2262	469
2260	469
2260	468
2257	468
2257	467
2253	467
2253	466
2250	466
2250	465
2242	465
2242	466
2238	466
2238	465
2235	465
2235	466
2233	466
2233	467
2229	467
2229	468
2228	468
2228	470
2227	470
2227	469
2226	469
2226	465
2225	465
2225	462
2224	462
2224	460
2223	460
2223	458
2222	458
2222	455
2221	455
2221	453
2220	453
2220	451
2219	451
2219	450
2218	450
2218	449
2216	449
2216	448
2215	448
2215	447
2214	447
2214	446
2213	446
2213	445
2211	445
2211	444
2210	444
2210	443
2209	443
2209	442
2208	442
2208	441
2207	441
2207	440
2205	440
2205	439
2203	439
2203	440
2195	440
2195	441
2192	441
2192	442
2188	442
2188	443
2186	443
2186	442
2185	442
2185	441
2184	441
2184	439
2183	439
2183	438
2182	438
2182	437
2181	437
2181	436
2180	436
2180	433
2179	433
2179	432
2178	432
2178	430
2177	430
2177	429
2176	429
2176	428
2175	428
2175	426
2174	426
2174	425
2173	425
2173	424
2171	424
2171	423
2170	423
2170	424
2168	424
2168	425
2162	425
2162	424
2157	424
2157	426
2156	426
2156	427
2154	427
2154	428
2153	428
2153	430
2152	430
2152	433
2151	433
2151	434
2152	434
2152	457
2151	457
2151	471
2150	471
2150	472
2151	472
2151	474
2150	474
2150	487
2151	487
2151	488
2150	488
2150	506
2149	506
2149	518
2148	518
2148	524
2147	524
2147	529
2145	529
2145	530
2144	530
2144	531
2139	531
2139	530
2135	530
2135	529
2134	529
2134	528
2131	528
2131	527
2129	527
2129	526
2128	526
2128	525
2127	525
2127	524
2126	524
2126	523
2124	523
2124	522
2123	522
2123	523
2122	523
2122	522
2121	522
2121	523
2118	523
2118	522
2117	522
2117	521
2116	521
2116	515
2117	515
2117	513
2116	513
2116	509
2117	509
2117	508
2116	508
2116	507
2117	507
2117	505
2116	505
2116	489
2115	489
2115	488
2116	488
2116	486
2115	486
2115	485
2116	485
2116	480
2115	480
2115	466
2116	466
2116	465
2115	465
2115	463
2116	463
2116	451
2117	451
2117	438
2116	438
2116	437
2117	437
2117	436
2116	436
2116	431
2117	431
2117	427
2116	427
2116	425
2117	425
2117	421
2116	421
2116	418
2115	418
2115	414
2113	414
2113	408
2114	408
2114	406
2113	406
2113	402
2114	402
2114	398
2113	398
2113	393
2112	393
2112	391
2113	391
2113	390
2112	390
2112	389
2113	389
2113	386
2112	386
2112	379
2111	379
2111	376
2110	376
2110	370
2109	370
2109	365
2108	365
2108	360
2107	360
2107	354
2106	354
2106	351
2107	351
2107	347
2106	347
2106	345
2105	345
2105	338
2104	338
2104	333
2103	333
2103	332
2104	332
2104	330
2103	330
2103	326
2104	326
2104	324
2103	324
2103	318
2102	318
2102	314
2104	314
2104	313
2106	313
2106	312
2107	312
2107	310
2108	310
2108	309
2107	309
2107	307
2108	307
2108	306
2107	306
2107	303
2106	303
2106	302
2105	302
2105	301
2102	301
2102	302
2101	302
2101	304
2100	304
2100	303
2099	303
2099	302
2098	302
2098	301
2092	301
2092	302
2091	302
2091	303
2092	303
2092	304
2094	304
2094	306
2095	306
2095	309
2096	309
2096	310
2092	310
2092	309
2091	309
2091	310
2088	310
2088	311
2083	311
2083	312
2081	312
2081	313
2076	313
2076	314
2073	314
2073	315
2072	315
2072	316
2071	316
2071	317
2070	317
2070	319
2069	319
2069	320
2068	320
2068	319
2067	319
2067	320
2064	320
2064	319
2063	319
2063	318
2061	318
2061	320
2062	320
2062	321
2063	321
2063	322
2062	322
2062	323
2059	323
2059	324
2058	324
2058	326
2056	326
2056	329
2055	329
2055	331
2054	331
2054	333
2053	333
2053	337
2052	337
2052	346
2051	346
2051	349
2050	349
2050	361
2049	361
2049	364
2050	364
2050	365
2049	365
2049	369
2050	369
2050	370
2049	370
2049	376
2050	376
2050	377
2039	377
2039	376
2038	376
2038	377
2036	377
2036	376
2034	376
2034	377
2023	377
2023	378
2020	378
2020	377
2019	377
2019	378
2014	378
2014	379
2013	379
2013	380
2010	380
2010	384
2009	384
2009	385
2007	385
2007	387
2006	387
2006	393
2005	393
2005	395
2004	395
2004	397
2003	397
2003	402
2002	402
2002	404
2001	404
2001	410
2000	410
2000	413
1999	413
1999	415
1998	415
1998	422
1999	422
1999	429
1998	429
1998	431
1997	431
1997	436
1998	436
1998	444
1999	444
1999	454
1998	454
1998	458
1997	458
1997	483
1996	483
1996	491
1995	491
1995	493
1994	493
1994	502
1993	502
1993	512
1992	512
1992	514
1993	514
1993	517
1992	517
1992	521
1991	521
1991	522
1992	522
1992	523
1991	523
1991	524
1992	524
1992	525
1991	525
1991	528
1990	528
1990	530
1989	530
1989	532
1988	532
1988	535
1987	535
1987	537
1986	537
1986	539
1985	539
1985	542
1984	542
1984	545
1983	545
1983	548
1982	548
1982	553
1983	553
1983	555
1982	555
1982	560
1981	560
1981	562
1980	562
1980	564
1979	564
1979	566
1978	566
1978	567
1976	567
1976	569
1975	569
1975	570
1974	570
1974	572
1973	572
1973	573
1972	573
1972	576
1971	576
1971	579
1970	579
1970	581
1969	581
1969	582
1968	582
1968	584
1966	584
1966	586
1965	586
1965	587
1964	587
1964	588
1963	588
1963	589
1962	589
1962	590
1961	590
1961	589
1960	589
1960	590
1959	590
1959	591
1957	591
1957	593
1956	593
1956	594
1953	594
1953	595
1950	595
1950	594
1945	594
1945	595
1944	595
1944	594
1938	594
1938	595
1937	595
1937	593
1936	593
1936	594
1934	594
1934	593
1927	593
1927	594
1926	594
1926	593
1921	593
1921	594
1920	594
1920	593
1916	593
1916	594
1915	594
1915	593
1901	593
1901	592
1893	592
1893	591
1892	591
1892	592
1888	592
1888	591
1870	591
1870	590
1849	590
1849	591
1840	591
1840	592
1833	592
1833	593
1832	593
1832	594
1831	594
1831	595
1829	595
1829	596
1828	596
1828	597
1827	597
1827	598
1826	598
1826	599
1824	599
1824	600
1823	600
1823	601
1820	601
1820	602
1816	602
1816	603
1809	603
1809	604
1808	604
1808	603
1806	603
1806	604
1805	604
1805	603
1803	603
1803	604
1801	604
1801	602
1796	602
1796	601
1795	601
1795	600
1794	600
1794	598
1793	598
1793	597
1791	597
1791	596
1790	596
1790	593
1789	593
1789	592
1788	592
1788	589
1787	589
1787	587
1786	587
1786	585
1785	585
1785	584
1784	584
1784	583
1783	583
1783	582
1782	582
1782	581
1781	581
1781	580
1780	580
1780	578
1778	578
1778	576
1777	576
1777	574
1776	574
1776	573
1775	573
1775	572
1774	572
1774	570
1773	570
1773	567
1772	567
1772	566
1773	566
1773	563
1772	563
1772	562
1771	562
1771	561
1770	561
1770	560
1768	560
1768	559
1767	559
1767	558
1766	558
1766	557
1765	557
1765	556
1764	556
1764	555
1762	555
1762	554
1759	554
1759	553
1758	553
1758	552
1753	552
1753	551
1752	551
1752	552
1751	552
1751	551
1744	551
1744	550
1742	550
1742	551
1740	551
1740	550
1727	550
1727	551
1723	551
1723	550
1713	550
1713	549
1710	549
1710	548
1706	548
1706	547
1704	547
1704	546
1701	546
1701	545
1698	545
1698	544
1685	544
1685	545
1683	545
1683	546
1678	546
1678	547
1670	547
1670	548
1668	548
1668	550
1667	550
1667	552
1666	552
1666	556
1664	556
1664	555
1660	555
1660	556
1658	556
1658	558
1657	558
1657	556
1656	556
1656	554
1654	554
1654	553
1650	553
1650	554
1649	554
1649	552
1645	552
1645	558
1643	558
1643	557
1639	557
1639	558
1632	558
1632	557
1626	557
1626	556
1622	556
1622	555
1617	555
1617	554
1612	554
1612	553
1609	553
1609	552
1602	552
1602	551
1601	551
1601	550
1600	550
1600	551
1599	551
1599	550
1580	550
1580	549
1579	549
1579	550
1578	550
1578	549
1542	549
1542	548
1540	548
1540	547
1538	547
1538	548
1532	548
1532	547
1525	547
1525	548
1524	548
1524	546
1519	546
1519	545
1518	545
1518	546
1517	546
1517	545
1516	545
1516	546
1515	546
1515	545
1513	545
1513	544
1512	544
1512	543
1511	543
1511	542
1510	542
1510	541
1509	541
1509	537
1508	537
1508	536
1507	536
1507	534
1506	534
1506	533
1505	533
1505	530
1504	530
1504	529
1503	529
1503	526
1502	526
1502	524
1501	524
1501	521
1500	521
1500	518
1499	518
1499	516
1498	516
1498	513
1497	513
1497	511
1496	511
1496	506
1495	506
1495	504
1494	504
1494	502
1492	502
1492	501
1491	501
1491	500
1490	500
1490	499
1489	499
1489	498
1487	498
1487	496
1485	496
1485	495
1484	495
1484	494
1483	494
1483	492
1482	492
1482	491
1479	491
1479	489
1478	489
1478	484
1477	484
1477	481
1476	481
1476	478
1475	478
1475	475
1474	475
1474	474
1475	474
1475	473
1474	473
1474	472
1473	472
1473	470
1472	470
1472	467
1471	467
1471	463
1470	463
1470	459
1469	459
1469	454
1468	454
1468	448
1467	448
1467	447
1468	447
1468	446
1467	446
1467	444
1468	444
1468	443
1467	443
1467	442
1468	442
1468	441
1467	441
1467	437
1466	437
1466	430
1465	430
1465	426
1464	426
1464	425
1465	425
1465	424
1464	424
1464	422
1465	422
1465	421
1464	421
1464	419
1465	419
1465	417
1464	417
1464	416
1465	416
1465	409
1466	409
1466	403
1467	403
1467	402
1466	402
1466	398
1467	398
1467	394
1466	394
1466	393
1467	393
1467	381
1468	381
1468	380
1467	380
1467	377
1468	377
1468	374
1469	374
1469	373
1468	373
1468	372
1469	372
1469	362
1470	362
1470	357
1471	357
1471	353
1472	353
1472	352
1471	352
1471	350
1472	350
1472	349
1473	349
1473	348
1474	348
1474	349
1475	349
1475	348
1478	348
1478	347
1480	347
1480	346
1484	346
1484	344
1482	344
1482	345
1480	345
1480	346
1479	346
1479	345
1478	345
1478	344
1479	344
1479	343
1480	343
1480	342
1481	342
1481	341
1480	341
1480	340
1479	340
1479	339
1476	339
1476	340
1474	340
1474	341
1473	341
1473	342
1471	342
1471	337
1470	337
1470	333
1471	333
1471	332
1470	332
1470	330
1471	330
1471	319
1472	319
1472	313
1473	313
1473	312
1472	312
1472	302
1471	302
1471	299
1472	299
1472	293
1471	293
1471	291
1470	291
1470	288
1469	288
1469	284
1468	284
1468	281
1467	281
1467	278
1466	278
1466	276
1464	276
1464	274
1463	274
1463	273
1462	273
1462	271
1461	271
1461	270
1459	270
1459	269
1454	269
1454	270
1451	270
1451	271
1450	271
1450	272
1448	272
1448	275
1447	275
1447	277
1448	277
1448	278
1447	278
1447	279
1446	279
1446	282
1445	282
1445	284
1444	284
1444	290
1443	290
1443	294
1444	294
1444	295
1443	295
1443	302
1442	302
1442	306
1441	306
1441	307
1438	307
1438	308
1436	308
1436	310
1435	310
1435	314
1436	314
1436	315
1434	315
1434	316
1428	316
1428	317
1423	317
1423	318
1420	318
1420	319
1418	319
1418	320
1417	320
1417	319
1416	319
1416	320
1412	320
1412	321
1411	321
1411	322
1409	322
1409	324
1408	324
1408	326
1407	326
1407	328
1406	328
1406	329
1405	329
1405	330
1404	330
1404	335
1403	335
1403	339
1402	339
1402	343
1401	343
1401	357
1400	357
1400	367
1401	367
1401	369
1400	369
1400	374
1401	374
1401	376
1400	376
1400	384
1399	384
1399	383
1398	383
1398	382
1395	382
1395	383
1393	383
1393	385
1392	385
1392	387
1391	387
1391	389
1392	389
1392	397
1393	397
1393	402
1394	402
1394	406
1393	406
1393	407
1394	407
1394	408
1393	408
1393	410
1394	410
1394	411
1393	411
1393	412
1391	412
1391	413
1388	413
1388	412
1374	412
1374	413
1371	413
1371	414
1369	414
1369	415
1368	415
1368	416
1367	416
1367	417
1366	417
1366	418
1365	418
1365	419
1364	419
1364	421
1363	421
1363	422
1362	422
1362	426
1361	426
1361	430
1360	430
1360	433
1359	433
1359	434
1360	434
1360	440
1359	440
1359	449
1358	449
1358	451
1359	451
1359	453
1360	453
1360	455
1359	455
1359	456
1360	456
1360	458
1359	458
1359	464
1360	464
1360	470
1359	470
1359	474
1360	474
1360	477
1359	477
1359	483
1358	483
1358	486
1357	486
1357	488
1356	488
1356	500
1355	500
1355	504
1354	504
1354	514
1353	514
1353	516
1354	516
1354	518
1353	518
1353	519
1352	519
1352	521
1353	521
1353	522
1352	522
1352	525
1351	525
1351	528
1350	528
1350	541
1349	541
1349	544
1348	544
1348	548
1347	548
1347	550
1346	550
1346	549
1342	549
1342	550
1340	550
1340	551
1338	551
1338	552
1335	552
1335	547
1334	547
1334	545
1333	545
1333	544
1332	544
1332	542
1328	542
1328	543
1327	543
1327	544
1326	544
1326	547
1327	547
1327	549
1326	549
1326	550
1325	550
1325	551
1324	551
1324	552
1321	552
1321	553
1319	553
1319	552
1318	552
1318	553
1317	553
1317	554
1316	554
1316	555
1314	555
1314	556
1309	556
1309	557
1303	557
1303	558
1298	558
1298	559
1291	559
1291	560
1289	560
1289	559
1288	559
1288	560
1286	560
1286	561
1281	561
1281	562
1279	562
1279	563
1267	563
1267	562
1265	562
1265	561
1262	561
1262	560
1255	560
1255	559
1254	559
1254	558
1253	558
1253	557
1252	557
1252	555
1251	555
1251	554
1249	554
1249	552
1248	552
1248	551
1247	551
1247	550
1245	550
1245	549
1243	549
1243	548
1242	548
1242	547
1239	547
1239	546
1237	546
1237	544
1235	544
1235	543
1233	543
1233	542
1231	542
1231	541
1230	541
1230	540
1227	540
1227	539
1225	539
1225	538
1226	538
1226	537
1227	537
1227	535
1228	535
1228	534
1227	534
1227	532
1226	532
1226	531
1222	531
1222	532
1211	532
1211	531
1209	531
1209	530
1208	530
1208	529
1206	529
1206	528
1205	528
1205	527
1204	527
1204	526
1201	526
1201	525
1200	525
1200	524
1199	524
1199	523
1198	523
1198	522
1197	522
1197	520
1195	520
1195	518
1194	518
1194	517
1193	517
1193	516
1192	516
1192	515
1191	515
1191	513
1190	513
1190	512
1189	512
1189	511
1188	511
1188	510
1187	510
1187	509
1186	509
1186	502
1185	502
1185	501
1184	501
1184	497
1183	497
1183	496
1184	496
1184	495
1183	495
1183	486
1182	486
1182	478
1183	478
1183	475
1184	475
1184	462
1183	462
1183	458
1184	458
1184	450
1183	450
1183	447
1184	447
1184	437
1185	437
1185	436
1186	436
1186	432
1185	432
1185	431
1186	431
1186	425
1187	425
1187	421
1188	421
1188	420
1187	420
1187	416
1188	416
1188	415
1187	415
1187	408
1188	408
1188	402
1187	402
1187	401
1188	401
1188	394
1189	394
1189	388
1188	388
1188	386
1189	386
1189	382
1188	382
1188	380
1189	380
1189	376
1188	376
1188	375
1189	375
1189	371
1188	371
1188	366
1187	366
1187	352
1186	352
1186	347
1185	347
1185	345
1184	345
1184	343
1183	343
1183	342
1180	342
1180	343
1176	343
1176	344
1173	344
1173	343
1172	343
1172	344
1170	344
1170	345
1169	345
1169	348
1168	348
1168	349
1169	349
1169	352
1167	352
1167	354
1166	354
1166	360
1165	360
1165	363
1164	363
1164	367
1165	367
1165	382
1164	382
1164	383
1163	383
1163	393
1164	393
1164	395
1163	395
1163	396
1164	396
1164	414
1163	414
1163	417
1162	417
1162	431
1163	431
1163	432
1162	432
1162	435
1161	435
1161	436
1162	436
1162	441
1161	441
1161	445
1160	445
1160	446
1158	446
1158	448
1157	448
1157	452
1156	452
1156	454
1155	454
1155	456
1154	456
1154	455
1150	455
1150	456
1148	456
1148	454
1147	454
1147	452
1145	452
1145	451
1143	451
1143	452
1142	452
1142	453
1141	453
1141	456
1142	456
1142	457
1140	457
1140	460
1137	460
1137	461
1135	461
1135	462
1132	462
1132	463
1125	463
1125	464
1122	464
1122	463
1121	463
1121	464
1112	464
1112	463
1109	463
1109	464
1106	464
1106	463
1104	463
1104	464
1099	464
1099	465
1090	465
1090	464
1084	464
1084	463
1083	463
1083	464
1082	464
1082	463
1080	463
1080	464
1079	464
1079	463
1077	463
1077	462
1075	462
1075	461
1073	461
1073	460
1071	460
1071	459
1068	459
1068	458
1064	458
1064	457
1060	457
1060	455
1059	455
1059	454
1058	454
1058	453
1056	453
1056	450
1055	450
1055	448
1054	448
1054	446
1053	446
1053	444
1052	444
1052	443
1051	443
1051	442
1050	442
1050	441
1048	441
1048	439
1045	439
1045	438
1044	438
1044	437
1039	437
1039	439
1037	439
1037	440
1034	440
1034	441
1031	441
1031	442
1029	442
1029	443
1027	443
1027	444
1025	444
1025	445
1023	445
1023	446
1022	446
1022	447
1021	447
1021	448
1020	448
1020	447
1019	447
1019	448
1018	448
1018	449
1017	449
1017	450
1016	450
1016	451
1014	451
1014	452
1013	452
1013	453
1011	453
1011	454
1010	454
1010	455
1008	455
1008	456
1007	456
1007	457
1006	457
1006	456
1005	456
1005	454
1004	454
1004	453
1002	453
1002	454
1003	454
1003	455
1004	455
1004	457
1005	457
1005	458
1004	458
1004	459
999	459
999	458
998	458
998	457
997	457
997	458
996	458
996	457
993	457
993	456
987	456
987	457
986	457
986	458
984	458
984	457
983	457
983	458
982	458
982	457
980	457
980	458
978	458
978	457
975	457
975	458
971	458
971	459
963	459
963	458
962	458
962	457
960	457
960	456
958	456
958	455
957	455
957	454
956	454
956	453
955	453
955	452
954	452
954	449
955	449
955	448
953	448
953	449
951	449
951	447
950	447
950	444
949	444
949	440
948	440
948	438
947	438
947	437
946	437
946	434
945	434
945	432
944	432
944	428
943	428
943	426
942	426
942	425
941	425
941	418
940	418
940	416
939	416
939	415
938	415
938	413
937	413
937	411
936	411
936	410
935	410
935	409
934	409
934	408
933	408
933	406
931	406
931	405
930	405
930	403
929	403
929	402
928	402
928	401
927	401
927	400
926	400
926	393
925	393
925	390
926	390
926	381
927	381
927	375
926	375
926	374
927	374
927	373
926	373
926	372
927	372
927	369
928	369
928	365
929	365
929	364
930	364
930	362
931	362
931	360
932	360
932	359
931	359
931	358
932	358
932	356
933	356
933	353
934	353
934	350
935	350
935	345
936	345
936	340
937	340
937	339
936	339
936	331
937	331
937	330
936	330
936	328
935	328
935	320
936	320
936	318
935	318
935	302
934	302
934	297
933	297
933	295
932	295
932	290
931	290
931	287
930	287
930	284
931	284
931	283
930	283
930	281
929	281
929	277
928	277
928	273
927	273
927	269
926	269
926	266
925	266
925	263
924	263
924	262
923	262
923	261
921	261
921	262
919	262
919	263
917	263
917	264
916	264
916	263
913	263
913	262
912	262
912	263
908	263
908	264
907	264
907	265
906	265
906	264
905	264
905	265
904	265
904	267
903	267
903	269
902	269
902	270
901	270
901	272
900	272
900	276
899	276
899	279
898	279
