2262	340
2261	340
2261	343
2260	343
2260	344
2259	344
2259	350
2258	350
2258	353
2257	353
2257	356
2256	356
2256	358
2252	358
2252	359
2251	359
2251	360
2250	360
2250	361
2248	361
2248	363
2247	363
2247	365
2245	365
2245	366
2243	366
2243	367
2242	367
2242	368
2240	368
2240	369
2239	369
2239	371
2238	371
2238	372
2237	372
2237	373
2236	373
2236	374
2235	374
2235	376
2234	376
2234	377
2233	377
2233	378
2232	378
2232	379
2230	379
2230	380
2229	380
2229	381
2228	381
2228	382
2227	382
2227	384
2226	384
2226	385
2225	385
2225	387
2224	387
2224	389
2223	389
2223	393
2222	393
2222	394
2218	394
2218	393
2209	393
2209	394
2206	394
2206	393
2204	393
2204	394
2203	394
2203	393
2200	393
2200	392
2199	392
2199	393
2197	393
2197	392
2196	392
2196	393
2192	393
2192	394
2190	394
2190	395
2187	395
2187	396
2186	396
2186	397
2185	397
2185	398
2183	398
2183	399
2182	399
2182	400
2181	400
2181	402
2179	402
2179	404
2178	404
2178	405
2177	405
2177	406
2178	406
2178	407
2176	407
2176	408
2175	408
2175	410
2174	410
2174	411
2173	411
2173	413
2172	413
2172	416
2171	416
2171	418
2170	418
2170	419
2169	419
2169	422
2168	422
2168	425
2167	425
2167	437
2168	437
2168	440
2165	440
2165	442
2164	442
2164	443
2162	443
2162	445
2161	445
2161	446
2158	446
2158	447
2156	447
2156	449
2154	449
2154	450
2148	450
2148	451
2143	451
2143	452
2141	452
2141	453
2118	453
2118	454
2114	454
2114	453
2112	453
2112	452
2111	452
2111	451
2109	451
2109	450
2107	450
2107	448
2106	448
2106	446
2104	446
2104	445
2103	445
2103	444
2100	444
2100	443
2099	443
2099	442
2097	442
2097	441
2096	441
2096	440
2095	440
2095	439
2094	439
2094	440
2090	440
2090	441
2087	441
2087	439
2086	439
2086	437
2085	437
2085	436
2084	436
2084	435
2083	435
2083	434
2081	434
2081	433
2079	433
2079	432
2076	432
2076	433
2075	433
2075	434
2074	434
2074	435
2073	435
2073	437
2072	437
2072	438
2070	438
2070	439
2069	439
2069	440
2068	440
2068	441
2066	441
2066	442
2064	442
2064	443
2063	443
2063	444
2062	444
2062	447
2061	447
2061	449
2060	449
2060	451
2059	451
2059	459
2058	459
2058	461
2057	461
2057	464
2058	464
2058	471
2059	471
2059	473
2058	473
2058	474
2059	474
2059	475
2058	475
2058	476
2059	476
2059	480
2060	480
2060	482
2059	482
2059	485
2060	485
2060	487
2059	487
2059	489
2060	489
2060	492
2059	492
2059	493
2060	493
2060	500
2059	500
2059	501
2060	501
2060	502
2059	502
2059	503
2060	503
2060	507
2059	507
2059	515
2058	515
2058	516
2059	516
2059	524
2058	524
2058	525
2059	525
2059	535
2058	535
2058	536
2057	536
2057	540
2056	540
2056	541
2055	541
2055	542
2054	542
2054	543
2053	543
2053	544
2052	544
2052	545
2051	545
2051	546
2049	546
2049	547
2044	547
2044	548
2039	548
2039	547
2038	547
2038	548
2035	548
2035	549
2032	549
2032	550
2026	550
2026	551
2025	551
2025	552
2024	552
2024	553
2023	553
2023	554
2021	554
2021	555
2020	555
2020	556
2019	556
2019	558
2018	558
2018	559
2017	559
2017	560
2015	560
2015	562
2014	562
2014	563
2013	563
2013	564
2012	564
2012	565
2011	565
2011	566
2010	566
2010	567
2009	567
2009	568
2007	568
2007	569
2006	569
2006	571
2003	571
2003	572
2001	572
2001	573
2000	573
2000	574
1999	574
1999	576
1998	576
1998	579
1997	579
1997	583
1996	583
1996	586
1995	586
1995	592
1996	592
1996	593
1995	593
1995	600
1994	600
1994	604
1993	604
1993	603
1992	603
1992	604
1985	604
1985	605
1982	605
1982	606
1980	606
1980	607
1978	607
1978	608
1976	608
1976	609
1975	609
1975	610
1974	610
1974	611
1973	611
1973	612
1972	612
1972	613
1971	613
1971	614
1969	614
1969	616
1968	616
1968	617
1967	617
1967	618
1966	618
1966	619
1965	619
1965	620
1964	620
1964	621
1963	621
1963	622
1962	622
1962	624
1961	624
1961	627
1960	627
1960	628
1959	628
1959	634
1958	634
1958	637
1957	637
1957	639
1958	639
1958	641
1957	641
1957	661
1956	661
1956	672
1951	672
1951	671
1945	671
1945	670
1944	670
1944	671
1942	671
1942	670
1940	670
1940	671
1938	671
1938	669
1936	669
1936	667
1935	667
1935	665
1934	665
1934	664
1933	664
1933	661
1932	661
1932	660
1931	660
1931	659
1930	659
1930	658
1929	658
1929	657
1924	657
1924	660
1923	660
1923	662
1922	662
1922	661
1915	661
1915	662
1913	662
1913	661
1910	661
1910	662
1901	662
1901	663
1900	663
1900	662
1898	662
1898	661
1895	661
1895	660
1892	660
1892	659
1889	659
1889	658
1888	658
1888	659
1887	659
1887	658
1886	658
1886	659
1882	659
1882	658
1878	658
1878	659
1872	659
1872	660
1868	660
1868	661
1866	661
1866	659
1864	659
1864	660
1856	660
1856	661
1854	661
1854	662
1852	662
1852	661
1848	661
1848	662
1847	662
1847	661
1839	661
1839	662
1836	662
1836	661
1835	661
1835	660
1833	660
1833	659
1832	659
1832	658
1830	658
1830	657
1823	657
1823	656
1818	656
1818	655
1819	655
1819	654
1817	654
1817	653
1809	653
1809	651
1808	651
1808	652
1807	652
1807	651
1806	651
1806	649
1803	649
1803	648
1802	648
1802	647
1800	647
1800	645
1797	645
1797	644
1795	644
1795	643
1792	643
1792	642
1787	642
1787	641
1786	641
1786	642
1785	642
1785	641
1783	641
1783	642
1781	642
1781	641
1775	641
1775	640
1770	640
1770	639
1768	639
1768	638
1763	638
1763	637
1762	637
1762	638
1760	638
1760	637
1759	637
1759	636
1758	636
1758	635
1755	635
1755	634
1754	634
1754	632
1753	632
1753	626
1752	626
1752	623
1751	623
1751	621
1752	621
1752	620
1751	620
1751	619
1752	619
1752	617
1751	617
1751	615
1752	615
1752	614
1751	614
1751	610
1752	610
1752	608
1751	608
1751	606
1752	606
1752	602
1753	602
1753	597
1754	597
1754	591
1755	591
1755	587
1754	587
1754	580
1753	580
1753	575
1752	575
1752	574
1753	574
1753	570
1752	570
1752	568
1753	568
1753	564
1754	564
1754	561
1753	561
1753	560
1755	560
1755	559
1754	559
1754	557
1755	557
1755	554
1756	554
1756	550
1757	550
1757	545
1758	545
1758	544
1757	544
1757	536
1756	536
1756	535
1757	535
1757	531
1758	531
1758	529
1757	529
1757	522
1758	522
1758	520
1759	520
1759	517
1760	517
1760	511
1761	511
1761	507
1760	507
1760	500
1759	500
1759	499
1760	499
1760	496
1761	496
1761	493
1762	493
1762	492
1761	492
1761	487
1760	487
1760	486
1757	486
1757	487
1753	487
1753	488
1751	488
1751	489
1745	489
1745	488
1743	488
1743	489
1727	489
1727	488
1723	488
1723	487
1720	487
1720	486
1714	486
1714	487
1693	487
1693	488
1692	488
1692	489
1689	489
1689	490
1687	490
1687	491
1682	491
1682	492
1680	492
1680	491
1675	491
1675	492
1673	492
1673	493
1671	493
1671	494
1670	494
1670	495
1669	495
1669	496
1668	496
1668	498
1665	498
1665	499
1664	499
1664	500
1663	500
1663	501
1662	501
1662	504
1661	504
1661	506
1660	506
1660	508
1659	508
1659	509
1658	509
1658	510
1657	510
1657	513
1656	513
1656	515
1655	515
1655	517
1654	517
1654	522
1653	522
1653	524
1654	524
1654	527
1655	527
1655	529
1656	529
1656	531
1657	531
1657	535
1658	535
1658	536
1659	536
1659	538
1658	538
1658	540
1656	540
1656	541
1654	541
1654	542
1652	542
1652	541
1649	541
1649	542
1648	542
1648	541
1644	541
1644	540
1636	540
1636	541
1632	541
1632	542
1630	542
1630	543
1628	543
1628	544
1626	544
1626	545
1624	545
1624	546
1623	546
1623	547
1621	547
1621	549
1620	549
1620	550
1619	550
1619	551
1618	551
1618	553
1617	553
1617	555
1616	555
1616	559
1615	559
1615	560
1613	560
1613	561
1611	561
1611	562
1609	562
1609	563
1608	563
1608	564
1602	564
1602	565
1596	565
1596	566
1591	566
1591	565
1590	565
1590	564
1587	564
1587	565
1583	565
1583	564
1578	564
1578	563
1572	563
1572	562
1570	562
1570	561
1567	561
1567	560
1559	560
1559	559
1557	559
1557	558
1555	558
1555	557
1553	557
1553	556
1550	556
1550	555
1537	555
1537	556
1538	556
1538	559
1536	559
1536	560
1535	560
1535	561
1534	561
1534	562
1533	562
1533	564
1530	564
1530	566
1528	566
1528	572
1529	572
1529	573
1528	573
1528	574
1529	574
1529	575
1528	575
1528	576
1527	576
1527	580
1526	580
1526	581
1525	581
1525	583
1524	583
1524	584
1523	584
1523	585
1520	585
1520	586
1519	586
1519	588
1518	588
1518	589
1513	589
1513	588
1512	588
1512	590
1510	590
1510	591
1507	591
1507	592
1506	592
1506	593
1504	593
1504	594
1498	594
1498	595
1495	595
1495	596
1491	596
1491	597
1490	597
1490	598
1489	598
1489	600
1487	600
1487	601
1483	601
1483	602
1481	602
1481	603
1479	603
1479	604
1477	604
1477	606
1476	606
1476	607
1474	607
1474	608
1473	608
1473	609
1471	609
1471	610
1469	610
1469	611
1470	611
1470	612
1469	612
1469	614
1468	614
1468	615
1466	615
1466	616
1464	616
1464	617
1462	617
1462	618
1461	618
1461	620
1460	620
1460	622
1459	622
1459	623
1460	623
1460	624
1459	624
1459	627
1458	627
1458	630
1459	630
1459	632
1458	632
1458	643
1459	643
1459	646
1458	646
1458	665
1457	665
1457	666
1458	666
1458	670
1457	670
1457	672
1458	672
1458	675
1457	675
1457	677
1456	677
1456	678
1453	678
1453	679
1444	679
1444	678
1442	678
1442	677
1439	677
1439	676
1437	676
1437	675
1436	675
1436	674
1435	674
1435	672
1437	672
1437	671
1438	671
1438	669
1439	669
1439	667
1441	667
1441	666
1440	666
1440	664
1439	664
1439	663
1440	663
1440	662
1437	662
1437	659
1436	659
1436	660
1435	660
1435	661
1434	661
1434	659
1432	659
1432	661
1431	661
1431	662
1432	662
1432	663
1431	663
1431	666
1430	666
1430	669
1428	669
1428	670
1427	670
1427	671
1426	671
1426	670
1425	670
1425	672
1424	672
1424	673
1422	673
1422	674
1413	674
1413	673
1410	673
1410	674
1407	674
1407	673
1404	673
1404	672
1396	672
1396	673
1394	673
1394	672
1384	672
1384	671
1380	671
1380	670
1379	670
1379	669
1378	669
1378	668
1377	668
1377	667
1375	667
1375	666
1365	666
1365	667
1363	667
1363	666
1362	666
1362	665
1359	665
1359	664
1352	664
1352	663
1350	663
1350	662
1348	662
1348	661
1344	661
1344	660
1339	660
1339	659
1338	659
1338	660
1336	660
1336	659
1332	659
1332	660
1328	660
1328	661
1324	661
1324	662
1323	662
1323	661
1320	661
1320	662
1319	662
1319	661
1318	661
1318	662
1317	662
1317	663
1313	663
1313	664
1308	664
1308	663
1306	663
1306	661
1307	661
1307	659
1308	659
1308	656
1307	656
1307	655
1308	655
1308	654
1309	654
1309	652
1308	652
1308	649
1309	649
1309	646
1310	646
1310	640
1311	640
1311	639
1310	639
1310	638
1311	638
1311	637
1310	637
1310	636
1311	636
1311	629
1310	629
1310	627
1309	627
1309	626
1308	626
1308	625
1307	625
1307	624
1306	624
1306	623
1305	623
1305	621
1304	621
1304	620
1303	620
1303	618
1301	618
1301	615
1300	615
1300	613
1298	613
1298	611
1297	611
1297	609
1296	609
1296	608
1292	608
1292	607
1289	607
1289	608
1288	608
1288	607
1287	607
1287	608
1284	608
1284	607
1280	607
1280	606
1278	606
1278	605
1276	605
1276	604
1275	604
1275	603
1274	603
1274	602
1273	602
1273	601
1272	601
1272	600
1271	600
1271	599
1266	599
1266	598
1265	598
1265	596
1264	596
1264	593
1263	593
1263	591
1262	591
1262	587
1263	587
1263	585
1262	585
1262	584
1263	584
1263	581
1262	581
1262	579
1263	579
1263	577
1262	577
1262	573
1261	573
1261	572
1262	572
1262	567
1261	567
1261	562
1260	562
1260	561
1261	561
1261	559
1260	559
1260	557
1261	557
1261	555
1260	555
1260	554
1261	554
1261	553
1260	553
1260	549
1261	549
1261	545
1260	545
1260	540
1259	540
1259	539
1260	539
1260	538
1259	538
1259	523
1258	523
1258	518
1259	518
1259	517
1258	517
1258	511
1257	511
1257	500
1256	500
1256	497
1255	497
1255	494
1254	494
1254	488
1253	488
1253	487
1254	487
1254	484
1255	484
1255	477
1254	477
1254	469
1255	469
1255	468
1254	468
1254	467
1255	467
1255	463
1254	463
1254	460
1255	460
1255	459
1256	459
1256	458
1257	458
1257	457
1258	457
1258	450
1255	450
1255	448
1254	448
1254	447
1253	447
1253	446
1252	446
1252	447
1251	447
1251	448
1250	448
1250	449
1248	449
1248	450
1247	450
1247	451
1246	451
1246	453
1245	453
1245	454
1242	454
1242	455
1241	455
1241	454
1240	454
1240	455
1239	455
1239	456
1237	456
1237	457
1234	457
1234	459
1231	459
1231	460
1230	460
1230	461
1229	461
1229	462
1227	462
1227	464
1225	464
1225	465
1224	465
1224	466
1222	466
1222	465
1217	465
1217	463
1213	463
1213	462
1212	462
1212	461
1210	461
1210	460
1208	460
1208	459
1206	459
1206	458
1204	458
1204	457
1202	457
1202	456
1199	456
1199	455
1197	455
1197	454
1196	454
1196	455
1193	455
1193	454
1192	454
1192	453
1190	453
1190	452
1188	452
1188	451
1185	451
1185	450
1184	450
1184	449
1182	449
1182	448
1178	448
1178	447
1175	447
1175	443
1174	443
1174	442
1173	442
1173	440
1172	440
1172	439
1171	439
1171	438
1170	438
1170	437
1167	437
1167	436
1166	436
1166	435
1165	435
1165	434
1164	434
1164	433
1163	433
1163	432
1162	432
1162	431
1161	431
1161	430
1160	430
1160	429
1158	429
1158	428
1157	428
1157	426
1155	426
1155	425
1153	425
1153	424
1152	424
1152	422
1150	422
1150	421
1143	421
1143	420
1141	420
1141	419
1139	419
1139	417
1132	417
1132	419
1131	419
1131	420
1129	420
1129	421
1128	421
1128	422
1127	422
1127	423
1128	423
1128	424
1127	424
1127	425
1126	425
1126	428
1125	428
1125	431
1124	431
1124	438
1123	438
1123	441
1124	441
1124	445
1123	445
1123	447
1122	447
1122	448
1123	448
1123	460
1124	460
1124	461
1125	461
1125	463
1124	463
1124	464
1125	464
1125	470
1126	470
1126	473
1127	473
1127	478
1128	478
1128	480
1127	480
1127	481
1126	481
1126	484
1125	484
1125	486
1124	486
1124	489
1125	489
1125	494
1126	494
1126	495
1125	495
1125	499
1126	499
1126	501
1125	501
1125	503
1126	503
1126	508
1127	508
1127	513
1128	513
1128	516
1129	516
1129	518
1128	518
1128	519
1127	519
1127	520
1126	520
1126	519
1123	519
1123	518
1118	518
1118	517
1117	517
1117	516
1113	516
1113	515
1111	515
1111	514
1108	514
1108	513
1106	513
1106	511
1103	511
1103	510
1097	510
1097	507
1096	507
1096	508
1094	508
1094	507
1091	507
1091	505
1083	505
1083	504
1082	504
1082	503
1081	503
1081	504
1080	504
1080	503
1075	503
1075	504
1071	504
1071	505
1070	505
1070	506
1069	506
1069	507
1068	507
1068	509
1067	509
1067	511
1066	511
1066	513
1065	513
1065	515
1064	515
1064	518
1063	518
1063	520
1062	520
1062	523
1061	523
1061	532
1060	532
1060	533
1061	533
1061	545
1062	545
1062	552
1063	552
1063	553
1062	553
1062	557
1063	557
1063	558
1062	558
1062	559
1063	559
1063	562
1062	562
1062	565
1063	565
1063	567
1062	567
1062	574
1061	574
1061	575
1062	575
1062	600
1061	600
1061	601
1062	601
1062	609
1061	609
1061	610
1062	610
1062	617
1061	617
1061	619
1057	619
1057	613
1056	613
1056	612
1055	612
1055	611
1054	611
1054	610
1052	610
1052	609
1051	609
1051	608
1050	608
1050	607
1048	607
1048	608
1046	608
1046	609
1043	609
1043	610
1042	610
1042	611
1040	611
1040	612
1039	612
1039	613
1037	613
1037	614
1032	614
1032	613
1027	613
1027	612
1026	612
1026	613
1024	613
1024	611
1022	611
1022	610
1020	610
1020	609
1019	609
1019	608
1018	608
1018	607
1017	607
1017	606
1015	606
1015	605
1014	605
1014	604
1013	604
1013	603
1011	603
1011	602
1009	602
1009	601
1007	601
1007	600
1005	600
1005	599
1004	599
1004	598
991	598
991	599
990	599
990	600
989	600
989	599
988	599
988	598
987	598
987	599
984	599
984	600
980	600
980	601
978	601
978	602
977	602
977	601
976	601
976	602
971	602
971	603
970	603
970	602
968	602
968	603
964	603
964	604
962	604
962	605
960	605
960	606
957	606
957	608
956	608
956	609
954	609
954	610
953	610
953	611
951	611
951	610
949	610
949	611
943	611
943	610
936	610
936	609
935	609
935	608
934	608
934	607
933	607
933	606
932	606
932	604
930	604
930	602
928	602
928	601
927	601
927	599
926	599
926	596
925	596
925	593
924	593
924	590
923	590
923	587
922	587
922	584
921	584
921	577
920	577
920	576
921	576
921	571
922	571
922	570
921	570
921	569
920	569
920	567
921	567
921	562
920	562
920	556
919	556
919	549
918	549
918	547
917	547
917	542
916	542
916	541
917	541
917	536
916	536
916	531
915	531
915	527
914	527
914	526
913	526
913	525
912	525
912	523
909	523
909	521
908	521
908	519
906	519
906	517
905	517
905	514
903	514
903	513
902	513
902	512
900	512
900	511
897	511
897	510
890	510
890	512
889	512
889	511
887	511
887	512
886	512
886	513
885	513
885	514
882	514
882	515
875	515
875	516
874	516
874	515
870	515
870	516
865	516
865	515
864	515
864	516
863	516
863	515
860	515
860	514
859	514
859	515
858	515
858	514
853	514
853	513
849	513
849	512
848	512
848	511
847	511
847	510
846	510
846	508
845	508
845	506
844	506
844	505
843	505
843	504
842	504
842	503
841	503
841	501
840	501
840	500
837	500
837	499
836	499
836	498
829	498
829	495
828	495
828	494
826	494
826	493
824	493
824	492
821	492
821	491
814	491
814	490
813	490
813	489
812	489
812	488
811	488
811	487
810	487
810	486
809	486
809	485
808	485
808	484
807	484
807	483
806	483
806	482
805	482
805	481
802	481
802	480
801	480
801	479
800	479
800	478
799	478
799	475
797	475
797	473
796	473
796	472
795	472
795	471
794	471
794	470
793	470
793	469
792	469
792	467
791	467
791	458
790	458
790	445
791	445
791	438
792	438
792	430
793	430
793	429
792	429
792	428
791	428
791	427
792	427
792	418
791	418
791	416
792	416
792	398
791	398
791	393
790	393
790	392
791	392
791	384
790	384
790	380
789	380
789	379
790	379
790	378
789	378
789	374
788	374
788	369
789	369
789	367
788	367
788	354
789	354
789	353
793	353
793	352
795	352
795	351
796	351
796	350
797	350
797	349
796	349
796	347
792	347
792	346
791	346
791	347
790	347
790	346
787	346
787	347
784	347
784	348
779	348
779	349
778	349
778	350
777	350
777	351
775	351
775	352
771	352
771	353
762	353
762	352
757	352
757	351
756	351
756	350
754	350
754	351
751	351
751	352
747	352
747	353
745	353
745	352
742	352
742	351
741	351
741	352
734	352
734	351
733	351
733	352
730	352
730	353
729	353
729	352
727	352
727	353
724	353
724	354
723	354
723	355
722	355
722	357
721	357
721	359
720	359
720	363
719	363
719	364
720	364
720	366
721	366
721	370
720	370
720	371
721	371
721	374
722	374
722	389
721	389
721	392
720	392
720	393
719	393
719	392
718	392
718	391
717	391
717	390
715	390
715	389
706	389
706	388
705	388
705	387
703	387
703	386
702	386
702	385
701	385
701	384
699	384
699	383
698	383
698	382
696	382
696	381
695	381
695	380
694	380
694	379
692	379
692	378
690	378
690	379
689	379
689	378
687	378
687	377
685	377
685	376
682	376
682	375
679	375
679	374
678	374
678	373
677	373
677	372
676	372
676	371
674	371
674	369
673	369
673	368
672	368
672	367
671	367
671	366
670	366
670	365
669	365
669	364
668	364
668	363
667	363
667	362
666	362
666	361
664	361
664	360
663	360
663	359
661	359
661	358
660	358
660	357
659	357
659	356
658	356
658	355
657	355
657	354
656	354
656	353
655	353
655	352
653	352
653	350
652	350
652	349
651	349
651	348
650	348
650	347
649	347
649	344
647	344
647	342
646	342
646	339
645	339
645	336
644	336
644	334
643	334
643	331
642	331
642	330
636	330
636	331
635	331
635	330
631	330
631	329
629	329
629	330
628	330
628	329
624	329
624	328
621	328
621	327
615	327
615	328
614	328
614	327
607	327
607	326
605	326
605	325
604	325
604	324
603	324
603	320
602	320
602	319
601	319
601	315
600	315
600	313
599	313
599	305
598	305
598	304
599	304
599	302
598	302
598	297
597	297
597	292
596	292
596	289
595	289
595	287
596	287
596	286
595	286
595	278
594	278
594	274
593	274
593	270
592	270
592	268
591	268
591	266
592	266
592	265
591	265
591	257
592	257
592	256
591	256
591	251
592	251
592	246
591	246
591	245
592	245
592	244
591	244
591	236
592	236
592	230
593	230
593	220
594	220
594	215
595	215
595	214
594	214
594	209
595	209
595	206
596	206
596	204
597	204
597	196
596	196
596	195
594	195
594	194
591	194
591	193
589	193
589	192
588	192
588	193
586	193
586	194
584	194
584	193
583	193
583	191
582	191
582	190
583	190
583	186
582	186
582	181
581	181
581	179
582	179
582	176
581	176
581	173
582	173
582	170
581	170
581	169
582	169
582	168
581	168
581	167
580	167
580	166
581	166
581	165
582	165
582	163
581	163
581	162
582	162
582	161
581	161
581	156
582	156
582	154
581	154
581	151
582	151
582	147
583	147
583	143
584	143
584	140
586	140
586	139
585	139
585	137
586	137
586	136
587	136
587	135
589	135
589	134
590	134
590	133
591	133
591	131
590	131
590	129
589	129
589	130
588	130
588	129
585	129
585	130
583	130
583	128
582	128
582	127
581	127
581	126
579	126
579	125
578	125
578	126
574	126
574	127
572	127
572	128
571	128
571	130
569	130
569	132
567	132
567	133
566	133
566	132
565	132
565	133
563	133
563	132
562	132
562	131
557	131
557	130
555	130
555	131
554	131
554	132
553	132
553	133
548	133
548	135
547	135
547	136
543	136
543	137
541	137
541	138
540	138
540	139
539	139
539	141
538	141
538	146
537	146
537	149
538	149
538	151
539	151
539	160
538	160
538	169
539	169
539	171
538	171
538	176
539	176
539	183
540	183
540	188
539	188
539	189
540	189
540	194
541	194
541	195
540	195
540	196
541	196
541	202
542	202
542	207
543	207
543	211
544	211
544	213
543	213
543	214
544	214
544	217
545	217
545	225
542	225
542	226
541	226
541	225
539	225
539	226
534	226
534	227
533	227
533	230
531	230
531	233
529	233
529	234
527	234
527	235
525	235
525	237
523	237
523	238
521	238
521	241
519	241
519	243
518	243
518	244
517	244
517	245
516	245
516	248
515	248
515	254
513	254
513	253
512	253
512	251
511	251
511	248
510	248
510	247
504	247
504	246
503	246
503	245
502	245
502	243
500	243
500	242
499	242
499	243
498	243
498	242
495	242
495	243
491	243
491	244
490	244
490	243
486	243
486	244
485	244
485	243
482	243
482	242
481	242
481	241
479	241
479	240
478	240
478	239
477	239
477	238
466	238
466	239
463	239
463	238
462	238
462	239
460	239
460	238
453	238
453	237
452	237
452	236
451	236
451	235
446	235
446	236
443	236
443	237
444	237
444	239
443	239
443	242
442	242
442	248
441	248
441	251
440	251
440	262
439	262
439	264
440	264
440	268
439	268
439	272
438	272
438	274
439	274
439	285
436	285
436	286
435	286
435	287
434	287
434	289
433	289
433	290
431	290
431	291
426	291
426	292
423	292
423	293
422	293
422	292
420	292
420	293
412	293
412	292
409	292
409	293
408	293
408	292
405	292
405	293
403	293
403	292
400	292
400	291
399	291
399	290
398	290
398	289
397	289
397	287
396	287
396	286
394	286
394	285
393	285
393	284
389	284
389	283
387	283
387	280
385	280
385	279
384	279
384	278
383	278
383	277
382	277
382	276
381	276
381	275
379	275
379	276
376	276
376	275
375	275
375	269
376	269
376	264
375	264
375	263
374	263
374	261
372	261
372	262
368	262
368	261
366	261
366	262
358	262
358	263
351	263
351	262
350	262
350	264
349	264
349	263
348	263
348	262
347	262
347	264
348	264
348	265
340	265
340	263
335	263
335	262
334	262
334	263
332	263
332	262
331	262
331	263
327	263
327	262
326	262
326	263
325	263
325	264
321	264
321	265
320	265
320	266
314	266
314	265
311	265
311	264
308	264
308	263
307	263
307	262
306	262
306	261
305	261
305	259
303	259
303	258
301	258
301	257
300	257
300	256
298	256
298	255
297	255
297	254
296	254
296	252
294	252
294	251
293	251
293	250
292	250
292	249
291	249
291	248
290	248
290	247
289	247
289	246
287	246
287	245
276	245
276	244
274	244
274	245
272	245
272	244
271	244
271	243
270	243
270	242
263	242
263	241
255	241
255	240
254	240
254	241
253	241
253	240
252	240
252	238
253	238
253	237
254	237
254	235
253	235
253	233
252	233
252	232
250	232
250	231
248	231
248	229
247	229
247	225
246	225
246	222
245	222
245	218
244	218
244	216
245	216
245	210
244	210
244	202
245	202
245	200
244	200
244	198
245	198
245	194
244	194
244	193
245	193
245	189
244	189
244	185
245	185
245	177
244	177
244	175
245	175
245	173
246	173
246	168
247	168
247	159
248	159
248	153
247	153
247	151
246	151
246	147
244	147
244	146
243	146
243	144
242	144
242	142
241	142
241	140
240	140
240	139
239	139
239	138
237	138
237	137
236	137
236	136
235	136
235	135
234	135
234	134
232	134
232	133
229	133
229	132
228	132
228	122
227	122
227	121
228	121
228	117
227	117
227	116
226	116
226	106
227	106
227	97
226	97
226	96
227	96
227	84
228	84
228	80
229	80
229	78
228	78
228	77
227	77
227	76
226	76
226	75
225	75
225	74
224	74
224	71
223	71
223	70
222	70
222	69
221	69
221	66
219	66
219	65
215	65
215	66
213	66
213	65
212	65
212	66
211	66
211	65
203	65
203	66
199	66
199	67
194	67
194	66
193	66
193	67
188	67
188	68
183	68
183	69
182	69
182	71
179	71
179	73
178	73
178	74
176	74
176	76
175	76
175	78
173	78
173	79
172	79
172	80
173	80
173	81
172	81
172	82
171	82
171	84
169	84
169	86
168	86
168	89
167	89
167	91
166	91
166	94
165	94
165	96
164	96
164	101
163	101
163	103
162	103
162	104
161	104
161	105
159	105
159	106
157	106
157	107
155	107
155	108
154	108
154	109
153	109
153	110
151	110
151	111
150	111
150	113
149	113
149	114
146	114
146	113
144	113
144	112
142	112
142	110
141	110
141	109
140	109
140	108
139	108
139	107
138	107
138	105
137	105
137	104
136	104
136	103
135	103
135	101
134	101
134	99
133	99
133	97
132	97
132	96
131	96
131	94
130	94
130	93
129	93
129	92
128	92
128	90
125	90
125	89
124	89
124	90
116	90
116	88
115	88
115	87
113	87
113	86
109	86
109	87
108	87
108	86
106	86
106	87
105	87
105	86
103	86
103	87
100	87
100	86
92	86
92	87
89	87
89	86
87	86
87	85
86	85
86	84
85	84
85	83
84	83
84	82
83	82
83	81
74	81
74	80
73	80
73	79
62	79
62	78
60	78
60	79
50	79
50	80
49	80
49	81
48	81
48	82
47	82
47	83
48	83
48	85
55	85
55	86
56	86
56	85
58	85
58	86
61	86
61	85
70	85
70	86
71	86
71	87
74	87
74	88
81	88
81	89
83	89
83	91
85	91
85	92
87	92
87	93
105	93
105	92
110	92
110	93
111	93
111	95
112	95
112	96
113	96
113	97
114	97
114	96
116	96
116	97
121	97
121	96
125	96
125	97
126	97
126	99
127	99
127	98
128	98
128	101
129	101
129	100
130	100
130	102
131	102
131	104
132	104
132	106
133	106
133	109
135	109
135	110
136	110
136	111
137	111
137	113
138	113
138	116
139	116
139	117
140	117
140	118
141	118
141	119
142	119
142	120
143	120
143	121
150	121
150	120
152	120
152	119
153	119
153	118
154	118
154	116
155	116
155	115
157	115
157	113
158	113
158	112
160	112
160	111
161	111
161	110
166	110
166	109
168	109
168	107
169	107
169	104
168	104
168	102
169	102
169	98
170	98
170	95
171	95
171	93
172	93
172	90
173	90
173	88
174	88
174	87
175	87
175	86
176	86
176	87
177	87
177	86
178	86
178	81
180	81
180	79
182	79
182	78
183	78
183	77
185	77
185	76
186	76
186	75
187	75
187	74
196	74
196	73
198	73
198	74
199	74
199	73
203	73
203	72
207	72
207	71
210	71
210	72
217	72
217	74
218	74
218	76
219	76
219	77
220	77
220	80
221	80
221	83
220	83
220	92
221	92
221	95
220	95
220	96
221	96
221	101
220	101
220	108
219	108
219	109
220	109
220	111
221	111
221	113
220	113
220	114
221	114
221	127
222	127
222	128
221	128
221	139
222	139
222	140
231	140
231	141
232	141
232	143
233	143
233	144
234	144
234	145
235	145
235	147
236	147
236	149
238	149
238	151
239	151
239	153
240	153
240	155
241	155
241	158
240	158
240	169
239	169
239	172
238	172
238	173
237	173
237	175
238	175
238	192
237	192
237	193
238	193
238	195
237	195
237	197
238	197
238	199
237	199
237	201
236	201
236	202
237	202
237	203
238	203
238	214
237	214
237	215
238	215
238	219
237	219
237	217
236	217
236	214
235	214
235	212
234	212
234	211
233	211
233	210
232	210
232	211
231	211
231	212
232	212
232	213
231	213
231	221
232	221
232	222
233	222
233	224
234	224
234	225
235	225
235	227
236	227
236	228
235	228
235	229
237	229
237	230
238	230
238	232
239	232
239	233
240	233
240	234
241	234
241	236
242	236
242	239
244	239
244	241
245	241
245	242
246	242
246	243
248	243
248	244
249	244
249	247
250	247
250	248
262	248
262	249
268	249
268	250
269	250
269	251
271	251
271	252
278	252
278	251
280	251
280	252
286	252
286	253
287	253
287	254
289	254
289	255
291	255
291	256
292	256
292	257
293	257
293	259
295	259
295	261
296	261
296	262
297	262
297	263
298	263
298	264
299	264
299	265
300	265
300	266
302	266
302	267
304	267
304	270
305	270
305	271
309	271
309	272
312	272
312	273
315	273
315	272
322	272
322	271
325	271
325	270
326	270
326	269
327	269
327	270
328	270
328	269
335	269
335	270
338	270
338	271
342	271
342	272
357	272
357	271
362	271
362	270
364	270
364	269
366	269
366	270
367	270
367	269
369	269
369	271
368	271
368	275
369	275
369	282
368	282
368	283
372	283
372	284
373	284
373	283
374	283
374	284
376	284
376	283
377	283
377	284
378	284
378	283
379	283
379	284
381	284
381	285
383	285
383	287
385	287
385	289
387	289
387	291
388	291
388	292
392	292
392	294
393	294
393	295
394	295
394	297
395	297
395	299
397	299
397	300
409	300
409	299
411	299
411	300
415	300
415	299
416	299
416	300
417	300
417	299
420	299
420	300
425	300
425	299
428	299
428	298
429	298
429	299
432	299
432	298
433	298
433	297
434	297
434	296
435	296
435	295
437	295
437	293
438	293
438	292
440	292
440	290
444	290
444	287
445	287
445	284
446	284
446	280
445	280
445	279
447	279
447	278
446	278
446	274
445	274
445	273
446	273
446	271
445	271
445	269
446	269
446	262
445	262
445	260
446	260
446	257
447	257
447	251
448	251
448	244
450	244
450	245
457	245
457	247
460	247
460	246
463	246
463	247
464	247
464	246
475	246
475	247
479	247
479	249
481	249
481	250
483	250
483	251
493	251
493	250
496	250
496	251
500	251
500	250
502	250
502	251
504	251
504	254
505	254
505	255
506	255
506	257
507	257
507	258
508	258
508	261
510	261
510	265
509	265
509	266
510	266
510	267
509	267
509	271
510	271
510	272
511	272
511	273
512	273
512	272
515	272
515	271
516	271
516	270
517	270
517	268
516	268
516	267
517	267
517	266
518	266
518	263
519	263
519	258
520	258
520	255
521	255
521	254
520	254
520	253
521	253
521	249
522	249
522	247
523	247
523	245
524	245
524	244
526	244
526	243
527	243
527	242
529	242
529	241
531	241
531	240
532	240
532	238
534	238
534	237
535	237
535	235
536	235
536	234
537	234
537	233
542	233
542	232
543	232
543	233
545	233
545	232
547	232
547	230
549	230
549	229
550	229
550	227
551	227
551	217
550	217
550	215
551	215
551	211
550	211
550	207
549	207
549	204
548	204
548	198
547	198
547	194
546	194
546	192
547	192
547	191
546	191
546	190
547	190
547	181
546	181
546	179
545	179
545	178
544	178
544	177
545	177
545	172
544	172
544	171
545	171
545	162
544	162
544	161
545	161
545	158
546	158
546	154
548	154
548	153
546	153
546	148
545	148
545	147
544	147
544	146
545	146
545	144
546	144
546	143
547	143
547	142
548	142
548	141
550	141
550	140
551	140
551	141
553	141
553	140
555	140
555	139
557	139
557	138
559	138
559	139
564	139
564	140
565	140
565	139
566	139
566	140
568	140
568	139
571	139
571	138
572	138
572	137
573	137
573	135
575	135
575	133
577	133
577	135
578	135
578	136
579	136
579	139
578	139
578	141
577	141
577	144
576	144
576	150
575	150
575	151
576	151
576	154
575	154
575	165
576	165
576	166
575	166
575	167
576	167
576	168
575	168
575	171
576	171
576	172
575	172
575	176
576	176
576	187
577	187
577	194
576	194
576	196
577	196
577	197
576	197
576	198
575	198
575	199
576	199
576	200
577	200
577	201
585	201
585	202
586	202
586	201
590	201
590	206
589	206
589	216
588	216
588	219
587	219
587	232
586	232
586	233
587	233
587	234
586	234
586	255
585	255
585	258
586	258
586	266
587	266
587	271
588	271
588	275
589	275
589	279
590	279
590	280
589	280
589	283
590	283
590	285
589	285
589	287
590	287
590	293
591	293
591	298
592	298
592	300
593	300
593	307
594	307
594	308
593	308
593	309
594	309
594	315
595	315
595	317
596	317
596	319
597	319
597	324
598	324
598	327
599	327
599	333
600	333
600	334
610	334
610	335
613	335
613	334
615	334
615	335
617	335
617	334
618	334
618	335
621	335
621	336
623	336
623	337
629	337
629	338
630	338
630	337
631	337
631	338
632	338
632	337
634	337
634	338
638	338
638	339
639	339
639	342
640	342
640	344
641	344
641	345
642	345
642	347
643	347
643	350
644	350
644	352
645	352
645	353
646	353
646	354
647	354
647	355
648	355
648	356
649	356
649	357
650	357
650	358
652	358
652	359
653	359
653	361
655	361
655	362
656	362
656	363
658	363
658	364
659	364
659	365
660	365
660	366
661	366
661	367
662	367
662	368
663	368
663	369
665	369
665	370
666	370
666	372
668	372
668	373
669	373
669	374
670	374
670	376
671	376
671	375
672	375
672	378
675	378
675	380
676	380
676	382
678	382
678	383
683	383
683	384
685	384
685	385
691	385
691	386
695	386
695	388
697	388
697	390
699	390
699	392
700	392
700	393
701	393
701	394
702	394
702	395
704	395
704	396
705	396
705	397
717	397
717	398
719	398
719	397
720	397
720	399
722	399
722	401
725	401
725	400
726	400
726	399
727	399
727	393
728	393
728	392
727	392
727	386
728	386
728	372
727	372
727	368
728	368
728	365
727	365
727	363
726	363
726	361
727	361
727	360
735	360
735	359
744	359
744	360
745	360
745	359
747	359
747	360
748	360
748	359
754	359
754	358
762	358
762	359
764	359
764	360
765	360
765	361
766	361
766	360
776	360
776	359
779	359
779	358
780	358
780	357
781	357
781	360
782	360
782	365
781	365
781	374
782	374
782	380
783	380
783	386
784	386
784	393
785	393
785	395
784	395
784	396
785	396
785	397
784	397
784	402
785	402
785	404
786	404
786	406
785	406
785	407
786	407
786	408
785	408
785	442
784	442
784	448
783	448
783	455
784	455
784	456
783	456
783	458
784	458
784	463
785	463
785	467
778	467
778	468
776	468
776	469
775	469
775	471
776	471
776	472
777	472
777	474
778	474
778	475
786	475
786	477
789	477
789	478
794	478
794	479
795	479
795	482
797	482
797	483
798	483
798	484
799	484
799	485
800	485
800	486
801	486
801	487
802	487
802	488
803	488
803	489
804	489
804	490
805	490
805	491
806	491
806	494
807	494
807	495
808	495
808	496
809	496
809	497
813	497
813	498
815	498
815	497
817	497
817	498
819	498
819	497
821	497
821	498
822	498
822	499
824	499
824	501
826	501
826	502
827	502
827	503
828	503
828	505
835	505
835	506
837	506
837	507
838	507
838	508
839	508
839	509
841	509
841	511
842	511
842	513
844	513
844	515
846	515
846	517
847	517
847	519
848	519
848	520
852	520
852	521
861	521
861	522
871	522
871	521
872	521
872	522
877	522
877	521
881	521
881	520
882	520
882	521
884	521
884	520
885	520
885	521
887	521
887	520
886	520
886	519
888	519
888	518
889	518
889	517
892	517
892	516
895	516
895	518
897	518
897	519
899	519
899	520
900	520
900	521
902	521
902	522
903	522
903	525
905	525
905	526
906	526
906	528
907	528
907	530
908	530
908	531
909	531
909	533
910	533
910	547
911	547
911	550
912	550
912	559
913	559
913	561
914	561
914	567
915	567
915	568
914	568
914	569
913	569
913	570
914	570
914	571
913	571
913	572
914	572
914	575
915	575
915	579
914	579
914	580
915	580
915	581
914	581
914	582
915	582
915	586
916	586
916	590
917	590
917	593
918	593
918	594
919	594
919	598
920	598
920	600
921	600
921	602
922	602
922	605
923	605
923	608
925	608
925	609
927	609
927	610
929	610
929	611
930	611
930	613
931	613
931	614
932	614
932	615
933	615
933	617
934	617
934	618
937	618
937	617
939	617
939	618
954	618
954	617
957	617
957	616
959	616
959	614
960	614
960	613
961	613
961	612
963	612
963	611
965	611
965	610
968	610
968	611
969	611
969	610
972	610
972	609
973	609
973	610
975	610
975	609
977	609
977	608
982	608
982	607
985	607
985	606
987	606
987	605
1002	605
1002	606
1005	606
1005	607
1007	607
1007	608
1008	608
1008	609
1009	609
1009	610
1011	610
1011	611
1012	611
1012	612
1013	612
1013	613
1015	613
1015	615
1017	615
1017	616
1016	616
1016	617
1022	617
1022	618
1023	618
1023	619
1025	619
1025	620
1027	620
1027	621
1037	621
1037	620
1040	620
1040	619
1042	619
1042	618
1044	618
1044	617
1046	617
1046	616
1049	616
1049	620
1048	620
1048	622
1049	622
1049	624
1050	624
1050	626
1052	626
1052	625
1054	625
1054	623
1055	623
1055	622
1056	622
1056	621
1057	621
1057	623
1056	623
1056	624
1059	624
1059	626
1063	626
1063	625
1064	625
1064	624
1065	624
1065	622
1066	622
1066	620
1067	620
1067	608
1066	608
1066	605
1067	605
1067	602
1066	602
1066	601
1067	601
1067	594
1066	594
1066	593
1067	593
1067	591
1066	591
1066	588
1067	588
1067	583
1066	583
1066	579
1067	579
1067	569
1066	569
1066	568
1067	568
1067	564
1068	564
1068	560
1067	560
1067	554
1068	554
1068	553
1067	553
1067	550
1066	550
1066	549
1067	549
1067	548
1066	548
1066	544
1067	544
1067	543
1066	543
1066	532
1065	532
1065	531
1066	531
1066	526
1067	526
1067	522
1068	522
1068	520
1069	520
1069	518
1070	518
1070	517
1071	517
1071	515
1072	515
1072	512
1074	512
1074	511
1076	511
1076	510
1078	510
1078	511
1082	511
1082	512
1090	512
1090	513
1093	513
1093	514
1094	514
1094	513
1095	513
1095	515
1099	515
1099	516
1101	516
1101	517
1104	517
1104	518
1108	518
1108	519
1111	519
1111	520
1115	520
1115	522
1116	522
1116	523
1117	523
1117	524
1121	524
1121	525
1125	525
1125	526
1131	526
1131	527
1132	527
1132	526
1133	526
1133	527
1134	527
1134	526
1137	526
1137	525
1138	525
1138	524
1137	524
1137	522
1138	522
1138	519
1137	519
1137	518
1136	518
1136	517
1134	517
1134	513
1133	513
1133	508
1132	508
1132	505
1131	505
1131	497
1130	497
1130	492
1131	492
1131	491
1130	491
1130	485
1131	485
1131	484
1132	484
1132	483
1131	483
1131	482
1132	482
1132	481
1133	481
1133	476
1134	476
1134	473
1133	473
1133	472
1132	472
1132	469
1131	469
1131	464
1130	464
1130	459
1129	459
1129	456
1128	456
1128	447
1129	447
1129	445
1130	445
1130	441
1131	441
1131	437
1130	437
1130	436
1131	436
1131	434
1130	434
1130	433
1131	433
1131	430
1132	430
1132	428
1134	428
1134	427
1135	427
1135	425
1136	425
1136	426
1137	426
1137	425
1139	425
1139	426
1140	426
1140	427
1141	427
1141	429
1145	429
1145	430
1146	430
1146	429
1147	429
1147	428
1148	428
1148	429
1151	429
1151	430
1152	430
1152	431
1155	431
1155	432
1156	432
1156	433
1158	433
1158	435
1159	435
1159	436
1160	436
1160	438
1161	438
1161	439
1162	439
1162	440
1163	440
1163	441
1164	441
1164	443
1166	443
1166	444
1169	444
1169	448
1170	448
1170	452
1171	452
1171	454
1176	454
1176	455
1182	455
1182	456
1185	456
1185	457
1186	457
1186	458
1188	458
1188	459
1190	459
1190	460
1192	460
1192	461
1193	461
1193	462
1199	462
1199	463
1202	463
1202	464
1205	464
1205	465
1207	465
1207	466
1209	466
1209	467
1211	467
1211	468
1212	468
1212	469
1213	469
1213	470
1216	470
1216	471
1217	471
1217	470
1218	470
1218	472
1227	472
1227	471
1229	471
1229	470
1230	470
1230	468
1231	468
1231	467
1233	467
1233	466
1234	466
1234	465
1236	465
1236	464
1238	464
1238	463
1240	463
1240	462
1242	462
1242	461
1247	461
1247	464
1248	464
1248	469
1247	469
1247	471
1248	471
1248	483
1247	483
1247	485
1246	485
1246	486
1247	486
1247	487
1246	487
1246	489
1247	489
1247	491
1248	491
1248	494
1249	494
1249	496
1248	496
1248	497
1249	497
1249	500
1250	500
1250	503
1251	503
1251	511
1252	511
1252	514
1251	514
1251	515
1250	515
1250	514
1245	514
1245	513
1242	513
1242	512
1240	512
1240	513
1239	513
1239	514
1238	514
1238	513
1237	513
1237	512
1236	512
1236	511
1233	511
1233	512
1231	512
1231	516
1230	516
1230	522
1229	522
1229	524
1227	524
1227	523
1226	523
1226	522
1227	522
1227	517
1226	517
1226	516
1221	516
1221	517
1220	517
1220	524
1219	524
1219	529
1220	529
1220	530
1223	530
1223	531
1226	531
1226	532
1227	532
1227	537
1226	537
1226	539
1224	539
1224	540
1225	540
1225	541
1224	541
1224	543
1225	543
1225	548
1226	548
1226	549
1227	549
1227	548
1228	548
1228	549
1230	549
1230	548
1234	548
1234	547
1233	547
1233	545
1234	545
1234	543
1233	543
1233	542
1234	542
1234	540
1233	540
1233	536
1234	536
1234	533
1235	533
1235	530
1236	530
1236	531
1237	531
1237	532
1239	532
1239	533
1244	533
1244	534
1245	534
1245	535
1244	535
1244	539
1243	539
1243	540
1244	540
1244	541
1243	541
1243	545
1241	545
1241	546
1242	546
1242	548
1243	548
1243	552
1244	552
1244	553
1246	553
1246	552
1248	552
1248	551
1250	551
1250	550
1251	550
1251	547
1250	547
1250	545
1249	545
1249	544
1250	544
1250	541
1251	541
1251	540
1250	540
1250	536
1252	536
1252	541
1253	541
1253	544
1254	544
1254	547
1253	547
1253	548
1252	548
1252	549
1253	549
1253	551
1254	551
1254	557
1255	557
1255	572
1254	572
1254	574
1255	574
1255	579
1256	579
1256	591
1255	591
1255	594
1256	594
1256	596
1257	596
1257	597
1258	597
1258	599
1259	599
1259	601
1260	601
1260	605
1261	605
1261	606
1263	606
1263	607
1264	607
1264	605
1265	605
1265	606
1266	606
1266	607
1267	607
1267	606
1268	606
1268	607
1270	607
1270	608
1272	608
1272	609
1273	609
1273	611
1275	611
1275	612
1276	612
1276	613
1279	613
1279	614
1280	614
1280	615
1281	615
1281	614
1288	614
1288	615
1289	615
1289	614
1290	614
1290	615
1291	615
1291	616
1294	616
1294	617
1295	617
1295	618
1296	618
1296	620
1297	620
1297	621
1298	621
1298	622
1299	622
1299	623
1300	623
1300	626
1301	626
1301	627
1302	627
1302	628
1303	628
1303	632
1304	632
1304	642
1303	642
1303	649
1302	649
1302	650
1303	650
1303	653
1302	653
1302	663
1301	663
1301	664
1300	664
1300	669
1301	669
1301	670
1303	670
1303	671
1313	671
1313	670
1314	670
1314	671
1316	671
1316	670
1317	670
1317	669
1318	669
1318	668
1328	668
1328	667
1336	667
1336	666
1341	666
1341	667
1347	667
1347	668
1350	668
1350	669
1351	669
1351	670
1354	670
1354	671
1360	671
1360	672
1366	672
1366	673
1372	673
1372	674
1377	674
1377	675
1378	675
1378	676
1379	676
1379	677
1383	677
1383	678
1391	678
1391	679
1397	679
1397	680
1398	680
1398	679
1404	679
1404	680
1413	680
1413	681
1414	681
1414	680
1415	680
1415	681
1416	681
1416	682
1420	682
1420	681
1422	681
1422	680
1424	680
1424	679
1427	679
1427	678
1429	678
1429	679
1430	679
1430	680
1431	680
1431	681
1434	681
1434	682
1437	682
1437	683
1439	683
1439	684
1441	684
1441	685
1443	685
1443	686
1446	686
1446	687
1447	687
1447	686
1451	686
1451	687
1453	687
1453	686
1454	686
1454	685
1456	685
1456	684
1458	684
1458	683
1459	683
1459	684
1460	684
1460	683
1461	683
1461	681
1462	681
1462	679
1463	679
1463	674
1464	674
1464	662
1465	662
1465	658
1464	658
1464	656
1465	656
1465	655
1464	655
1464	652
1465	652
1465	649
1464	649
1464	648
1465	648
1465	647
1464	647
1464	637
1465	637
1465	636
1464	636
1464	631
1465	631
1465	630
1464	630
1464	628
1465	628
1465	626
1466	626
1466	624
1467	624
1467	623
1468	623
1468	622
1469	622
1469	621
1473	621
1473	618
1474	618
1474	617
1476	617
1476	615
1478	615
1478	614
1479	614
1479	612
1481	612
1481	611
1482	611
1482	610
1483	610
1483	609
1485	609
1485	608
1486	608
1486	607
1492	607
1492	605
1493	605
1493	604
1496	604
1496	602
1498	602
1498	601
1499	601
1499	602
1500	602
1500	601
1501	601
1501	600
1505	600
1505	599
1508	599
1508	598
1510	598
1510	597
1516	597
1516	596
1523	596
1523	593
1524	593
1524	590
1525	590
1525	589
1529	589
1529	587
1530	587
1530	586
1531	586
1531	584
1532	584
1532	580
1533	580
1533	579
1534	579
1534	576
1536	576
1536	575
1535	575
1535	574
1534	574
1534	571
1536	571
1536	570
1537	570
1537	569
1538	569
1538	567
1539	567
1539	566
1540	566
1540	565
1542	565
1542	564
1543	564
1543	563
1544	563
1544	561
1548	561
1548	562
1549	562
1549	563
1552	563
1552	564
1555	564
1555	565
1558	565
1558	566
1559	566
1559	567
1562	567
1562	566
1564	566
1564	567
1567	567
1567	568
1568	568
1568	569
1571	569
1571	570
1573	570
1573	571
1584	571
1584	572
1585	572
1585	571
1586	571
1586	572
1587	572
1587	571
1595	571
1595	572
1599	572
1599	571
1607	571
1607	570
1608	570
1608	571
1609	571
1609	570
1610	570
1610	569
1611	569
1611	568
1614	568
1614	567
1616	567
1616	566
1619	566
1619	565
1620	565
1620	564
1621	564
1621	562
1620	562
1620	561
1621	561
1621	559
1622	559
1622	558
1623	558
1623	555
1624	555
1624	554
1625	554
1625	553
1626	553
1626	552
1628	552
1628	550
1629	550
1629	549
1632	549
1632	548
1634	548
1634	547
1636	547
1636	546
1640	546
1640	547
1642	547
1642	548
1647	548
1647	549
1651	549
1651	550
1652	550
1652	549
1654	549
1654	548
1655	548
1655	549
1656	549
1656	548
1658	548
1658	547
1659	547
1659	546
1662	546
1662	545
1663	545
1663	544
1664	544
1664	543
1665	543
1665	535
1664	535
1664	532
1663	532
1663	529
1662	529
1662	527
1661	527
1661	524
1660	524
1660	520
1661	520
1661	517
1662	517
1662	516
1663	516
1663	515
1664	515
1664	514
1665	514
1665	512
1666	512
1666	510
1667	510
1667	508
1668	508
1668	505
1669	505
1669	504
1671	504
1671	503
1673	503
1673	501
1674	501
1674	500
1675	500
1675	499
1679	499
1679	498
1689	498
1689	497
1692	497
1692	495
1694	495
1694	494
1696	494
1696	493
1699	493
1699	492
1709	492
1709	493
1722	493
1722	494
1725	494
1725	495
1728	495
1728	496
1730	496
1730	497
1735	497
1735	496
1736	496
1736	497
1739	497
1739	498
1741	498
1741	497
1742	497
1742	496
1745	496
1745	497
1746	497
1746	496
1750	496
1750	498
1751	498
1751	500
1752	500
1752	503
1753	503
1753	506
1754	506
1754	515
1753	515
1753	519
1752	519
1752	520
1751	520
1751	535
1750	535
1750	537
1751	537
1751	538
1752	538
1752	540
1751	540
1751	549
1750	549
1750	552
1749	552
1749	553
1750	553
1750	555
1749	555
1749	557
1748	557
1748	559
1749	559
1749	560
1748	560
1748	570
1747	570
1747	582
1748	582
1748	587
1749	587
1749	590
1748	590
1748	591
1747	591
1747	592
1748	592
1748	594
1747	594
1747	599
1746	599
1746	617
1745	617
1745	619
1746	619
1746	620
1745	620
1745	621
1746	621
1746	623
1745	623
1745	624
1746	624
1746	626
1747	626
1747	629
1746	629
1746	631
1747	631
1747	634
1748	634
1748	638
1749	638
1749	640
1750	640
1750	641
1752	641
1752	642
1756	642
1756	643
1757	643
1757	644
1762	644
1762	645
1765	645
1765	646
1766	646
1766	645
1767	645
1767	646
1775	646
1775	647
1785	647
1785	648
1791	648
1791	649
1793	649
1793	650
1795	650
1795	651
1797	651
1797	652
1799	652
1799	654
1800	654
1800	653
1801	653
1801	654
1802	654
1802	655
1804	655
1804	657
1806	657
1806	658
1808	658
1808	659
1810	659
1810	660
1811	660
1811	659
1813	659
1813	660
1814	660
1814	661
1819	661
1819	662
1821	662
1821	663
1826	663
1826	664
1829	664
1829	666
1830	666
1830	665
1831	665
1831	666
1834	666
1834	667
1835	667
1835	668
1837	668
1837	669
1841	669
1841	668
1855	668
1855	667
1859	667
1859	668
1860	668
1860	667
1867	667
1867	666
1872	666
1872	665
1874	665
1874	666
1875	666
1875	665
1882	665
1882	666
1883	666
1883	665
1884	665
1884	666
1886	666
1886	665
1890	665
1890	666
1892	666
1892	667
1897	667
1897	668
1898	668
1898	669
1908	669
1908	670
1909	670
1909	669
1915	669
1915	668
1918	668
1918	669
1921	669
1921	668
1924	668
1924	667
1926	667
1926	668
1930	668
1930	671
1931	671
1931	672
1932	672
1932	674
1933	674
1933	675
1934	675
1934	676
1935	676
1935	678
1942	678
1942	677
1945	677
1945	678
1946	678
1946	677
1950	677
1950	676
1951	676
1951	677
1953	677
1953	678
1954	678
1954	677
1955	677
1955	678
1957	678
1957	679
1958	679
1958	678
1962	678
1962	676
1963	676
1963	675
1964	675
1964	674
1963	674
1963	668
1962	668
1962	667
1963	667
1963	662
1962	662
1962	655
1963	655
1963	649
1962	649
1962	643
1963	643
1963	642
1964	642
1964	641
1963	641
1963	635
1964	635
1964	631
1965	631
1965	630
1966	630
1966	629
1967	629
1967	626
1969	626
1969	624
1970	624
1970	622
1972	622
1972	620
1973	620
1973	619
1974	619
1974	618
1975	618
1975	617
1976	617
1976	616
1978	616
1978	615
1979	615
1979	614
1980	614
1980	613
1984	613
1984	612
1990	612
1990	611
1997	611
1997	610
1998	610
1998	609
1999	609
1999	607
2000	607
2000	602
2001	602
2001	587
2002	587
2002	584
2003	584
2003	580
2004	580
2004	579
2005	579
2005	577
2007	577
2007	576
2009	576
2009	575
2011	575
2011	574
2013	574
2013	573
2014	573
2014	572
2015	572
2015	571
2017	571
2017	569
2018	569
2018	567
2019	567
2019	566
2020	566
2020	565
2021	565
2021	564
2022	564
2022	562
2024	562
2024	560
2026	560
2026	559
2029	559
2029	558
2030	558
2030	557
2031	557
2031	556
2034	556
2034	555
2039	555
2039	554
2043	554
2043	553
2052	553
2052	552
2054	552
2054	551
2055	551
2055	550
2056	550
2056	549
2057	549
2057	548
2059	548
2059	547
2060	547
2060	546
2061	546
2061	545
2062	545
2062	542
2063	542
2063	540
2064	540
2064	537
2065	537
2065	531
2066	531
2066	530
2065	530
2065	528
2064	528
2064	527
2065	527
2065	504
2066	504
2066	502
2065	502
2065	497
2066	497
2066	491
2065	491
2065	488
2066	488
2066	487
2065	487
2065	477
2064	477
2064	461
2065	461
2065	459
2066	459
2066	456
2065	456
2065	454
2066	454
2066	450
2067	450
2067	448
2068	448
2068	447
2069	447
2069	446
2071	446
2071	445
2072	445
2072	444
2074	444
2074	443
2075	443
2075	442
2076	442
2076	441
2078	441
2078	440
2080	440
2080	442
2081	442
2081	443
2082	443
2082	445
2083	445
2083	446
2085	446
2085	447
2087	447
2087	448
2091	448
2091	447
2092	447
2092	448
2100	448
2100	450
2102	450
2102	451
2103	451
2103	452
2104	452
2104	453
2106	453
2106	454
2107	454
2107	455
2108	455
2108	456
2109	456
2109	457
2110	457
2110	458
2111	458
2111	460
2112	460
2112	461
2120	461
2120	460
2124	460
2124	461
2128	461
2128	460
2131	460
2131	459
2132	459
2132	458
2133	458
2133	459
2145	459
2145	458
2147	458
2147	457
2153	457
2153	456
2155	456
2155	455
2158	455
2158	454
2161	454
2161	453
2162	453
2162	452
2163	452
2163	451
2165	451
2165	450
2166	450
2166	449
2168	449
2168	448
2170	448
2170	447
2172	447
2172	445
2173	445
2173	443
2174	443
2174	439
2173	439
2173	437
2174	437
2174	435
2173	435
2173	433
2172	433
2172	432
2173	432
2173	429
2172	429
2172	428
2173	428
2173	426
2174	426
2174	423
2175	423
2175	422
2176	422
2176	419
2177	419
2177	417
2178	417
2178	415
2179	415
2179	413
2180	413
2180	412
2181	412
2181	410
2182	410
2182	409
2183	409
2183	408
2184	408
2184	406
2185	406
2185	405
2186	405
2186	404
2187	404
2187	403
2188	403
2188	402
2190	402
2190	401
2191	401
2191	400
2202	400
2202	401
2203	401
2203	400
2213	400
2213	401
2214	401
2214	400
2218	400
2218	401
2220	401
2220	402
2222	402
2222	401
2228	401
2228	402
2229	402
2229	401
2230	401
2230	400
2231	400
2231	398
2232	398
2232	396
2231	396
2231	395
2230	395
2230	392
2231	392
2231	388
2232	388
2232	386
2234	386
2234	385
2235	385
2235	384
2236	384
2236	383
2238	383
2238	382
2239	382
2239	380
2240	380
2240	379
2241	379
2241	378
2242	378
2242	377
2243	377
2243	376
2244	376
2244	374
2246	374
2246	373
2247	373
2247	371
2249	371
2249	370
2251	370
2251	369
2252	369
2252	367
2253	367
2253	366
2260	366
2260	365
2261	365
2261	363
2262	363
2262	358
2263	358
2263	355
2264	355
2264	354
2265	354
2265	352
2264	352
2264	349
2265	349
2265	347
2266	347
2266	343
2267	343
2267	340
2268	340
2268	339
2269	339
2269	337
2270	337
2270	336
2271	336
2271	333
2272	333
2272	332
2274	332
2274	330
2275	330
2275	329
2277	329
2277	328
2276	328
2276	325
2278	325
2278	319
2279	319
2279	318
2280	318
2280	308
2281	308
2281	307
2282	307
2282	306
2285	306
2285	304
2287	304
2287	303
2288	303
2288	302
2291	302
2291	303
2293	303
2293	304
2295	304
2295	305
2296	305
2296	306
2298	306
2298	308
2299	308
2299	309
2300	309
2300	310
2301	310
2301	313
2304	313
2304	312
2305	312
2305	313
2308	313
2308	314
2309	314
2309	315
2311	315
2311	316
2312	316
2312	317
2313	317
2313	318
2314	318
2314	319
2316	319
2316	320
2317	320
2317	324
2318	324
2318	325
2320	325
2320	326
2321	326
2321	327
2323	327
2323	328
2324	328
2324	329
2325	329
2325	330
2326	330
2326	332
2327	332
2327	333
2328	333
2328	334
2330	334
2330	336
2331	336
2331	337
2332	337
2332	338
2333	338
2333	340
2335	340
2335	341
2336	341
2336	343
2338	343
2338	344
2339	344
2339	345
2340	345
2340	346
2339	346
2339	350
2338	350
2338	351
2339	351
2339	353
2338	353
2338	355
2339	355
2339	369
2340	369
2340	372
2339	372
2339	375
2338	375
2338	379
2339	379
2339	380
2338	380
2338	381
2337	381
2337	382
2338	382
2338	385
2339	385
2339	386
2341	386
2341	385
2343	385
2343	386
2345	386
2345	385
2346	385
2346	386
2351	386
2351	387
2355	387
2355	388
2358	388
2358	389
2360	389
2360	390
2362	390
2362	391
2363	391
2363	392
2365	392
2365	393
2367	393
2367	394
2369	394
2369	395
2372	395
2372	396
2374	396
2374	397
2375	397
2375	398
2377	398
2377	399
2379	399
2379	400
2380	400
2380	401
2381	401
2381	402
2382	402
2382	405
2384	405
2384	411
2385	411
2385	414
2386	414
2386	416
2387	416
2387	417
2388	417
2388	420
2389	420
2389	422
2390	422
2390	424
2391	424
2391	426
2392	426
2392	428
2393	428
2393	434
2392	434
2392	437
2393	437
2393	438
2394	438
2394	439
2395	439
2395	438
2410	438
2410	437
2412	437
2412	436
2414	436
2414	435
2417	435
2417	434
2419	434
2419	433
2423	433
2423	432
2427	432
2427	431
2429	431
2429	430
2435	430
2435	428
2438	428
2438	427
2441	427
2441	426
2442	426
2442	425
2443	425
2443	424
2446	424
2446	423
2448	423
2448	422
2450	422
2450	421
2452	421
2452	420
2460	420
2460	419
2466	419
2466	418
2473	418
2473	417
2476	417
2476	416
2477	416
2477	415
2479	415
2479	414
2480	414
2480	413
2482	413
2482	412
2483	412
2483	409
2484	409
2484	407
2483	407
2483	404
2482	404
2482	403
2483	403
2483	400
2484	400
2484	398
2485	398
2485	395
2486	395
2486	392
2487	392
2487	390
2488	390
2488	389
2489	389
2489	386
2490	386
2490	384
2491	384
2491	383
2492	383
2492	382
2493	382
2493	380
2494	380
2494	377
2497	377
2497	376
2498	376
2498	375
2499	375
2499	374
2498	374
2498	373
2499	373
2499	371
2500	371
2500	369
2501	369
2501	363
2500	363
2500	362
2501	362
2501	360
2500	360
2500	355
2499	355
2499	354
2500	354
2500	348
2502	348
2502	345
2503	345
2503	339
2504	339
2504	336
2505	336
2505	334
2506	334
2506	330
2507	330
2507	328
2508	328
2508	323
2509	323
2509	322
2510	322
2510	320
2511	320
2511	317
2513	317
2513	314
2514	314
2514	312
2515	312
2515	308
2516	308
2516	307
2517	307
2517	306
2518	306
2518	305
2519	305
2519	304
2520	304
2520	302
2521	302
2521	301
2522	301
2522	299
2523	299
2523	298
2522	298
2522	294
2523	294
2523	293
2524	293
2524	291
2525	291
2525	288
2527	288
2527	286
2528	286
2528	284
2530	284
2530	281
2532	281
2532	280
2536	280
2536	279
2537	279
2537	280
2541	280
2541	281
2542	281
2542	280
2544	280
2544	279
2550	279
2550	278
2553	278
2553	277
2557	277
2557	276
2564	276
2564	277
2567	277
2567	278
2569	278
2569	279
2573	279
2573	277
2574	277
2574	276
2575	276
2575	275
2576	275
2576	273
2578	273
2578	272
2579	272
2579	269
2580	269
2580	266
2581	266
2581	259
2580	259
2580	254
2579	254
2579	253
2580	253
2580	249
2581	249
2581	248
2582	248
2582	247
2583	247
2583	246
2584	246
2584	245
2585	245
2585	243
2588	243
2588	242
2589	242
2589	240
2590	240
2590	239
2591	239
2591	237
2592	237
2592	236
2593	236
2593	234
2594	234
2594	233
2595	233
2595	232
2596	232
2596	231
2598	231
2598	230
2599	230
2599	228
2600	228
2600	227
2601	227
2601	223
2600	223
2600	222
2601	222
2601	220
2602	220
2602	219
2603	219
2603	218
2604	218
2604	217
2605	217
2605	215
2606	215
2606	213
2607	213
2607	212
2610	212
2610	211
2614	211
2614	210
2615	210
2615	211
2617	211
2617	210
2628	210
2628	209
2629	209
2629	210
2631	210
2631	209
2633	209
2633	210
2638	210
2638	209
2645	209
2645	208
2647	208
2647	206
2648	206
2648	205
2649	205
2649	204
2650	204
2650	202
2651	202
2651	200
2652	200
2652	197
2651	197
2651	196
2650	196
2650	192
2652	192
2652	191
2651	191
2651	188
2650	188
2650	187
2651	187
2651	186
2652	186
2652	184
2653	184
2653	180
2654	180
2654	176
2655	176
2655	174
2656	174
2656	169
2657	169
2657	167
2658	167
2658	160
2659	160
2659	159
2658	159
2658	157
2659	157
2659	153
2660	153
2660	150
2661	150
2661	149
2660	149
2660	145
2659	145
2659	142
2658	142
2658	141
2657	141
2657	138
2656	138
2656	132
2657	132
2657	127
2658	127
2658	124
2657	124
2657	123
2658	123
2658	120
2659	120
2659	119
2658	119
2658	111
2657	111
2657	109
2658	109
2658	108
2657	108
2657	107
2658	107
2658	104
2657	104
2657	103
2658	103
2658	101
2657	101
2657	95
2656	95
2656	94
2657	94
2657	90
2656	90
2656	87
2655	87
2655	81
2656	81
2656	79
2655	79
2655	78
2654	78
2654	76
2652	76
2652	75
2651	75
2651	76
2650	76
2650	77
2649	77
2649	78
2648	78
2648	80
2647	80
2647	83
2648	83
2648	85
2649	85
2649	89
2650	89
2650	91
2651	91
2651	100
2650	100
2650	102
2651	102
2651	104
2652	104
2652	105
2651	105
2651	106
2652	106
2652	107
2651	107
2651	108
2652	108
2652	115
2653	115
2653	116
2654	116
2654	117
2653	117
2653	123
2652	123
2652	129
2651	129
2651	132
2650	132
2650	133
2649	133
2649	135
2650	135
2650	139
2651	139
2651	142
2652	142
2652	145
2653	145
2653	147
2654	147
2654	156
2653	156
2653	162
2652	162
2652	163
2653	163
2653	165
2652	165
2652	168
2651	168
2651	171
2650	171
2650	174
2649	174
2649	180
2648	180
2648	181
2647	181
2647	184
2646	184
2646	188
2643	188
2643	189
2644	189
2644	194
2643	194
2643	197
2644	197
2644	198
2643	198
2643	199
2644	199
2644	201
2643	201
2643	203
2635	203
2635	202
2633	202
2633	203
2630	203
2630	204
2625	204
2625	203
2622	203
2622	204
2614	204
2614	203
2613	203
2613	205
2607	205
2607	206
2606	206
2606	207
2605	207
2605	208
2604	208
2604	209
2603	209
2603	210
2602	210
2602	211
2601	211
2601	212
2600	212
2600	214
2599	214
2599	215
2598	215
2598	216
2597	216
2597	217
2596	217
2596	218
2595	218
2595	220
2594	220
2594	225
2593	225
2593	226
2592	226
2592	227
2591	227
2591	229
2590	229
2590	230
2589	230
2589	233
2588	233
2588	234
2587	234
2587	235
2586	235
2586	237
2585	237
2585	238
2584	238
2584	239
2583	239
2583	240
2581	240
2581	241
2580	241
2580	242
2579	242
2579	243
2578	243
2578	245
2577	245
2577	247
2576	247
2576	249
2575	249
2575	251
2576	251
2576	254
2575	254
2575	267
2574	267
2574	269
2571	269
2571	270
2570	270
2570	271
2568	271
2568	270
2565	270
2565	269
2564	269
2564	270
2553	270
2553	271
2549	271
2549	272
2544	272
2544	273
2542	273
2542	274
2536	274
2536	273
2532	273
2532	274
2531	274
2531	275
2528	275
2528	276
2527	276
2527	277
2526	277
2526	279
2525	279
2525	280
2524	280
2524	281
2523	281
2523	283
2522	283
2522	284
2521	284
2521	287
2520	287
2520	288
2519	288
2519	290
2518	290
2518	293
2517	293
2517	298
2516	298
2516	299
2515	299
2515	300
2514	300
2514	301
2513	301
2513	303
2512	303
2512	304
2511	304
2511	307
2510	307
2510	308
2509	308
2509	311
2508	311
2508	314
2507	314
2507	316
2506	316
2506	318
2505	318
2505	322
2503	322
2503	326
2502	326
2502	329
2501	329
2501	332
2500	332
2500	333
2499	333
2499	335
2498	335
2498	340
2497	340
2497	342
2498	342
2498	343
2497	343
2497	344
2496	344
2496	348
2495	348
2495	349
2496	349
2496	350
2495	350
2495	353
2494	353
2494	363
2495	363
2495	364
2494	364
2494	365
2495	365
2495	367
2494	367
2494	370
2493	370
2493	372
2492	372
2492	373
2490	373
2490	375
2489	375
2489	376
2488	376
2488	378
2487	378
2487	379
2488	379
2488	381
2486	381
2486	384
2485	384
2485	385
2484	385
2484	387
2483	387
2483	388
2482	388
2482	390
2481	390
2481	391
2480	391
2480	395
2479	395
2479	398
2478	398
2478	399
2477	399
2477	402
2476	402
2476	404
2477	404
2477	405
2476	405
2476	406
2477	406
2477	407
2476	407
2476	409
2475	409
2475	410
2473	410
2473	411
2471	411
2471	412
2470	412
2470	411
2465	411
2465	412
2461	412
2461	413
2460	413
2460	412
2459	412
2459	413
2458	413
2458	412
2455	412
2455	413
2453	413
2453	414
2452	414
2452	415
2447	415
2447	416
2446	416
2446	417
2444	417
2444	418
2443	418
2443	419
2440	419
2440	420
2439	420
2439	421
2438	421
2438	422
2432	422
2432	423
2431	423
2431	424
2429	424
2429	425
2425	425
2425	426
2421	426
2421	427
2418	427
2418	428
2415	428
2415	429
2414	429
2414	430
2411	430
2411	431
2409	431
2409	432
2408	432
2408	431
2401	431
2401	432
2400	432
2400	430
2399	430
2399	428
2398	428
2398	427
2399	427
2399	426
2398	426
2398	424
2397	424
2397	422
2396	422
2396	420
2395	420
2395	418
2393	418
2393	414
2392	414
2392	412
2391	412
2391	409
2390	409
2390	408
2389	408
2389	405
2390	405
2390	403
2389	403
2389	401
2388	401
2388	399
2387	399
2387	398
2386	398
2386	397
2385	397
2385	395
2383	395
2383	394
2381	394
2381	393
2379	393
2379	392
2378	392
2378	391
2376	391
2376	390
2375	390
2375	389
2373	389
2373	388
2372	388
2372	389
2371	389
2371	388
2369	388
2369	387
2365	387
2365	386
2362	386
2362	385
2361	385
2361	384
2359	384
2359	383
2356	383
2356	382
2354	382
2354	381
2351	381
2351	380
2350	380
2350	379
2347	379
2347	378
2346	378
2346	379
2345	379
2345	378
2344	378
2344	376
2345	376
2345	371
2346	371
2346	368
2345	368
2345	354
2344	354
2344	353
2345	353
2345	347
2347	347
2347	346
2346	346
2346	343
2347	343
2347	342
2346	342
2346	341
2345	341
2345	340
2342	340
2342	338
2341	338
2341	337
2339	337
2339	335
2338	335
2338	334
2337	334
2337	333
2336	333
2336	332
2335	332
2335	330
2334	330
2334	329
2333	329
2333	328
2332	328
2332	326
2330	326
2330	325
2329	325
2329	324
2328	324
2328	323
2327	323
2327	322
2326	322
2326	321
2325	321
2325	319
2324	319
2324	318
2323	318
2323	317
2322	317
2322	316
2321	316
2321	314
2320	314
2320	313
2319	313
2319	312
2317	312
2317	311
2315	311
2315	310
2314	310
2314	309
2313	309
2313	308
2310	308
2310	307
2309	307
2309	306
2307	306
2307	305
2304	305
2304	304
2302	304
2302	303
2301	303
2301	302
2300	302
2300	295
2299	295
2299	294
2298	294
2298	293
2296	293
2296	291
2295	291
2295	292
2293	292
2293	291
2292	291
2292	292
2288	292
2288	294
2287	294
2287	295
2286	295
2286	296
2284	296
2284	297
2280	297
2280	298
2279	298
2279	300
2277	300
2277	301
2276	301
2276	303
2275	303
2275	307
2274	307
2274	310
2273	310
2273	314
2271	314
2271	318
2272	318
2272	319
2271	319
2271	324
2270	324
2270	326
2269	326
2269	328
2268	328
2268	329
2267	329
2267	330
2266	330
2266	332
2265	332
2265	334
2264	334
2264	335
2263	335
2263	337
2262	337
