777	513
778	513
778	515
779	515
779	519
780	519
780	521
782	521
782	522
784	522
784	523
785	523
785	524
787	524
787	525
791	525
791	526
795	526
795	527
797	527
797	528
800	528
800	529
803	529
803	530
804	530
804	531
806	531
806	532
807	532
807	533
808	533
808	534
809	534
809	535
811	535
811	537
812	537
812	539
813	539
813	540
814	540
814	542
815	542
815	544
816	544
816	547
817	547
817	550
818	550
818	554
820	554
820	555
822	555
822	556
823	556
823	557
824	557
824	558
825	558
825	559
828	559
828	560
829	560
829	561
831	561
831	562
833	562
833	563
834	563
834	564
835	564
835	565
837	565
837	566
839	566
839	567
842	567
842	568
843	568
843	569
845	569
845	570
846	570
846	571
847	571
847	572
849	572
849	573
852	573
852	574
854	574
854	575
856	575
856	576
857	576
857	577
859	577
859	578
860	578
860	579
861	579
861	580
862	580
862	581
863	581
863	582
865	582
865	583
872	583
872	584
873	584
873	583
877	583
877	582
878	582
878	583
880	583
880	582
882	582
882	581
883	581
883	580
884	580
884	578
886	578
886	577
887	577
887	576
888	576
888	575
889	575
889	574
891	574
891	573
893	573
893	572
894	572
894	571
895	571
895	570
896	570
896	568
897	568
897	567
898	567
898	564
897	564
897	563
898	563
898	560
897	560
897	555
896	555
896	553
895	553
895	552
896	552
896	551
895	551
895	550
894	550
894	549
895	549
895	548
894	548
894	547
891	547
891	548
892	548
892	550
893	550
893	552
894	552
894	556
895	556
895	561
896	561
896	563
895	563
895	566
894	566
894	567
893	567
893	568
890	568
890	570
888	570
888	571
887	571
887	572
886	572
886	573
885	573
885	574
883	574
883	575
881	575
881	576
879	576
879	578
875	578
875	579
868	579
868	578
867	578
867	577
865	577
865	576
864	576
864	575
860	575
860	573
857	573
857	571
854	571
854	570
851	570
851	569
849	569
849	568
848	568
848	567
846	567
846	565
844	565
844	564
841	564
841	563
839	563
839	562
837	562
837	561
836	561
836	560
835	560
835	559
833	559
833	558
832	558
832	557
831	557
831	556
829	556
829	555
827	555
827	554
825	554
825	552
824	552
824	551
823	551
823	548
821	548
821	546
820	546
820	544
819	544
819	540
818	540
818	538
817	538
817	535
816	535
816	534
814	534
814	533
813	533
813	532
812	532
812	531
811	531
811	530
810	530
810	529
808	529
808	528
806	528
806	527
804	527
804	526
803	526
803	525
801	525
801	524
797	524
797	523
793	523
793	522
792	522
792	521
787	521
787	520
785	520
785	518
784	518
784	516
783	516
783	513
782	513
782	512
783	512
783	511
782	511
782	510
781	510
781	509
780	509
780	505
778	505
778	502
777	502
777	499
776	499
776	498
775	498
775	497
774	497
774	495
773	495
773	494
772	494
772	490
771	490
771	489
772	489
772	488
771	488
771	485
770	485
770	483
769	483
769	479
767	479
767	476
766	476
766	474
765	474
765	473
764	473
764	471
763	471
763	470
762	470
762	467
760	467
760	466
759	466
759	465
758	465
758	464
757	464
757	463
755	463
755	462
753	462
753	461
749	461
749	460
743	460
743	461
733	461
733	462
729	462
729	463
727	463
727	464
726	464
726	465
725	465
725	466
724	466
724	468
722	468
722	469
721	469
721	470
719	470
719	471
718	471
718	472
717	472
717	474
716	474
716	487
715	487
715	490
714	490
714	494
713	494
713	497
712	497
712	499
711	499
711	502
710	502
710	503
709	503
709	505
707	505
707	507
706	507
706	515
705	515
705	516
706	516
706	529
707	529
707	533
706	533
706	535
705	535
705	536
703	536
703	537
702	537
702	538
700	538
700	540
699	540
699	541
698	541
698	540
694	540
694	541
692	541
692	542
690	542
690	543
689	543
689	544
687	544
687	545
686	545
686	546
685	546
685	547
683	547
683	548
682	548
682	549
681	549
681	550
678	550
678	551
676	551
676	552
673	552
673	553
670	553
670	554
666	554
666	555
663	555
663	556
659	556
659	557
658	557
658	558
656	558
656	557
649	557
649	558
645	558
645	557
644	557
644	558
641	558
641	559
640	559
640	560
637	560
637	561
632	561
632	562
630	562
630	563
626	563
626	562
625	562
625	563
622	563
622	564
620	564
620	563
619	563
619	562
618	562
618	561
617	561
617	560
615	560
615	556
614	556
614	555
613	555
613	554
612	554
612	552
611	552
611	549
610	549
610	547
609	547
609	544
608	544
608	541
607	541
607	537
606	537
606	536
604	536
604	535
602	535
602	534
601	534
601	533
599	533
599	532
598	532
598	530
597	530
597	526
596	526
596	524
595	524
595	521
594	521
594	520
593	520
593	518
590	518
590	517
582	517
582	516
580	516
580	515
575	515
575	516
574	516
574	517
573	517
573	518
572	518
572	519
571	519
571	520
568	520
568	521
566	521
566	522
565	522
565	524
564	524
564	526
563	526
563	528
562	528
562	529
561	529
561	530
560	530
560	531
559	531
559	532
558	532
558	533
557	533
557	535
556	535
556	536
554	536
554	538
553	538
553	541
552	541
552	542
551	542
551	543
550	543
550	544
549	544
549	545
546	545
546	547
544	547
544	548
543	548
543	549
542	549
542	550
540	550
540	552
539	552
539	554
538	554
538	555
537	555
537	556
536	556
536	558
535	558
535	559
533	559
533	560
531	560
531	561
529	561
529	562
527	562
527	563
526	563
526	562
525	562
525	563
519	563
519	564
518	564
518	566
517	566
517	565
514	565
514	566
502	566
502	568
498	568
498	569
496	569
496	570
493	570
493	571
490	571
490	572
487	572
487	573
483	573
483	574
481	574
481	575
479	575
479	576
478	576
478	577
475	577
475	578
472	578
472	579
462	579
462	580
453	580
453	579
452	579
452	580
446	580
446	579
437	579
437	578
434	578
434	577
433	577
433	578
432	578
432	577
429	577
429	576
424	576
424	574
423	574
423	573
422	573
422	572
421	572
421	570
419	570
419	566
418	566
418	564
417	564
417	563
416	563
416	561
415	561
415	559
414	559
414	558
413	558
413	557
411	557
411	555
410	555
410	554
409	554
409	553
408	553
408	552
407	552
407	551
406	551
406	550
403	550
403	549
402	549
402	548
401	548
401	547
400	547
400	545
399	545
399	544
398	544
398	542
399	542
399	541
398	541
398	539
397	539
397	531
398	531
398	529
397	529
397	528
398	528
398	514
399	514
399	500
400	500
400	499
399	499
399	479
400	479
400	471
401	471
401	465
402	465
402	464
401	464
401	460
402	460
402	458
401	458
401	455
402	455
402	438
401	438
401	433
402	433
402	429
403	429
403	427
402	427
402	419
401	419
401	413
400	413
400	407
399	407
399	399
398	399
398	392
397	392
397	387
396	387
396	383
395	383
395	380
394	380
394	379
393	379
393	378
392	378
392	377
391	377
391	376
390	376
390	375
389	375
389	374
388	374
388	373
387	373
387	372
386	372
386	371
385	371
385	368
384	368
384	366
383	366
383	365
382	365
382	364
381	364
381	362
380	362
380	361
379	361
379	360
378	360
378	358
377	358
377	357
376	357
376	355
375	355
375	353
374	353
374	352
373	352
373	351
372	351
372	349
371	349
371	350
370	350
370	348
369	348
369	346
367	346
367	345
366	345
366	344
364	344
364	343
362	343
362	342
361	342
361	341
360	341
360	340
357	340
357	341
356	341
356	340
355	340
355	339
354	339
354	338
352	338
352	337
351	337
351	335
350	335
350	334
349	334
349	332
348	332
348	330
347	330
347	329
346	329
346	326
344	326
344	324
342	324
342	323
341	323
341	322
340	322
340	320
339	320
339	319
338	319
338	316
337	316
337	314
336	314
336	313
335	313
335	312
334	312
334	310
333	310
333	309
331	309
331	308
328	308
328	307
327	307
327	306
326	306
326	305
323	305
323	303
320	303
320	302
319	302
319	301
318	301
318	300
317	300
317	299
316	299
316	298
314	298
314	297
313	297
313	295
312	295
312	294
311	294
311	293
310	293
310	292
309	292
309	291
308	291
308	290
307	290
307	289
306	289
306	288
304	288
304	287
300	287
300	286
298	286
298	285
295	285
295	284
291	284
291	283
289	283
289	284
287	284
287	283
284	283
284	282
282	282
282	281
277	281
277	280
274	280
274	279
271	279
271	278
270	278
270	277
267	277
267	276
264	276
264	275
262	275
262	274
260	274
260	273
258	273
258	272
257	272
257	271
253	271
253	270
251	270
251	269
250	269
250	268
248	268
248	267
247	267
247	266
246	266
246	265
245	265
245	264
244	264
244	263
243	263
243	262
240	262
240	261
239	261
239	260
238	260
238	259
237	259
237	258
235	258
235	257
233	257
233	256
232	256
232	255
231	255
231	254
230	254
230	253
228	253
228	252
227	252
227	251
224	251
224	250
223	250
223	249
222	249
222	248
221	248
221	247
220	247
220	246
218	246
218	245
216	245
216	244
214	244
214	243
213	243
213	242
211	242
211	241
209	241
209	240
206	240
206	239
205	239
205	238
203	238
203	237
201	237
201	236
200	236
200	235
197	235
197	234
196	234
196	233
194	233
194	232
192	232
192	231
189	231
189	230
188	230
188	229
187	229
187	228
183	228
183	226
182	226
182	225
180	225
180	224
179	224
179	223
178	223
178	222
177	222
177	221
175	221
175	220
174	220
174	219
173	219
173	218
172	218
172	217
171	217
171	216
170	216
170	214
169	214
169	213
168	213
168	211
167	211
167	210
166	210
166	208
165	208
165	204
164	204
164	197
163	197
163	195
162	195
162	193
161	193
161	191
160	191
160	189
159	189
159	187
158	187
158	186
157	186
157	185
156	185
156	182
155	182
155	179
154	179
154	176
153	176
153	169
152	169
152	168
153	168
153	167
152	167
152	160
153	160
153	158
152	158
152	157
153	157
153	156
152	156
152	155
153	155
153	150
154	150
154	149
153	149
153	143
152	143
152	139
151	139
151	137
150	137
150	136
149	136
149	134
148	134
148	130
147	130
147	128
146	128
146	126
144	126
144	124
143	124
143	123
142	123
142	122
141	122
141	121
140	121
140	120
139	120
139	119
138	119
138	118
137	118
137	116
136	116
136	114
135	114
135	113
134	113
134	112
132	112
132	111
130	111
130	109
129	109
129	108
128	108
128	106
127	106
127	104
126	104
126	103
125	103
125	102
124	102
124	101
123	101
123	100
122	100
122	99
121	99
121	98
120	98
120	97
119	97
119	96
118	96
118	95
117	95
117	94
116	94
116	93
115	93
115	92
114	92
114	91
113	91
113	90
112	90
112	89
111	89
111	88
110	88
110	87
109	87
109	86
108	86
108	85
107	85
107	84
104	84
104	83
101	83
101	82
99	82
99	81
97	81
97	80
96	80
96	79
95	79
95	78
94	78
94	77
93	77
93	76
91	76
91	75
89	75
89	74
87	74
87	73
85	73
85	72
83	72
83	71
80	71
80	70
79	70
79	69
78	69
78	68
77	68
77	67
74	67
74	66
72	66
72	65
70	65
70	64
68	64
68	63
66	63
66	62
63	62
63	61
61	61
61	60
57	60
57	59
55	59
55	58
54	58
54	56
53	56
53	55
51	55
51	54
50	54
50	55
49	55
49	58
48	58
48	62
49	62
49	63
50	63
50	64
54	64
54	65
58	65
58	66
64	66
64	67
65	67
65	68
68	68
68	69
70	69
70	70
71	70
71	71
73	71
73	72
75	72
75	73
78	73
78	75
81	75
81	76
82	76
82	77
85	77
85	78
87	78
87	79
88	79
88	80
89	80
89	81
90	81
90	82
92	82
92	83
93	83
93	84
94	84
94	85
96	85
96	86
98	86
98	87
102	87
102	88
104	88
104	89
105	89
105	91
108	91
108	92
109	92
109	93
110	93
110	94
111	94
111	95
112	95
112	96
113	96
113	97
114	97
114	99
116	99
116	100
117	100
117	101
118	101
118	102
119	102
119	103
120	103
120	104
121	104
121	105
122	105
122	107
123	107
123	108
124	108
124	110
125	110
125	111
126	111
126	113
128	113
128	115
129	115
129	116
132	116
132	118
133	118
133	119
134	119
134	121
135	121
135	122
136	122
136	123
138	123
138	125
139	125
139	126
140	126
140	127
141	127
141	128
142	128
142	130
143	130
143	132
144	132
144	136
145	136
145	138
146	138
146	139
147	139
147	140
148	140
148	142
149	142
149	146
150	146
150	147
149	147
149	148
150	148
150	150
149	150
149	154
148	154
148	155
149	155
149	162
148	162
148	164
149	164
149	166
148	166
148	167
149	167
149	176
150	176
150	178
151	178
151	183
152	183
152	184
153	184
153	186
154	186
154	188
155	188
155	190
156	190
156	191
157	191
157	193
158	193
158	195
159	195
159	198
160	198
160	207
161	207
161	209
162	209
162	211
163	211
163	212
164	212
164	213
165	213
165	216
166	216
166	217
167	217
167	218
168	218
168	220
169	220
169	221
170	221
170	222
171	222
171	223
172	223
172	224
173	224
173	225
174	225
174	226
175	226
175	227
176	227
176	228
178	228
178	229
179	229
179	230
181	230
181	231
182	231
182	232
183	232
183	233
186	233
186	234
188	234
188	235
191	235
191	236
194	236
194	238
196	238
196	239
198	239
198	240
200	240
200	241
202	241
202	242
204	242
204	243
205	243
205	244
208	244
208	245
210	245
210	246
212	246
212	247
213	247
213	248
214	248
214	249
217	249
217	250
218	250
218	251
219	251
219	252
221	252
221	253
223	253
223	254
224	254
224	255
226	255
226	257
227	257
227	258
228	258
228	259
230	259
230	260
232	260
232	261
235	261
235	262
236	262
236	263
237	263
237	264
238	264
238	265
239	265
239	266
240	266
240	268
241	268
241	269
242	269
242	270
243	270
243	271
244	271
244	272
248	272
248	273
249	273
249	274
252	274
252	275
254	275
254	276
256	276
256	277
258	277
258	278
260	278
260	279
263	279
263	280
266	280
266	281
268	281
268	282
270	282
270	283
273	283
273	284
276	284
276	285
280	285
280	286
283	286
283	287
293	287
293	288
294	288
294	289
295	289
295	290
298	290
298	291
303	291
303	292
304	292
304	293
305	293
305	294
306	294
306	296
307	296
307	297
309	297
309	298
311	298
311	300
312	300
312	301
313	301
313	302
314	302
314	303
315	303
315	304
317	304
317	305
319	305
319	306
320	306
320	307
322	307
322	308
324	308
324	309
326	309
326	310
327	310
327	311
329	311
329	312
330	312
330	313
332	313
332	316
333	316
333	317
334	317
334	319
335	319
335	320
336	320
336	322
337	322
337	324
338	324
338	325
339	325
339	326
340	326
340	327
341	327
341	328
342	328
342	329
343	329
343	330
344	330
344	333
345	333
345	335
346	335
346	336
347	336
347	338
348	338
348	339
349	339
349	340
350	340
350	341
351	341
351	342
353	342
353	343
355	343
355	344
357	344
357	345
360	345
360	346
361	346
361	347
363	347
363	349
365	349
365	350
367	350
367	352
369	352
369	353
371	353
371	354
372	354
372	355
373	355
373	357
374	357
374	359
375	359
375	361
376	361
376	363
377	363
377	364
378	364
378	365
379	365
379	366
380	366
380	368
381	368
381	369
382	369
382	370
383	370
383	372
384	372
384	374
385	374
385	376
386	376
386	377
387	377
387	378
388	378
388	379
390	379
390	380
391	380
391	381
392	381
392	385
393	385
393	390
394	390
394	398
395	398
395	402
396	402
396	412
397	412
397	419
398	419
398	434
397	434
397	435
398	435
398	438
397	438
397	439
398	439
398	456
397	456
397	458
398	458
398	459
397	459
397	473
396	473
396	479
395	479
395	486
396	486
396	490
395	490
395	511
394	511
394	525
395	525
395	526
394	526
394	537
395	537
395	538
394	538
394	539
395	539
395	544
396	544
396	547
398	547
398	549
399	549
399	550
400	550
400	551
402	551
402	552
403	552
403	553
404	553
404	554
406	554
406	555
407	555
407	556
408	556
408	557
409	557
409	558
410	558
410	559
411	559
411	560
412	560
412	563
413	563
413	565
414	565
414	566
415	566
415	569
416	569
416	571
417	571
417	573
418	573
418	574
419	574
419	576
420	576
420	577
421	577
421	578
423	578
423	579
426	579
426	580
428	580
428	581
433	581
433	582
437	582
437	583
438	583
438	582
439	582
439	583
445	583
445	584
447	584
447	583
449	583
449	584
459	584
459	583
460	583
460	584
462	584
462	583
472	583
472	582
474	582
474	581
478	581
478	580
481	580
481	579
483	579
483	578
485	578
485	577
487	577
487	576
491	576
491	575
494	575
494	574
497	574
497	573
500	573
500	572
503	572
503	571
508	571
508	570
514	570
514	569
516	569
516	568
519	568
519	567
524	567
524	568
525	568
525	567
527	567
527	566
528	566
528	565
531	565
531	564
532	564
532	563
534	563
534	562
536	562
536	561
537	561
537	560
538	560
538	559
539	559
539	558
540	558
540	557
541	557
541	555
542	555
542	553
543	553
543	552
544	552
544	551
545	551
545	550
547	550
547	549
548	549
548	548
550	548
550	547
551	547
551	546
552	546
552	545
554	545
554	543
555	543
555	542
557	542
557	541
558	541
558	540
559	540
559	538
560	538
560	537
561	537
561	536
562	536
562	535
563	535
563	534
564	534
564	532
565	532
565	531
566	531
566	529
567	529
567	527
568	527
568	526
569	526
569	525
570	525
570	524
571	524
571	523
573	523
573	522
575	522
575	521
576	521
576	520
581	520
581	521
589	521
589	523
590	523
590	524
591	524
591	528
592	528
592	529
593	529
593	530
594	530
594	533
595	533
595	535
596	535
596	536
598	536
598	537
599	537
599	538
602	538
602	539
603	539
603	541
604	541
604	545
605	545
605	549
606	549
606	553
607	553
607	555
608	555
608	558
609	558
609	559
610	559
610	561
611	561
611	562
613	562
613	563
614	563
614	565
615	565
615	566
616	566
616	567
617	567
617	569
619	569
619	570
620	570
620	569
622	569
622	568
626	568
626	567
630	567
630	566
637	566
637	565
640	565
640	564
643	564
643	563
645	563
645	562
655	562
655	561
661	561
661	560
665	560
665	559
671	559
671	558
673	558
673	557
675	557
675	556
676	556
676	557
677	557
677	555
678	555
678	556
679	556
679	555
681	555
681	554
683	554
683	553
686	553
686	552
687	552
687	551
689	551
689	550
690	550
690	548
691	548
691	547
693	547
693	546
694	546
694	545
698	545
698	544
700	544
700	543
703	543
703	542
705	542
705	541
707	541
707	540
708	540
708	539
709	539
709	537
710	537
710	534
711	534
711	527
710	527
710	524
709	524
709	513
710	513
710	509
711	509
711	507
712	507
712	506
713	506
713	505
714	505
714	502
715	502
715	499
716	499
716	496
717	496
717	495
718	495
718	492
719	492
719	490
720	490
720	487
719	487
719	486
720	486
720	481
719	481
719	479
720	479
720	476
721	476
721	475
722	475
722	474
723	474
723	473
724	473
724	472
725	472
725	471
726	471
726	470
727	470
727	469
729	469
729	468
731	468
731	467
733	467
733	466
739	466
739	467
740	467
740	466
744	466
744	465
750	465
750	466
753	466
753	467
754	467
754	468
756	468
756	469
757	469
757	470
758	470
758	472
759	472
759	473
760	473
760	475
761	475
761	476
762	476
762	478
763	478
763	481
764	481
764	482
765	482
765	485
766	485
766	486
767	486
767	491
768	491
768	494
769	494
769	496
770	496
770	498
771	498
771	500
772	500
772	502
773	502
773	503
774	503
774	505
775	505
775	506
776	506
776	508
777	508
777	511
778	511
778	512
777	512
974	451
975	451
975	450
981	450
981	451
982	451
982	452
985	452
985	453
986	453
986	454
988	454
988	455
992	455
992	456
994	456
994	457
996	457
996	458
997	458
997	459
998	459
998	460
999	460
999	461
1000	461
1000	462
1001	462
1001	463
1002	463
1002	464
1003	464
1003	465
1005	465
1005	467
1007	467
1007	469
1008	469
1008	471
1009	471
1009	472
1010	472
1010	474
1011	474
1011	476
1012	476
1012	479
1013	479
1013	483
1014	483
1014	490
1015	490
1015	492
1014	492
1014	493
1016	493
1016	495
1019	495
1019	494
1021	494
1021	493
1022	493
1022	492
1023	492
1023	491
1024	491
1024	490
1030	490
1030	489
1034	489
1034	488
1039	488
1039	487
1040	487
1040	484
1041	484
1041	480
1042	480
1042	475
1043	475
1043	470
1042	470
1042	468
1043	468
1043	466
1042	466
1042	460
1041	460
1041	459
1042	459
1042	456
1041	456
1041	455
1040	455
1040	451
1039	451
1039	449
1040	449
1040	448
1041	448
1041	447
1042	447
1042	445
1046	445
1046	444
1047	444
1047	443
1048	443
1048	441
1050	441
1050	440
1051	440
1051	438
1052	438
1052	437
1053	437
1053	436
1058	436
1058	435
1060	435
1060	434
1063	434
1063	432
1065	432
1065	433
1066	433
1066	432
1073	432
1073	431
1074	431
1074	430
1075	430
1075	428
1076	428
1076	427
1091	427
1091	426
1094	426
1094	427
1097	427
1097	426
1098	426
1098	427
1102	427
1102	428
1104	428
1104	429
1105	429
1105	430
1106	430
1106	432
1107	432
1107	433
1108	433
1108	435
1110	435
1110	436
1111	436
1111	438
1112	438
1112	441
1113	441
1113	443
1114	443
1114	449
1113	449
1113	450
1114	450
1114	456
1115	456
1115	462
1114	462
1114	467
1113	467
1113	468
1112	468
1112	470
1111	470
1111	474
1112	474
1112	476
1113	476
1113	479
1114	479
1114	491
1113	491
1113	494
1112	494
1112	497
1111	497
1111	499
1110	499
1110	502
1111	502
1111	505
1112	505
1112	509
1113	509
1113	516
1114	516
1114	528
1115	528
1115	529
1117	529
1117	535
1118	535
1118	540
1119	540
1119	543
1120	543
1120	544
1121	544
1121	545
1122	545
1122	546
1123	546
1123	549
1124	549
1124	550
1125	550
1125	551
1126	551
1126	552
1127	552
1127	553
1128	553
1128	554
1129	554
1129	555
1130	555
1130	556
1131	556
1131	557
1132	557
1132	558
1133	558
1133	560
1134	560
1134	561
1135	561
1135	562
1136	562
1136	564
1137	564
1137	565
1138	565
1138	567
1140	567
1140	568
1141	568
1141	569
1142	569
1142	571
1143	571
1143	572
1144	572
1144	573
1145	573
1145	576
1146	576
1146	580
1155	580
1155	579
1157	579
1157	580
1158	580
1158	579
1160	579
1160	580
1163	580
1163	579
1173	579
1173	578
1175	578
1175	579
1177	579
1177	580
1179	580
1179	579
1183	579
1183	578
1185	578
1185	577
1187	577
1187	576
1188	576
1188	575
1190	575
1190	574
1194	574
1194	573
1195	573
1195	572
1196	572
1196	570
1197	570
1197	567
1198	567
1198	566
1197	566
1197	563
1198	563
1198	562
1199	562
1199	561
1203	561
1203	560
1205	560
1205	559
1206	559
1206	560
1207	560
1207	559
1208	559
1208	558
1212	558
1212	557
1213	557
1213	556
1215	556
1215	555
1217	555
1217	554
1219	554
1219	553
1220	553
1220	552
1223	552
1223	551
1224	551
1224	550
1225	550
1225	549
1228	549
1228	548
1230	548
1230	546
1232	546
1232	545
1235	545
1235	544
1236	544
1236	543
1239	543
1239	542
1242	542
1242	541
1243	541
1243	540
1245	540
1245	539
1247	539
1247	538
1250	538
1250	537
1251	537
1251	536
1252	536
1252	535
1256	535
1256	534
1261	534
1261	533
1262	533
1262	532
1264	532
1264	533
1265	533
1265	532
1267	532
1267	531
1268	531
1268	530
1272	530
1272	529
1274	529
1274	528
1276	528
1276	527
1278	527
1278	526
1280	526
1280	525
1281	525
1281	524
1282	524
1282	525
1283	525
1283	522
1285	522
1285	521
1287	521
1287	520
1292	520
1292	519
1296	519
1296	518
1298	518
1298	517
1301	517
1301	516
1303	516
1303	515
1306	515
1306	514
1309	514
1309	513
1312	513
1312	512
1315	512
1315	511
1316	511
1316	510
1318	510
1318	509
1319	509
1319	508
1321	508
1321	507
1323	507
1323	506
1324	506
1324	505
1325	505
1325	504
1326	504
1326	503
1327	503
1327	502
1328	502
1328	501
1330	501
1330	500
1331	500
1331	499
1332	499
1332	498
1339	498
1339	497
1341	497
1341	498
1342	498
1342	497
1347	497
1347	496
1352	496
1352	495
1354	495
1354	496
1363	496
1363	495
1364	495
1364	494
1369	494
1369	493
1370	493
1370	492
1371	492
1371	491
1373	491
1373	490
1375	490
1375	489
1376	489
1376	488
1377	488
1377	487
1379	487
1379	486
1385	486
1385	485
1387	485
1387	484
1388	484
1388	483
1389	483
1389	482
1390	482
1390	481
1391	481
1391	480
1392	480
1392	478
1393	478
1393	476
1396	476
1396	475
1398	475
1398	476
1401	476
1401	475
1403	475
1403	476
1406	476
1406	475
1409	475
1409	473
1410	473
1410	471
1413	471
1413	470
1414	470
1414	468
1413	468
1413	467
1414	467
1414	463
1415	463
1415	462
1414	462
1414	460
1415	460
1415	453
1416	453
1416	450
1417	450
1417	448
1418	448
1418	441
1419	441
1419	439
1418	439
1418	438
1419	438
1419	435
1420	435
1420	434
1421	434
1421	431
1420	431
1420	424
1421	424
1421	419
1420	419
1420	418
1421	418
1421	416
1422	416
1422	415
1423	415
1423	414
1422	414
1422	413
1423	413
1423	411
1424	411
1424	409
1425	409
1425	408
1426	408
1426	407
1427	407
1427	406
1428	406
1428	404
1429	404
1429	401
1430	401
1430	400
1431	400
1431	399
1432	399
1432	397
1433	397
1433	395
1434	395
1434	391
1435	391
1435	387
1436	387
1436	386
1437	386
1437	385
1438	385
1438	384
1439	384
1439	383
1441	383
1441	382
1442	382
1442	381
1444	381
1444	380
1445	380
1445	379
1447	379
1447	377
1448	377
1448	374
1449	374
1449	373
1455	373
1455	374
1456	374
1456	373
1461	373
1461	371
1462	371
1462	370
1466	370
1466	369
1469	369
1469	370
1471	370
1471	369
1478	369
1478	368
1485	368
1485	367
1487	367
1487	366
1489	366
1489	365
1491	365
1491	364
1493	364
1493	365
1494	365
1494	364
1495	364
1495	365
1497	365
1497	366
1500	366
1500	367
1501	367
1501	369
1502	369
1502	371
1504	371
1504	372
1505	372
1505	373
1507	373
1507	375
1509	375
1509	377
1510	377
1510	379
1511	379
1511	384
1512	384
1512	386
1513	386
1513	388
1514	388
1514	390
1515	390
1515	391
1516	391
1516	392
1518	392
1518	393
1520	393
1520	394
1521	394
1521	395
1522	395
1522	396
1523	396
1523	397
1524	397
1524	398
1525	398
1525	399
1527	399
1527	402
1528	402
1528	404
1529	404
1529	406
1530	406
1530	407
1531	407
1531	408
1532	408
1532	409
1533	409
1533	410
1534	410
1534	411
1535	411
1535	412
1540	412
1540	413
1548	413
1548	412
1550	412
1550	411
1554	411
1554	410
1556	410
1556	409
1559	409
1559	408
1560	408
1560	409
1571	409
1571	408
1572	408
1572	405
1575	405
1575	403
1578	403
1578	404
1583	404
1583	403
1584	403
1584	401
1589	401
1589	400
1590	400
1590	399
1591	399
1591	398
1592	398
1592	397
1593	397
1593	395
1594	395
1594	393
1595	393
1595	390
1596	390
1596	388
1597	388
1597	387
1598	387
1598	384
1603	384
1603	383
1607	383
1607	381
1606	381
1606	379
1605	379
1605	377
1604	377
1604	376
1603	376
1603	375
1602	375
1602	374
1601	374
1601	372
1600	372
1600	371
1599	371
1599	366
1598	366
1598	360
1597	360
1597	357
1596	357
1596	355
1595	355
1595	354
1594	354
1594	352
1593	352
1593	351
1592	351
1592	347
1591	347
1591	344
1592	344
1592	343
1591	343
1591	341
1590	341
1590	340
1591	340
1591	336
1593	336
1593	328
1594	328
1594	325
1595	325
1595	320
1596	320
1596	318
1597	318
1597	315
1598	315
1598	313
1599	313
1599	312
1600	312
1600	311
1601	311
1601	309
1602	309
1602	306
1603	306
1603	303
1604	303
1604	301
1607	301
1607	299
1608	299
1608	297
1609	297
1609	295
1610	295
1610	294
1611	294
1611	289
1612	289
1612	287
1613	287
1613	286
1614	286
1614	285
1615	285
1615	283
1616	283
1616	281
1617	281
1617	280
1618	280
1618	278
1619	278
1619	276
1620	276
1620	274
1619	274
1619	270
1620	270
1620	266
1621	266
1621	264
1622	264
1622	262
1623	262
1623	261
1624	261
1624	260
1625	260
1625	259
1624	259
1624	258
1625	258
1625	257
1626	257
1626	256
1627	256
1627	254
1628	254
1628	253
1629	253
1629	251
1630	251
1630	248
1631	248
1631	245
1632	245
1632	244
1634	244
1634	243
1635	243
1635	241
1636	241
1636	239
1637	239
1637	237
1638	237
1638	236
1639	236
1639	235
1640	235
1640	234
1641	234
1641	233
1642	233
1642	232
1643	232
1643	231
1644	231
1644	230
1645	230
1645	228
1646	228
1646	227
1647	227
1647	228
1649	228
1649	227
1652	227
1652	226
1653	226
1653	225
1657	225
1657	224
1664	224
1664	223
1666	223
1666	222
1667	222
1667	220
1668	220
1668	217
1669	217
1669	215
1670	215
1670	208
1671	208
1671	207
1670	207
1670	206
1672	206
1672	191
1671	191
1671	186
1672	186
1672	184
1671	184
1671	183
1672	183
1672	176
1671	176
1671	175
1672	175
1672	171
1673	171
1673	170
1674	170
1674	165
1675	165
1675	164
1676	164
1676	163
1677	163
1677	160
1678	160
1678	159
1679	159
1679	157
1680	157
1680	156
1681	156
1681	154
1682	154
1682	153
1683	153
1683	152
1685	152
1685	150
1686	150
1686	149
1688	149
1688	148
1695	148
1695	149
1698	149
1698	150
1699	150
1699	151
1700	151
1700	152
1701	152
1701	153
1702	153
1702	154
1704	154
1704	155
1707	155
1707	156
1720	156
1720	157
1723	157
1723	158
1724	158
1724	159
1725	159
1725	161
1726	161
1726	163
1727	163
1727	165
1728	165
1728	166
1729	166
1729	167
1730	167
1730	168
1731	168
1731	171
1732	171
1732	173
1733	173
1733	176
1734	176
1734	183
1735	183
1735	184
1736	184
1736	191
1737	191
1737	195
1738	195
1738	203
1739	203
1739	205
1740	205
1740	207
1741	207
1741	210
1742	210
1742	211
1743	211
1743	214
1744	214
1744	217
1745	217
1745	220
1746	220
1746	223
1747	223
1747	227
1748	227
1748	228
1749	228
1749	229
1750	229
1750	231
1751	231
1751	230
1753	230
1753	231
1754	231
1754	230
1755	230
1755	231
1756	231
1756	230
1757	230
1757	231
1758	231
1758	230
1765	230
1765	229
1776	229
1776	228
1779	228
1779	227
1788	227
1788	226
1793	226
1793	227
1794	227
1794	226
1796	226
1796	225
1798	225
1798	224
1800	224
1800	223
1808	223
1808	222
1809	222
1809	223
1811	223
1811	222
1820	222
1820	221
1821	221
1821	218
1822	218
1822	216
1820	216
1820	213
1821	213
1821	210
1822	210
1822	208
1823	208
1823	206
1822	206
1822	205
1823	205
1823	201
1824	201
1824	196
1823	196
1823	193
1822	193
1822	192
1823	192
1823	188
1824	188
1824	186
1823	186
1823	185
1822	185
1822	184
1823	184
1823	182
1824	182
1824	181
1823	181
1823	180
1822	180
1822	176
1823	176
1823	173
1822	173
1822	171
1821	171
1821	170
1820	170
1820	168
1821	168
1821	163
1820	163
1820	148
1819	148
1819	142
1820	142
1820	141
1821	141
1821	139
1820	139
1820	137
1821	137
1821	132
1820	132
1820	131
1821	131
1821	127
1822	127
1822	125
1821	125
1821	119
1822	119
1822	116
1821	116
1821	113
1822	113
1822	112
1821	112
1821	111
1822	111
1822	110
1821	110
1821	105
1822	105
1822	103
1823	103
1823	102
1822	102
1822	99
1821	99
1821	98
1820	98
1820	97
1821	97
1821	96
1820	96
1820	92
1821	92
1821	91
1820	91
1820	85
1821	85
1821	81
1820	81
1820	77
1819	77
1819	75
1818	75
1818	74
1814	74
1814	73
1811	73
1811	71
1813	71
1813	70
1816	70
1816	71
1821	71
1821	72
1824	72
1824	73
1825	73
1825	75
1826	75
1826	76
1825	76
1825	93
1826	93
1826	134
1825	134
1825	135
1826	135
1826	137
1825	137
1825	140
1824	140
1824	145
1825	145
1825	170
1826	170
1826	174
1827	174
1827	178
1828	178
1828	207
1827	207
1827	209
1826	209
1826	220
1825	220
1825	222
1826	222
1826	225
1824	225
1824	226
1823	226
1823	230
1820	230
1820	229
1816	229
1816	227
1814	227
1814	226
1812	226
1812	227
1803	227
1803	228
1801	228
1801	229
1799	229
1799	230
1797	230
1797	231
1789	231
1789	232
1779	232
1779	233
1769	233
1769	234
1762	234
1762	235
1746	235
1746	234
1745	234
1745	233
1744	233
1744	230
1743	230
1743	228
1742	228
1742	226
1741	226
1741	222
1740	222
1740	218
1739	218
1739	214
1738	214
1738	213
1737	213
1737	211
1736	211
1736	207
1735	207
1735	203
1734	203
1734	198
1733	198
1733	192
1732	192
1732	191
1733	191
1733	190
1732	190
1732	189
1731	189
1731	188
1730	188
1730	184
1731	184
1731	180
1730	180
1730	178
1729	178
1729	172
1728	172
1728	170
1727	170
1727	169
1725	169
1725	168
1724	168
1724	167
1723	167
1723	164
1722	164
1722	161
1719	161
1719	160
1718	160
1718	161
1713	161
1713	160
1711	160
1711	161
1710	161
1710	160
1705	160
1705	159
1702	159
1702	158
1699	158
1699	157
1698	157
1698	155
1697	155
1697	154
1696	154
1696	153
1695	153
1695	152
1693	152
1693	153
1692	153
1692	152
1691	152
1691	153
1688	153
1688	154
1687	154
1687	155
1686	155
1686	156
1685	156
1685	157
1684	157
1684	159
1683	159
1683	161
1682	161
1682	163
1681	163
1681	165
1680	165
1680	166
1679	166
1679	169
1678	169
1678	171
1677	171
1677	176
1676	176
1676	184
1675	184
1675	194
1676	194
1676	196
1677	196
1677	198
1676	198
1676	206
1675	206
1675	211
1674	211
1674	214
1673	214
1673	217
1672	217
1672	220
1671	220
1671	224
1670	224
1670	226
1669	226
1669	228
1662	228
1662	229
1657	229
1657	230
1654	230
1654	231
1652	231
1652	232
1651	232
1651	233
1649	233
1649	234
1648	234
1648	235
1646	235
1646	236
1645	236
1645	237
1644	237
1644	238
1643	238
1643	239
1642	239
1642	240
1641	240
1641	242
1640	242
1640	244
1639	244
1639	246
1638	246
1638	247
1637	247
1637	249
1636	249
1636	250
1635	250
1635	252
1634	252
1634	253
1633	253
1633	256
1632	256
1632	258
1631	258
1631	259
1630	259
1630	261
1629	261
1629	262
1628	262
1628	264
1627	264
1627	266
1626	266
1626	267
1625	267
1625	270
1624	270
1624	272
1623	272
1623	276
1622	276
1622	280
1621	280
1621	283
1620	283
1620	285
1619	285
1619	286
1618	286
1618	288
1617	288
1617	291
1616	291
1616	293
1615	293
1615	295
1614	295
1614	296
1613	296
1613	299
1612	299
1612	301
1611	301
1611	302
1610	302
1610	304
1609	304
1609	306
1608	306
1608	307
1607	307
1607	309
1606	309
1606	310
1605	310
1605	312
1604	312
1604	314
1603	314
1603	315
1602	315
1602	317
1601	317
1601	320
1600	320
1600	323
1599	323
1599	326
1598	326
1598	331
1597	331
1597	334
1596	334
1596	338
1595	338
1595	339
1596	339
1596	340
1595	340
1595	341
1596	341
1596	350
1597	350
1597	352
1598	352
1598	353
1599	353
1599	356
1600	356
1600	357
1601	357
1601	362
1602	362
1602	369
1603	369
1603	371
1604	371
1604	373
1605	373
1605	374
1606	374
1606	376
1608	376
1608	377
1609	377
1609	380
1610	380
1610	383
1611	383
1611	388
1600	388
1600	390
1599	390
1599	393
1598	393
1598	395
1597	395
1597	396
1596	396
1596	398
1595	398
1595	399
1594	399
1594	401
1593	401
1593	402
1592	402
1592	404
1591	404
1591	405
1587	405
1587	406
1585	406
1585	407
1581	407
1581	408
1578	408
1578	409
1575	409
1575	410
1574	410
1574	412
1573	412
1573	413
1570	413
1570	414
1567	414
1567	413
1566	413
1566	414
1563	414
1563	413
1562	413
1562	414
1556	414
1556	415
1554	415
1554	416
1551	416
1551	417
1548	417
1548	418
1539	418
1539	417
1535	417
1535	416
1533	416
1533	415
1532	415
1532	414
1531	414
1531	413
1529	413
1529	411
1528	411
1528	410
1527	410
1527	409
1526	409
1526	407
1525	407
1525	404
1524	404
1524	403
1523	403
1523	402
1522	402
1522	401
1521	401
1521	400
1520	400
1520	399
1519	399
1519	397
1517	397
1517	396
1514	396
1514	395
1513	395
1513	394
1512	394
1512	392
1511	392
1511	391
1510	391
1510	389
1509	389
1509	387
1508	387
1508	384
1507	384
1507	383
1508	383
1508	382
1507	382
1507	380
1506	380
1506	377
1505	377
1505	376
1504	376
1504	375
1502	375
1502	374
1500	374
1500	373
1499	373
1499	371
1498	371
1498	370
1497	370
1497	369
1495	369
1495	368
1491	368
1491	369
1490	369
1490	370
1488	370
1488	371
1484	371
1484	372
1480	372
1480	373
1477	373
1477	374
1469	374
1469	375
1468	375
1468	374
1467	374
1467	375
1466	375
1466	374
1465	374
1465	375
1463	375
1463	376
1462	376
1462	377
1461	377
1461	378
1451	378
1451	379
1450	379
1450	380
1449	380
1449	382
1448	382
1448	383
1447	383
1447	384
1445	384
1445	385
1444	385
1444	386
1443	386
1443	387
1442	387
1442	388
1441	388
1441	389
1440	389
1440	391
1439	391
1439	393
1438	393
1438	396
1437	396
1437	398
1436	398
1436	400
1435	400
1435	402
1434	402
1434	404
1433	404
1433	406
1432	406
1432	407
1431	407
1431	409
1430	409
1430	410
1429	410
1429	411
1428	411
1428	414
1427	414
1427	415
1426	415
1426	418
1425	418
1425	421
1426	421
1426	422
1425	422
1425	427
1424	427
1424	429
1425	429
1425	434
1424	434
1424	437
1423	437
1423	444
1422	444
1422	449
1421	449
1421	454
1420	454
1420	457
1419	457
1419	464
1418	464
1418	473
1417	473
1417	475
1414	475
1414	476
1412	476
1412	477
1411	477
1411	479
1405	479
1405	480
1402	480
1402	479
1401	479
1401	480
1400	480
1400	479
1399	479
1399	480
1396	480
1396	481
1395	481
1395	482
1394	482
1394	483
1393	483
1393	485
1392	485
1392	486
1390	486
1390	487
1389	487
1389	488
1386	488
1386	489
1385	489
1385	490
1379	490
1379	491
1378	491
1378	492
1377	492
1377	493
1374	493
1374	495
1373	495
1373	496
1372	496
1372	497
1369	497
1369	498
1365	498
1365	499
1363	499
1363	500
1349	500
1349	501
1341	501
1341	502
1340	502
1340	501
1338	501
1338	502
1333	502
1333	503
1332	503
1332	504
1331	504
1331	505
1329	505
1329	506
1328	506
1328	507
1327	507
1327	508
1326	508
1326	509
1325	509
1325	510
1323	510
1323	511
1322	511
1322	512
1320	512
1320	513
1318	513
1318	514
1316	514
1316	515
1315	515
1315	516
1312	516
1312	517
1309	517
1309	518
1307	518
1307	519
1304	519
1304	520
1302	520
1302	521
1298	521
1298	522
1297	522
1297	523
1294	523
1294	524
1291	524
1291	525
1288	525
1288	526
1287	526
1287	527
1285	527
1285	528
1284	528
1284	529
1282	529
1282	530
1280	530
1280	531
1278	531
1278	532
1276	532
1276	533
1274	533
1274	534
1272	534
1272	535
1269	535
1269	536
1265	536
1265	537
1262	537
1262	538
1258	538
1258	539
1256	539
1256	540
1254	540
1254	541
1253	541
1253	542
1251	542
1251	543
1248	543
1248	544
1247	544
1247	545
1242	545
1242	546
1239	546
1239	547
1237	547
1237	548
1236	548
1236	549
1233	549
1233	550
1232	550
1232	551
1230	551
1230	552
1228	552
1228	553
1227	553
1227	554
1225	554
1225	555
1223	555
1223	556
1221	556
1221	557
1220	557
1220	558
1218	558
1218	559
1216	559
1216	560
1214	560
1214	561
1211	561
1211	562
1210	562
1210	563
1208	563
1208	564
1206	564
1206	565
1203	565
1203	566
1202	566
1202	567
1203	567
1203	568
1201	568
1201	571
1200	571
1200	573
1199	573
1199	575
1198	575
1198	578
1197	578
1197	579
1190	579
1190	580
1188	580
1188	581
1186	581
1186	582
1185	582
1185	583
1183	583
1183	584
1171	584
1171	583
1152	583
1152	584
1145	584
1145	585
1144	585
1144	584
1143	584
1143	583
1142	583
1142	578
1141	578
1141	575
1140	575
1140	574
1139	574
1139	573
1138	573
1138	572
1137	572
1137	570
1136	570
1136	569
1134	569
1134	568
1133	568
1133	566
1132	566
1132	565
1131	565
1131	563
1130	563
1130	561
1129	561
1129	560
1128	560
1128	559
1127	559
1127	558
1126	558
1126	557
1125	557
1125	556
1124	556
1124	555
1123	555
1123	554
1122	554
1122	553
1121	553
1121	552
1120	552
1120	550
1119	550
1119	548
1118	548
1118	547
1117	547
1117	546
1116	546
1116	545
1115	545
1115	541
1114	541
1114	535
1113	535
1113	534
1114	534
1114	533
1113	533
1113	532
1112	532
1112	531
1111	531
1111	529
1110	529
1110	523
1109	523
1109	509
1108	509
1108	506
1107	506
1107	503
1106	503
1106	498
1107	498
1107	494
1109	494
1109	490
1110	490
1110	487
1111	487
1111	483
1110	483
1110	479
1109	479
1109	475
1108	475
1108	474
1107	474
1107	467
1109	467
1109	464
1110	464
1110	460
1111	460
1111	457
1110	457
1110	454
1111	454
1111	453
1110	453
1110	444
1109	444
1109	443
1108	443
1108	439
1106	439
1106	438
1105	438
1105	436
1104	436
1104	434
1103	434
1103	432
1102	432
1102	431
1100	431
1100	430
1099	430
1099	431
1094	431
1094	430
1093	430
1093	431
1088	431
1088	432
1087	432
1087	431
1084	431
1084	432
1077	432
1077	433
1076	433
1076	434
1074	434
1074	435
1073	435
1073	436
1064	436
1064	437
1063	437
1063	438
1061	438
1061	439
1059	439
1059	440
1058	440
1058	441
1056	441
1056	442
1055	442
1055	443
1054	443
1054	444
1053	444
1053	445
1052	445
1052	446
1050	446
1050	447
1049	447
1049	448
1047	448
1047	449
1045	449
1045	450
1044	450
1044	456
1045	456
1045	458
1046	458
1046	464
1045	464
1045	467
1046	467
1046	478
1045	478
1045	482
1044	482
1044	487
1043	487
1043	489
1042	489
1042	492
1041	492
1041	493
1040	493
1040	494
1031	494
1031	495
1029	495
1029	494
1028	494
1028	495
1024	495
1024	496
1023	496
1023	497
1021	497
1021	498
1020	498
1020	499
1018	499
1018	500
1014	500
1014	499
1013	499
1013	498
1012	498
1012	497
1011	497
1011	496
1010	496
1010	493
1009	493
1009	481
1008	481
1008	478
1007	478
1007	476
1006	476
1006	473
1005	473
1005	472
1004	472
1004	470
1003	470
1003	469
1001	469
1001	468
1000	468
1000	467
999	467
999	466
997	466
997	464
996	464
996	463
995	463
995	462
994	462
994	461
993	461
993	460
991	460
991	459
988	459
988	458
986	458
986	457
983	457
983	456
981	456
981	455
979	455
979	454
978	454
978	455
977	455
977	454
976	454
976	455
970	455
970	454
966	454
966	453
962	453
962	452
960	452
960	453
959	453
959	452
949	452
949	453
948	453
948	452
945	452
945	453
941	453
941	452
940	452
940	453
936	453
936	452
935	452
935	451
934	451
934	449
930	449
930	450
928	450
928	451
926	451
926	452
923	452
923	453
920	453
920	454
918	454
918	456
917	456
917	457
916	457
916	458
915	458
915	463
914	463
914	475
915	475
915	478
914	478
914	481
913	481
913	486
912	486
912	487
911	487
911	489
910	489
910	492
909	492
909	493
908	493
908	494
907	494
907	495
906	495
906	497
905	497
905	500
904	500
904	512
905	512
905	513
904	513
904	514
900	514
900	515
899	515
899	514
896	514
896	515
892	515
892	516
890	516
890	517
889	517
889	518
888	518
888	519
886	519
886	521
885	521
885	524
886	524
886	527
887	527
887	529
888	529
888	532
889	532
889	535
890	535
890	537
891	537
891	539
892	539
892	542
893	542
893	546
891	546
891	543
890	543
890	541
889	541
889	540
888	540
888	537
887	537
887	536
886	536
886	533
885	533
885	531
884	531
884	528
883	528
883	526
882	526
882	523
881	523
881	520
880	520
880	519
881	519
881	517
882	517
882	516
883	516
883	515
884	515
884	516
886	516
886	515
888	515
888	514
890	514
890	513
891	513
891	512
892	512
892	511
893	511
893	510
898	510
898	509
900	509
900	507
901	507
901	506
900	506
900	504
901	504
901	494
902	494
902	493
903	493
903	491
904	491
904	490
905	490
905	489
906	489
906	487
907	487
907	485
908	485
908	484
909	484
909	482
910	482
910	479
911	479
911	466
910	466
910	463
911	463
911	458
912	458
912	453
913	453
913	452
914	452
914	451
916	451
916	450
918	450
918	449
921	449
921	448
924	448
924	446
926	446
926	445
929	445
929	444
930	444
930	443
935	443
935	444
939	444
939	446
940	446
940	448
943	448
943	447
956	447
956	448
960	448
960	449
961	449
961	448
967	448
967	449
972	449
972	450
974	450
