891	604
892	604
892	605
891	605
891	607
892	607
892	613
893	613
893	616
894	616
894	619
895	619
895	622
896	622
896	625
897	625
897	632
898	632
898	635
897	635
897	639
899	639
899	640
905	640
905	641
906	641
906	642
907	642
907	643
908	643
908	645
909	645
909	646
910	646
910	647
911	647
911	649
912	649
912	650
913	650
913	651
915	651
915	654
916	654
916	655
917	655
917	656
918	656
918	658
919	658
919	659
920	659
920	661
921	661
921	663
922	663
922	665
923	665
923	669
924	669
924	670
925	670
925	673
926	673
926	676
927	676
927	681
928	681
928	686
929	686
929	690
930	690
930	697
931	697
931	699
932	699
932	700
933	700
933	701
939	701
939	702
942	702
942	703
943	703
943	704
944	704
944	706
943	706
943	707
946	707
946	709
947	709
947	710
948	710
948	711
955	711
955	712
956	712
956	713
957	713
957	714
958	714
958	716
959	716
959	717
960	717
960	718
961	718
961	717
962	717
962	718
964	718
964	719
966	719
966	720
967	720
967	721
969	721
969	722
970	722
970	723
977	723
977	724
980	724
980	725
982	725
982	726
991	726
991	727
996	727
996	728
997	728
997	727
998	727
998	728
1000	728
1000	727
1003	727
1003	726
1004	726
1004	725
1006	725
1006	726
1005	726
1005	729
1007	729
1007	731
1008	731
1008	734
1011	734
1011	735
1015	735
1015	736
1016	736
1016	737
1019	737
1019	738
1020	738
1020	739
1022	739
1022	740
1024	740
1024	739
1027	739
1027	738
1028	738
1028	737
1029	737
1029	736
1030	736
1030	734
1031	734
1031	733
1032	733
1032	731
1034	731
1034	729
1035	729
1035	728
1038	728
1038	727
1040	727
1040	726
1044	726
1044	725
1045	725
1045	724
1048	724
1048	723
1051	723
1051	722
1052	722
1052	723
1053	723
1053	722
1063	722
1063	723
1065	723
1065	722
1069	722
1069	723
1070	723
1070	724
1071	724
1071	725
1074	725
1074	726
1100	726
1100	727
1101	727
1101	726
1107	726
1107	725
1108	725
1108	724
1109	724
1109	723
1111	723
1111	722
1114	722
1114	721
1117	721
1117	720
1119	720
1119	719
1128	719
1128	718
1132	718
1132	717
1134	717
1134	716
1137	716
1137	715
1139	715
1139	714
1144	714
1144	713
1149	713
1149	712
1157	712
1157	711
1162	711
1162	710
1168	710
1168	709
1169	709
1169	708
1171	708
1171	707
1175	707
1175	706
1178	706
1178	705
1182	705
1182	704
1184	704
1184	705
1183	705
1183	710
1184	710
1184	713
1183	713
1183	715
1184	715
1184	716
1183	716
1183	720
1184	720
1184	724
1183	724
1183	726
1184	726
1184	731
1183	731
1183	739
1184	739
1184	740
1183	740
1183	753
1184	753
1184	754
1183	754
1183	761
1182	761
1182	763
1183	763
1183	764
1182	764
1182	769
1181	769
1181	779
1180	779
1180	781
1181	781
1181	810
1180	810
1180	815
1181	815
1181	816
1180	816
1180	841
1181	841
1181	860
1182	860
1182	862
1185	862
1185	865
1186	865
1186	866
1187	866
1187	867
1190	867
1190	868
1191	868
1191	869
1193	869
1193	870
1194	870
1194	871
1195	871
1195	872
1198	872
1198	873
1199	873
1199	874
1200	874
1200	875
1201	875
1201	876
1203	876
1203	877
1207	877
1207	878
1208	878
1208	879
1213	879
1213	880
1215	880
1215	881
1217	881
1217	882
1218	882
1218	881
1219	881
1219	883
1223	883
1223	884
1224	884
1224	885
1227	885
1227	886
1229	886
1229	887
1231	887
1231	888
1234	888
1234	889
1240	889
1240	890
1247	890
1247	891
1249	891
1249	890
1251	890
1251	891
1253	891
1253	890
1255	890
1255	891
1260	891
1260	892
1262	892
1262	893
1263	893
1263	894
1265	894
1265	895
1267	895
1267	896
1269	896
1269	897
1272	897
1272	898
1274	898
1274	899
1275	899
1275	900
1277	900
1277	901
1279	901
1279	902
1283	902
1283	903
1285	903
1285	904
1287	904
1287	905
1291	905
1291	906
1293	906
1293	907
1295	907
1295	909
1304	909
1304	908
1305	908
1305	907
1306	907
1306	906
1307	906
1307	904
1308	904
1308	902
1309	902
1309	901
1310	901
1310	900
1312	900
1312	899
1314	899
1314	898
1318	898
1318	897
1319	897
1319	898
1321	898
1321	896
1324	896
1324	895
1326	895
1326	894
1327	894
1327	893
1328	893
1328	891
1330	891
1330	888
1331	888
1331	887
1332	887
1332	886
1333	886
1333	885
1335	885
1335	884
1336	884
1336	883
1337	883
1337	880
1339	880
1339	879
1338	879
1338	876
1339	876
1339	873
1340	873
1340	870
1341	870
1341	868
1342	868
1342	867
1343	867
1343	866
1345	866
1345	865
1346	865
1346	864
1348	864
1348	863
1349	863
1349	861
1350	861
1350	860
1351	860
1351	858
1352	858
1352	855
1353	855
1353	854
1354	854
1354	851
1355	851
1355	848
1356	848
1356	847
1358	847
1358	846
1359	846
1359	845
1360	845
1360	844
1361	844
1361	843
1362	843
1362	842
1363	842
1363	840
1364	840
1364	839
1370	839
1370	838
1376	838
1376	837
1386	837
1386	836
1387	836
1387	835
1388	835
1388	834
1389	834
1389	833
1391	833
1391	834
1392	834
1392	836
1394	836
1394	838
1396	838
1396	839
1397	839
1397	841
1398	841
1398	843
1399	843
1399	844
1400	844
1400	846
1401	846
1401	850
1402	850
1402	853
1403	853
1403	858
1404	858
1404	864
1405	864
1405	869
1406	869
1406	870
1410	870
1410	869
1415	869
1415	870
1416	870
1416	871
1415	871
1415	883
1416	883
1416	886
1417	886
1417	888
1418	888
1418	889
1419	889
1419	890
1420	890
1420	891
1422	891
1422	892
1423	892
1423	893
1424	893
1424	894
1426	894
1426	895
1427	895
1427	896
1428	896
1428	897
1429	897
1429	898
1430	898
1430	899
1431	899
1431	901
1433	901
1433	903
1434	903
1434	904
1435	904
1435	905
1437	905
1437	907
1439	907
1439	908
1440	908
1440	909
1441	909
1441	910
1442	910
1442	911
1443	911
1443	912
1445	912
1445	911
1446	911
1446	910
1447	910
1447	909
1448	909
1448	907
1449	907
1449	908
1451	908
1451	909
1453	909
1453	910
1457	910
1457	911
1465	911
1465	910
1471	910
1471	909
1472	909
1472	910
1482	910
1482	911
1485	911
1485	910
1488	910
1488	909
1492	909
1492	910
1495	910
1495	911
1496	911
1496	910
1498	910
1498	909
1499	909
1499	908
1500	908
1500	901
1499	901
1499	899
1500	899
1500	893
1501	893
1501	892
1500	892
1500	891
1501	891
1501	890
1500	890
1500	881
1499	881
1499	880
1500	880
1500	866
1501	866
1501	855
1502	855
1502	852
1503	852
1503	848
1504	848
1504	846
1505	846
1505	845
1506	845
1506	843
1507	843
1507	842
1508	842
1508	841
1509	841
1509	840
1510	840
1510	839
1511	839
1511	838
1512	838
1512	837
1514	837
1514	836
1515	836
1515	835
1517	835
1517	834
1520	834
1520	833
1525	833
1525	832
1526	832
1526	831
1527	831
1527	829
1528	829
1528	826
1529	826
1529	824
1530	824
1530	819
1529	819
1529	808
1528	808
1528	801
1527	801
1527	791
1528	791
1528	788
1529	788
1529	786
1530	786
1530	785
1531	785
1531	782
1532	782
1532	781
1533	781
1533	779
1534	779
1534	778
1535	778
1535	776
1536	776
1536	775
1542	775
1542	774
1543	774
1543	775
1546	775
1546	774
1548	774
1548	775
1565	775
1565	776
1572	776
1572	777
1575	777
1575	778
1576	778
1576	777
1577	777
1577	778
1582	778
1582	779
1584	779
1584	780
1586	780
1586	781
1587	781
1587	782
1588	782
1588	783
1589	783
1589	784
1590	784
1590	785
1591	785
1591	786
1599	786
1599	787
1601	787
1601	788
1606	788
1606	790
1605	790
1605	791
1606	791
1606	790
1610	790
1610	791
1611	791
1611	792
1612	792
1612	793
1614	793
1614	794
1623	794
1623	793
1624	793
1624	792
1625	792
1625	789
1626	789
1626	788
1625	788
1625	787
1624	787
1624	786
1623	786
1623	785
1621	785
1621	786
1619	786
1619	787
1617	787
1617	786
1616	786
1616	787
1613	787
1613	786
1611	786
1611	785
1609	785
1609	784
1607	784
1607	783
1606	783
1606	782
1603	782
1603	781
1601	781
1601	780
1596	780
1596	779
1591	779
1591	778
1589	778
1589	777
1587	777
1587	776
1585	776
1585	775
1584	775
1584	774
1580	774
1580	773
1578	773
1578	772
1575	772
1575	771
1574	771
1574	772
1572	772
1572	771
1568	771
1568	770
1562	770
1562	769
1555	769
1555	768
1547	768
1547	767
1543	767
1543	768
1541	768
1541	767
1535	767
1535	768
1533	768
1533	769
1532	769
1532	771
1531	771
1531	773
1530	773
1530	775
1529	775
1529	777
1528	777
1528	778
1527	778
1527	779
1526	779
1526	782
1525	782
1525	783
1524	783
1524	785
1523	785
1523	789
1522	789
1522	795
1521	795
1521	804
1522	804
1522	807
1523	807
1523	808
1522	808
1522	809
1523	809
1523	810
1522	810
1522	820
1521	820
1521	822
1522	822
1522	825
1521	825
1521	826
1518	826
1518	827
1515	827
1515	828
1513	828
1513	829
1512	829
1512	830
1510	830
1510	831
1509	831
1509	832
1507	832
1507	834
1506	834
1506	835
1505	835
1505	836
1504	836
1504	837
1503	837
1503	838
1502	838
1502	840
1501	840
1501	841
1500	841
1500	842
1499	842
1499	844
1498	844
1498	847
1497	847
1497	853
1496	853
1496	858
1495	858
1495	877
1494	877
1494	878
1495	878
1495	894
1494	894
1494	902
1493	902
1493	903
1480	903
1480	904
1474	904
1474	905
1454	905
1454	904
1451	904
1451	903
1448	903
1448	902
1447	902
1447	901
1445	901
1445	900
1443	900
1443	899
1442	899
1442	898
1441	898
1441	896
1440	896
1440	895
1439	895
1439	893
1438	893
1438	892
1436	892
1436	891
1435	891
1435	890
1434	890
1434	889
1432	889
1432	888
1429	888
1429	889
1428	889
1428	888
1426	888
1426	887
1425	887
1425	886
1423	886
1423	884
1422	884
1422	882
1421	882
1421	879
1420	879
1420	878
1421	878
1421	877
1420	877
1420	876
1421	876
1421	875
1420	875
1420	874
1421	874
1421	868
1422	868
1422	865
1421	865
1421	863
1420	863
1420	862
1419	862
1419	861
1412	861
1412	862
1411	862
1411	861
1410	861
1410	855
1409	855
1409	851
1408	851
1408	848
1407	848
1407	846
1406	846
1406	842
1405	842
1405	840
1404	840
1404	838
1403	838
1403	837
1402	837
1402	836
1401	836
1401	835
1400	835
1400	834
1399	834
1399	832
1397	832
1397	831
1396	831
1396	830
1395	830
1395	829
1394	829
1394	828
1393	828
1393	827
1392	827
1392	826
1391	826
1391	825
1390	825
1390	824
1389	824
1389	823
1388	823
1388	822
1387	822
1387	821
1386	821
1386	819
1385	819
1385	820
1383	820
1383	819
1382	819
1382	818
1381	818
1381	817
1377	817
1377	818
1376	818
1376	821
1375	821
1375	822
1374	822
1374	824
1375	824
1375	827
1376	827
1376	829
1378	829
1378	830
1377	830
1377	831
1375	831
1375	832
1373	832
1373	833
1368	833
1368	834
1363	834
1363	835
1361	835
1361	836
1359	836
1359	837
1357	837
1357	839
1355	839
1355	840
1354	840
1354	842
1353	842
1353	843
1352	843
1352	844
1351	844
1351	846
1350	846
1350	848
1349	848
1349	849
1348	849
1348	851
1347	851
1347	853
1346	853
1346	854
1345	854
1345	856
1344	856
1344	858
1343	858
1343	859
1342	859
1342	860
1341	860
1341	861
1340	861
1340	862
1338	862
1338	863
1337	863
1337	864
1336	864
1336	868
1335	868
1335	870
1334	870
1334	875
1332	875
1332	878
1331	878
1331	879
1330	879
1330	880
1329	880
1329	879
1328	879
1328	883
1327	883
1327	884
1325	884
1325	886
1323	886
1323	887
1322	887
1322	888
1321	888
1321	889
1320	889
1320	890
1319	890
1319	891
1318	891
1318	892
1313	892
1313	893
1309	893
1309	894
1308	894
1308	895
1306	895
1306	896
1305	896
1305	897
1304	897
1304	898
1303	898
1303	899
1302	899
1302	900
1301	900
1301	901
1294	901
1294	900
1292	900
1292	899
1289	899
1289	898
1287	898
1287	897
1285	897
1285	896
1282	896
1282	895
1277	895
1277	894
1275	894
1275	893
1272	893
1272	892
1270	892
1270	891
1268	891
1268	890
1266	890
1266	889
1265	889
1265	888
1261	888
1261	887
1259	887
1259	886
1255	886
1255	885
1253	885
1253	884
1247	884
1247	883
1240	883
1240	882
1232	882
1232	881
1229	881
1229	880
1226	880
1226	879
1222	879
1222	878
1221	878
1221	877
1218	877
1218	876
1213	876
1213	875
1212	875
1212	874
1211	874
1211	873
1208	873
1208	872
1206	872
1206	871
1205	871
1205	870
1204	870
1204	871
1203	871
1203	870
1202	870
1202	869
1200	869
1200	868
1198	868
1198	867
1196	867
1196	866
1195	866
1195	865
1194	865
1194	864
1192	864
1192	863
1191	863
1191	862
1189	862
1189	860
1187	860
1187	851
1186	851
1186	849
1187	849
1187	836
1186	836
1186	829
1187	829
1187	814
1186	814
1186	813
1187	813
1187	783
1186	783
1186	782
1187	782
1187	774
1188	774
1188	759
1189	759
1189	751
1190	751
1190	746
1189	746
1189	744
1190	744
1190	724
1191	724
1191	721
1190	721
1190	709
1192	709
1192	705
1191	705
1191	704
1194	704
1194	705
1197	705
1197	706
1202	706
1202	705
1203	705
1203	700
1202	700
1202	698
1200	698
1200	697
1198	697
1198	696
1197	696
1197	694
1196	694
1196	693
1193	693
1193	695
1192	695
1192	698
1193	698
1193	699
1176	699
1176	700
1170	700
1170	701
1168	701
1168	702
1166	702
1166	703
1161	703
1161	704
1157	704
1157	705
1156	705
1156	704
1154	704
1154	705
1152	705
1152	706
1150	706
1150	705
1149	705
1149	706
1147	706
1147	705
1146	705
1146	706
1143	706
1143	707
1141	707
1141	708
1138	708
1138	709
1134	709
1134	710
1130	710
1130	711
1128	711
1128	712
1123	712
1123	713
1121	713
1121	714
1116	714
1116	715
1113	715
1113	716
1111	716
1111	717
1109	717
1109	716
1108	716
1108	717
1107	717
1107	718
1105	718
1105	719
1093	719
1093	720
1092	720
1092	719
1091	719
1091	720
1084	720
1084	719
1080	719
1080	718
1079	718
1079	719
1076	719
1076	718
1071	718
1071	717
1069	717
1069	716
1067	716
1067	715
1056	715
1056	716
1046	716
1046	717
1043	717
1043	718
1041	718
1041	719
1039	719
1039	720
1036	720
1036	721
1034	721
1034	722
1033	722
1033	723
1032	723
1032	724
1030	724
1030	725
1029	725
1029	726
1028	726
1028	727
1027	727
1027	729
1026	729
1026	730
1025	730
1025	731
1024	731
1024	732
1022	732
1022	733
1021	733
1021	732
1019	732
1019	731
1017	731
1017	730
1015	730
1015	729
1014	729
1014	728
1011	728
1011	727
1009	727
1009	726
1008	726
1008	725
1006	725
1006	724
1005	724
1005	722
1004	722
1004	721
1003	721
1003	720
1001	720
1001	719
1000	719
1000	720
992	720
992	719
983	719
983	718
981	718
981	717
979	717
979	716
973	716
973	715
970	715
970	714
968	714
968	713
967	713
967	712
965	712
965	711
962	711
962	710
961	710
961	709
960	709
960	707
959	707
959	706
957	706
957	705
954	705
954	704
952	704
952	705
951	705
951	704
950	704
950	703
949	703
949	702
948	702
948	700
947	700
947	698
946	698
946	697
945	697
945	696
943	696
943	695
940	695
940	694
938	694
938	693
937	693
937	692
936	692
936	687
935	687
935	681
934	681
934	678
933	678
933	677
932	677
932	676
933	676
933	675
932	675
932	670
931	670
931	666
930	666
930	663
929	663
929	662
928	662
928	661
927	661
927	660
926	660
926	656
925	656
925	654
924	654
924	652
923	652
923	651
922	651
922	649
921	649
921	648
920	648
920	647
919	647
919	646
917	646
917	645
916	645
916	644
915	644
915	642
914	642
914	641
913	641
913	640
912	640
912	639
911	639
911	638
910	638
910	636
909	636
909	634
907	634
907	632
906	632
906	633
905	633
905	632
904	632
904	628
903	628
903	624
902	624
902	621
901	621
901	617
900	617
900	614
899	614
899	608
898	608
898	607
897	607
897	605
896	605
896	599
895	599
895	593
894	593
894	586
895	586
895	585
891	585
891	586
889	586
889	584
888	584
888	580
886	580
886	578
885	578
885	577
883	577
883	576
880	576
880	577
879	577
879	580
880	580
880	581
881	581
881	584
878	584
878	585
877	585
877	586
876	586
876	585
874	585
874	586
871	586
871	587
870	587
870	588
869	588
869	589
868	589
868	590
866	590
866	591
864	591
864	592
850	592
850	593
849	593
849	592
848	592
848	593
837	593
837	592
833	592
833	591
827	591
827	590
826	590
826	589
824	589
824	587
823	587
823	586
822	586
822	585
820	585
820	583
818	583
818	582
817	582
817	580
816	580
816	577
815	577
815	576
814	576
814	575
811	575
811	574
808	574
808	573
804	573
804	572
797	572
797	571
788	571
788	572
786	572
786	573
785	573
785	574
784	574
784	575
783	575
783	576
782	576
782	578
781	578
781	579
780	579
780	582
779	582
779	583
778	583
778	582
775	582
775	583
773	583
773	584
771	584
771	585
769	585
769	586
766	586
766	588
764	588
764	590
763	590
763	591
762	591
762	592
761	592
761	594
760	594
760	601
759	601
759	609
760	609
760	612
761	612
761	614
762	614
762	620
763	620
763	621
762	621
762	622
763	622
763	626
762	626
762	629
763	629
763	630
762	630
762	635
761	635
761	638
758	638
758	637
754	637
754	636
753	636
753	635
751	635
751	633
749	633
749	632
748	632
748	631
747	631
747	630
746	630
746	629
743	629
743	628
740	628
740	627
736	627
736	626
733	626
733	625
732	625
732	624
730	624
730	623
729	623
729	622
726	622
726	621
723	621
723	620
716	620
716	621
715	621
715	620
713	620
713	622
708	622
708	623
705	623
705	624
704	624
704	625
703	625
703	626
702	626
702	627
701	627
701	628
699	628
699	629
698	629
698	631
697	631
697	633
696	633
696	634
695	634
695	635
694	635
694	640
693	640
693	642
691	642
691	644
690	644
690	645
684	645
684	646
674	646
674	647
668	647
668	646
663	646
663	645
660	645
660	644
657	644
657	643
655	643
655	642
654	642
654	643
653	643
653	642
650	642
650	641
647	641
647	640
644	640
644	639
642	639
642	638
640	638
640	637
639	637
639	636
637	636
637	635
634	635
634	634
632	634
632	633
629	633
629	632
622	632
622	633
621	633
621	632
620	632
620	631
615	631
615	632
614	632
614	631
610	631
610	630
609	630
609	627
608	627
608	617
609	617
609	613
610	613
610	610
611	610
611	608
612	608
612	606
613	606
613	604
614	604
614	602
615	602
615	601
614	601
614	593
613	593
613	591
614	591
614	590
613	590
613	589
614	589
614	584
615	584
615	578
616	578
616	576
615	576
615	575
616	575
616	574
617	574
617	573
616	573
616	572
615	572
615	571
614	571
614	570
613	570
613	569
612	569
612	568
611	568
611	567
610	567
610	566
608	566
608	565
596	565
596	564
595	564
595	563
593	563
593	562
592	562
592	560
591	560
591	557
590	557
590	556
588	556
588	555
587	555
587	554
586	554
586	553
585	553
585	552
584	552
584	549
583	549
583	548
581	548
581	547
579	547
579	546
578	546
578	545
569	545
569	543
568	543
568	542
567	542
567	540
566	540
566	539
564	539
564	538
563	538
563	536
561	536
561	535
560	535
560	534
558	534
558	533
556	533
556	532
545	532
545	531
544	531
544	530
543	530
543	529
541	529
541	527
539	527
539	526
537	526
537	525
536	525
536	524
535	524
535	523
531	523
531	522
530	522
530	520
529	520
529	518
528	518
528	516
527	516
527	515
526	515
526	509
525	509
525	504
527	504
527	502
528	502
528	501
529	501
529	498
530	498
530	491
531	491
531	487
532	487
532	483
533	483
533	481
534	481
534	480
535	480
535	477
536	477
536	474
537	474
537	473
538	473
538	472
537	472
537	465
536	465
536	459
535	459
535	458
534	458
534	457
533	457
533	456
528	456
528	455
522	455
522	454
520	454
520	453
519	453
519	450
518	450
518	449
517	449
517	447
516	447
516	446
517	446
517	445
516	445
516	442
515	442
515	438
514	438
514	435
515	435
515	432
516	432
516	431
517	431
517	426
516	426
516	425
513	425
513	424
512	424
512	423
510	423
510	422
508	422
508	421
506	421
506	420
505	420
505	421
504	421
504	420
503	420
503	421
502	421
502	420
498	420
498	421
496	421
496	422
489	422
489	423
487	423
487	424
484	424
484	425
483	425
483	427
482	427
482	428
481	428
481	429
480	429
480	430
479	430
479	425
478	425
478	416
477	416
477	413
476	413
476	411
475	411
475	409
474	409
474	407
473	407
473	405
472	405
472	403
471	403
471	402
470	402
470	401
468	401
468	400
467	400
467	399
466	399
466	397
465	397
465	396
463	396
463	394
461	394
461	393
459	393
459	392
457	392
457	391
452	391
452	390
451	390
451	391
450	391
450	392
449	392
449	393
448	393
448	394
447	394
447	396
443	396
443	393
442	393
442	390
441	390
441	389
440	389
440	387
439	387
439	384
438	384
438	383
437	383
437	379
436	379
436	378
437	378
437	377
436	377
436	376
433	376
433	375
431	375
431	374
430	374
430	373
429	373
429	374
428	374
428	373
426	373
426	372
425	372
425	373
424	373
424	371
423	371
423	369
422	369
422	368
421	368
421	367
420	367
420	366
419	366
419	365
417	365
417	363
413	363
413	364
412	364
412	366
411	366
411	371
408	371
408	372
407	372
407	371
405	371
405	372
404	372
404	371
402	371
402	370
401	370
401	369
400	369
400	367
399	367
399	366
398	366
398	364
397	364
397	362
396	362
396	353
395	353
395	352
393	352
393	351
392	351
392	350
387	350
387	349
386	349
386	347
385	347
385	348
380	348
380	347
381	347
381	345
382	345
382	340
383	340
383	339
381	339
381	336
380	336
380	333
379	333
379	332
378	332
378	330
376	330
376	329
372	329
372	328
370	328
370	329
367	329
367	328
366	328
366	329
364	329
364	328
363	328
363	322
362	322
362	321
363	321
363	317
362	317
362	315
363	315
363	314
362	314
362	313
361	313
361	311
360	311
360	310
358	310
358	309
356	309
356	308
354	308
354	307
352	307
352	306
345	306
345	301
344	301
344	300
343	300
343	297
342	297
342	296
341	296
341	295
340	295
340	290
339	290
339	288
338	288
338	287
337	287
337	286
336	286
336	285
335	285
335	284
334	284
334	283
333	283
333	282
332	282
332	281
330	281
330	280
327	280
327	279
314	279
314	278
313	278
313	272
312	272
312	271
313	271
313	268
312	268
312	267
313	267
313	266
312	266
312	258
313	258
313	257
312	257
312	253
311	253
311	248
310	248
310	240
309	240
309	237
308	237
308	231
307	231
307	227
306	227
306	219
307	219
307	212
308	212
308	202
309	202
309	198
310	198
310	193
311	193
311	191
312	191
312	185
313	185
313	181
314	181
314	179
315	179
315	175
314	175
314	174
313	174
313	173
312	173
312	171
311	171
311	170
303	170
303	169
302	169
302	167
301	167
301	166
296	166
296	167
293	167
293	166
282	166
282	167
281	167
281	166
280	166
280	165
279	165
279	164
278	164
278	162
277	162
277	161
276	161
276	159
275	159
275	151
276	151
276	148
275	148
275	147
274	147
274	146
273	146
273	145
272	145
272	144
270	144
270	143
268	143
268	142
266	142
266	143
265	143
265	142
249	142
249	141
248	141
248	140
246	140
246	139
243	139
243	138
242	138
242	139
241	139
241	138
238	138
238	137
236	137
236	138
232	138
232	139
231	139
231	140
230	140
230	141
229	141
229	143
228	143
228	146
226	146
226	148
225	148
225	149
224	149
224	152
223	152
223	156
222	156
222	157
221	157
221	160
220	160
220	161
218	161
218	162
216	162
216	163
215	163
215	164
214	164
214	165
213	165
213	166
212	166
212	168
208	168
208	169
204	169
204	170
203	170
203	171
200	171
200	172
199	172
199	173
198	173
198	174
195	174
195	176
194	176
194	177
191	177
191	178
189	178
189	179
188	179
188	180
187	180
187	181
186	181
186	183
185	183
185	185
184	185
184	187
183	187
183	189
182	189
182	191
181	191
181	198
180	198
180	199
179	199
179	200
174	200
174	199
172	199
172	200
171	200
171	199
169	199
169	200
163	200
163	199
156	199
156	194
155	194
155	190
154	190
154	188
153	188
153	185
152	185
152	183
151	183
151	179
150	179
150	178
151	178
151	177
150	177
150	173
149	173
149	168
148	168
148	161
149	161
149	158
150	158
150	154
151	154
151	149
150	149
150	148
146	148
146	147
142	147
142	146
141	146
141	147
139	147
139	145
138	145
138	140
137	140
137	139
136	139
136	136
135	136
135	133
134	133
134	131
133	131
133	130
132	130
132	128
131	128
131	127
126	127
126	126
122	126
122	127
120	127
120	126
119	126
119	127
116	127
116	123
115	123
115	112
114	112
114	110
113	110
113	108
112	108
112	107
111	107
111	105
110	105
110	104
109	104
109	103
107	103
107	102
106	102
106	103
103	103
103	102
102	102
102	103
100	103
100	102
99	102
99	103
91	103
91	102
89	102
89	103
83	103
83	102
80	102
80	103
72	103
72	104
70	104
70	103
67	103
67	91
66	91
66	85
65	85
65	82
64	82
64	80
63	80
63	79
64	79
64	78
62	78
62	80
61	80
61	82
60	82
60	83
61	83
61	86
60	86
60	88
61	88
61	89
60	89
60	95
61	95
61	100
62	100
62	109
63	109
63	110
64	110
64	109
67	109
67	110
68	110
68	109
71	109
71	110
73	110
73	109
88	109
88	108
90	108
90	109
96	109
96	108
97	108
97	109
105	109
105	110
106	110
106	111
107	111
107	113
108	113
108	115
107	115
107	116
108	116
108	117
107	117
107	121
108	121
108	125
109	125
109	126
108	126
108	127
109	127
109	132
110	132
110	133
125	133
125	134
127	134
127	137
128	137
128	138
129	138
129	139
130	139
130	142
131	142
131	146
132	146
132	150
133	150
133	152
134	152
134	153
135	153
135	154
143	154
143	156
144	156
144	157
143	157
143	159
142	159
142	160
143	160
143	162
142	162
142	169
143	169
143	170
142	170
142	171
143	171
143	178
144	178
144	184
145	184
145	187
146	187
146	190
147	190
147	191
148	191
148	195
149	195
149	198
150	198
150	204
151	204
151	206
163	206
163	207
165	207
165	206
180	206
180	205
181	205
181	204
183	204
183	203
184	203
184	202
185	202
185	199
186	199
186	198
187	198
187	192
188	192
188	189
189	189
189	187
190	187
190	185
191	185
191	183
193	183
193	182
197	182
197	181
198	181
198	180
199	180
199	179
200	179
200	178
202	178
202	177
205	177
205	176
206	176
206	175
209	175
209	174
211	174
211	173
214	173
214	172
215	172
215	171
216	171
216	170
218	170
218	169
219	169
219	168
220	168
220	167
221	167
221	166
222	166
222	165
224	165
224	164
226	164
226	163
225	163
225	162
226	162
226	161
227	161
227	160
228	160
228	159
229	159
229	154
230	154
230	151
231	151
231	150
232	150
232	149
233	149
233	148
234	148
234	146
235	146
235	145
241	145
241	146
244	146
244	147
245	147
245	148
247	148
247	149
267	149
267	151
268	151
268	152
269	152
269	154
268	154
268	155
269	155
269	159
270	159
270	162
271	162
271	166
272	166
272	167
273	167
273	169
274	169
274	171
275	171
275	172
276	172
276	173
292	173
292	174
294	174
294	173
295	173
295	174
296	174
296	176
298	176
298	177
307	177
307	182
306	182
306	188
305	188
305	190
304	190
304	195
303	195
303	205
302	205
302	214
301	214
301	219
300	219
300	225
299	225
299	226
300	226
300	231
301	231
301	234
302	234
302	238
303	238
303	245
304	245
304	248
305	248
305	249
304	249
304	250
305	250
305	256
306	256
306	269
307	269
307	279
308	279
308	282
307	282
307	284
308	284
308	285
310	285
310	286
311	286
311	285
313	285
313	286
316	286
316	285
323	285
323	286
326	286
326	287
328	287
328	288
329	288
329	289
330	289
330	290
331	290
331	292
333	292
333	294
334	294
334	298
335	298
335	299
336	299
336	301
337	301
337	302
338	302
338	306
339	306
339	312
340	312
340	313
342	313
342	314
343	314
343	313
344	313
344	314
345	314
345	313
348	313
348	314
352	314
352	315
354	315
354	316
355	316
355	317
356	317
356	328
357	328
357	335
359	335
359	336
372	336
372	337
373	337
373	339
374	339
374	340
375	340
375	342
376	342
376	343
375	343
375	346
374	346
374	348
372	348
372	350
371	350
371	352
372	352
372	355
377	355
377	354
378	354
378	355
386	355
386	357
389	357
389	358
390	358
390	360
389	360
389	362
390	362
390	366
391	366
391	367
392	367
392	369
393	369
393	370
394	370
394	371
395	371
395	374
396	374
396	376
397	376
397	377
398	377
398	378
400	378
400	379
402	379
402	378
403	378
403	379
405	379
405	378
406	378
406	379
413	379
413	378
414	378
414	377
415	377
415	376
416	376
416	375
418	375
418	378
419	378
419	379
421	379
421	380
427	380
427	381
430	381
430	383
431	383
431	385
432	385
432	386
433	386
433	388
434	388
434	391
435	391
435	393
436	393
436	394
437	394
437	397
438	397
438	404
439	404
439	405
445	405
445	404
447	404
447	403
448	403
448	402
450	402
450	401
451	401
451	400
452	400
452	398
456	398
456	399
457	399
457	400
459	400
459	401
460	401
460	402
461	402
461	403
462	403
462	404
463	404
463	405
464	405
464	406
465	406
465	407
466	407
466	408
467	408
467	409
468	409
468	411
469	411
469	413
470	413
470	414
471	414
471	420
472	420
472	423
473	423
473	424
472	424
472	425
473	425
473	429
474	429
474	430
473	430
473	432
472	432
472	436
473	436
473	437
474	437
474	438
475	438
475	437
481	437
481	436
483	436
483	434
484	434
484	433
485	433
485	432
486	432
486	431
487	431
487	430
493	430
493	429
498	429
498	428
507	428
507	429
509	429
509	434
508	434
508	439
509	439
509	444
510	444
510	445
509	445
509	446
510	446
510	447
511	447
511	449
512	449
512	452
513	452
513	453
512	453
512	454
513	454
513	457
512	457
512	458
513	458
513	460
517	460
517	461
522	461
522	462
529	462
529	464
530	464
530	466
531	466
531	470
532	470
532	471
531	471
531	476
530	476
530	478
529	478
529	481
528	481
528	483
527	483
527	484
526	484
526	490
525	490
525	497
524	497
524	498
522	498
522	499
521	499
521	500
520	500
520	512
521	512
521	515
522	515
522	517
523	517
523	518
524	518
524	523
525	523
525	524
526	524
526	528
527	528
527	529
529	529
529	530
535	530
535	531
536	531
536	532
537	532
537	533
538	533
538	534
539	534
539	535
541	535
541	538
543	538
543	539
558	539
558	540
559	540
559	541
560	541
560	543
561	543
561	545
562	545
562	547
563	547
563	548
564	548
564	550
566	550
566	551
567	551
567	552
571	552
571	553
572	553
572	552
573	552
573	553
575	553
575	552
579	552
579	554
580	554
580	558
582	558
582	559
583	559
583	560
585	560
585	562
586	562
586	565
587	565
587	566
588	566
588	567
589	567
589	568
590	568
590	569
592	569
592	570
593	570
593	571
594	571
594	572
595	572
595	573
602	573
602	572
606	572
606	573
607	573
607	574
609	574
609	584
608	584
608	595
609	595
609	602
608	602
608	604
607	604
607	607
606	607
606	609
605	609
605	612
604	612
604	615
603	615
603	618
602	618
602	626
603	626
603	631
604	631
604	634
605	634
605	636
606	636
606	637
607	637
607	638
608	638
608	639
625	639
625	640
628	640
628	639
633	639
633	640
636	640
636	641
637	641
637	643
639	643
639	644
641	644
641	645
642	645
642	646
643	646
643	647
650	647
650	648
652	648
652	649
656	649
656	650
657	650
657	651
659	651
659	652
664	652
664	653
669	653
669	654
674	654
674	653
684	653
684	652
690	652
690	651
693	651
693	650
694	650
694	649
695	649
695	647
696	647
696	646
697	646
697	645
698	645
698	644
699	644
699	641
700	641
700	639
701	639
701	638
702	638
702	636
703	636
703	634
704	634
704	633
706	633
706	632
707	632
707	630
710	630
710	629
713	629
713	628
716	628
716	627
723	627
723	628
726	628
726	629
728	629
728	630
730	630
730	631
732	631
732	632
733	632
733	633
736	633
736	634
739	634
739	635
742	635
742	636
744	636
744	637
745	637
745	638
746	638
746	639
747	639
747	640
750	640
750	641
751	641
751	642
753	642
753	643
756	643
756	644
757	644
757	645
762	645
762	646
765	646
765	644
766	644
766	642
767	642
767	637
768	637
768	635
769	635
769	630
768	630
768	626
769	626
769	624
770	624
770	623
769	623
769	620
768	620
768	619
769	619
769	616
768	616
768	614
767	614
767	611
766	611
766	606
765	606
765	604
766	604
766	599
767	599
767	595
768	595
768	594
770	594
770	593
771	593
771	592
774	592
774	591
775	591
775	590
782	590
782	589
783	589
783	587
784	587
784	585
785	585
785	584
786	584
786	582
787	582
787	581
788	581
788	580
789	580
789	579
791	579
791	578
793	578
793	579
795	579
795	578
796	578
796	579
797	579
797	578
799	578
799	579
803	579
803	580
806	580
806	581
810	581
810	582
811	582
811	583
812	583
812	586
814	586
814	588
816	588
816	589
817	589
817	590
818	590
818	591
819	591
819	592
820	592
820	594
821	594
821	595
823	595
823	596
825	596
825	597
829	597
829	598
832	598
832	599
843	599
843	600
846	600
846	599
862	599
862	598
865	598
865	597
868	597
868	596
870	596
870	595
871	595
871	594
872	594
872	593
874	593
874	592
878	592
878	591
880	591
880	590
883	590
883	589
885	589
885	588
887	588
887	592
888	592
888	593
889	593
889	601
890	601
890	603
891	603
1895	859
1891	859
1891	860
1890	860
1890	861
1883	861
1883	860
1879	860
1879	859
1873	859
1873	858
1872	858
1872	859
1870	859
1870	858
1867	858
1867	857
1859	857
1859	858
1858	858
1858	857
1857	857
1857	856
1856	856
1856	857
1855	857
1855	856
1852	856
1852	855
1851	855
1851	856
1847	856
1847	855
1843	855
1843	856
1842	856
1842	855
1840	855
1840	853
1839	853
1839	852
1838	852
1838	850
1837	850
1837	849
1835	849
1835	848
1834	848
1834	847
1832	847
1832	846
1831	846
1831	845
1829	845
1829	844
1827	844
1827	843
1826	843
1826	842
1824	842
1824	841
1819	841
1819	840
1817	840
1817	841
1816	841
1816	842
1814	842
1814	843
1812	843
1812	844
1811	844
1811	845
1809	845
1809	846
1807	846
1807	847
1805	847
1805	848
1803	848
1803	849
1801	849
1801	850
1800	850
1800	851
1798	851
1798	852
1796	852
1796	853
1794	853
1794	854
1793	854
1793	855
1792	855
1792	856
1791	856
1791	857
1790	857
1790	858
1791	858
1791	859
1790	859
1790	860
1788	860
1788	861
1787	861
1787	864
1786	864
1786	865
1785	865
1785	868
1784	868
1784	869
1783	869
1783	870
1782	870
1782	871
1781	871
1781	872
1780	872
1780	873
1775	873
1775	872
1772	872
1772	869
1771	869
1771	868
1770	868
1770	865
1771	865
1771	864
1770	864
1770	863
1769	863
1769	861
1768	861
1768	866
1767	866
1767	868
1766	868
1766	869
1762	869
1762	868
1761	868
1761	863
1760	863
1760	862
1761	862
1761	861
1762	861
1762	860
1761	860
1761	858
1762	858
1762	856
1761	856
1761	844
1759	844
1759	843
1760	843
1760	842
1759	842
1759	834
1758	834
1758	831
1759	831
1759	830
1758	830
1758	829
1757	829
1757	827
1758	827
1758	826
1757	826
1757	823
1756	823
1756	820
1755	820
1755	816
1754	816
1754	811
1753	811
1753	810
1754	810
1754	809
1753	809
1753	805
1752	805
1752	802
1751	802
1751	799
1750	799
1750	795
1749	795
1749	792
1748	792
1748	789
1749	789
1749	787
1750	787
1750	786
1751	786
1751	785
1755	785
1755	783
1745	783
1745	784
1738	784
1738	785
1735	785
1735	786
1731	786
1731	787
1729	787
1729	788
1727	788
1727	789
1725	789
1725	790
1724	790
1724	792
1723	792
1723	793
1719	793
1719	794
1718	794
1718	795
1713	795
1713	794
1712	794
1712	793
1708	793
1708	792
1707	792
1707	793
1706	793
1706	792
1702	792
1702	791
1700	791
1700	792
1693	792
1693	793
1685	793
1685	794
1684	794
1684	795
1682	795
1682	796
1680	796
1680	798
1678	798
1678	799
1677	799
1677	800
1676	800
1676	801
1675	801
1675	803
1674	803
1674	805
1673	805
1673	807
1672	807
1672	808
1671	808
1671	809
1670	809
1670	810
1671	810
1671	811
1670	811
1670	813
1669	813
1669	818
1668	818
1668	821
1669	821
1669	826
1670	826
1670	827
1669	827
1669	831
1668	831
1668	833
1667	833
1667	855
1668	855
1668	866
1667	866
1667	869
1666	869
1666	870
1665	870
1665	871
1660	871
1660	870
1657	870
1657	869
1656	869
1656	868
1654	868
1654	867
1653	867
1653	865
1652	865
1652	864
1651	864
1651	863
1650	863
1650	861
1649	861
1649	860
1648	860
1648	857
1647	857
1647	854
1646	854
1646	849
1645	849
1645	848
1646	848
1646	847
1645	847
1645	845
1646	845
1646	844
1648	844
1648	847
1649	847
1649	848
1650	848
1650	851
1651	851
1651	852
1652	852
1652	855
1653	855
1653	857
1654	857
1654	859
1655	859
1655	861
1656	861
1656	862
1658	862
1658	863
1660	863
1660	864
1662	864
1662	835
1663	835
1663	817
1664	817
1664	814
1665	814
1665	811
1666	811
1666	806
1667	806
1667	804
1668	804
1668	802
1669	802
1669	799
1670	799
1670	797
1671	797
1671	796
1672	796
1672	795
1673	795
1673	794
1674	794
1674	793
1675	793
1675	792
1677	792
1677	790
1678	790
1678	789
1680	789
1680	788
1682	788
1682	789
1683	789
1683	788
1691	788
1691	787
1697	787
1697	786
1698	786
1698	787
1704	787
1704	786
1707	786
1707	787
1711	787
1711	788
1714	788
1714	786
1719	786
1719	785
1721	785
1721	784
1723	784
1723	783
1726	783
1726	782
1727	782
1727	781
1729	781
1729	780
1731	780
1731	779
1732	779
1732	780
1735	780
1735	779
1736	779
1736	778
1738	778
1738	779
1739	779
1739	778
1742	778
1742	777
1747	777
1747	778
1748	778
1748	777
1750	777
1750	778
1751	778
1751	777
1756	777
1756	768
1759	768
1759	769
1760	769
1760	770
1761	770
1761	771
1763	771
1763	772
1762	772
1762	774
1763	774
1763	775
1762	775
1762	776
1763	776
1763	777
1764	777
1764	778
1763	778
1763	779
1762	779
1762	780
1763	780
1763	781
1762	781
1762	783
1761	783
1761	785
1760	785
1760	788
1759	788
1759	790
1757	790
1757	791
1756	791
1756	795
1757	795
1757	798
1758	798
1758	804
1759	804
1759	805
1758	805
1758	806
1759	806
1759	808
1760	808
1760	809
1761	809
1761	816
1762	816
1762	817
1761	817
1761	818
1762	818
1762	820
1763	820
1763	827
1764	827
1764	828
1765	828
1765	829
1764	829
1764	834
1765	834
1765	840
1766	840
1766	841
1767	841
1767	846
1768	846
1768	848
1769	848
1769	849
1768	849
1768	851
1769	851
1769	849
1770	849
1770	851
1771	851
1771	852
1770	852
1770	855
1771	855
1771	861
1772	861
1772	864
1773	864
1773	865
1774	865
1774	866
1778	866
1778	865
1780	865
1780	863
1781	863
1781	862
1782	862
1782	860
1783	860
1783	858
1784	858
1784	857
1785	857
1785	856
1786	856
1786	855
1787	855
1787	854
1788	854
1788	852
1789	852
1789	851
1792	851
1792	850
1793	850
1793	849
1796	849
1796	848
1797	848
1797	847
1798	847
1798	846
1800	846
1800	845
1802	845
1802	844
1804	844
1804	843
1806	843
1806	842
1807	842
1807	841
1809	841
1809	840
1811	840
1811	839
1812	839
1812	838
1813	838
1813	837
1814	837
1814	833
1815	833
1815	832
1817	832
1817	833
1821	833
1821	834
1824	834
1824	835
1826	835
1826	836
1828	836
1828	837
1829	837
1829	838
1831	838
1831	839
1832	839
1832	840
1833	840
1833	841
1835	841
1835	842
1836	842
1836	844
1837	844
1837	845
1839	845
1839	847
1841	847
1841	849
1850	849
1850	850
1859	850
1859	851
1860	851
1860	850
1861	850
1861	851
1872	851
1872	852
1874	852
1874	853
1879	853
1879	852
1880	852
1880	853
1889	853
1889	852
1892	852
1892	851
1912	851
1912	850
1913	850
1913	851
1919	851
1919	852
1924	852
1924	851
1925	851
1925	852
1938	852
1938	853
1941	853
1941	852
1942	852
1942	853
1950	853
1950	852
1951	852
1951	853
1954	853
1954	852
1957	852
1957	851
1958	851
1958	849
1959	849
1959	848
1960	848
1960	846
1962	846
1962	844
1963	844
1963	843
1965	843
1965	842
1967	842
1967	840
1971	840
1971	839
1976	839
1976	838
1979	838
1979	837
1981	837
1981	836
1985	836
1985	835
1988	835
1988	834
1990	834
1990	833
1991	833
1991	832
1992	832
1992	830
1993	830
1993	829
1994	829
1994	827
1995	827
1995	825
1996	825
1996	823
1997	823
1997	821
1998	821
1998	818
1999	818
1999	817
2000	817
2000	815
2001	815
2001	814
2002	814
2002	813
2003	813
2003	812
2004	812
2004	810
2005	810
2005	807
2004	807
2004	790
2005	790
2005	783
2006	783
2006	782
2005	782
2005	765
2006	765
2006	764
2007	764
2007	763
2006	763
2006	746
2004	746
2004	745
2003	745
2003	743
2002	743
2002	740
2001	740
2001	737
2000	737
2000	724
1999	724
1999	713
2000	713
2000	712
1999	712
1999	709
2000	709
2000	704
2001	704
2001	703
2000	703
2000	702
2001	702
2001	698
2002	698
2002	694
2003	694
2003	692
2004	692
2004	691
2005	691
2005	690
2004	690
2004	689
2005	689
2005	687
2006	687
2006	686
2007	686
2007	685
2009	685
2009	683
2012	683
2012	682
2013	682
2013	681
2015	681
2015	680
2017	680
2017	679
2019	679
2019	678
2021	678
2021	677
2022	677
2022	678
2023	678
2023	677
2028	677
2028	676
2036	676
2036	677
2037	677
2037	676
2044	676
2044	675
2046	675
2046	674
2048	674
2048	673
2049	673
2049	672
2050	672
2050	670
2052	670
2052	668
2053	668
2053	666
2054	666
2054	665
2055	665
2055	664
2056	664
2056	663
2058	663
2058	662
2060	662
2060	660
2063	660
2063	659
2065	659
2065	658
2066	658
2066	657
2068	657
2068	656
2070	656
2070	654
2073	654
2073	653
2074	653
2074	652
2076	652
2076	651
2078	651
2078	650
2080	650
2080	649
2083	649
2083	648
2085	648
2085	647
2086	647
2086	646
2088	646
2088	645
2090	645
2090	644
2092	644
2092	643
2096	643
2096	644
2097	644
2097	643
2098	643
2098	642
2100	642
2100	641
2102	641
2102	640
2106	640
2106	639
2108	639
2108	638
2110	638
2110	635
2111	635
2111	634
2113	634
2113	632
2114	632
2114	631
2115	631
2115	628
2116	628
2116	625
2117	625
2117	615
2118	615
2118	614
2117	614
2117	612
2118	612
2118	608
2117	608
2117	607
2118	607
2118	600
2119	600
2119	590
2120	590
2120	586
2121	586
2121	579
2122	579
2122	578
2123	578
2123	577
2124	577
2124	575
2125	575
2125	574
2126	574
2126	572
2127	572
2127	571
2128	571
2128	570
2129	570
2129	568
2130	568
2130	567
2131	567
2131	565
2128	565
2128	564
2127	564
2127	562
2126	562
2126	559
2127	559
2127	558
2128	558
2128	557
2131	557
2131	556
2132	556
2132	555
2133	555
2133	554
2136	554
2136	553
2138	553
2138	552
2143	552
2143	551
2148	551
2148	549
2151	549
2151	548
2152	548
2152	549
2154	549
2154	548
2157	548
2157	547
2162	547
2162	546
2163	546
2163	545
2165	545
2165	544
2166	544
2166	543
2168	543
2168	544
2169	544
2169	543
2171	543
2171	544
2177	544
2177	545
2179	545
2179	546
2182	546
2182	547
2186	547
2186	548
2188	548
2188	549
2190	549
2190	550
2191	550
2191	552
2192	552
2192	553
2193	553
2193	554
2194	554
2194	556
2195	556
2195	558
2196	558
2196	559
2197	559
2197	563
2198	563
2198	568
2199	568
2199	570
2200	570
2200	571
2201	571
2201	572
2202	572
2202	573
2203	573
2203	574
2204	574
2204	575
2205	575
2205	581
2206	581
2206	582
2207	582
2207	586
2208	586
2208	588
2209	588
2209	596
2208	596
2208	599
2207	599
2207	603
2208	603
2208	605
2207	605
2207	609
2206	609
2206	612
2205	612
2205	615
2204	615
2204	616
2203	616
2203	628
2202	628
2202	633
2201	633
2201	637
2200	637
2200	654
2199	654
2199	656
2200	656
2200	661
2201	661
2201	664
2204	664
2204	663
2209	663
2209	662
2211	662
2211	661
2209	661
2209	659
2208	659
2208	657
2207	657
2207	656
2206	656
2206	654
2205	654
2205	652
2207	652
2207	653
2208	653
2208	654
2210	654
2210	655
2211	655
2211	656
2212	656
2212	657
2213	657
2213	658
2215	658
2215	659
2220	659
2220	658
2222	658
2222	657
2226	657
2226	656
2228	656
2228	655
2230	655
2230	654
2232	654
2232	653
2235	653
2235	650
2236	650
2236	649
2235	649
2235	643
2237	643
2237	645
2238	645
2238	649
2239	649
2239	650
2240	650
2240	658
2239	658
2239	659
2234	659
2234	660
2230	660
2230	661
2228	661
2228	662
2226	662
2226	665
2231	665
2231	666
2241	666
2241	665
2243	665
2243	664
2247	664
2247	663
2249	663
2249	662
2253	662
2253	661
2255	661
2255	660
2257	660
2257	659
2258	659
2258	658
2259	658
2259	657
2261	657
2261	654
2262	654
2262	653
2263	653
2263	652
2264	652
2264	650
2265	650
2265	649
2266	649
2266	648
2267	648
2267	647
2268	647
2268	645
2269	645
2269	643
2270	643
2270	642
2271	642
2271	640
2272	640
2272	638
2273	638
2273	636
2274	636
2274	633
2275	633
2275	630
2276	630
2276	627
2277	627
2277	622
2278	622
2278	619
2279	619
2279	616
2280	616
2280	613
2281	613
2281	611
2282	611
2282	606
2283	606
2283	602
2284	602
2284	598
2285	598
2285	596
2286	596
2286	595
2287	595
2287	594
2288	594
2288	593
2289	593
2289	591
2291	591
2291	590
2292	590
2292	588
2293	588
2293	585
2294	585
2294	584
2295	584
2295	583
2296	583
2296	582
2297	582
2297	581
2299	581
2299	579
2300	579
2300	578
2301	578
2301	575
2302	575
2302	573
2303	573
2303	570
2304	570
2304	569
2305	569
2305	568
2306	568
2306	567
2307	567
2307	566
2308	566
2308	564
2310	564
2310	563
2311	563
2311	561
2312	561
2312	559
2313	559
2313	558
2314	558
2314	551
2313	551
2313	544
2312	544
2312	543
2313	543
2313	542
2314	542
2314	539
2315	539
2315	537
2316	537
2316	536
2317	536
2317	533
2318	533
2318	531
2319	531
2319	529
2320	529
2320	528
2321	528
2321	527
2322	527
2322	526
2323	526
2323	525
2324	525
2324	524
2325	524
2325	523
2326	523
2326	522
2327	522
2327	521
2328	521
2328	520
2330	520
2330	519
2333	519
2333	517
2335	517
2335	516
2337	516
2337	515
2338	515
2338	513
2340	513
2340	512
2341	512
2341	511
2344	511
2344	510
2346	510
2346	509
2347	509
2347	508
2348	508
2348	507
2349	507
2349	506
2350	506
2350	504
2351	504
2351	503
2352	503
2352	502
2354	502
2354	501
2356	501
2356	500
2357	500
2357	499
2359	499
2359	498
2360	498
2360	499
2363	499
2363	498
2364	498
2364	497
2365	497
2365	496
2366	496
2366	495
2368	495
2368	494
2370	494
2370	493
2371	493
2371	492
2372	492
2372	490
2373	490
2373	489
2374	489
2374	488
2375	488
2375	486
2376	486
2376	485
2379	485
2379	484
2380	484
2380	483
2381	483
2381	482
2383	482
2383	480
2385	480
2385	479
2386	479
2386	478
2387	478
2387	477
2389	477
2389	476
2391	476
2391	475
2393	475
2393	474
2394	474
2394	473
2395	473
2395	471
2396	471
2396	470
2397	470
2397	469
2398	469
2398	468
2399	468
2399	467
2401	467
2401	466
2402	466
2402	465
2403	465
2403	464
2406	464
2406	463
2407	463
2407	462
2410	462
2410	461
2412	461
2412	460
2413	460
2413	456
2414	456
2414	453
2415	453
2415	451
2416	451
2416	447
2417	447
2417	446
2418	446
2418	444
2419	444
2419	442
2420	442
2420	441
2421	441
2421	439
2422	439
2422	438
2423	438
2423	437
2424	437
2424	435
2425	435
2425	429
2426	429
2426	428
2425	428
2425	427
2426	427
2426	423
2427	423
2427	421
2428	421
2428	419
2429	419
2429	416
2430	416
2430	412
2431	412
2431	411
2432	411
2432	409
2433	409
2433	404
2434	404
2434	398
2433	398
2433	397
2434	397
2434	395
2435	395
2435	393
2436	393
2436	387
2437	387
2437	385
2436	385
2436	382
2437	382
2437	379
2438	379
2438	378
2437	378
2437	377
2438	377
2438	376
2439	376
2439	367
2440	367
2440	362
2441	362
2441	358
2442	358
2442	353
2444	353
2444	352
2445	352
2445	350
2446	350
2446	349
2447	349
2447	348
2448	348
2448	347
2449	347
2449	346
2450	346
2450	344
2451	344
2451	342
2452	342
2452	341
2453	341
2453	340
2454	340
2454	337
2455	337
2455	335
2456	335
2456	334
2460	334
2460	333
2461	333
2461	334
2462	334
2462	333
2468	333
2468	332
2470	332
2470	333
2472	333
2472	332
2475	332
2475	331
2480	331
2480	332
2482	332
2482	333
2484	333
2484	334
2485	334
2485	335
2489	335
2489	336
2497	336
2497	335
2498	335
2498	336
2501	336
2501	337
2502	337
2502	338
2503	338
2503	339
2504	339
2504	340
2505	340
2505	341
2506	341
2506	342
2507	342
2507	344
2508	344
2508	347
2509	347
2509	351
2510	351
2510	352
2511	352
2511	355
2512	355
2512	357
2513	357
2513	358
2514	358
2514	359
2515	359
2515	361
2516	361
2516	362
2519	362
2519	364
2521	364
2521	366
2522	366
2522	367
2523	367
2523	369
2524	369
2524	373
2525	373
2525	376
2526	376
2526	378
2527	378
2527	379
2528	379
2528	381
2530	381
2530	383
2531	383
2531	385
2534	385
2534	386
2535	386
2535	385
2536	385
2536	386
2538	386
2538	387
2548	387
2548	386
2549	386
2549	387
2551	387
2551	386
2556	386
2556	385
2557	385
2557	384
2558	384
2558	383
2559	383
2559	381
2560	381
2560	379
2561	379
2561	378
2562	378
2562	376
2563	376
2563	375
2564	375
2564	374
2565	374
2565	372
2568	372
2568	371
2570	371
2570	370
2573	370
2573	368
2574	368
2574	367
2575	367
2575	366
2576	366
2576	365
2578	365
2578	364
2579	364
2579	363
2581	363
2581	361
2582	361
2582	360
2583	360
2583	359
2585	359
2585	358
2586	358
2586	357
2587	357
2587	356
2588	356
2588	355
2589	355
2589	354
2591	354
2591	352
2592	352
2592	351
2593	351
2593	350
2594	350
2594	348
2595	348
2595	347
2596	347
2596	346
2597	346
2597	344
2599	344
2599	341
2600	341
2600	340
2601	340
2601	339
2602	339
2602	337
2603	337
2603	336
2604	336
2604	334
2605	334
2605	333
2606	333
2606	332
2608	332
2608	331
2609	331
2609	330
2610	330
2610	329
2612	329
2612	328
2614	328
2614	327
2615	327
2615	326
2617	326
2617	325
2618	325
2618	324
2619	324
2619	323
2621	323
2621	322
2623	322
2623	321
2624	321
2624	320
2625	320
2625	319
2626	319
2626	318
2627	318
2627	317
2628	317
2628	316
2630	316
2630	315
2631	315
2631	314
2632	314
2632	312
2633	312
2633	311
2634	311
2634	309
2635	309
2635	308
2636	308
2636	306
2638	306
2638	303
2639	303
2639	298
2640	298
2640	295
2641	295
2641	291
2642	291
2642	288
2643	288
2643	286
2644	286
2644	284
2645	284
2645	280
2646	280
2646	279
2647	279
2647	278
2648	278
2648	276
2650	276
2650	275
2651	275
2651	274
2652	274
2652	273
2653	273
2653	271
2654	271
2654	268
2655	268
2655	266
2656	266
2656	264
2657	264
2657	263
2658	263
2658	262
2659	262
2659	261
2660	261
2660	260
2661	260
2661	259
2662	259
2662	255
2663	255
2663	253
2664	253
2664	250
2665	250
2665	248
2666	248
2666	247
2667	247
2667	246
2668	246
2668	245
2669	245
2669	244
2671	244
2671	243
2674	243
2674	240
2675	240
2675	242
2677	242
2677	241
2680	241
2680	240
2683	240
2683	239
2684	239
2684	238
2687	238
2687	237
2691	237
2691	236
2696	236
2696	235
2713	235
2713	234
2721	234
2721	233
2724	233
2724	232
2728	232
2728	231
2733	231
2733	230
2734	230
2734	229
2735	229
2735	228
2736	228
2736	227
2737	227
2737	226
2738	226
2738	225
2739	225
2739	224
2740	224
2740	223
2741	223
2741	222
2742	222
2742	221
2743	221
2743	219
2744	219
2744	217
2745	217
2745	216
2746	216
2746	206
2745	206
2745	203
2746	203
2746	202
2748	202
2748	201
2749	201
2749	202
2751	202
2751	201
2753	201
2753	200
2754	200
2754	198
2756	198
2756	197
2757	197
2757	196
2758	196
2758	194
2759	194
2759	191
2760	191
2760	190
2761	190
2761	187
2762	187
2762	186
2763	186
2763	185
2764	185
2764	184
2765	184
2765	182
2766	182
2766	181
2767	181
2767	179
2766	179
2766	174
2765	174
2765	169
2764	169
2764	165
2765	165
2765	159
2766	159
2766	144
2765	144
2765	143
2766	143
2766	140
2765	140
2765	133
2766	133
2766	132
2765	132
2765	127
2766	127
2766	126
2765	126
2765	125
2766	125
2766	116
2767	116
2767	115
2768	115
2768	113
2769	113
2769	111
2770	111
2770	110
2771	110
2771	108
2772	108
2772	107
2773	107
2773	105
2774	105
2774	99
2773	99
2773	96
2774	96
2774	95
2777	95
2777	93
2779	93
2779	90
2781	90
2781	89
2782	89
2782	88
2784	88
2784	87
2785	87
2785	85
2786	85
2786	84
2787	84
2787	83
2788	83
2788	81
2789	81
2789	79
2790	79
2790	77
2791	77
2791	73
2792	73
2792	72
2793	72
2793	71
2799	71
2799	72
2800	72
2800	77
2799	77
2799	78
2798	78
2798	79
2797	79
2797	81
2796	81
2796	82
2795	82
2795	85
2794	85
2794	86
2793	86
2793	88
2792	88
2792	91
2791	91
2791	92
2790	92
2790	93
2787	93
2787	95
2785	95
2785	96
2784	96
2784	98
2782	98
2782	100
2781	100
2781	101
2780	101
2780	102
2781	102
2781	105
2780	105
2780	107
2779	107
2779	108
2778	108
2778	111
2777	111
2777	114
2776	114
2776	115
2775	115
2775	116
2774	116
2774	118
2773	118
2773	120
2772	120
2772	133
2771	133
2771	136
2772	136
2772	137
2771	137
2771	140
2772	140
2772	149
2773	149
2773	151
2772	151
2772	153
2773	153
2773	154
2772	154
2772	161
2771	161
2771	162
2772	162
2772	163
2771	163
2771	166
2772	166
2772	167
2771	167
2771	173
2772	173
2772	179
2773	179
2773	180
2772	180
2772	184
2771	184
2771	186
2770	186
2770	188
2769	188
2769	189
2768	189
2768	190
2767	190
2767	191
2766	191
2766	194
2765	194
2765	195
2764	195
2764	198
2763	198
2763	199
2762	199
2762	200
2761	200
2761	201
2760	201
2760	203
2759	203
2759	204
2757	204
2757	205
2755	205
2755	206
2754	206
2754	207
2752	207
2752	217
2751	217
2751	219
2750	219
2750	221
2749	221
2749	223
2748	223
2748	224
2747	224
2747	225
2746	225
2746	227
2744	227
2744	229
2743	229
2743	230
2742	230
2742	232
2741	232
2741	233
2740	233
2740	234
2739	234
2739	235
2738	235
2738	236
2736	236
2736	237
2733	237
2733	238
2728	238
2728	239
2724	239
2724	240
2721	240
2721	241
2698	241
2698	242
2697	242
2697	241
2696	241
2696	242
2692	242
2692	243
2689	243
2689	244
2687	244
2687	245
2681	245
2681	246
2678	246
2678	247
2677	247
2677	248
2675	248
2675	249
2674	249
2674	250
2673	250
2673	251
2672	251
2672	252
2671	252
2671	254
2670	254
2670	255
2669	255
2669	259
2668	259
2668	261
2667	261
2667	263
2666	263
2666	265
2665	265
2665	266
2663	266
2663	268
2662	268
2662	269
2661	269
2661	270
2660	270
2660	273
2659	273
2659	275
2658	275
2658	277
2657	277
2657	278
2656	278
2656	280
2654	280
2654	281
2653	281
2653	283
2652	283
2652	285
2651	285
2651	286
2650	286
2650	289
2649	289
2649	293
2648	293
2648	294
2647	294
2647	296
2646	296
2646	300
2645	300
2645	303
2644	303
2644	307
2642	307
2642	308
2643	308
2643	311
2642	311
2642	312
2641	312
2641	314
2640	314
2640	315
2639	315
2639	316
2637	316
2637	317
2636	317
2636	319
2634	319
2634	320
2633	320
2633	321
2632	321
2632	322
2631	322
2631	323
2630	323
2630	324
2629	324
2629	325
2626	325
2626	326
2625	326
2625	327
2623	327
2623	328
2622	328
2622	329
2621	329
2621	330
2619	330
2619	331
2618	331
2618	332
2616	332
2616	333
2614	333
2614	334
2613	334
2613	335
2611	335
2611	336
2610	336
2610	338
2608	338
2608	339
2607	339
2607	341
2606	341
2606	343
2605	343
2605	344
2603	344
2603	346
2602	346
2602	348
2601	348
2601	349
2600	349
2600	350
2599	350
2599	352
2598	352
2598	354
2597	354
2597	355
2596	355
2596	356
2595	356
2595	357
2594	357
2594	358
2593	358
2593	359
2592	359
2592	360
2591	360
2591	361
2590	361
2590	362
2589	362
2589	363
2587	363
2587	364
2586	364
2586	365
2585	365
2585	366
2583	366
2583	367
2582	367
2582	368
2581	368
2581	369
2580	369
2580	371
2579	371
2579	372
2577	372
2577	373
2575	373
2575	374
2574	374
2574	375
2572	375
2572	376
2571	376
2571	377
2570	377
2570	378
2569	378
2569	379
2568	379
2568	380
2567	380
2567	382
2566	382
2566	383
2567	383
2567	384
2565	384
2565	385
2564	385
2564	388
2563	388
2563	389
2562	389
2562	390
2561	390
2561	392
2558	392
2558	393
2553	393
2553	394
2552	394
2552	393
2546	393
2546	394
2545	394
2545	393
2543	393
2543	394
2541	394
2541	393
2539	393
2539	392
2535	392
2535	391
2533	391
2533	390
2530	390
2530	389
2529	389
2529	388
2527	388
2527	387
2526	387
2526	385
2525	385
2525	384
2524	384
2524	383
2523	383
2523	381
2522	381
2522	380
2521	380
2521	378
2520	378
2520	376
2519	376
2519	374
2518	374
2518	369
2517	369
2517	368
2516	368
2516	367
2515	367
2515	366
2513	366
2513	365
2510	365
2510	363
2509	363
2509	360
2508	360
2508	358
2507	358
2507	356
2506	356
2506	354
2505	354
2505	349
2504	349
2504	347
2503	347
2503	345
2502	345
2502	344
2501	344
2501	343
2492	343
2492	342
2491	342
2491	343
2489	343
2489	342
2488	342
2488	343
2484	343
2484	342
2483	342
2483	341
2482	341
2482	340
2480	340
2480	338
2472	338
2472	339
2468	339
2468	338
2465	338
2465	339
2463	339
2463	340
2462	340
2462	341
2460	341
2460	344
2458	344
2458	346
2457	346
2457	347
2456	347
2456	348
2455	348
2455	349
2454	349
2454	350
2453	350
2453	352
2452	352
2452	353
2451	353
2451	355
2450	355
2450	356
2449	356
2449	358
2448	358
2448	359
2447	359
2447	362
2446	362
2446	367
2445	367
2445	378
2444	378
2444	381
2443	381
2443	387
2442	387
2442	392
2441	392
2441	395
2440	395
2440	399
2439	399
2439	410
2438	410
2438	412
2437	412
2437	414
2436	414
2436	416
2435	416
2435	419
2434	419
2434	421
2433	421
2433	423
2432	423
2432	425
2431	425
2431	426
2432	426
2432	427
2431	427
2431	429
2432	429
2432	430
2431	430
2431	435
2430	435
2430	437
2429	437
2429	440
2428	440
2428	441
2429	441
2429	442
2427	442
2427	444
2426	444
2426	445
2425	445
2425	447
2424	447
2424	448
2423	448
2423	450
2422	450
2422	451
2421	451
2421	453
2420	453
2420	456
2419	456
2419	459
2420	459
2420	463
2419	463
2419	465
2417	465
2417	466
2416	466
2416	467
2415	467
2415	468
2411	468
2411	469
2408	469
2408	470
2407	470
2407	471
2406	471
2406	472
2404	472
2404	474
2402	474
2402	475
2401	475
2401	477
2399	477
2399	478
2398	478
2398	479
2397	479
2397	480
2394	480
2394	481
2393	481
2393	482
2392	482
2392	483
2390	483
2390	484
2389	484
2389	485
2387	485
2387	486
2386	486
2386	487
2385	487
2385	488
2383	488
2383	489
2382	489
2382	490
2381	490
2381	491
2380	491
2380	492
2379	492
2379	493
2378	493
2378	494
2377	494
2377	496
2376	496
2376	498
2375	498
2375	499
2374	499
2374	500
2373	500
2373	501
2371	501
2371	502
2369	502
2369	503
2365	503
2365	504
2362	504
2362	505
2359	505
2359	506
2358	506
2358	507
2357	507
2357	508
2356	508
2356	509
2355	509
2355	510
2354	510
2354	511
2353	511
2353	512
2351	512
2351	514
2350	514
2350	515
2349	515
2349	516
2348	516
2348	517
2346	517
2346	518
2344	518
2344	519
2343	519
2343	520
2341	520
2341	521
2340	521
2340	522
2338	522
2338	523
2336	523
2336	524
2334	524
2334	525
2333	525
2333	526
2332	526
2332	527
2331	527
2331	528
2330	528
2330	529
2328	529
2328	530
2327	530
2327	531
2326	531
2326	532
2325	532
2325	533
2324	533
2324	535
2323	535
2323	538
2322	538
2322	539
2321	539
2321	541
2320	541
2320	542
2319	542
2319	551
2320	551
2320	553
2321	553
2321	558
2320	558
2320	561
2319	561
2319	562
2318	562
2318	563
2317	563
2317	564
2316	564
2316	566
2315	566
2315	568
2313	568
2313	570
2312	570
2312	571
2311	571
2311	572
2310	572
2310	573
2309	573
2309	574
2308	574
2308	578
2307	578
2307	580
2306	580
2306	583
2305	583
2305	585
2303	585
2303	586
2301	586
2301	588
2299	588
2299	590
2298	590
2298	592
2297	592
2297	593
2296	593
2296	594
2295	594
2295	595
2294	595
2294	596
2293	596
2293	597
2292	597
2292	598
2291	598
2291	599
2290	599
2290	600
2289	600
2289	603
2288	603
2288	611
2287	611
2287	613
2286	613
2286	616
2285	616
2285	618
2284	618
2284	620
2283	620
2283	624
2282	624
2282	625
2283	625
2283	627
2282	627
2282	631
2281	631
2281	633
2280	633
2280	637
2279	637
2279	640
2278	640
2278	643
2277	643
2277	644
2276	644
2276	646
2275	646
2275	647
2274	647
2274	650
2273	650
2273	651
2272	651
2272	652
2271	652
2271	653
2270	653
2270	654
2269	654
2269	655
2268	655
2268	658
2267	658
2267	659
2266	659
2266	660
2265	660
2265	661
2264	661
2264	663
2263	663
2263	664
2262	664
2262	665
2261	665
2261	666
2259	666
2259	667
2255	667
2255	668
2252	668
2252	669
2250	669
2250	670
2247	670
2247	671
2244	671
2244	672
2228	672
2228	673
2227	673
2227	672
2226	672
2226	671
2224	671
2224	669
2222	669
2222	668
2219	668
2219	667
2217	667
2217	666
2214	666
2214	667
2212	667
2212	668
2209	668
2209	669
2206	669
2206	671
2205	671
2205	672
2204	672
2204	673
2202	673
2202	674
2200	674
2200	673
2199	673
2199	672
2197	672
2197	668
2196	668
2196	664
2195	664
2195	638
2196	638
2196	637
2195	637
2195	636
2196	636
2196	631
2197	631
2197	627
2198	627
2198	618
2197	618
2197	615
2198	615
2198	613
2199	613
2199	610
2200	610
2200	608
2201	608
2201	604
2202	604
2202	601
2201	601
2201	599
2202	599
2202	596
2203	596
2203	591
2202	591
2202	586
2201	586
2201	583
2200	583
2200	581
2199	581
2199	580
2198	580
2198	578
2197	578
2197	576
2196	576
2196	575
2194	575
2194	573
2193	573
2193	567
2192	567
2192	565
2191	565
2191	561
2190	561
2190	560
2189	560
2189	557
2188	557
2188	556
2187	556
2187	555
2186	555
2186	554
2180	554
2180	553
2177	553
2177	552
2173	552
2173	551
2167	551
2167	552
2165	552
2165	553
2164	553
2164	554
2162	554
2162	555
2159	555
2159	556
2156	556
2156	555
2155	555
2155	556
2154	556
2154	555
2150	555
2150	557
2152	557
2152	558
2153	558
2153	559
2154	559
2154	562
2153	562
2153	564
2148	564
2148	565
2145	565
2145	566
2143	566
2143	567
2140	567
2140	568
2139	568
2139	569
2137	569
2137	570
2136	570
2136	571
2135	571
2135	572
2134	572
2134	573
2133	573
2133	574
2132	574
2132	575
2131	575
2131	578
2129	578
2129	579
2128	579
2128	582
2127	582
2127	589
2126	589
2126	592
2125	592
2125	593
2126	593
2126	595
2125	595
2125	599
2124	599
2124	602
2125	602
2125	603
2124	603
2124	607
2123	607
2123	609
2124	609
2124	610
2123	610
2123	622
2124	622
2124	624
2123	624
2123	629
2122	629
2122	632
2121	632
2121	635
2120	635
2120	636
2119	636
2119	637
2118	637
2118	638
2117	638
2117	639
2116	639
2116	640
2115	640
2115	642
2114	642
2114	644
2113	644
2113	645
2111	645
2111	646
2109	646
2109	647
2107	647
2107	648
2102	648
2102	649
2096	649
2096	650
2094	650
2094	651
2090	651
2090	652
2086	652
2086	653
2085	653
2085	654
2084	654
2084	655
2081	655
2081	656
2079	656
2079	657
2077	657
2077	658
2075	658
2075	659
2073	659
2073	660
2072	660
2072	661
2070	661
2070	662
2069	662
2069	663
2067	663
2067	664
2066	664
2066	665
2065	665
2065	666
2064	666
2064	667
2062	667
2062	668
2061	668
2061	669
2060	669
2060	670
2059	670
2059	671
2058	671
2058	672
2057	672
2057	673
2056	673
2056	674
2055	674
2055	676
2054	676
2054	677
2053	677
2053	678
2052	678
2052	679
2051	679
2051	680
2049	680
2049	682
2047	682
2047	683
2041	683
2041	684
2039	684
2039	683
2023	683
2023	684
2021	684
2021	685
2019	685
2019	686
2018	686
2018	687
2016	687
2016	688
2014	688
2014	689
2013	689
2013	690
2012	690
2012	691
2011	691
2011	692
2010	692
2010	695
2009	695
2009	697
2008	697
2008	699
2007	699
2007	700
2006	700
2006	703
2005	703
2005	708
2004	708
2004	714
2003	714
2003	722
2004	722
2004	726
2005	726
2005	732
2006	732
2006	735
2005	735
2005	736
2006	736
2006	738
2007	738
2007	739
2008	739
2008	740
2009	740
2009	741
2010	741
2010	742
2011	742
2011	743
2010	743
2010	745
2011	745
2011	746
2010	746
2010	750
2011	750
2011	751
2010	751
2010	763
2009	763
2009	764
2010	764
2010	765
2009	765
2009	772
2008	772
2008	773
2009	773
2009	784
2010	784
2010	786
2009	786
2009	794
2008	794
2008	795
2009	795
2009	813
2008	813
2008	815
2007	815
2007	816
2006	816
2006	817
2005	817
2005	819
2004	819
2004	820
2003	820
2003	821
2002	821
2002	824
2001	824
2001	826
2000	826
2000	828
1999	828
1999	831
1998	831
1998	833
1997	833
1997	834
1996	834
1996	836
1995	836
1995	837
1991	837
1991	838
1989	838
1989	839
1987	839
1987	840
1983	840
1983	841
1980	841
1980	842
1978	842
1978	843
1977	843
1977	844
1976	844
1976	843
1975	843
1975	844
1973	844
1973	845
1972	845
1972	846
1971	846
1971	847
1970	847
1970	848
1969	848
1969	849
1967	849
1967	850
1966	850
1966	851
1965	851
1965	853
1964	853
1964	855
1962	855
1962	858
1961	858
1961	859
1958	859
1958	860
1955	860
1955	859
1951	859
1951	858
1941	858
1941	859
1932	859
1932	858
1928	858
1928	859
1926	859
1926	858
1923	858
1923	857
1922	857
1922	858
1918	858
1918	857
1914	857
1914	858
1912	858
1912	857
1909	857
1909	858
1908	858
1908	857
1906	857
1906	856
1905	856
1905	857
1898	857
1898	858
1895	858
