273	268
276	268
276	269
278	269
278	270
283	270
283	271
284	271
284	272
288	272
288	273
289	273
289	274
290	274
290	276
291	276
291	277
292	277
292	280
293	280
293	282
294	282
294	284
295	284
295	290
296	290
296	291
295	291
295	302
296	302
296	312
297	312
297	313
298	313
298	315
299	315
299	317
300	317
300	318
301	318
301	320
302	320
302	322
303	322
303	323
304	323
304	324
306	324
306	325
308	325
308	326
310	326
310	327
311	327
311	328
315	328
315	329
316	329
316	330
318	330
318	331
320	331
320	332
321	332
321	334
325	334
325	335
328	335
328	336
331	336
331	335
334	335
334	336
335	336
335	337
336	337
336	338
337	338
337	341
338	341
338	343
340	343
340	344
343	344
343	347
344	347
344	349
346	349
346	362
347	362
347	364
349	364
349	365
350	365
350	367
352	367
352	368
356	368
356	367
358	367
358	365
359	365
359	364
367	364
367	365
373	365
373	366
377	366
377	367
378	367
378	368
379	368
379	369
380	369
380	370
381	370
381	371
382	371
382	372
385	372
385	373
387	373
387	374
388	374
388	375
389	375
389	376
390	376
390	377
391	377
391	378
392	378
392	379
393	379
393	380
394	380
394	381
395	381
395	383
396	383
396	384
395	384
395	386
396	386
396	387
397	387
397	390
398	390
398	391
399	391
399	392
404	392
404	391
405	391
405	390
406	390
406	388
407	388
407	385
408	385
408	382
409	382
409	376
410	376
410	369
411	369
411	367
412	367
412	364
413	364
413	363
414	363
414	361
415	361
415	356
416	356
416	346
415	346
415	345
416	345
416	344
417	344
417	343
416	343
416	334
417	334
417	332
416	332
416	322
415	322
415	304
416	304
416	303
417	303
417	301
425	301
425	302
433	302
433	303
435	303
435	304
443	304
443	305
446	305
446	306
447	306
447	307
449	307
449	308
458	308
458	309
461	309
461	308
462	308
462	305
463	305
463	301
462	301
462	298
461	298
461	297
462	297
462	291
463	291
463	288
464	288
464	286
465	286
465	285
466	285
466	282
467	282
467	281
468	281
468	280
469	280
469	278
470	278
470	276
471	276
471	274
472	274
472	272
473	272
473	270
475	270
475	268
476	268
476	266
477	266
477	264
479	264
479	262
482	262
482	261
484	261
484	260
486	260
486	259
487	259
487	258
488	258
488	257
489	257
489	256
490	256
490	255
491	255
491	254
495	254
495	253
497	253
497	252
512	252
512	253
519	253
519	254
523	254
523	255
526	255
526	256
528	256
528	257
530	257
530	259
532	259
532	260
533	260
533	261
534	261
534	262
538	262
538	263
541	263
541	266
542	266
542	268
543	268
543	270
544	270
544	271
545	271
545	270
546	270
546	271
552	271
552	273
553	273
553	274
554	274
554	277
553	277
553	284
552	284
552	315
553	315
553	321
552	321
552	322
553	322
553	332
552	332
552	339
551	339
551	344
552	344
552	345
553	345
553	346
563	346
563	347
565	347
565	348
568	348
568	350
569	350
569	351
571	351
571	352
572	352
572	354
573	354
573	355
574	355
574	357
575	357
575	358
577	358
577	359
578	359
578	360
580	360
580	361
581	361
581	362
582	362
582	363
585	363
585	364
586	364
586	365
587	365
587	366
588	366
588	367
589	367
589	369
591	369
591	370
592	370
592	371
593	371
593	372
605	372
605	373
606	373
606	372
607	372
607	373
610	373
610	374
615	374
615	375
616	375
616	374
622	374
622	373
624	373
624	372
625	372
625	371
626	371
626	370
627	370
627	369
628	369
628	368
630	368
630	367
635	367
635	366
639	366
639	365
644	365
644	364
654	364
654	365
657	365
657	366
659	366
659	367
662	367
662	368
666	368
666	369
672	369
672	370
673	370
673	369
674	369
674	370
676	370
676	371
679	371
679	372
684	372
684	373
685	373
685	374
686	374
686	375
689	375
689	376
691	376
691	377
692	377
692	378
693	378
693	379
695	379
695	381
697	381
697	382
699	382
699	384
700	384
700	385
701	385
701	386
703	386
703	387
704	387
704	388
707	388
707	387
708	387
708	388
715	388
715	387
716	387
716	388
717	388
717	385
718	385
718	382
717	382
717	380
716	380
716	379
712	379
712	381
710	381
710	380
709	380
709	381
701	381
701	380
700	380
700	379
698	379
698	378
697	378
697	376
707	376
707	377
715	377
715	376
716	376
716	375
717	375
717	376
718	376
718	375
721	375
721	376
723	376
723	377
724	377
724	378
725	378
725	380
726	380
726	383
727	383
727	384
728	384
728	385
729	385
729	387
730	387
730	390
729	390
729	391
730	391
730	399
729	399
729	403
728	403
728	404
729	404
729	405
728	405
728	406
729	406
729	409
728	409
728	413
727	413
727	416
726	416
726	436
727	436
727	438
726	438
726	439
727	439
727	442
728	442
728	443
732	443
732	444
738	444
738	445
747	445
747	446
749	446
749	447
750	447
750	448
751	448
751	449
752	449
752	451
754	451
754	453
758	453
758	454
765	454
765	455
766	455
766	456
769	456
769	457
777	457
777	458
785	458
785	457
788	457
788	456
801	456
801	457
806	457
806	456
808	456
808	457
819	457
819	458
821	458
821	457
822	457
822	458
828	458
828	459
829	459
829	458
839	458
839	459
840	459
840	458
841	458
841	459
843	459
843	458
848	458
848	457
850	457
850	456
852	456
852	455
853	455
853	454
854	454
854	455
856	455
856	456
857	456
857	457
858	457
858	458
859	458
859	459
866	459
866	460
875	460
875	461
877	461
877	460
878	460
878	461
885	461
885	462
892	462
892	463
894	463
894	462
896	462
896	463
902	463
902	462
903	462
903	463
908	463
908	464
909	464
909	465
910	465
910	466
911	466
911	467
912	467
912	468
913	468
913	469
914	469
914	470
916	470
916	471
917	471
917	473
919	473
919	474
921	474
921	475
922	475
922	476
923	476
923	477
924	477
924	479
926	479
926	480
928	480
928	481
930	481
930	482
932	482
932	483
933	483
933	485
934	485
934	486
936	486
936	488
939	488
939	489
941	489
941	490
944	490
944	491
948	491
948	492
952	492
952	493
956	493
956	494
962	494
962	492
963	492
963	491
965	491
965	490
967	490
967	488
968	488
968	487
969	487
969	486
970	486
970	484
973	484
973	483
976	483
976	482
977	482
977	481
978	481
978	480
979	480
979	479
980	479
980	476
981	476
981	473
983	473
983	472
984	472
984	469
985	469
985	467
986	467
986	466
987	466
987	463
988	463
988	462
989	462
989	460
990	460
990	459
991	459
991	458
992	458
992	456
993	456
993	454
994	454
994	451
995	451
995	450
994	450
994	444
995	444
995	442
996	442
996	440
995	440
995	439
996	439
996	437
997	437
997	435
998	435
998	434
997	434
997	433
998	433
998	429
999	429
999	423
1000	423
1000	421
1001	421
1001	418
1000	418
1000	416
1001	416
1001	415
1002	415
1002	410
1003	410
1003	408
1004	408
1004	407
1005	407
1005	405
1006	405
1006	403
1007	403
1007	401
1008	401
1008	398
1009	398
1009	389
1010	389
1010	387
1011	387
1011	385
1012	385
1012	370
1013	370
1013	367
1014	367
1014	366
1015	366
1015	363
1016	363
1016	358
1017	358
1017	355
1018	355
1018	353
1019	353
1019	350
1020	350
1020	348
1021	348
1021	344
1022	344
1022	342
1023	342
1023	341
1024	341
1024	340
1026	340
1026	339
1027	339
1027	338
1029	338
1029	336
1030	336
1030	335
1032	335
1032	336
1034	336
1034	337
1037	337
1037	338
1040	338
1040	339
1043	339
1043	340
1045	340
1045	341
1046	341
1046	342
1047	342
1047	343
1048	343
1048	344
1049	344
1049	346
1050	346
1050	347
1051	347
1051	350
1052	350
1052	352
1053	352
1053	355
1054	355
1054	358
1055	358
1055	360
1056	360
1056	361
1057	361
1057	364
1058	364
1058	366
1059	366
1059	368
1060	368
1060	372
1061	372
1061	373
1062	373
1062	374
1064	374
1064	375
1068	375
1068	376
1069	376
1069	377
1071	377
1071	378
1072	378
1072	379
1074	379
1074	380
1076	380
1076	382
1078	382
1078	383
1079	383
1079	385
1080	385
1080	386
1081	386
1081	387
1082	387
1082	389
1083	389
1083	390
1084	390
1084	392
1085	392
1085	393
1086	393
1086	396
1087	396
1087	397
1088	397
1088	398
1089	398
1089	399
1090	399
1090	401
1091	401
1091	402
1092	402
1092	404
1093	404
1093	407
1094	407
1094	408
1104	408
1104	407
1105	407
1105	408
1111	408
1111	409
1112	409
1112	410
1113	410
1113	411
1115	411
1115	412
1116	412
1116	413
1118	413
1118	414
1121	414
1121	416
1122	416
1122	417
1123	417
1123	419
1124	419
1124	420
1125	420
1125	422
1126	422
1126	424
1127	424
1127	426
1128	426
1128	428
1129	428
1129	430
1130	430
1130	432
1131	432
1131	433
1132	433
1132	436
1133	436
1133	438
1134	438
1134	440
1135	440
1135	441
1136	441
1136	444
1137	444
1137	446
1138	446
1138	449
1139	449
1139	450
1140	450
1140	452
1141	452
1141	455
1142	455
1142	457
1143	457
1143	458
1147	458
1147	459
1151	459
1151	460
1152	460
1152	461
1154	461
1154	462
1155	462
1155	463
1157	463
1157	464
1159	464
1159	465
1161	465
1161	466
1164	466
1164	468
1165	468
1165	469
1166	469
1166	470
1167	470
1167	471
1169	471
1169	473
1170	473
1170	474
1171	474
1171	475
1172	475
1172	476
1173	476
1173	478
1174	478
1174	479
1175	479
1175	481
1176	481
1176	483
1177	483
1177	484
1178	484
1178	485
1179	485
1179	487
1180	487
1180	488
1181	488
1181	490
1182	490
1182	492
1183	492
1183	494
1184	494
1184	497
1185	497
1185	499
1186	499
1186	500
1187	500
1187	504
1191	504
1191	505
1192	505
1192	504
1194	504
1194	505
1198	505
1198	506
1200	506
1200	507
1204	507
1204	509
1205	509
1205	510
1206	510
1206	511
1213	511
1213	512
1214	512
1214	511
1223	511
1223	512
1228	512
1228	513
1230	513
1230	514
1232	514
1232	515
1234	515
1234	516
1236	516
1236	517
1238	517
1238	518
1239	518
1239	520
1240	520
1240	521
1241	521
1241	522
1243	522
1243	524
1244	524
1244	525
1252	525
1252	526
1255	526
1255	525
1259	525
1259	526
1264	526
1264	527
1266	527
1266	528
1269	528
1269	529
1270	529
1270	532
1271	532
1271	533
1270	533
1270	534
1271	534
1271	543
1272	543
1272	549
1273	549
1273	552
1274	552
1274	553
1275	553
1275	566
1276	566
1276	567
1277	567
1277	568
1280	568
1280	567
1281	567
1281	568
1284	568
1284	567
1285	567
1285	568
1290	568
1290	569
1292	569
1292	570
1294	570
1294	571
1296	571
1296	572
1297	572
1297	573
1298	573
1298	574
1299	574
1299	575
1300	575
1300	576
1308	576
1308	577
1311	577
1311	576
1312	576
1312	577
1313	577
1313	576
1325	576
1325	577
1331	577
1331	578
1337	578
1337	577
1339	577
1339	578
1341	578
1341	577
1344	577
1344	576
1359	576
1359	575
1368	575
1368	574
1389	574
1389	573
1392	573
1392	574
1400	574
1400	573
1401	573
1401	571
1402	571
1402	570
1403	570
1403	569
1404	569
1404	570
1405	570
1405	569
1411	569
1411	568
1419	568
1419	567
1421	567
1421	566
1424	566
1424	565
1425	565
1425	564
1426	564
1426	563
1428	563
1428	560
1429	560
1429	559
1430	559
1430	558
1431	558
1431	557
1433	557
1433	556
1434	556
1434	555
1435	555
1435	554
1436	554
1436	552
1437	552
1437	550
1438	550
1438	546
1439	546
1439	543
1440	543
1440	538
1441	538
1441	537
1440	537
1440	535
1441	535
1441	528
1442	528
1442	526
1443	526
1443	523
1444	523
1444	522
1445	522
1445	521
1446	521
1446	520
1447	520
1447	519
1448	519
1448	518
1450	518
1450	517
1451	517
1451	516
1452	516
1452	515
1454	515
1454	514
1455	514
1455	513
1456	513
1456	512
1458	512
1458	511
1460	511
1460	510
1463	510
1463	509
1465	509
1465	508
1467	508
1467	507
1469	507
1469	506
1470	506
1470	505
1471	505
1471	504
1472	504
1472	503
1473	503
1473	502
1475	502
1475	501
1476	501
1476	500
1477	500
1477	499
1478	499
1478	498
1479	498
1479	497
1480	497
1480	496
1481	496
1481	495
1482	495
1482	494
1483	494
1483	493
1484	493
1484	492
1486	492
1486	491
1487	491
1487	490
1488	490
1488	489
1489	489
1489	488
1491	488
1491	487
1492	487
1492	486
1493	486
1493	485
1494	485
1494	484
1495	484
1495	483
1496	483
1496	482
1498	482
1498	481
1499	481
1499	479
1500	479
1500	478
1501	478
1501	477
1503	477
1503	475
1504	475
1504	474
1505	474
1505	473
1506	473
1506	472
1508	472
1508	470
1509	470
1509	469
1510	469
1510	468
1511	468
1511	467
1512	467
1512	465
1513	465
1513	464
1514	464
1514	462
1515	462
1515	461
1516	461
1516	460
1517	460
1517	459
1518	459
1518	458
1519	458
1519	457
1520	457
1520	455
1521	455
1521	454
1524	454
1524	453
1526	453
1526	452
1528	452
1528	451
1529	451
1529	450
1530	450
1530	449
1531	449
1531	448
1532	448
1532	446
1533	446
1533	445
1534	445
1534	444
1535	444
1535	443
1536	443
1536	442
1537	442
1537	441
1538	441
1538	440
1542	440
1542	439
1548	439
1548	438
1550	438
1550	436
1554	436
1554	434
1557	434
1557	433
1558	433
1558	432
1559	432
1559	431
1560	431
1560	430
1561	430
1561	427
1562	427
1562	425
1563	425
1563	421
1564	421
1564	418
1565	418
1565	415
1566	415
1566	413
1567	413
1567	411
1568	411
1568	409
1567	409
1567	408
1568	408
1568	405
1569	405
1569	404
1570	404
1570	401
1571	401
1571	397
1572	397
1572	393
1573	393
1573	390
1574	390
1574	385
1575	385
1575	383
1576	383
1576	380
1577	380
1577	378
1578	378
1578	377
1580	377
1580	376
1587	376
1587	375
1591	375
1591	374
1594	374
1594	373
1595	373
1595	372
1597	372
1597	371
1598	371
1598	370
1600	370
1600	371
1601	371
1601	373
1600	373
1600	374
1601	374
1601	378
1602	378
1602	379
1605	379
1605	378
1608	378
1608	377
1609	377
1609	376
1610	376
1610	374
1608	374
1608	373
1607	373
1607	372
1606	372
1606	370
1616	370
1616	371
1618	371
1618	370
1622	370
1622	371
1623	371
1623	372
1624	372
1624	371
1627	371
1627	372
1628	372
1628	373
1630	373
1630	374
1631	374
1631	375
1632	375
1632	376
1633	376
1633	377
1634	377
1634	378
1635	378
1635	379
1636	379
1636	380
1638	380
1638	381
1639	381
1639	382
1641	382
1641	384
1642	384
1642	385
1644	385
1644	386
1646	386
1646	387
1647	387
1647	388
1650	388
1650	389
1652	389
1652	390
1653	390
1653	391
1652	391
1652	393
1653	393
1653	397
1654	397
1654	400
1655	400
1655	402
1656	402
1656	405
1655	405
1655	406
1656	406
1656	407
1655	407
1655	413
1654	413
1654	417
1653	417
1653	420
1652	420
1652	421
1653	421
1653	423
1652	423
1652	426
1651	426
1651	432
1650	432
1650	435
1649	435
1649	436
1650	436
1650	437
1649	437
1649	442
1648	442
1648	460
1647	460
1647	461
1648	461
1648	467
1647	467
1647	477
1646	477
1646	479
1647	479
1647	481
1646	481
1646	485
1647	485
1647	493
1648	493
1648	498
1649	498
1649	502
1650	502
1650	506
1651	506
1651	512
1652	512
1652	517
1653	517
1653	523
1654	523
1654	530
1655	530
1655	535
1656	535
1656	537
1655	537
1655	538
1656	538
1656	540
1657	540
1657	541
1656	541
1656	543
1657	543
1657	548
1658	548
1658	550
1659	550
1659	552
1660	552
1660	555
1661	555
1661	558
1662	558
1662	562
1663	562
1663	564
1664	564
1664	566
1665	566
1665	567
1664	567
1664	569
1663	569
1663	571
1664	571
1664	573
1671	573
1671	574
1680	574
1680	573
1681	573
1681	572
1682	572
1682	571
1684	571
1684	570
1685	570
1685	569
1686	569
1686	568
1688	568
1688	567
1689	567
1689	566
1690	566
1690	565
1691	565
1691	564
1692	564
1692	563
1693	563
1693	562
1695	562
1695	561
1696	561
1696	560
1698	560
1698	559
1699	559
1699	558
1701	558
1701	557
1703	557
1703	556
1705	556
1705	555
1708	555
1708	554
1709	554
1709	553
1710	553
1710	552
1712	552
1712	551
1713	551
1713	550
1715	550
1715	549
1716	549
1716	548
1717	548
1717	547
1718	547
1718	546
1719	546
1719	545
1720	545
1720	544
1721	544
1721	542
1723	542
1723	540
1724	540
1724	537
1725	537
1725	535
1726	535
1726	534
1727	534
1727	532
1728	532
1728	531
1729	531
1729	530
1730	530
1730	529
1740	529
1740	527
1742	527
1742	526
1744	526
1744	525
1748	525
1748	524
1749	524
1749	523
1752	523
1752	522
1754	522
1754	521
1755	521
1755	520
1756	520
1756	519
1757	519
1757	518
1760	518
1760	517
1762	517
1762	516
1765	516
1765	515
1770	515
1770	514
1772	514
1772	513
1774	513
1774	512
1777	512
1777	511
1779	511
1779	510
1782	510
1782	509
1784	509
1784	508
1786	508
1786	507
1789	507
1789	506
1791	506
1791	505
1793	505
1793	504
1795	504
1795	503
1796	503
1796	502
1797	502
1797	501
1799	501
1799	500
1800	500
1800	499
1802	499
1802	497
1803	497
1803	496
1805	496
1805	495
1806	495
1806	494
1807	494
1807	493
1809	493
1809	492
1811	492
1811	491
1813	491
1813	490
1814	490
1814	489
1815	489
1815	488
1817	488
1817	487
1819	487
1819	486
1820	486
1820	485
1821	485
1821	484
1824	484
1824	483
1826	483
1826	482
1827	482
1827	481
1828	481
1828	480
1830	480
1830	479
1832	479
1832	478
1834	478
1834	477
1848	477
1848	476
1852	476
1852	475
1854	475
1854	474
1856	474
1856	473
1861	473
1861	472
1863	472
1863	471
1867	471
1867	470
1874	470
1874	469
1875	469
1875	470
1876	470
1876	469
1881	469
1881	468
1888	468
1888	467
1892	467
1892	466
1894	466
1894	467
1895	467
1895	466
1899	466
1899	465
1901	465
1901	466
1913	466
1913	465
1914	465
1914	466
1920	466
1920	467
1921	467
1921	466
1922	466
1922	467
1926	467
1926	466
1927	466
1927	467
1942	467
1942	468
1945	468
1945	469
1947	469
1947	468
1948	468
1948	469
1963	469
1963	470
1964	470
1964	469
1967	469
1967	470
1968	470
1968	469
1977	469
1977	470
1979	470
1979	471
1983	471
1983	472
1988	472
1988	473
1990	473
1990	472
2001	472
2001	471
2004	471
2004	470
2011	470
2011	469
2021	469
2021	468
2022	468
2022	469
2028	469
2028	470
2033	470
2033	471
2037	471
2037	472
2045	472
2045	471
2046	471
2046	472
2050	472
2050	471
2053	471
2053	472
2055	472
2055	471
2065	471
2065	470
2067	470
2067	471
2069	471
2069	470
2074	470
2074	471
2076	471
2076	470
2077	470
2077	471
2083	471
2083	472
2084	472
2084	471
2088	471
2088	472
2089	472
2089	471
2093	471
2093	472
2096	472
2096	471
2101	471
2101	470
2106	470
2106	469
2113	469
2113	468
2114	468
2114	469
2115	469
2115	468
2116	468
2116	469
2119	469
2119	470
2120	470
2120	467
2121	467
2121	465
2122	465
2122	463
2123	463
2123	461
2124	461
2124	457
2125	457
2125	454
2126	454
2126	447
2127	447
2127	444
2128	444
2128	442
2129	442
2129	431
2130	431
2130	430
2129	430
2129	422
2130	422
2130	419
2131	419
2131	418
2132	418
2132	417
2133	417
2133	416
2134	416
2134	414
2135	414
2135	407
2136	407
2136	404
2137	404
2137	403
2136	403
2136	402
2137	402
2137	397
2136	397
2136	395
2135	395
2135	394
2136	394
2136	390
2135	390
2135	389
2136	389
2136	387
2137	387
2137	381
2138	381
2138	380
2139	380
2139	378
2140	378
2140	377
2141	377
2141	376
2142	376
2142	375
2144	375
2144	374
2145	374
2145	373
2147	373
2147	371
2148	371
2148	370
2150	370
2150	368
2151	368
2151	367
2155	367
2155	366
2156	366
2156	367
2161	367
2161	368
2163	368
2163	369
2167	369
2167	368
2169	368
2169	366
2170	366
2170	365
2171	365
2171	364
2172	364
2172	363
2173	363
2173	361
2174	361
2174	360
2175	360
2175	358
2176	358
2176	357
2177	357
2177	355
2178	355
2178	354
2179	354
2179	353
2180	353
2180	352
2181	352
2181	350
2182	350
2182	346
2183	346
2183	344
2184	344
2184	342
2186	342
2186	343
2188	343
2188	344
2190	344
2190	346
2192	346
2192	348
2194	348
2194	349
2195	349
2195	350
2197	350
2197	351
2204	351
2204	352
2208	352
2208	353
2213	353
2213	354
2216	354
2216	353
2217	353
2217	354
2219	354
2219	353
2224	353
2224	354
2225	354
2225	353
2226	353
2226	354
2233	354
2233	355
2234	355
2234	354
2237	354
2237	355
2241	355
2241	354
2249	354
2249	353
2250	353
2250	354
2252	354
2252	353
2258	353
2258	352
2261	352
2261	351
2262	351
2262	350
2265	350
2265	349
2268	349
2268	348
2272	348
2272	347
2273	347
2273	346
2276	346
2276	345
2277	345
2277	344
2279	344
2279	343
2283	343
2283	341
2288	341
2288	340
2292	340
2292	339
2294	339
2294	338
2295	338
2295	337
2297	337
2297	336
2299	336
2299	335
2300	335
2300	334
2303	334
2303	333
2309	333
2309	332
2311	332
2311	331
2321	331
2321	332
2325	332
2325	333
2327	333
2327	334
2338	334
2338	335
2348	335
2348	336
2351	336
2351	337
2354	337
2354	338
2358	338
2358	339
2359	339
2359	340
2361	340
2361	341
2362	341
2362	342
2367	342
2367	343
2378	343
2378	344
2382	344
2382	345
2384	345
2384	346
2385	346
2385	345
2391	345
2391	346
2400	346
2400	347
2408	347
2408	346
2414	346
2414	345
2415	345
2415	344
2417	344
2417	343
2418	343
2418	342
2420	342
2420	341
2421	341
2421	340
2422	340
2422	339
2425	339
2425	338
2426	338
2426	337
2430	337
2430	336
2431	336
2431	335
2433	335
2433	334
2434	334
2434	333
2436	333
2436	332
2438	332
2438	330
2441	330
2441	329
2443	329
2443	328
2445	328
2445	327
2446	327
2446	326
2447	326
2447	325
2449	325
2449	324
2450	324
2450	323
2453	323
2453	322
2454	322
2454	321
2456	321
2456	320
2458	320
2458	319
2460	319
2460	318
2461	318
2461	317
2462	317
2462	316
2463	316
2463	317
2464	317
2464	316
2466	316
2466	315
2468	315
2468	314
2469	314
2469	315
2470	315
2470	314
2481	314
2481	315
2482	315
2482	314
2487	314
2487	313
2490	313
2490	312
2491	312
2491	311
2493	311
2493	310
2496	310
2496	309
2498	309
2498	308
2501	308
2501	307
2507	307
2507	306
2508	306
2508	305
2510	305
2510	304
2512	304
2512	303
2513	303
2513	302
2514	302
2514	299
2515	299
2515	292
2516	292
2516	287
2517	287
2517	279
2518	279
2518	277
2519	277
2519	275
2520	275
2520	272
2519	272
2519	267
2520	267
2520	261
2521	261
2521	260
2520	260
2520	259
2521	259
2521	254
2520	254
2520	252
2521	252
2521	249
2520	249
2520	246
2521	246
2521	244
2520	244
2520	243
2521	243
2521	236
2520	236
2520	235
2521	235
2521	229
2520	229
2520	218
2519	218
2519	214
2518	214
2518	213
2519	213
2519	188
2520	188
2520	187
2521	187
2521	185
2522	185
2522	184
2524	184
2524	183
2526	183
2526	182
2529	182
2529	181
2533	181
2533	180
2534	180
2534	181
2535	181
2535	180
2538	180
2538	181
2539	181
2539	180
2540	180
2540	181
2544	181
2544	182
2545	182
2545	183
2546	183
2546	184
2554	184
2554	185
2561	185
2561	184
2562	184
2562	185
2568	185
2568	186
2569	186
2569	189
2570	189
2570	191
2571	191
2571	192
2572	192
2572	194
2573	194
2573	197
2574	197
2574	199
2575	199
2575	201
2576	201
2576	202
2577	202
2577	205
2578	205
2578	207
2579	207
2579	209
2580	209
2580	213
2581	213
2581	216
2582	216
2582	219
2583	219
2583	222
2584	222
2584	230
2585	230
2585	233
2586	233
2586	238
2587	238
2587	243
2586	243
2586	244
2587	244
2587	251
2588	251
2588	252
2587	252
2587	254
2588	254
2588	257
2589	257
2589	263
2590	263
2590	268
2591	268
2591	274
2592	274
2592	291
2593	291
2593	292
2594	292
2594	293
2596	293
2596	292
2598	292
2598	291
2599	291
2599	290
2600	290
2600	288
2601	288
2601	287
2602	287
2602	284
2603	284
2603	282
2604	282
2604	279
2605	279
2605	276
2606	276
2606	273
2607	273
2607	271
2608	271
2608	269
2609	269
2609	267
2610	267
2610	264
2611	264
2611	263
2612	263
2612	262
2613	262
2613	261
2615	261
2615	260
2616	260
2616	259
2618	259
2618	258
2620	258
2620	259
2626	259
2626	260
2629	260
2629	261
2633	261
2633	262
2634	262
2634	263
2637	263
2637	264
2638	264
2638	265
2640	265
2640	266
2643	266
2643	267
2644	267
2644	268
2645	268
2645	269
2646	269
2646	270
2647	270
2647	271
2648	271
2648	273
2649	273
2649	275
2651	275
2651	276
2656	276
2656	277
2660	277
2660	276
2663	276
2663	275
2665	275
2665	274
2667	274
2667	273
2668	273
2668	271
2670	271
2670	268
2671	268
2671	265
2672	265
2672	262
2673	262
2673	261
2672	261
2672	260
2673	260
2673	257
2674	257
2674	254
2675	254
2675	251
2676	251
2676	250
2677	250
2677	247
2678	247
2678	246
2679	246
2679	244
2680	244
2680	243
2688	243
2688	242
2690	242
2690	243
2691	243
2691	242
2694	242
2694	243
2696	243
2696	242
2698	242
2698	243
2706	243
2706	242
2709	242
2709	241
2711	241
2711	240
2713	240
2713	241
2719	241
2719	240
2721	240
2721	239
2725	239
2725	238
2727	238
2727	237
2729	237
2729	236
2732	236
2732	235
2733	235
2733	234
2737	234
2737	233
2741	233
2741	232
2746	232
2746	231
2748	231
2748	230
2749	230
2749	229
2750	229
2750	228
2752	228
2752	227
2753	227
2753	226
2754	226
2754	225
2756	225
2756	224
2758	224
2758	222
2759	222
2759	219
2760	219
2760	217
2761	217
2761	215
2763	215
2763	216
2766	216
2766	215
2767	215
2767	214
2769	214
2769	213
2770	213
2770	212
2773	212
2773	213
2775	213
2775	215
2776	215
2776	217
2777	217
2777	220
2778	220
2778	222
2779	222
2779	229
2780	229
2780	230
2781	230
2781	233
2782	233
2782	234
2783	234
2783	237
2784	237
2784	238
2785	238
2785	241
2786	241
2786	243
2787	243
2787	247
2788	247
2788	249
2789	249
2789	251
2790	251
2790	252
2789	252
2789	253
2790	253
2790	254
2789	254
2789	256
2790	256
2790	259
2791	259
2791	261
2792	261
2792	267
2794	267
2794	268
2796	268
2796	269
2807	269
2807	270
2820	270
2820	271
2832	271
2832	272
2835	272
2835	271
2837	271
2837	272
2842	272
2842	273
2846	273
2846	274
2848	274
2848	275
2851	275
2851	276
2852	276
2852	277
2865	277
2865	276
2866	276
2866	275
2868	275
2868	274
2869	274
2869	273
2870	273
2870	271
2871	271
2871	269
2872	269
2872	268
2873	268
2873	267
2874	267
2874	265
2875	265
2875	264
2876	264
2876	263
2877	263
2877	262
2880	262
2880	260
2881	260
2881	259
2883	259
2883	258
2884	258
2884	256
2885	256
2885	254
2886	254
2886	252
2887	252
2887	246
2888	246
2888	245
2887	245
2887	244
2888	244
2888	239
2887	239
2887	229
2886	229
2886	223
2887	223
2887	222
2886	222
2886	219
2885	219
2885	189
2886	189
2886	184
2887	184
2887	183
2886	183
2886	182
2887	182
2887	178
2888	178
2888	175
2889	175
2889	171
2890	171
2890	168
2889	168
2889	159
2890	159
2890	158
2891	158
2891	157
2892	157
2892	154
2893	154
2893	150
2894	150
2894	147
2898	147
2898	148
2903	148
2903	147
2907	147
2907	146
2912	146
2912	145
2914	145
2914	146
2916	146
2916	145
2926	145
2926	146
2927	146
2927	145
2943	145
2943	144
2944	144
2944	143
2945	143
2945	138
2943	138
2943	137
2936	137
2936	138
2935	138
2935	139
2929	139
2929	138
2928	138
2928	139
2919	139
2919	138
2913	138
2913	139
2909	139
2909	140
2901	140
2901	141
2897	141
2897	140
2894	140
2894	139
2892	139
2892	140
2890	140
2890	145
2889	145
2889	146
2888	146
2888	150
2887	150
2887	153
2886	153
2886	155
2883	155
2883	157
2884	157
2884	158
2883	158
2883	162
2884	162
2884	163
2883	163
2883	164
2884	164
2884	170
2883	170
2883	175
2882	175
2882	177
2881	177
2881	182
2880	182
2880	184
2881	184
2881	185
2880	185
2880	187
2879	187
2879	188
2880	188
2880	189
2879	189
2879	193
2880	193
2880	195
2879	195
2879	196
2880	196
2880	197
2879	197
2879	210
2878	210
2878	211
2879	211
2879	216
2880	216
2880	223
2881	223
2881	234
2882	234
2882	249
2881	249
2881	252
2880	252
2880	253
2879	253
2879	254
2878	254
2878	255
2877	255
2877	256
2875	256
2875	257
2873	257
2873	258
2872	258
2872	259
2871	259
2871	261
2870	261
2870	262
2869	262
2869	263
2868	263
2868	264
2867	264
2867	266
2866	266
2866	267
2865	267
2865	269
2864	269
2864	270
2861	270
2861	271
2853	271
2853	270
2851	270
2851	271
2850	271
2850	269
2847	269
2847	268
2842	268
2842	267
2840	267
2840	266
2837	266
2837	265
2830	265
2830	264
2828	264
2828	265
2826	265
2826	264
2818	264
2818	263
2816	263
2816	264
2815	264
2815	263
2801	263
2801	262
2796	262
2796	261
2795	261
2795	255
2794	255
2794	251
2793	251
2793	247
2792	247
2792	244
2791	244
2791	242
2790	242
2790	239
2789	239
2789	237
2788	237
2788	235
2787	235
2787	232
2786	232
2786	229
2785	229
2785	227
2784	227
2784	222
2783	222
2783	218
2782	218
2782	216
2781	216
2781	215
2782	215
2782	214
2781	214
2781	210
2780	210
2780	208
2779	208
2779	207
2775	207
2775	206
2772	206
2772	205
2769	205
2769	206
2766	206
2766	207
2762	207
2762	208
2759	208
2759	209
2758	209
2758	210
2757	210
2757	211
2756	211
2756	214
2755	214
2755	216
2754	216
2754	218
2753	218
2753	219
2752	219
2752	220
2751	220
2751	221
2750	221
2750	222
2749	222
2749	223
2746	223
2746	224
2745	224
2745	225
2743	225
2743	226
2740	226
2740	227
2734	227
2734	228
2732	228
2732	229
2729	229
2729	230
2728	230
2728	231
2725	231
2725	232
2723	232
2723	233
2719	233
2719	234
2709	234
2709	235
2706	235
2706	236
2702	236
2702	237
2700	237
2700	236
2696	236
2696	235
2695	235
2695	236
2694	236
2694	235
2686	235
2686	236
2678	236
2678	237
2676	237
2676	239
2675	239
2675	241
2674	241
2674	243
2673	243
2673	245
2672	245
2672	247
2671	247
2671	248
2670	248
2670	250
2669	250
2669	253
2668	253
2668	257
2667	257
2667	260
2666	260
2666	262
2667	262
2667	263
2666	263
2666	264
2665	264
2665	266
2664	266
2664	268
2663	268
2663	269
2662	269
2662	270
2655	270
2655	269
2652	269
2652	268
2651	268
2651	267
2650	267
2650	265
2649	265
2649	264
2648	264
2648	262
2647	262
2647	261
2646	261
2646	260
2642	260
2642	259
2640	259
2640	258
2639	258
2639	257
2636	257
2636	256
2634	256
2634	255
2630	255
2630	254
2625	254
2625	253
2623	253
2623	252
2620	252
2620	251
2615	251
2615	252
2613	252
2613	254
2611	254
2611	255
2610	255
2610	256
2608	256
2608	257
2607	257
2607	258
2606	258
2606	261
2605	261
2605	263
2604	263
2604	265
2603	265
2603	266
2602	266
2602	269
2601	269
2601	273
2600	273
2600	275
2599	275
2599	279
2598	279
2598	281
2597	281
2597	280
2596	280
2596	278
2597	278
2597	276
2596	276
2596	272
2595	272
2595	265
2594	265
2594	263
2593	263
2593	259
2592	259
2592	258
2593	258
2593	256
2592	256
2592	254
2593	254
2593	253
2592	253
2592	251
2591	251
2591	250
2592	250
2592	249
2591	249
2591	240
2590	240
2590	239
2591	239
2591	238
2590	238
2590	233
2589	233
2589	229
2588	229
2588	224
2587	224
2587	219
2586	219
2586	214
2585	214
2585	213
2584	213
2584	209
2583	209
2583	204
2582	204
2582	205
2581	205
2581	201
2580	201
2580	198
2578	198
2578	196
2577	196
2577	192
2576	192
2576	190
2575	190
2575	185
2574	185
2574	182
2573	182
2573	181
2572	181
2572	180
2571	180
2571	179
2570	179
2570	178
2566	178
2566	179
2562	179
2562	178
2555	178
2555	177
2552	177
2552	178
2549	178
2549	179
2548	179
2548	178
2546	178
2546	177
2544	177
2544	176
2542	176
2542	175
2540	175
2540	174
2532	174
2532	173
2531	173
2531	174
2529	174
2529	175
2527	175
2527	176
2521	176
2521	177
2519	177
2519	178
2518	178
2518	179
2517	179
2517	182
2516	182
2516	183
2515	183
2515	184
2514	184
2514	190
2513	190
2513	196
2514	196
2514	197
2513	197
2513	202
2514	202
2514	204
2513	204
2513	205
2514	205
2514	208
2513	208
2513	219
2514	219
2514	224
2515	224
2515	225
2514	225
2514	229
2515	229
2515	230
2514	230
2514	232
2515	232
2515	262
2514	262
2514	274
2513	274
2513	279
2512	279
2512	281
2513	281
2513	284
2512	284
2512	288
2511	288
2511	293
2510	293
2510	296
2509	296
2509	299
2508	299
2508	300
2505	300
2505	301
2500	301
2500	302
2497	302
2497	303
2495	303
2495	304
2492	304
2492	305
2491	305
2491	306
2490	306
2490	307
2487	307
2487	308
2477	308
2477	309
2475	309
2475	308
2470	308
2470	309
2463	309
2463	310
2462	310
2462	311
2459	311
2459	312
2457	312
2457	314
2456	314
2456	315
2454	315
2454	316
2453	316
2453	317
2450	317
2450	318
2447	318
2447	319
2445	319
2445	321
2444	321
2444	322
2442	322
2442	323
2440	323
2440	324
2438	324
2438	325
2436	325
2436	326
2435	326
2435	327
2434	327
2434	328
2431	328
2431	329
2430	329
2430	330
2428	330
2428	331
2426	331
2426	332
2422	332
2422	334
2419	334
2419	335
2417	335
2417	336
2416	336
2416	337
2415	337
2415	338
2414	338
2414	339
2409	339
2409	340
2407	340
2407	341
2395	341
2395	340
2393	340
2393	341
2390	341
2390	340
2388	340
2388	339
2386	339
2386	340
2381	340
2381	339
2379	339
2379	338
2377	338
2377	337
2373	337
2373	336
2371	336
2371	337
2364	337
2364	336
2362	336
2362	337
2361	337
2361	336
2360	336
2360	335
2359	335
2359	334
2358	334
2358	333
2356	333
2356	332
2353	332
2353	331
2351	331
2351	330
2346	330
2346	329
2340	329
2340	328
2333	328
2333	327
2330	327
2330	328
2329	328
2329	327
2328	327
2328	328
2327	328
2327	327
2322	327
2322	326
2320	326
2320	325
2314	325
2314	326
2306	326
2306	327
2303	327
2303	328
2302	328
2302	329
2297	329
2297	330
2296	330
2296	331
2295	331
2295	332
2292	332
2292	333
2291	333
2291	334
2287	334
2287	335
2285	335
2285	336
2284	336
2284	335
2283	335
2283	336
2280	336
2280	337
2278	337
2278	338
2276	338
2276	339
2275	339
2275	340
2273	340
2273	341
2270	341
2270	342
2269	342
2269	343
2264	343
2264	344
2261	344
2261	345
2258	345
2258	346
2255	346
2255	347
2252	347
2252	348
2246	348
2246	349
2238	349
2238	350
2236	350
2236	349
2230	349
2230	348
2227	348
2227	347
2224	347
2224	348
2223	348
2223	347
2214	347
2214	348
2213	348
2213	347
2210	347
2210	346
2208	346
2208	345
2196	345
2196	343
2195	343
2195	342
2194	342
2194	341
2192	341
2192	339
2190	339
2190	338
2189	338
2189	337
2188	337
2188	336
2187	336
2187	335
2185	335
2185	334
2184	334
2184	335
2182	335
2182	336
2181	336
2181	337
2180	337
2180	339
2179	339
2179	343
2178	343
2178	347
2176	347
2176	348
2175	348
2175	349
2174	349
2174	352
2173	352
2173	353
2172	353
2172	354
2171	354
2171	356
2170	356
2170	357
2169	357
2169	359
2168	359
2168	360
2167	360
2167	361
2166	361
2166	362
2165	362
2165	361
2164	361
2164	362
2163	362
2163	361
2160	361
2160	360
2150	360
2150	361
2148	361
2148	362
2147	362
2147	364
2146	364
2146	365
2145	365
2145	366
2143	366
2143	367
2142	367
2142	369
2140	369
2140	371
2137	371
2137	373
2136	373
2136	374
2135	374
2135	376
2134	376
2134	377
2133	377
2133	379
2132	379
2132	380
2131	380
2131	382
2132	382
2132	385
2131	385
2131	386
2132	386
2132	387
2131	387
2131	389
2130	389
2130	393
2131	393
2131	403
2130	403
2130	406
2131	406
2131	409
2130	409
2130	411
2129	411
2129	413
2128	413
2128	414
2127	414
2127	415
2126	415
2126	418
2125	418
2125	421
2124	421
2124	424
2123	424
2123	426
2124	426
2124	430
2122	430
2122	431
2123	431
2123	440
2122	440
2122	446
2121	446
2121	447
2122	447
2122	448
2121	448
2121	452
2120	452
2120	457
2119	457
2119	459
2118	459
2118	460
2117	460
2117	463
2115	463
2115	462
2113	462
2113	463
2112	463
2112	462
2104	462
2104	463
2102	463
2102	464
2100	464
2100	465
2093	465
2093	466
2092	466
2092	465
2091	465
2091	466
2090	466
2090	465
2089	465
2089	466
2085	466
2085	467
2084	467
2084	466
2081	466
2081	465
2076	465
2076	464
2075	464
2075	465
2074	465
2074	464
2065	464
2065	465
2061	465
2061	464
2060	464
2060	465
2057	465
2057	466
2053	466
2053	465
2050	465
2050	466
2049	466
2049	465
2048	465
2048	466
2039	466
2039	465
2036	465
2036	466
2035	466
2035	465
2033	465
2033	466
2032	466
2032	465
2028	465
2028	464
2023	464
2023	463
2020	463
2020	462
2017	462
2017	463
2011	463
2011	464
2004	464
2004	465
2000	465
2000	466
1988	466
1988	467
1983	467
1983	466
1978	466
1978	464
1976	464
1976	465
1974	465
1974	464
1969	464
1969	463
1967	463
1967	464
1966	464
1966	463
1963	463
1963	464
1959	464
1959	463
1946	463
1946	462
1943	462
1943	461
1942	461
1942	462
1941	462
1941	461
1939	461
1939	462
1935	462
1935	461
1925	461
1925	460
1924	460
1924	461
1919	461
1919	460
1907	460
1907	461
1903	461
1903	460
1897	460
1897	461
1891	461
1891	462
1884	462
1884	463
1877	463
1877	464
1876	464
1876	463
1875	463
1875	464
1871	464
1871	465
1868	465
1868	466
1867	466
1867	465
1865	465
1865	466
1860	466
1860	467
1859	467
1859	468
1855	468
1855	469
1850	469
1850	470
1849	470
1849	471
1848	471
1848	472
1843	472
1843	471
1842	471
1842	472
1839	472
1839	471
1836	471
1836	472
1835	472
1835	471
1834	471
1834	472
1831	472
1831	473
1829	473
1829	474
1828	474
1828	475
1826	475
1826	476
1825	476
1825	477
1824	477
1824	478
1822	478
1822	479
1819	479
1819	480
1818	480
1818	481
1814	481
1814	483
1812	483
1812	484
1810	484
1810	485
1809	485
1809	487
1808	487
1808	488
1806	488
1806	489
1805	489
1805	490
1804	490
1804	491
1803	491
1803	490
1802	490
1802	491
1801	491
1801	492
1800	492
1800	493
1798	493
1798	495
1797	495
1797	496
1796	496
1796	497
1793	497
1793	498
1792	498
1792	500
1790	500
1790	501
1789	501
1789	502
1786	502
1786	503
1785	503
1785	502
1784	502
1784	503
1783	503
1783	504
1780	504
1780	503
1779	503
1779	504
1778	504
1778	505
1776	505
1776	506
1771	506
1771	507
1770	507
1770	508
1767	508
1767	509
1765	509
1765	510
1760	510
1760	511
1759	511
1759	512
1757	512
1757	513
1755	513
1755	514
1754	514
1754	515
1753	515
1753	516
1751	516
1751	517
1750	517
1750	518
1747	518
1747	519
1743	519
1743	520
1742	520
1742	521
1740	521
1740	522
1738	522
1738	523
1733	523
1733	524
1729	524
1729	525
1728	525
1728	526
1726	526
1726	527
1725	527
1725	528
1724	528
1724	529
1723	529
1723	531
1721	531
1721	534
1720	534
1720	536
1719	536
1719	538
1718	538
1718	539
1717	539
1717	540
1716	540
1716	542
1714	542
1714	544
1713	544
1713	545
1712	545
1712	546
1709	546
1709	547
1708	547
1708	548
1707	548
1707	549
1705	549
1705	550
1703	550
1703	551
1701	551
1701	552
1700	552
1700	553
1698	553
1698	554
1696	554
1696	555
1695	555
1695	557
1691	557
1691	558
1690	558
1690	559
1688	559
1688	561
1687	561
1687	562
1686	562
1686	563
1684	563
1684	564
1683	564
1683	565
1681	565
1681	566
1680	566
1680	567
1679	567
1679	568
1676	568
1676	567
1674	567
1674	568
1673	568
1673	567
1670	567
1670	566
1669	566
1669	564
1668	564
1668	561
1667	561
1667	560
1666	560
1666	554
1665	554
1665	553
1664	553
1664	548
1663	548
1663	546
1662	546
1662	541
1661	541
1661	539
1660	539
1660	537
1661	537
1661	533
1660	533
1660	528
1659	528
1659	526
1658	526
1658	525
1659	525
1659	523
1658	523
1658	519
1657	519
1657	518
1658	518
1658	516
1657	516
1657	511
1656	511
1656	506
1655	506
1655	505
1656	505
1656	504
1655	504
1655	499
1654	499
1654	494
1653	494
1653	489
1652	489
1652	482
1651	482
1651	475
1652	475
1652	469
1653	469
1653	467
1652	467
1652	466
1653	466
1653	453
1654	453
1654	452
1653	452
1653	450
1654	450
1654	448
1653	448
1653	444
1654	444
1654	437
1655	437
1655	432
1656	432
1656	428
1657	428
1657	424
1658	424
1658	422
1659	422
1659	420
1658	420
1658	418
1659	418
1659	414
1660	414
1660	410
1661	410
1661	405
1662	405
1662	404
1663	404
1663	402
1662	402
1662	399
1661	399
1661	397
1660	397
1660	396
1659	396
1659	391
1660	391
1660	390
1661	390
1661	389
1662	389
1662	388
1663	388
1663	387
1662	387
1662	386
1659	386
1659	385
1658	385
1658	384
1654	384
1654	383
1653	383
1653	382
1651	382
1651	381
1649	381
1649	380
1647	380
1647	379
1645	379
1645	378
1643	378
1643	377
1642	377
1642	376
1641	376
1641	375
1639	375
1639	374
1637	374
1637	373
1636	373
1636	372
1635	372
1635	370
1633	370
1633	369
1631	369
1631	367
1630	367
1630	366
1628	366
1628	365
1624	365
1624	364
1612	364
1612	365
1611	365
1611	364
1607	364
1607	360
1608	360
1608	359
1607	359
1607	358
1606	358
1606	357
1602	357
1602	359
1601	359
1601	360
1600	360
1600	361
1599	361
1599	362
1598	362
1598	363
1596	363
1596	364
1595	364
1595	363
1594	363
1594	364
1591	364
1591	363
1589	363
1589	364
1588	364
1588	365
1586	365
1586	364
1584	364
1584	366
1585	366
1585	367
1588	367
1588	368
1590	368
1590	369
1588	369
1588	370
1578	370
1578	371
1576	371
1576	372
1573	372
1573	374
1572	374
1572	377
1571	377
1571	380
1570	380
1570	384
1569	384
1569	388
1568	388
1568	392
1567	392
1567	395
1566	395
1566	398
1565	398
1565	402
1564	402
1564	405
1563	405
1563	409
1562	409
1562	413
1561	413
1561	414
1560	414
1560	416
1559	416
1559	419
1558	419
1558	421
1559	421
1559	422
1558	422
1558	425
1557	425
1557	426
1556	426
1556	427
1555	427
1555	428
1554	428
1554	429
1553	429
1553	430
1550	430
1550	431
1548	431
1548	432
1547	432
1547	433
1544	433
1544	434
1541	434
1541	435
1540	435
1540	434
1539	434
1539	435
1538	435
1538	436
1536	436
1536	437
1535	437
1535	438
1532	438
1532	439
1530	439
1530	441
1529	441
1529	443
1528	443
1528	444
1527	444
1527	445
1525	445
1525	446
1524	446
1524	448
1521	448
1521	449
1520	449
1520	450
1517	450
1517	451
1516	451
1516	452
1515	452
1515	456
1512	456
1512	457
1511	457
1511	458
1510	458
1510	459
1509	459
1509	463
1507	463
1507	464
1506	464
1506	465
1505	465
1505	467
1504	467
1504	468
1503	468
1503	469
1502	469
1502	471
1499	471
1499	473
1497	473
1497	474
1496	474
1496	476
1495	476
1495	477
1494	477
1494	478
1493	478
1493	479
1491	479
1491	480
1490	480
1490	481
1489	481
1489	482
1487	482
1487	483
1486	483
1486	484
1485	484
1485	485
1484	485
1484	486
1483	486
1483	487
1482	487
1482	488
1480	488
1480	489
1479	489
1479	490
1478	490
1478	491
1477	491
1477	493
1476	493
1476	494
1475	494
1475	495
1474	495
1474	496
1473	496
1473	497
1472	497
1472	498
1470	498
1470	499
1468	499
1468	500
1467	500
1467	501
1465	501
1465	503
1463	503
1463	504
1461	504
1461	505
1458	505
1458	506
1455	506
1455	507
1453	507
1453	508
1451	508
1451	509
1450	509
1450	511
1449	511
1449	512
1448	512
1448	513
1447	513
1447	514
1446	514
1446	515
1443	515
1443	516
1442	516
1442	517
1441	517
1441	518
1440	518
1440	521
1439	521
1439	523
1438	523
1438	525
1437	525
1437	527
1436	527
1436	535
1435	535
1435	536
1436	536
1436	539
1434	539
1434	545
1433	545
1433	550
1431	550
1431	551
1430	551
1430	552
1429	552
1429	553
1428	553
1428	554
1426	554
1426	555
1425	555
1425	557
1424	557
1424	558
1423	558
1423	560
1422	560
1422	561
1421	561
1421	562
1415	562
1415	563
1409	563
1409	562
1402	562
1402	563
1400	563
1400	564
1397	564
1397	566
1396	566
1396	567
1390	567
1390	568
1389	568
1389	567
1387	567
1387	568
1376	568
1376	569
1374	569
1374	568
1371	568
1371	569
1358	569
1358	570
1351	570
1351	569
1349	569
1349	570
1341	570
1341	571
1339	571
1339	570
1336	570
1336	571
1332	571
1332	572
1331	572
1331	571
1324	571
1324	570
1323	570
1323	571
1322	571
1322	570
1320	570
1320	569
1319	569
1319	570
1301	570
1301	569
1300	569
1300	570
1299	570
1299	569
1298	569
1298	568
1297	568
1297	567
1295	567
1295	566
1294	566
1294	565
1293	565
1293	564
1291	564
1291	563
1290	563
1290	562
1283	562
1283	561
1282	561
1282	562
1280	562
1280	554
1279	554
1279	550
1278	550
1278	547
1277	547
1277	541
1276	541
1276	528
1275	528
1275	526
1274	526
1274	525
1271	525
1271	524
1269	524
1269	523
1267	523
1267	522
1266	522
1266	521
1265	521
1265	520
1263	520
1263	519
1249	519
1249	518
1248	518
1248	517
1247	517
1247	516
1245	516
1245	517
1244	517
1244	516
1241	516
1241	515
1238	515
1238	514
1236	514
1236	513
1234	513
1234	512
1233	512
1233	511
1232	511
1232	509
1229	509
1229	508
1228	508
1228	507
1227	507
1227	506
1226	506
1226	505
1216	505
1216	504
1209	504
1209	505
1208	505
1208	504
1205	504
1205	503
1204	503
1204	502
1202	502
1202	501
1201	501
1201	500
1200	500
1200	499
1196	499
1196	498
1192	498
1192	497
1191	497
1191	496
1190	496
1190	495
1189	495
1189	492
1188	492
1188	490
1187	490
1187	488
1186	488
1186	486
1185	486
1185	483
1184	483
1184	482
1183	482
1183	481
1182	481
1182	480
1181	480
1181	478
1180	478
1180	476
1178	476
1178	474
1177	474
1177	473
1176	473
1176	472
1175	472
1175	471
1174	471
1174	469
1173	469
1173	468
1172	468
1172	467
1170	467
1170	465
1169	465
1169	464
1168	464
1168	463
1167	463
1167	462
1166	462
1166	461
1165	461
1165	460
1162	460
1162	459
1160	459
1160	458
1159	458
1159	457
1157	457
1157	456
1156	456
1156	455
1152	455
1152	454
1151	454
1151	453
1150	453
1150	452
1147	452
1147	451
1146	451
1146	449
1145	449
1145	448
1144	448
1144	446
1143	446
1143	444
1142	444
1142	442
1141	442
1141	440
1140	440
1140	437
1139	437
1139	435
1138	435
1138	433
1137	433
1137	432
1136	432
1136	430
1135	430
1135	428
1134	428
1134	426
1133	426
1133	424
1132	424
1132	421
1131	421
1131	419
1130	419
1130	417
1129	417
1129	415
1128	415
1128	414
1127	414
1127	413
1126	413
1126	412
1125	412
1125	410
1124	410
1124	409
1123	409
1123	408
1122	408
1122	407
1120	407
1120	406
1119	406
1119	405
1117	405
1117	404
1115	404
1115	403
1114	403
1114	402
1111	402
1111	401
1107	401
1107	400
1105	400
1105	401
1103	401
1103	402
1100	402
1100	401
1097	401
1097	399
1096	399
1096	397
1095	397
1095	395
1094	395
1094	394
1093	394
1093	393
1092	393
1092	392
1091	392
1091	391
1090	391
1090	389
1089	389
1089	388
1088	388
1088	386
1087	386
1087	385
1086	385
1086	384
1085	384
1085	382
1084	382
1084	380
1082	380
1082	378
1081	378
1081	377
1080	377
1080	375
1078	375
1078	374
1076	374
1076	373
1074	373
1074	372
1072	372
1072	371
1071	371
1071	370
1070	370
1070	369
1068	369
1068	368
1066	368
1066	367
1065	367
1065	366
1064	366
1064	364
1063	364
1063	363
1062	363
1062	360
1061	360
1061	358
1060	358
1060	355
1059	355
1059	351
1058	351
1058	349
1057	349
1057	345
1055	345
1055	342
1054	342
1054	341
1053	341
1053	340
1052	340
1052	338
1051	338
1051	337
1050	337
1050	335
1049	335
1049	334
1045	334
1045	333
1043	333
1043	332
1040	332
1040	331
1036	331
1036	330
1035	330
1035	329
1033	329
1033	328
1031	328
1031	329
1029	329
1029	330
1028	330
1028	331
1026	331
1026	332
1025	332
1025	333
1024	333
1024	334
1023	334
1023	335
1021	335
1021	336
1020	336
1020	337
1018	337
1018	340
1017	340
1017	341
1016	341
1016	343
1015	343
1015	344
1016	344
1016	345
1015	345
1015	348
1014	348
1014	349
1013	349
1013	354
1012	354
1012	359
1011	359
1011	361
1010	361
1010	362
1011	362
1011	363
1010	363
1010	365
1009	365
1009	367
1008	367
1008	369
1007	369
1007	373
1006	373
1006	379
1007	379
1007	380
1006	380
1006	386
1005	386
1005	388
1004	388
1004	391
1003	391
1003	398
1002	398
1002	399
1001	399
1001	401
1000	401
1000	403
999	403
999	406
998	406
998	409
997	409
997	412
996	412
996	415
995	415
995	416
996	416
996	417
995	417
995	421
994	421
994	426
993	426
993	430
992	430
992	437
991	437
991	440
990	440
990	442
989	442
989	445
988	445
988	454
987	454
987	455
986	455
986	456
985	456
985	459
984	459
984	460
983	460
983	462
982	462
982	463
981	463
981	466
980	466
980	467
979	467
979	469
978	469
978	470
977	470
977	473
976	473
976	474
975	474
975	475
974	475
974	476
973	476
973	477
971	477
971	478
970	478
970	479
969	479
969	478
968	478
968	479
967	479
967	481
966	481
966	482
965	482
965	483
964	483
964	484
963	484
963	485
962	485
962	487
958	487
958	486
952	486
952	485
948	485
948	484
943	484
943	483
939	483
939	482
938	482
938	481
937	481
937	480
936	480
936	479
935	479
935	478
934	478
934	477
932	477
932	476
931	476
931	475
930	475
930	474
929	474
929	473
927	473
927	472
925	472
925	471
924	471
924	470
923	470
923	469
921	469
921	468
920	468
920	467
918	467
918	465
916	465
916	464
915	464
915	463
914	463
914	462
913	462
913	461
912	461
912	460
911	460
911	459
910	459
910	458
908	458
908	457
907	457
907	456
901	456
901	457
900	457
900	456
892	456
892	455
891	455
891	456
890	456
890	455
883	455
883	454
879	454
879	453
878	453
878	454
873	454
873	453
871	453
871	454
865	454
865	453
860	453
860	452
859	452
859	451
858	451
858	450
857	450
857	449
856	449
856	448
852	448
852	450
850	450
850	451
847	451
847	452
845	452
845	453
844	453
844	452
843	452
843	453
842	453
842	452
822	452
822	451
818	451
818	452
817	452
817	451
806	451
806	450
805	450
805	451
799	451
799	450
791	450
791	449
790	449
790	450
788	450
788	451
785	451
785	452
777	452
777	451
775	451
775	452
774	452
774	451
772	451
772	450
768	450
768	449
765	449
765	448
758	448
758	447
756	447
756	445
755	445
755	444
754	444
754	443
753	443
753	442
752	442
752	441
751	441
751	439
742	439
742	438
741	438
741	439
738	439
738	438
734	438
734	437
732	437
732	422
733	422
733	420
732	420
732	419
733	419
733	416
734	416
734	415
733	415
733	412
734	412
734	409
733	409
733	408
734	408
734	407
735	407
735	406
734	406
734	404
735	404
735	400
736	400
736	393
737	393
737	390
736	390
736	389
737	389
737	387
736	387
736	386
737	386
737	385
736	385
736	382
734	382
734	381
733	381
733	380
731	380
731	378
730	378
730	376
729	376
729	375
728	375
728	373
727	373
727	372
726	372
726	370
725	370
725	369
722	369
722	368
721	368
721	369
717	369
717	370
715	370
715	371
708	371
708	370
701	370
701	369
693	369
693	370
692	370
692	369
687	369
687	368
682	368
682	367
680	367
680	368
679	368
679	367
678	367
678	365
674	365
674	364
670	364
670	363
669	363
669	364
667	364
667	363
665	363
665	362
663	362
663	361
662	361
662	360
660	360
660	359
653	359
653	358
652	358
652	357
648	357
648	358
641	358
641	359
635	359
635	360
631	360
631	361
628	361
628	362
626	362
626	363
625	363
625	364
623	364
623	365
622	365
622	366
620	366
620	368
619	368
619	367
618	367
618	368
617	368
617	367
616	367
616	368
615	368
615	367
614	367
614	368
613	368
613	367
607	367
607	366
603	366
603	365
597	365
597	366
596	366
596	365
593	365
593	363
592	363
592	362
589	362
589	360
587	360
587	359
586	359
586	358
584	358
584	356
582	356
582	355
581	355
581	354
580	354
580	353
579	353
579	352
576	352
576	351
575	351
575	349
574	349
574	347
571	347
571	346
569	346
569	344
568	344
568	343
565	343
565	340
558	340
558	339
556	339
556	338
557	338
557	309
556	309
556	307
557	307
557	306
556	306
556	303
557	303
557	302
556	302
556	301
557	301
557	299
556	299
556	297
557	297
557	296
556	296
556	295
557	295
557	294
556	294
556	293
557	293
557	284
558	284
558	283
557	283
557	281
558	281
558	279
559	279
559	272
558	272
558	268
557	268
557	265
556	265
556	264
549	264
549	263
548	263
548	261
549	261
549	257
548	257
548	256
547	256
547	254
545	254
545	253
543	253
543	252
541	252
541	254
540	254
540	255
536	255
536	254
535	254
535	253
533	253
533	252
531	252
531	250
529	250
529	249
526	249
526	248
525	248
525	247
520	247
520	246
517	246
517	245
511	245
511	244
502	244
502	245
501	245
501	244
498	244
498	245
494	245
494	246
493	246
493	247
492	247
492	246
491	246
491	247
489	247
489	248
487	248
487	249
486	249
486	250
485	250
485	251
484	251
484	252
483	252
483	253
482	253
482	254
481	254
481	253
480	253
480	254
479	254
479	255
477	255
477	256
476	256
476	257
475	257
475	258
473	258
473	261
472	261
472	262
471	262
471	263
470	263
470	265
469	265
469	266
470	266
470	267
468	267
468	269
467	269
467	270
466	270
466	272
465	272
465	274
464	274
464	277
463	277
463	278
462	278
462	279
461	279
461	281
460	281
460	282
459	282
459	284
458	284
458	287
457	287
457	290
456	290
456	296
455	296
455	297
456	297
456	300
449	300
449	299
446	299
446	298
442	298
442	297
435	297
435	296
433	296
433	295
425	295
425	294
418	294
418	293
413	293
413	296
412	296
412	299
411	299
411	300
412	300
412	302
410	302
410	303
409	303
409	310
410	310
410	312
409	312
409	324
410	324
410	330
411	330
411	335
410	335
410	336
411	336
411	355
410	355
410	357
409	357
409	360
408	360
408	361
407	361
407	363
406	363
406	370
405	370
405	374
404	374
404	382
403	382
403	384
402	384
402	385
400	385
400	382
399	382
399	379
398	379
398	377
397	377
397	376
395	376
395	375
396	375
396	372
395	372
395	371
392	371
392	370
386	370
386	369
383	369
383	368
382	368
382	365
378	365
378	362
377	362
377	361
376	361
376	360
375	360
375	359
374	359
374	358
363	358
363	354
364	354
364	352
365	352
365	351
366	351
366	350
367	350
367	348
365	348
365	350
364	350
364	351
363	351
363	354
361	354
361	357
359	357
359	358
358	358
358	356
356	356
356	343
355	343
355	341
353	341
353	340
352	340
352	338
351	338
351	337
350	337
350	336
349	336
349	335
347	335
347	334
346	334
346	332
345	332
345	331
344	331
344	330
343	330
343	329
342	329
342	328
341	328
341	327
340	327
340	326
338	326
338	325
331	325
331	324
330	324
330	323
329	323
329	322
327	322
327	323
325	323
325	326
326	326
326	327
324	327
324	326
323	326
323	325
320	325
320	324
319	324
319	323
317	323
317	322
314	322
314	321
313	321
313	320
311	320
311	319
309	319
309	318
308	318
308	317
307	317
307	316
306	316
306	314
305	314
305	313
304	313
304	310
303	310
303	309
302	309
302	302
301	302
301	298
302	298
302	297
301	297
301	296
302	296
302	295
301	295
301	292
302	292
302	290
301	290
301	287
300	287
300	286
301	286
301	285
302	285
302	284
301	284
301	281
300	281
300	278
298	278
298	275
297	275
297	273
296	273
296	271
295	271
295	270
294	270
294	269
293	269
293	268
292	268
292	267
290	267
290	266
288	266
288	265
287	265
287	266
286	266
286	265
282	265
282	264
281	264
281	263
280	263
280	262
275	262
275	261
273	261
273	260
270	260
270	259
268	259
268	258
265	258
265	257
264	257
264	258
263	258
263	257
262	257
262	256
259	256
259	255
255	255
255	254
250	254
250	255
248	255
248	256
246	256
246	257
243	257
243	258
240	258
240	259
238	259
238	260
236	260
236	261
234	261
234	262
232	262
232	263
231	263
231	260
230	260
230	256
229	256
229	250
228	250
228	248
229	248
229	244
228	244
228	243
229	243
229	236
228	236
228	230
227	230
227	212
228	212
228	207
229	207
229	203
230	203
230	200
229	200
229	190
228	190
228	186
227	186
227	181
226	181
226	178
225	178
225	177
224	177
224	176
223	176
223	175
221	175
221	173
220	173
220	172
219	172
219	171
218	171
218	170
213	170
213	169
211	169
211	170
210	170
210	169
205	169
205	168
202	168
202	167
194	167
194	166
193	166
193	164
191	164
191	162
190	162
190	161
189	161
189	160
188	160
188	157
187	157
187	156
186	156
186	154
185	154
185	152
184	152
184	151
182	151
182	149
181	149
181	147
179	147
179	146
178	146
178	144
177	144
177	143
176	143
176	142
175	142
175	141
174	141
174	140
173	140
173	137
172	137
172	136
171	136
171	134
170	134
170	133
169	133
169	131
167	131
167	130
164	130
164	131
163	131
163	130
156	130
156	129
152	129
152	130
151	130
151	129
138	129
138	128
126	128
126	127
124	127
124	128
123	128
123	127
113	127
113	126
110	126
110	127
108	127
108	126
87	126
87	130
90	130
90	131
94	131
94	132
95	132
95	131
100	131
100	132
102	132
102	131
107	131
107	132
116	132
116	133
120	133
120	134
121	134
121	133
125	133
125	134
126	134
126	133
129	133
129	134
140	134
140	135
154	135
154	136
163	136
163	137
166	137
166	138
167	138
167	139
168	139
168	141
169	141
169	142
170	142
170	143
171	143
171	145
172	145
172	146
173	146
173	147
174	147
174	149
175	149
175	151
176	151
176	152
177	152
177	154
178	154
178	155
179	155
179	156
180	156
180	157
181	157
181	159
182	159
182	161
183	161
183	163
184	163
184	165
185	165
185	167
186	167
186	168
187	168
187	169
188	169
188	171
189	171
189	172
191	172
191	173
197	173
197	174
198	174
198	173
201	173
201	174
202	174
202	175
210	175
210	176
216	176
216	177
217	177
217	178
218	178
218	179
219	179
219	180
220	180
220	182
221	182
221	185
222	185
222	189
223	189
223	190
222	190
222	193
223	193
223	205
222	205
222	206
223	206
223	208
222	208
222	218
221	218
221	233
222	233
222	235
223	235
223	257
224	257
224	263
225	263
225	265
224	265
224	269
225	269
225	270
230	270
230	269
232	269
232	268
234	268
234	267
237	267
237	266
239	266
239	265
241	265
241	264
242	264
242	263
243	263
243	262
247	262
247	261
248	261
248	260
253	260
253	261
256	261
256	262
260	262
260	263
264	263
264	264
267	264
267	265
269	265
269	266
271	266
271	267
273	267
