234	296
233	296
233	304
234	304
234	305
233	305
233	308
234	308
234	312
235	312
235	317
236	317
236	320
237	320
237	325
238	325
238	331
239	331
239	336
240	336
240	340
241	340
241	342
240	342
240	343
241	343
241	351
242	351
242	358
243	358
243	363
242	363
242	365
243	365
243	367
242	367
242	368
243	368
243	370
242	370
242	377
241	377
241	384
240	384
240	385
241	385
241	388
242	388
242	390
243	390
243	397
242	397
242	401
243	401
243	412
244	412
244	419
245	419
245	421
246	421
246	422
245	422
245	423
246	423
246	425
253	425
253	426
252	426
252	427
253	427
253	429
252	429
252	431
251	431
251	438
253	438
253	441
252	441
252	442
253	442
253	451
254	451
254	452
253	452
253	453
254	453
254	458
255	458
255	459
254	459
254	461
255	461
255	463
254	463
254	464
255	464
255	470
256	470
256	472
257	472
257	475
258	475
258	478
259	478
259	485
260	485
260	486
266	486
266	487
267	487
267	486
270	486
270	487
271	487
271	486
272	486
272	487
273	487
273	486
281	486
281	485
283	485
283	486
286	486
286	485
296	485
296	484
297	484
297	485
298	485
298	486
301	486
301	487
302	487
302	488
304	488
304	489
305	489
305	491
310	491
310	492
311	492
311	493
313	493
313	494
315	494
315	495
316	495
316	496
317	496
317	497
318	497
318	498
321	498
321	499
323	499
323	500
332	500
332	501
336	501
336	500
337	500
337	501
345	501
345	500
346	500
346	499
349	499
349	498
358	498
358	499
360	499
360	500
362	500
362	501
364	501
364	502
366	502
366	503
367	503
367	504
369	504
369	505
370	505
370	506
371	506
371	507
375	507
375	508
378	508
378	509
379	509
379	510
380	510
380	511
382	511
382	512
385	512
385	513
387	513
387	514
388	514
388	515
392	515
392	516
393	516
393	517
394	517
394	518
396	518
396	519
397	519
397	520
398	520
398	521
399	521
399	522
400	522
400	527
401	527
401	530
402	530
402	535
403	535
403	539
404	539
404	545
403	545
403	549
402	549
402	551
401	551
401	554
402	554
402	556
403	556
403	557
404	557
404	558
405	558
405	559
407	559
407	560
412	560
412	561
413	561
413	562
414	562
414	561
415	561
415	562
417	562
417	563
418	563
418	564
419	564
419	565
420	565
420	566
421	566
421	567
422	567
422	568
424	568
424	569
425	569
425	570
427	570
427	571
429	571
429	572
432	572
432	571
434	571
434	572
437	572
437	573
438	573
438	574
442	574
442	575
443	575
443	576
444	576
444	577
445	577
445	578
447	578
447	579
455	579
455	580
456	580
456	579
457	579
457	580
459	580
459	579
460	579
460	580
464	580
464	581
466	581
466	582
467	582
467	583
468	583
468	584
469	584
469	585
472	585
472	586
473	586
473	587
475	587
475	588
476	588
476	589
478	589
478	590
480	590
480	591
481	591
481	592
485	592
485	593
487	593
487	594
488	594
488	595
491	595
491	596
496	596
496	597
498	597
498	598
502	598
502	599
503	599
503	600
505	600
505	601
507	601
507	602
509	602
509	603
510	603
510	604
512	604
512	605
513	605
513	606
520	606
520	607
525	607
525	608
528	608
528	609
529	609
529	610
531	610
531	611
532	611
532	612
535	612
535	613
536	613
536	614
539	614
539	615
544	615
544	616
546	616
546	617
548	617
548	618
550	618
550	619
551	619
551	620
554	620
554	621
562	621
562	622
571	622
571	623
574	623
574	624
577	624
577	625
582	625
582	626
590	626
590	627
593	627
593	628
595	628
595	629
596	629
596	630
598	630
598	631
600	631
600	630
601	630
601	628
602	628
602	627
604	627
604	625
605	625
605	622
606	622
606	621
607	621
607	620
608	620
608	618
609	618
609	616
610	616
610	614
612	614
612	612
613	612
613	610
614	610
614	606
615	606
615	597
616	597
616	598
618	598
618	599
620	599
620	600
621	600
621	601
622	601
622	604
623	604
623	607
624	607
624	611
625	611
625	619
624	619
624	623
625	623
625	625
627	625
627	626
629	626
629	627
630	627
630	629
631	629
631	631
633	631
633	632
635	632
635	633
639	633
639	634
640	634
640	635
642	635
642	636
644	636
644	637
653	637
653	636
657	636
657	635
666	635
666	634
667	634
667	635
674	635
674	636
679	636
679	635
681	635
681	634
689	634
689	633
691	633
691	634
694	634
694	635
702	635
702	636
705	636
705	637
707	637
707	638
709	638
709	639
711	639
711	640
714	640
714	641
715	641
715	642
717	642
717	643
719	643
719	644
720	644
720	645
722	645
722	646
723	646
723	647
725	647
725	648
727	648
727	650
729	650
729	651
730	651
730	652
731	652
731	653
734	653
734	654
737	654
737	655
742	655
742	656
747	656
747	657
748	657
748	656
749	656
749	657
751	657
751	658
754	658
754	659
756	659
756	661
757	661
757	662
758	662
758	663
760	663
760	664
761	664
761	665
762	665
762	666
764	666
764	668
765	668
765	670
766	670
766	671
767	671
767	673
768	673
768	676
769	676
769	679
770	679
770	680
771	680
771	683
772	683
772	689
773	689
773	698
774	698
774	703
773	703
773	704
771	704
771	706
770	706
770	708
771	708
771	709
772	709
772	710
773	710
773	711
774	711
774	710
776	710
776	711
788	711
788	712
790	712
790	713
793	713
793	715
794	715
794	716
796	716
796	717
797	717
797	718
800	718
800	719
802	719
802	722
806	722
806	723
808	723
808	724
812	724
812	725
815	725
815	726
818	726
818	727
820	727
820	728
822	728
822	729
823	729
823	731
825	731
825	732
826	732
826	733
827	733
827	734
828	734
828	735
830	735
830	737
831	737
831	738
833	738
833	740
834	740
834	742
836	742
836	744
838	744
838	745
840	745
840	744
841	744
841	745
842	745
842	746
843	746
843	747
844	747
844	746
846	746
846	747
847	747
847	746
850	746
850	747
851	747
851	746
852	746
852	747
858	747
858	746
859	746
859	747
863	747
863	746
869	746
869	745
879	745
879	744
880	744
880	745
889	745
889	744
896	744
896	743
900	743
900	744
901	744
901	743
905	743
905	742
907	742
907	743
911	743
911	744
912	744
912	745
914	745
914	746
915	746
915	745
917	745
917	746
919	746
919	745
920	745
920	747
921	747
921	746
923	746
923	747
927	747
927	748
930	748
930	747
940	747
940	746
956	746
956	740
957	740
957	727
958	727
958	726
957	726
957	725
956	725
956	724
957	724
957	721
958	721
958	711
959	711
959	707
960	707
960	703
961	703
961	699
962	699
962	697
961	697
961	696
962	696
962	694
963	694
963	689
964	689
964	678
965	678
965	657
966	657
966	650
967	650
967	648
968	648
968	645
969	645
969	643
970	643
970	641
971	641
971	640
972	640
972	638
973	638
973	637
974	637
974	636
975	636
975	635
976	635
976	634
977	634
977	633
978	633
978	632
979	632
979	631
980	631
980	630
981	630
981	629
982	629
982	628
985	628
985	627
989	627
989	626
990	626
990	627
993	627
993	626
1003	626
1003	627
1008	627
1008	628
1012	628
1012	629
1015	629
1015	630
1017	630
1017	631
1018	631
1018	630
1019	630
1019	631
1020	631
1020	630
1023	630
1023	631
1024	631
1024	632
1027	632
1027	631
1031	631
1031	630
1033	630
1033	628
1034	628
1034	624
1035	624
1035	622
1036	622
1036	620
1037	620
1037	619
1038	619
1038	617
1040	617
1040	616
1041	616
1041	615
1047	615
1047	614
1049	614
1049	615
1053	615
1053	616
1057	616
1057	617
1059	617
1059	618
1060	618
1060	619
1063	619
1063	620
1066	620
1066	622
1064	622
1064	623
1063	623
1063	624
1062	624
1062	625
1061	625
1061	628
1062	628
1062	629
1063	629
1063	630
1064	630
1064	631
1065	631
1065	632
1075	632
1075	630
1079	630
1079	629
1081	629
1081	628
1090	628
1090	627
1094	627
1094	626
1097	626
1097	625
1099	625
1099	624
1101	624
1101	623
1110	623
1110	622
1112	622
1112	620
1113	620
1113	618
1114	618
1114	616
1115	616
1115	614
1116	614
1116	612
1117	612
1117	610
1118	610
1118	609
1120	609
1120	608
1121	608
1121	606
1122	606
1122	604
1124	604
1124	602
1126	602
1126	601
1128	601
1128	600
1129	600
1129	599
1131	599
1131	597
1133	597
1133	596
1134	596
1134	594
1136	594
1136	593
1138	593
1138	592
1140	592
1140	591
1142	591
1142	590
1144	590
1144	589
1146	589
1146	588
1148	588
1148	586
1149	586
1149	585
1151	585
1151	584
1153	584
1153	582
1155	582
1155	581
1159	581
1159	580
1161	580
1161	578
1163	578
1163	577
1165	577
1165	575
1166	575
1166	573
1169	573
1169	572
1170	572
1170	573
1172	573
1172	571
1174	571
1174	570
1177	570
1177	569
1179	569
1179	570
1180	570
1180	569
1179	569
1179	568
1181	568
1181	567
1183	567
1183	566
1187	566
1187	565
1188	565
1188	564
1190	564
1190	563
1191	563
1191	562
1193	562
1193	561
1194	561
1194	560
1195	560
1195	559
1197	559
1197	558
1198	558
1198	557
1200	557
1200	556
1201	556
1201	555
1204	555
1204	554
1201	554
1201	553
1206	553
1206	554
1207	554
1207	553
1211	553
1211	552
1217	552
1217	551
1218	551
1218	552
1219	552
1219	551
1224	551
1224	550
1227	550
1227	548
1231	548
1231	547
1233	547
1233	546
1231	546
1231	545
1233	545
1233	544
1234	544
1234	542
1236	542
1236	541
1237	541
1237	540
1238	540
1238	541
1241	541
1241	540
1243	540
1243	539
1244	539
1244	538
1245	538
1245	537
1246	537
1246	538
1247	538
1247	537
1248	537
1248	538
1250	538
1250	539
1255	539
1255	538
1257	538
1257	536
1258	536
1258	534
1259	534
1259	532
1260	532
1260	530
1261	530
1261	524
1262	524
1262	519
1263	519
1263	515
1262	515
1262	513
1260	513
1260	512
1257	512
1257	510
1258	510
1258	508
1257	508
1257	507
1258	507
1258	503
1257	503
1257	496
1256	496
1256	491
1255	491
1255	490
1256	490
1256	489
1255	489
1255	484
1254	484
1254	483
1255	483
1255	482
1254	482
1254	473
1253	473
1253	469
1252	469
1252	462
1251	462
1251	455
1250	455
1250	454
1251	454
1251	451
1250	451
1250	448
1251	448
1251	440
1252	440
1252	439
1253	439
1253	436
1254	436
1254	433
1255	433
1255	432
1256	432
1256	431
1257	431
1257	430
1258	430
1258	429
1259	429
1259	428
1261	428
1261	427
1263	427
1263	426
1264	426
1264	425
1265	425
1265	424
1267	424
1267	423
1269	423
1269	422
1271	422
1271	421
1272	421
1272	420
1274	420
1274	419
1275	419
1275	418
1276	418
1276	417
1277	417
1277	412
1276	412
1276	405
1278	405
1278	404
1279	404
1279	402
1280	402
1280	401
1281	401
1281	400
1282	400
1282	399
1284	399
1284	398
1285	398
1285	397
1287	397
1287	396
1288	396
1288	397
1289	397
1289	396
1291	396
1291	397
1295	397
1295	398
1297	398
1297	399
1298	399
1298	400
1302	400
1302	401
1305	401
1305	396
1304	396
1304	393
1303	393
1303	392
1304	392
1304	390
1306	390
1306	388
1310	388
1310	389
1321	389
1321	390
1326	390
1326	391
1329	391
1329	389
1327	389
1327	388
1326	388
1326	386
1325	386
1325	385
1322	385
1322	384
1321	384
1321	385
1310	385
1310	384
1308	384
1308	383
1307	383
1307	382
1306	382
1306	381
1304	381
1304	382
1303	382
1303	386
1304	386
1304	387
1303	387
1303	389
1301	389
1301	390
1300	390
1300	393
1301	393
1301	394
1300	394
1300	396
1297	396
1297	395
1292	395
1292	394
1285	394
1285	395
1284	395
1284	396
1283	396
1283	397
1279	397
1279	400
1277	400
1277	401
1276	401
1276	402
1274	402
1274	403
1272	403
1272	410
1271	410
1271	415
1270	415
1270	416
1269	416
1269	417
1268	417
1268	418
1265	418
1265	419
1262	419
1262	420
1261	420
1261	421
1260	421
1260	423
1258	423
1258	424
1256	424
1256	425
1254	425
1254	426
1252	426
1252	427
1250	427
1250	433
1249	433
1249	434
1248	434
1248	437
1247	437
1247	442
1246	442
1246	443
1247	443
1247	444
1246	444
1246	450
1247	450
1247	451
1246	451
1246	453
1247	453
1247	454
1246	454
1246	455
1247	455
1247	457
1246	457
1246	460
1247	460
1247	465
1248	465
1248	469
1249	469
1249	475
1250	475
1250	482
1251	482
1251	488
1252	488
1252	495
1253	495
1253	500
1254	500
1254	502
1253	502
1253	503
1254	503
1254	506
1253	506
1253	507
1254	507
1254	511
1253	511
1253	514
1252	514
1252	516
1251	516
1251	514
1250	514
1250	510
1249	510
1249	508
1247	508
1247	510
1248	510
1248	513
1249	513
1249	515
1248	515
1248	520
1249	520
1249	518
1250	518
1250	517
1251	517
1251	520
1250	520
1250	522
1247	522
1247	524
1248	524
1248	525
1250	525
1250	526
1249	526
1249	530
1247	530
1247	529
1246	529
1246	528
1244	528
1244	527
1243	527
1243	526
1242	526
1242	528
1244	528
1244	530
1245	530
1245	534
1244	534
1244	535
1243	535
1243	536
1241	536
1241	537
1239	537
1239	538
1238	538
1238	539
1236	539
1236	540
1234	540
1234	541
1233	541
1233	542
1231	542
1231	543
1230	543
1230	544
1228	544
1228	545
1227	545
1227	546
1225	546
1225	547
1223	547
1223	548
1220	548
1220	549
1216	549
1216	550
1211	550
1211	551
1208	551
1208	552
1206	552
1206	551
1205	551
1205	552
1198	552
1198	551
1188	551
1188	550
1190	550
1190	548
1189	548
1189	549
1187	549
1187	550
1180	550
1180	551
1181	551
1181	552
1187	552
1187	553
1190	553
1190	554
1192	554
1192	553
1194	553
1194	554
1200	554
1200	555
1199	555
1199	556
1197	556
1197	557
1196	557
1196	558
1195	558
1195	559
1193	559
1193	560
1192	560
1192	561
1191	561
1191	562
1189	562
1189	563
1188	563
1188	564
1187	564
1187	565
1183	565
1183	566
1180	566
1180	567
1178	567
1178	568
1175	568
1175	569
1173	569
1173	570
1168	570
1168	571
1165	571
1165	569
1163	569
1163	568
1156	568
1156	569
1154	569
1154	570
1153	570
1153	571
1152	571
1152	572
1148	572
1148	573
1146	573
1146	574
1145	574
1145	575
1143	575
1143	576
1142	576
1142	577
1141	577
1141	578
1140	578
1140	580
1138	580
1138	581
1135	581
1135	582
1134	582
1134	581
1133	581
1133	583
1132	583
1132	584
1131	584
1131	585
1128	585
1128	586
1126	586
1126	588
1125	588
1125	589
1123	589
1123	590
1122	590
1122	591
1121	591
1121	592
1120	592
1120	593
1118	593
1118	594
1117	594
1117	595
1116	595
1116	596
1115	596
1115	597
1114	597
1114	598
1113	598
1113	600
1112	600
1112	601
1110	601
1110	602
1109	602
1109	604
1108	604
1108	607
1107	607
1107	608
1106	608
1106	610
1105	610
1105	612
1104	612
1104	613
1100	613
1100	614
1098	614
1098	616
1097	616
1097	618
1096	618
1096	617
1095	617
1095	618
1094	618
1094	619
1092	619
1092	620
1091	620
1091	621
1089	621
1089	622
1088	622
1088	623
1087	623
1087	624
1085	624
1085	625
1081	625
1081	624
1079	624
1079	625
1075	625
1075	624
1073	624
1073	623
1072	623
1072	621
1070	621
1070	620
1069	620
1069	619
1068	619
1068	618
1065	618
1065	616
1062	616
1062	615
1060	615
1060	614
1058	614
1058	613
1054	613
1054	611
1049	611
1049	610
1040	610
1040	611
1039	611
1039	612
1038	612
1038	613
1037	613
1037	614
1035	614
1035	615
1034	615
1034	616
1033	616
1033	618
1032	618
1032	619
1031	619
1031	621
1030	621
1030	623
1029	623
1029	625
1028	625
1028	626
1027	626
1027	627
1024	627
1024	628
1023	628
1023	627
1022	627
1022	628
1021	628
1021	627
1016	627
1016	626
1013	626
1013	627
1011	627
1011	626
1008	626
1008	625
1005	625
1005	624
1001	624
1001	623
991	623
991	622
990	622
990	623
989	623
989	622
988	622
988	623
987	623
987	622
986	622
986	623
981	623
981	624
980	624
980	625
979	625
979	627
977	627
977	628
976	628
976	629
975	629
975	631
974	631
974	632
973	632
973	633
972	633
972	634
971	634
971	635
970	635
970	636
969	636
969	638
968	638
968	640
967	640
967	641
966	641
966	644
964	644
964	650
963	650
963	652
962	652
962	653
963	653
963	658
962	658
962	663
961	663
961	666
960	666
960	669
961	669
961	674
960	674
960	683
959	683
959	693
957	693
957	700
956	700
956	707
955	707
955	709
954	709
954	714
953	714
953	721
952	721
952	724
951	724
951	727
950	727
950	728
949	728
949	730
948	730
948	731
947	731
947	728
946	728
946	726
944	726
944	727
942	727
942	733
943	733
943	735
944	735
944	736
945	736
945	737
946	737
946	738
950	738
950	737
952	737
952	736
953	736
953	735
954	735
954	733
955	733
955	736
954	736
954	737
953	737
953	741
952	741
952	742
945	742
945	743
935	743
935	744
925	744
925	743
927	743
927	742
928	742
928	740
929	740
929	736
928	736
928	735
925	735
925	736
924	736
924	737
921	737
921	738
917	738
917	739
909	739
909	738
908	738
908	739
902	739
902	740
888	740
888	739
886	739
886	740
884	740
884	739
879	739
879	740
869	740
869	741
861	741
861	742
858	742
858	743
857	743
857	742
853	742
853	741
846	741
846	740
842	740
842	739
837	739
837	738
836	738
836	736
835	736
835	735
834	735
834	733
832	733
832	732
831	732
831	731
829	731
829	730
828	730
828	729
827	729
827	728
826	728
826	727
825	727
825	726
823	726
823	725
822	725
822	724
819	724
819	723
818	723
818	722
817	722
817	721
814	721
814	720
813	720
813	719
810	719
810	718
807	718
807	717
804	717
804	716
803	716
803	715
802	715
802	713
801	713
801	712
799	712
799	711
798	711
798	710
795	710
795	709
793	709
793	708
790	708
790	707
787	707
787	706
785	706
785	705
777	705
777	703
776	703
776	691
775	691
775	689
776	689
776	688
775	688
775	680
774	680
774	675
773	675
773	672
772	672
772	670
771	670
771	668
770	668
770	667
769	667
769	665
768	665
768	664
767	664
767	663
766	663
766	662
765	662
765	661
764	661
764	659
763	659
763	658
762	658
762	657
761	657
761	656
759	656
759	655
756	655
756	653
752	653
752	652
750	652
750	651
746	651
746	650
742	650
742	649
741	649
741	650
740	650
740	649
737	649
737	648
735	648
735	647
731	647
731	646
730	646
730	644
727	644
727	642
726	642
726	641
724	641
724	640
722	640
722	639
721	639
721	638
719	638
719	637
718	637
718	636
716	636
716	635
714	635
714	634
711	634
711	633
709	633
709	632
705	632
705	630
700	630
700	629
697	629
697	628
681	628
681	629
676	629
676	630
675	630
675	629
674	629
674	630
669	630
669	629
664	629
664	630
653	630
653	631
647	631
647	630
642	630
642	629
641	629
641	628
639	628
639	627
638	627
638	626
635	626
635	625
633	625
633	624
632	624
632	622
631	622
631	621
630	621
630	620
628	620
628	619
629	619
629	615
630	615
630	613
629	613
629	606
628	606
628	601
627	601
627	596
626	596
626	594
625	594
625	593
619	593
619	592
617	592
617	591
615	591
615	590
614	590
614	591
613	591
613	590
611	590
611	588
609	588
609	587
605	587
605	589
604	589
604	591
605	591
605	592
606	592
606	594
605	594
605	603
604	603
604	606
603	606
603	607
602	607
602	609
601	609
601	611
600	611
600	613
599	613
599	614
598	614
598	615
596	615
596	617
595	617
595	620
594	620
594	622
593	622
593	625
591	625
591	624
590	624
590	623
589	623
589	622
586	622
586	621
579	621
579	620
576	620
576	619
575	619
575	616
573	616
573	615
570	615
570	614
566	614
566	616
558	616
558	615
556	615
556	616
555	616
555	615
550	615
550	614
549	614
549	613
548	613
548	612
545	612
545	611
541	611
541	610
537	610
537	609
536	609
536	608
534	608
534	607
532	607
532	606
530	606
530	605
529	605
529	604
528	604
528	603
527	603
527	602
525	602
525	601
518	601
518	600
514	600
514	601
513	601
513	600
512	600
512	599
510	599
510	598
508	598
508	597
507	597
507	596
505	596
505	595
503	595
503	594
501	594
501	593
498	593
498	592
496	592
496	591
493	591
493	590
488	590
488	589
486	589
486	588
485	588
485	587
481	587
481	586
479	586
479	585
477	585
477	583
474	583
474	582
472	582
472	581
470	581
470	579
468	579
468	578
467	578
467	577
466	577
466	576
463	576
463	574
459	574
459	573
458	573
458	574
447	574
447	573
446	573
446	572
445	572
445	571
444	571
444	570
443	570
443	569
439	569
439	568
435	568
435	567
434	567
434	566
427	566
427	565
426	565
426	564
425	564
425	563
423	563
423	561
421	561
421	560
419	560
419	559
418	559
418	558
417	558
417	556
413	556
413	555
411	555
411	554
408	554
408	553
407	553
407	548
408	548
408	544
409	544
409	540
408	540
408	535
407	535
407	529
406	529
406	525
405	525
405	522
404	522
404	521
403	521
403	519
402	519
402	518
401	518
401	516
399	516
399	515
398	515
398	513
397	513
397	512
395	512
395	511
394	511
394	510
393	510
393	509
390	509
390	508
387	508
387	507
384	507
384	506
382	506
382	505
381	505
381	504
379	504
379	503
377	503
377	502
376	502
376	501
371	501
371	500
369	500
369	499
368	499
368	498
365	498
365	497
363	497
363	496
362	496
362	495
358	495
358	494
354	494
354	493
353	493
353	494
352	494
352	493
351	493
351	494
347	494
347	495
346	495
346	496
344	496
344	497
339	497
339	496
329	496
329	495
325	495
325	494
321	494
321	493
319	493
319	492
318	492
318	490
316	490
316	489
315	489
315	488
314	488
314	489
313	489
313	487
312	487
312	486
310	486
310	487
305	487
305	484
304	484
304	483
300	483
300	482
298	482
298	481
297	481
297	480
293	480
293	481
274	481
274	482
273	482
273	481
266	481
266	480
264	480
264	479
263	479
263	476
262	476
262	473
261	473
261	470
260	470
260	463
259	463
259	456
258	456
258	453
257	453
257	448
256	448
256	441
255	441
255	431
256	431
256	428
257	428
257	426
258	426
258	422
259	422
259	421
261	421
261	420
263	420
263	417
259	417
259	418
258	418
258	419
257	419
257	420
256	420
256	421
255	421
255	422
253	422
253	421
251	421
251	420
250	420
250	419
249	419
249	416
248	416
248	410
247	410
247	403
246	403
246	398
245	398
245	393
244	393
244	392
245	392
245	389
244	389
244	387
245	387
245	386
247	386
247	387
248	387
248	386
251	386
251	385
252	385
252	382
249	382
249	383
247	383
247	380
248	380
248	378
250	378
250	379
252	379
252	380
253	380
253	379
254	379
254	377
253	377
253	376
252	376
252	375
250	375
250	374
247	374
247	370
245	370
245	368
246	368
246	365
247	365
247	348
246	348
246	344
245	344
245	335
244	335
244	329
243	329
243	324
242	324
242	321
241	321
241	318
240	318
240	315
239	315
239	307
238	307
238	304
237	304
237	303
238	303
238	297
239	297
239	288
238	288
238	282
237	282
237	280
236	280
236	275
235	275
235	274
236	274
236	272
235	272
235	271
236	271
236	266
235	266
235	265
234	265
234	264
233	264
233	263
229	263
229	262
222	262
222	263
221	263
221	264
220	264
220	265
219	265
219	266
218	266
218	267
217	267
217	268
216	268
216	270
217	270
217	271
216	271
216	272
213	272
213	273
212	273
212	274
210	274
210	276
209	276
209	277
207	277
207	278
206	278
206	279
205	279
205	280
203	280
203	281
202	281
202	282
199	282
199	283
198	283
198	284
197	284
197	286
194	286
194	287
193	287
193	288
191	288
191	289
190	289
190	290
189	290
189	292
188	292
188	293
187	293
187	295
186	295
186	296
185	296
185	297
184	297
184	298
182	298
182	299
181	299
181	300
178	300
178	301
177	301
177	302
176	302
176	303
175	303
175	304
174	304
174	305
173	305
173	306
172	306
172	308
171	308
171	309
170	309
170	312
169	312
169	313
168	313
168	316
167	316
167	318
166	318
166	321
165	321
165	325
164	325
164	326
163	326
163	328
162	328
162	329
161	329
161	331
159	331
159	332
154	332
154	331
151	331
151	330
150	330
150	328
149	328
149	327
146	327
146	326
145	326
145	325
144	325
144	321
142	321
142	320
140	320
140	319
138	319
138	317
137	317
137	316
135	316
135	315
134	315
134	314
132	314
132	313
130	313
130	312
128	312
128	311
126	311
126	310
123	310
123	308
125	308
125	309
126	309
126	307
124	307
124	306
121	306
121	305
120	305
120	303
118	303
118	302
116	302
116	300
114	300
114	299
112	299
112	298
110	298
110	284
109	284
109	270
108	270
108	259
107	259
107	254
106	254
106	252
107	252
107	251
106	251
106	247
105	247
105	242
104	242
104	241
103	241
103	239
102	239
102	238
101	238
101	237
99	237
99	236
98	236
98	235
97	235
97	234
96	234
96	233
91	233
91	232
88	232
88	231
84	231
84	230
79	230
79	229
78	229
78	228
76	228
76	227
73	227
73	226
72	226
72	225
69	225
69	219
70	219
70	218
69	218
69	217
70	217
70	214
69	214
69	209
68	209
68	204
67	204
67	198
66	198
66	195
65	195
65	194
62	194
62	195
57	195
57	194
53	194
53	195
52	195
52	196
51	196
51	197
50	197
50	198
51	198
51	199
55	199
55	200
56	200
56	199
57	199
57	200
58	200
58	199
60	199
60	200
61	200
61	201
62	201
62	207
63	207
63	212
64	212
64	214
63	214
63	227
64	227
64	228
63	228
63	229
64	229
64	230
66	230
66	231
72	231
72	232
74	232
74	233
76	233
76	234
78	234
78	235
81	235
81	236
85	236
85	237
89	237
89	238
91	238
91	239
93	239
93	240
95	240
95	241
96	241
96	242
97	242
97	243
98	243
98	245
99	245
99	247
100	247
100	248
99	248
99	249
100	249
100	254
101	254
101	258
102	258
102	270
103	270
103	278
104	278
104	293
105	293
105	295
104	295
104	296
105	296
105	297
104	297
104	304
105	304
105	306
106	306
106	308
108	308
108	309
109	309
109	311
111	311
111	312
118	312
118	311
120	311
120	312
119	312
119	313
120	313
120	314
121	314
121	315
122	315
122	316
125	316
125	317
127	317
127	318
129	318
129	319
131	319
131	320
132	320
132	321
133	321
133	322
134	322
134	324
135	324
135	325
136	325
136	326
137	326
137	327
142	327
142	328
144	328
144	329
145	329
145	330
146	330
146	331
147	331
147	333
148	333
148	337
150	337
150	338
158	338
158	339
160	339
160	338
163	338
163	337
165	337
165	335
166	335
166	333
167	333
167	331
168	331
168	330
169	330
169	329
170	329
170	326
171	326
171	322
172	322
172	318
173	318
173	317
174	317
174	312
175	312
175	310
177	310
177	308
178	308
178	307
180	307
180	306
182	306
182	305
183	305
183	304
185	304
185	303
186	303
186	302
188	302
188	300
190	300
190	299
191	299
191	297
192	297
192	296
193	296
193	295
194	295
194	294
195	294
195	293
196	293
196	292
198	292
198	291
199	291
199	290
200	290
200	289
202	289
202	288
203	288
203	287
204	287
204	286
206	286
206	285
207	285
207	284
209	284
209	283
211	283
211	282
212	282
212	281
214	281
214	280
215	280
215	279
216	279
216	278
217	278
217	277
219	277
219	276
221	276
221	275
222	275
222	274
223	274
223	272
224	272
224	269
223	269
223	267
226	267
226	268
227	268
227	267
228	267
228	268
230	268
230	269
231	269
231	273
230	273
230	278
231	278
231	279
232	279
232	284
233	284
233	288
234	288
1410	383
1406	383
1406	384
1403	384
1403	385
1401	385
1401	386
1400	386
1400	385
1399	385
1399	386
1395	386
1395	387
1390	387
1390	388
1387	388
1387	389
1382	389
1382	390
1379	390
1379	391
1376	391
1376	392
1375	392
1375	393
1374	393
1374	394
1373	394
1373	395
1371	395
1371	396
1370	396
1370	397
1368	397
1368	398
1367	398
1367	399
1363	399
1363	400
1362	400
1362	401
1353	401
1353	400
1349	400
1349	401
1342	401
1342	400
1341	400
1341	399
1339	399
1339	398
1337	398
1337	396
1336	396
1336	395
1334	395
1334	394
1333	394
1333	393
1331	393
1331	396
1333	396
1333	397
1335	397
1335	398
1337	398
1337	399
1336	399
1336	400
1337	400
1337	401
1339	401
1339	402
1340	402
1340	403
1341	403
1341	405
1355	405
1355	406
1356	406
1356	407
1360	407
1360	406
1362	406
1362	405
1363	405
1363	404
1365	404
1365	403
1368	403
1368	402
1370	402
1370	401
1372	401
1372	400
1374	400
1374	398
1375	398
1375	397
1378	397
1378	396
1379	396
1379	395
1382	395
1382	394
1384	394
1384	393
1391	393
1391	392
1395	392
1395	391
1399	391
1399	390
1403	390
1403	389
1405	389
1405	388
1410	388
1410	387
1412	387
1412	386
1415	386
1415	385
1420	385
1420	384
1422	384
1422	385
1423	385
1423	384
1428	384
1428	383
1437	383
1437	384
1442	384
1442	385
1449	385
1449	384
1452	384
1452	383
1454	383
1454	382
1455	382
1455	381
1456	381
1456	380
1457	380
1457	379
1458	379
1458	376
1459	376
1459	375
1460	375
1460	372
1461	372
1461	370
1462	370
1462	367
1463	367
1463	366
1464	366
1464	364
1465	364
1465	360
1466	360
1466	357
1467	357
1467	354
1468	354
1468	353
1467	353
1467	352
1468	352
1468	346
1469	346
1469	342
1470	342
1470	338
1471	338
1471	332
1472	332
1472	327
1473	327
1473	326
1472	326
1472	325
1473	325
1473	320
1474	320
1474	316
1473	316
1473	311
1472	311
1472	310
1471	310
1471	306
1470	306
1470	302
1469	302
1469	300
1470	300
1470	299
1469	299
1469	295
1470	295
1470	288
1471	288
1471	287
1472	287
1472	285
1473	285
1473	283
1474	283
1474	280
1475	280
1475	276
1476	276
1476	274
1477	274
1477	272
1478	272
1478	270
1479	270
1479	268
1480	268
1480	267
1481	267
1481	265
1482	265
1482	262
1483	262
1483	254
1484	254
1484	251
1485	251
1485	249
1486	249
1486	248
1487	248
1487	246
1488	246
1488	244
1489	244
1489	242
1490	242
1490	241
1491	241
1491	240
1492	240
1492	237
1493	237
1493	236
1494	236
1494	235
1495	235
1495	233
1496	233
1496	231
1497	231
1497	228
1498	228
1498	223
1499	223
1499	215
1498	215
1498	208
1499	208
1499	207
1498	207
1498	205
1499	205
1499	199
1500	199
1500	198
1499	198
1499	194
1500	194
1500	183
1501	183
1501	176
1502	176
1502	170
1501	170
1501	169
1502	169
1502	159
1501	159
1501	157
1502	157
1502	153
1503	153
1503	151
1502	151
1502	150
1503	150
1503	140
1504	140
1504	137
1505	137
1505	132
1506	132
1506	130
1507	130
1507	129
1508	129
1508	127
1509	127
1509	124
1508	124
1508	120
1507	120
1507	117
1506	117
1506	109
1507	109
1507	107
1506	107
1506	106
1507	106
1507	98
1508	98
1508	92
1509	92
1509	86
1508	86
1508	85
1509	85
1509	82
1508	82
1508	65
1509	65
1509	63
1508	63
1508	52
1507	52
1507	51
1506	51
1506	50
1502	50
1502	51
1501	51
1501	52
1500	52
1500	53
1501	53
1501	55
1502	55
1502	56
1503	56
1503	62
1504	62
1504	65
1503	65
1503	66
1504	66
1504	69
1503	69
1503	71
1504	71
1504	72
1503	72
1503	98
1502	98
1502	102
1503	102
1503	103
1502	103
1502	108
1501	108
1501	116
1502	116
1502	121
1503	121
1503	128
1502	128
1502	130
1501	130
1501	134
1500	134
1500	139
1499	139
1499	146
1498	146
1498	147
1499	147
1499	148
1498	148
1498	155
1497	155
1497	164
1498	164
1498	169
1497	169
1497	170
1498	170
1498	172
1497	172
1497	180
1496	180
1496	185
1495	185
1495	187
1496	187
1496	188
1495	188
1495	199
1494	199
1494	218
1495	218
1495	219
1494	219
1494	225
1493	225
1493	227
1492	227
1492	230
1491	230
1491	231
1490	231
1490	233
1489	233
1489	235
1488	235
1488	236
1487	236
1487	237
1486	237
1486	239
1485	239
1485	241
1484	241
1484	242
1483	242
1483	245
1482	245
1482	246
1481	246
1481	247
1480	247
1480	249
1479	249
1479	252
1478	252
1478	254
1477	254
1477	261
1476	261
1476	265
1475	265
1475	267
1474	267
1474	268
1473	268
1473	271
1472	271
1472	273
1471	273
1471	278
1470	278
1470	279
1469	279
1469	283
1468	283
1468	285
1467	285
1467	287
1466	287
1466	293
1465	293
1465	300
1466	300
1466	303
1465	303
1465	304
1466	304
1466	308
1467	308
1467	313
1468	313
1468	315
1469	315
1469	316
1468	316
1468	317
1469	317
1469	325
1468	325
1468	326
1469	326
1469	327
1468	327
1468	330
1467	330
1467	331
1468	331
1468	332
1467	332
1467	334
1468	334
1468	335
1467	335
1467	336
1466	336
1466	339
1465	339
1465	340
1466	340
1466	341
1465	341
1465	344
1464	344
1464	350
1463	350
1463	351
1464	351
1464	352
1463	352
1463	354
1462	354
1462	359
1461	359
1461	361
1460	361
1460	363
1459	363
1459	365
1458	365
1458	367
1457	367
1457	370
1456	370
1456	371
1455	371
1455	373
1454	373
1454	376
1453	376
1453	377
1452	377
1452	379
1449	379
1449	380
1440	380
1440	379
1432	379
1432	378
1431	378
1431	379
1424	379
1424	380
1416	380
1416	381
1413	381
1413	382
1410	382
