2845	1900
2847	1900
2847	1901
2849	1901
2849	1902
2850	1902
2850	1903
2853	1903
2853	1905
2855	1905
2855	1907
2856	1907
2856	1908
2855	1908
2855	1909
2856	1909
2856	1910
2857	1910
2857	1912
2858	1912
2858	1913
2859	1913
2859	1914
2858	1914
2858	1916
2859	1916
2859	1920
2860	1920
2860	1921
2859	1921
2859	1923
2860	1923
2860	1932
2861	1932
2861	1933
2860	1933
2860	1939
2858	1939
2858	1943
2857	1943
2857	1954
2855	1954
2855	1958
2856	1958
2856	1959
2861	1959
2861	1958
2864	1958
2864	1959
2865	1959
2865	1960
2868	1960
2868	1961
2870	1961
2870	1962
2871	1962
2871	1963
2872	1963
2872	1964
2874	1964
2874	1965
2876	1965
2876	1966
2878	1966
2878	1968
2887	1968
2887	1969
2888	1969
2888	1966
2889	1966
2889	1965
2890	1965
2890	1963
2892	1963
2892	1962
2893	1962
2893	1961
2900	1961
2900	1960
2901	1960
2901	1959
2900	1959
2900	1958
2901	1958
2901	1953
2902	1953
2902	1949
2901	1949
2901	1947
2900	1947
2900	1946
2901	1946
2901	1943
2900	1943
2900	1937
2899	1937
2899	1934
2898	1934
2898	1929
2899	1929
2899	1927
2900	1927
2900	1925
2901	1925
2901	1923
2902	1923
2902	1921
2904	1921
2904	1918
2905	1918
2905	1916
2906	1916
2906	1915
2907	1915
2907	1914
2908	1914
2908	1913
2909	1913
2909	1912
2911	1912
2911	1911
2912	1911
2912	1909
2915	1909
2915	1907
2917	1907
2917	1906
2919	1906
2919	1905
2920	1905
2920	1904
2921	1904
2921	1903
2922	1903
2922	1902
2923	1902
2923	1901
2925	1901
2925	1899
2927	1899
2927	1898
2929	1898
2929	1895
2931	1895
2931	1894
2932	1894
2932	1893
2933	1893
2933	1892
2934	1892
2934	1891
2935	1891
2935	1890
2936	1890
2936	1889
2938	1889
2938	1888
2940	1888
2940	1886
2942	1886
2942	1885
2944	1885
2944	1884
2946	1884
2946	1883
2947	1883
2947	1881
2948	1881
2948	1880
2949	1880
2949	1879
2951	1879
2951	1877
2952	1877
2952	1876
2954	1876
2954	1871
2955	1871
2955	1870
2956	1870
2956	1869
2957	1869
2957	1864
2958	1864
2958	1848
2959	1848
2959	1846
2958	1846
2958	1842
2959	1842
2959	1839
2960	1839
2960	1834
2961	1834
2961	1832
2962	1832
2962	1830
2963	1830
2963	1829
2964	1829
2964	1826
2965	1826
2965	1824
2966	1824
2966	1822
2967	1822
2967	1817
2968	1817
2968	1812
2969	1812
2969	1810
2970	1810
2970	1809
2969	1809
2969	1806
2970	1806
2970	1802
2971	1802
2971	1800
2972	1800
2972	1796
2973	1796
2973	1793
2974	1793
2974	1791
2975	1791
2975	1788
2976	1788
2976	1787
2977	1787
2977	1785
2978	1785
2978	1784
2979	1784
2979	1782
2981	1782
2981	1779
2982	1779
2982	1778
2983	1778
2983	1777
2985	1777
2985	1776
2986	1776
2986	1775
2987	1775
2987	1774
2988	1774
2988	1773
2989	1773
2989	1771
2991	1771
2991	1770
2992	1770
2992	1769
2993	1769
2993	1767
2997	1767
2997	1766
2999	1766
2999	1765
3000	1765
3000	1764
3001	1764
3001	1763
3002	1763
3002	1761
3003	1761
3003	1758
3004	1758
3004	1757
3005	1757
3005	1755
3006	1755
3006	1753
3007	1753
3007	1752
3009	1752
3009	1748
3008	1748
3008	1745
3007	1745
3007	1744
3006	1744
3006	1740
3005	1740
3005	1738
3004	1738
3004	1735
3003	1735
3003	1733
3002	1733
3002	1718
3003	1718
3003	1717
3004	1717
3004	1716
3005	1716
3005	1713
3004	1713
3004	1709
3003	1709
3003	1702
3005	1702
3005	1705
3006	1705
3006	1704
3007	1704
3007	1702
3008	1702
3008	1697
3009	1697
3009	1692
3010	1692
3010	1691
3011	1691
3011	1690
3012	1690
3012	1689
3013	1689
3013	1688
3017	1688
3017	1687
3021	1687
3021	1686
3025	1686
3025	1685
3029	1685
3029	1686
3030	1686
3030	1685
3037	1685
3037	1686
3038	1686
3038	1685
3039	1685
3039	1684
3048	1684
3048	1683
3051	1683
3051	1682
3068	1682
3068	1681
3073	1681
3073	1680
3078	1680
3078	1679
3081	1679
3081	1678
3084	1678
3084	1677
3087	1677
3087	1676
3090	1676
3090	1675
3091	1675
3091	1674
3094	1674
3094	1673
3097	1673
3097	1672
3100	1672
3100	1673
3101	1673
3101	1672
3104	1672
3104	1671
3107	1671
3107	1670
3113	1670
3113	1669
3115	1669
3115	1668
3117	1668
3117	1667
3126	1667
3126	1666
3128	1666
3128	1665
3130	1665
3130	1664
3131	1664
3131	1666
3133	1666
3133	1665
3135	1665
3135	1664
3138	1664
3138	1663
3139	1663
3139	1662
3142	1662
3142	1663
3143	1663
3143	1662
3144	1662
3144	1661
3146	1661
3146	1660
3147	1660
3147	1659
3148	1659
3148	1660
3150	1660
3150	1659
3152	1659
3152	1658
3153	1658
3153	1657
3154	1657
3154	1656
3156	1656
3156	1655
3160	1655
3160	1654
3162	1654
3162	1653
3164	1653
3164	1652
3166	1652
3166	1651
3167	1651
3167	1650
3169	1650
3169	1649
3170	1649
3170	1648
3171	1648
3171	1647
3172	1647
3172	1646
3174	1646
3174	1645
3175	1645
3175	1644
3176	1644
3176	1643
3178	1643
3178	1641
3180	1641
3180	1639
3182	1639
3182	1638
3183	1638
3183	1637
3184	1637
3184	1636
3185	1636
3185	1635
3186	1635
3186	1634
3187	1634
3187	1633
3188	1633
3188	1631
3189	1631
3189	1630
3191	1630
3191	1629
3192	1629
3192	1628
3193	1628
3193	1627
3195	1627
3195	1626
3196	1626
3196	1625
3197	1625
3197	1622
3199	1622
3199	1623
3200	1623
3200	1622
3201	1622
3201	1620
3203	1620
3203	1618
3205	1618
3205	1617
3206	1617
3206	1615
3207	1615
3207	1614
3208	1614
3208	1612
3209	1612
3209	1610
3210	1610
3210	1606
3211	1606
3211	1607
3212	1607
3212	1606
3213	1606
3213	1603
3214	1603
3214	1602
3215	1602
3215	1601
3216	1601
3216	1598
3218	1598
3218	1597
3219	1597
3219	1596
3220	1596
3220	1595
3221	1595
3221	1593
3222	1593
3222	1592
3223	1592
3223	1589
3225	1589
3225	1588
3226	1588
3226	1587
3227	1587
3227	1586
3228	1586
3228	1584
3229	1584
3229	1585
3230	1585
3230	1583
3231	1583
3231	1581
3233	1581
3233	1580
3234	1580
3234	1579
3235	1579
3235	1577
3236	1577
3236	1576
3237	1576
3237	1574
3238	1574
3238	1572
3239	1572
3239	1571
3240	1571
3240	1570
3241	1570
3241	1569
3242	1569
3242	1568
3243	1568
3243	1567
3244	1567
3244	1564
3246	1564
3246	1563
3248	1563
3248	1560
3249	1560
3249	1556
3250	1556
3250	1555
3251	1555
3251	1554
3252	1554
3252	1553
3251	1553
3251	1552
3252	1552
3252	1550
3254	1550
3254	1549
3253	1549
3253	1548
3254	1548
3254	1547
3255	1547
3255	1545
3256	1545
3256	1544
3257	1544
3257	1541
3258	1541
3258	1540
3259	1540
3259	1538
3260	1538
3260	1536
3261	1536
3261	1534
3262	1534
3262	1533
3263	1533
3263	1532
3264	1532
3264	1530
3265	1530
3265	1529
3266	1529
3266	1526
3267	1526
3267	1525
3268	1525
3268	1524
3269	1524
3269	1522
3270	1522
3270	1521
3271	1521
3271	1519
3272	1519
3272	1516
3274	1516
3274	1514
3275	1514
3275	1512
3276	1512
3276	1511
3277	1511
3277	1510
3278	1510
3278	1509
3279	1509
3279	1507
3280	1507
3280	1506
3281	1506
3281	1505
3282	1505
3282	1504
3283	1504
3283	1502
3284	1502
3284	1498
3285	1498
3285	1494
3287	1494
3287	1490
3288	1490
3288	1484
3289	1484
3289	1483
3290	1483
3290	1482
3288	1482
3288	1481
3289	1481
3289	1479
3288	1479
3288	1477
3289	1477
3289	1476
3291	1476
3291	1475
3292	1475
3292	1476
3293	1476
3293	1477
3294	1477
3294	1478
3295	1478
3295	1480
3294	1480
3294	1482
3293	1482
3293	1484
3292	1484
3292	1492
3291	1492
3291	1494
3290	1494
3290	1496
3289	1496
3289	1499
3288	1499
3288	1502
3287	1502
3287	1504
3286	1504
3286	1506
3285	1506
3285	1508
3284	1508
3284	1509
3283	1509
3283	1511
3282	1511
3282	1512
3280	1512
3280	1514
3279	1514
3279	1515
3277	1515
3277	1516
3276	1516
3276	1520
3275	1520
3275	1521
3274	1521
3274	1523
3273	1523
3273	1525
3272	1525
3272	1526
3271	1526
3271	1528
3270	1528
3270	1529
3269	1529
3269	1530
3268	1530
3268	1533
3267	1533
3267	1534
3266	1534
3266	1535
3265	1535
3265	1536
3264	1536
3264	1538
3263	1538
3263	1540
3262	1540
3262	1543
3261	1543
3261	1545
3260	1545
3260	1547
3259	1547
3259	1548
3258	1548
3258	1549
3257	1549
3257	1552
3255	1552
3255	1556
3254	1556
3254	1557
3253	1557
3253	1558
3254	1558
3254	1559
3253	1559
3253	1560
3252	1560
3252	1563
3251	1563
3251	1564
3250	1564
3250	1565
3249	1565
3249	1566
3248	1566
3248	1568
3247	1568
3247	1570
3246	1570
3246	1571
3245	1571
3245	1572
3244	1572
3244	1573
3243	1573
3243	1575
3242	1575
3242	1576
3241	1576
3241	1577
3240	1577
3240	1578
3239	1578
3239	1580
3238	1580
3238	1581
3237	1581
3237	1583
3235	1583
3235	1584
3234	1584
3234	1585
3233	1585
3233	1587
3232	1587
3232	1588
3231	1588
3231	1589
3230	1589
3230	1590
3229	1590
3229	1591
3228	1591
3228	1592
3227	1592
3227	1593
3226	1593
3226	1594
3225	1594
3225	1595
3224	1595
3224	1596
3223	1596
3223	1598
3222	1598
3222	1600
3221	1600
3221	1602
3219	1602
3219	1604
3218	1604
3218	1605
3217	1605
3217	1607
3216	1607
3216	1608
3215	1608
3215	1609
3214	1609
3214	1611
3212	1611
3212	1613
3211	1613
3211	1616
3209	1616
3209	1619
3208	1619
3208	1621
3206	1621
3206	1622
3204	1622
3204	1623
3203	1623
3203	1624
3202	1624
3202	1625
3201	1625
3201	1626
3200	1626
3200	1627
3198	1627
3198	1628
3197	1628
3197	1629
3195	1629
3195	1630
3194	1630
3194	1631
3193	1631
3193	1632
3192	1632
3192	1633
3191	1633
3191	1635
3189	1635
3189	1636
3188	1636
3188	1637
3186	1637
3186	1638
3185	1638
3185	1639
3184	1639
3184	1640
3183	1640
3183	1642
3182	1642
3182	1643
3181	1643
3181	1644
3180	1644
3180	1645
3178	1645
3178	1646
3176	1646
3176	1647
3175	1647
3175	1648
3174	1648
3174	1649
3172	1649
3172	1651
3170	1651
3170	1653
3169	1653
3169	1654
3166	1654
3166	1655
3164	1655
3164	1657
3161	1657
3161	1658
3159	1658
3159	1659
3155	1659
3155	1660
3153	1660
3153	1661
3152	1661
3152	1662
3150	1662
3150	1663
3149	1663
3149	1664
3145	1664
3145	1665
3143	1665
3143	1666
3138	1666
3138	1667
3136	1667
3136	1668
3133	1668
3133	1669
3126	1669
3126	1670
3122	1670
3122	1671
3116	1671
3116	1672
3113	1672
3113	1673
3106	1673
3106	1674
3105	1674
3105	1675
3102	1675
3102	1676
3100	1676
3100	1677
3099	1677
3099	1676
3097	1676
3097	1677
3090	1677
3090	1678
3089	1678
3089	1679
3086	1679
3086	1680
3082	1680
3082	1681
3080	1681
3080	1682
3079	1682
3079	1681
3078	1681
3078	1682
3075	1682
3075	1683
3072	1683
3072	1684
3070	1684
3070	1685
3069	1685
3069	1684
3068	1684
3068	1685
3062	1685
3062	1684
3058	1684
3058	1685
3057	1685
3057	1684
3051	1684
3051	1685
3048	1685
3048	1686
3044	1686
3044	1687
3039	1687
3039	1686
3038	1686
3038	1687
3036	1687
3036	1686
3035	1686
3035	1688
3032	1688
3032	1687
3031	1687
3031	1686
3030	1686
3030	1688
3028	1688
3028	1687
3025	1687
3025	1688
3021	1688
3021	1689
3022	1689
3022	1691
3021	1691
3021	1692
3017	1692
3017	1691
3016	1691
3016	1692
3015	1692
3015	1693
3014	1693
3014	1695
3013	1695
3013	1696
3012	1696
3012	1698
3011	1698
3011	1699
3012	1699
3012	1700
3011	1700
3011	1701
3010	1701
3010	1706
3009	1706
3009	1707
3008	1707
3008	1708
3007	1708
3007	1710
3008	1710
3008	1717
3007	1717
3007	1719
3006	1719
3006	1720
3005	1720
3005	1721
3006	1721
3006	1722
3005	1722
3005	1726
3004	1726
3004	1729
3005	1729
3005	1730
3004	1730
3004	1731
3005	1731
3005	1734
3006	1734
3006	1735
3007	1735
3007	1736
3008	1736
3008	1741
3009	1741
3009	1744
3010	1744
3010	1745
3011	1745
3011	1754
3010	1754
3010	1758
3009	1758
3009	1759
3007	1759
3007	1762
3005	1762
3005	1764
3004	1764
3004	1765
3003	1765
3003	1766
3001	1766
3001	1768
2999	1768
2999	1770
2996	1770
2996	1769
2995	1769
2995	1770
2994	1770
2994	1771
2993	1771
2993	1772
2992	1772
2992	1774
2991	1774
2991	1775
2990	1775
2990	1776
2988	1776
2988	1777
2987	1777
2987	1778
2986	1778
2986	1779
2985	1779
2985	1780
2984	1780
2984	1781
2983	1781
2983	1782
2982	1782
2982	1784
2981	1784
2981	1785
2980	1785
2980	1787
2979	1787
2979	1788
2978	1788
2978	1790
2977	1790
2977	1792
2976	1792
2976	1797
2975	1797
2975	1799
2974	1799
2974	1801
2973	1801
2973	1804
2972	1804
2972	1805
2973	1805
2973	1806
2972	1806
2972	1807
2973	1807
2973	1808
2972	1808
2972	1813
2971	1813
2971	1814
2972	1814
2972	1815
2971	1815
2971	1819
2970	1819
2970	1823
2969	1823
2969	1826
2968	1826
2968	1827
2967	1827
2967	1830
2965	1830
2965	1835
2964	1835
2964	1838
2963	1838
2963	1841
2962	1841
2962	1843
2963	1843
2963	1844
2962	1844
2962	1849
2961	1849
2961	1862
2960	1862
2960	1868
2959	1868
2959	1870
2958	1870
2958	1874
2957	1874
2957	1876
2956	1876
2956	1880
2955	1880
2955	1881
2954	1881
2954	1882
2953	1882
2953	1883
2952	1883
2952	1884
2950	1884
2950	1885
2948	1885
2948	1886
2947	1886
2947	1887
2945	1887
2945	1888
2943	1888
2943	1889
2942	1889
2942	1890
2941	1890
2941	1891
2939	1891
2939	1893
2938	1893
2938	1894
2937	1894
2937	1895
2936	1895
2936	1896
2935	1896
2935	1897
2934	1897
2934	1898
2932	1898
2932	1899
2930	1899
2930	1901
2929	1901
2929	1902
2928	1902
2928	1903
2927	1903
2927	1904
2924	1904
2924	1905
2922	1905
2922	1907
2921	1907
2921	1909
2920	1909
2920	1910
2918	1910
2918	1911
2915	1911
2915	1912
2913	1912
2913	1913
2912	1913
2912	1915
2910	1915
2910	1916
2909	1916
2909	1918
2908	1918
2908	1919
2907	1919
2907	1920
2906	1920
2906	1923
2905	1923
2905	1925
2904	1925
2904	1927
2903	1927
2903	1928
2901	1928
2901	1929
2903	1929
2903	1931
2901	1931
2901	1932
2902	1932
2902	1934
2901	1934
2901	1936
2902	1936
2902	1937
2903	1937
2903	1940
2902	1940
2902	1949
2903	1949
2903	1956
2902	1956
2902	1957
2903	1957
2903	1962
2899	1962
2899	1963
2898	1963
2898	1964
2895	1964
2895	1963
2894	1963
2894	1964
2893	1964
2893	1965
2892	1965
2892	1966
2891	1966
2891	1967
2892	1967
2892	1968
2891	1968
2891	1967
2890	1967
2890	1969
2889	1969
2889	1970
2887	1970
2887	1969
2886	1969
2886	1970
2882	1970
2882	1969
2881	1969
2881	1970
2880	1970
2880	1969
2879	1969
2879	1970
2875	1970
2875	1967
2873	1967
2873	1966
2871	1966
2871	1965
2869	1965
2869	1963
2866	1963
2866	1962
2864	1962
2864	1961
2863	1961
2863	1960
2854	1960
2854	1948
2855	1948
2855	1947
2854	1947
2854	1943
2855	1943
2855	1942
2856	1942
2856	1939
2857	1939
2857	1938
2858	1938
2858	1932
2859	1932
2859	1930
2858	1930
2858	1928
2859	1928
2859	1924
2858	1924
2858	1919
2857	1919
2857	1917
2858	1917
2858	1916
2857	1916
2857	1913
2856	1913
2856	1911
2855	1911
2855	1909
2854	1909
2854	1908
2853	1908
2853	1907
2852	1907
2852	1905
2851	1905
2851	1904
2850	1904
2850	1903
2849	1903
2849	1902
2847	1902
2847	1901
2843	1901
2843	1900
2838	1900
2838	1899
2832	1899
2832	1898
2831	1898
2831	1899
2830	1899
2830	1898
2829	1898
2829	1899
2826	1899
2826	1900
2820	1900
2820	1901
2815	1901
2815	1902
2811	1902
2811	1903
2805	1903
2805	1904
2803	1904
2803	1905
2802	1905
2802	1906
2799	1906
2799	1907
2798	1907
2798	1908
2796	1908
2796	1911
2795	1911
2795	1913
2794	1913
2794	1916
2791	1916
2791	1917
2790	1917
2790	1918
2788	1918
2788	1917
2768	1917
2768	1918
2761	1918
2761	1917
2757	1917
2757	1916
2756	1916
2756	1915
2752	1915
2752	1914
2748	1914
2748	1913
2747	1913
2747	1914
2746	1914
2746	1913
2745	1913
2745	1912
2741	1912
2741	1911
2738	1911
2738	1910
2737	1910
2737	1911
2736	1911
2736	1910
2734	1910
2734	1909
2732	1909
2732	1910
2731	1910
2731	1909
2721	1909
2721	1910
2716	1910
2716	1911
2715	1911
2715	1912
2714	1912
2714	1913
2713	1913
2713	1914
2712	1914
2712	1918
2711	1918
2711	1919
2710	1919
2710	1920
2711	1920
2711	1922
2710	1922
2710	1924
2711	1924
2711	1927
2710	1927
2710	1934
2709	1934
2709	1940
2708	1940
2708	1941
2709	1941
2709	1943
2708	1943
2708	1948
2707	1948
2707	1949
2706	1949
2706	1950
2704	1950
2704	1951
2703	1951
2703	1952
2701	1952
2701	1953
2700	1953
2700	1954
2699	1954
2699	1955
2698	1955
2698	1956
2696	1956
2696	1957
2695	1957
2695	1958
2693	1958
2693	1960
2692	1960
2692	1962
2691	1962
2691	1963
2690	1963
2690	1964
2687	1964
2687	1965
2686	1965
2686	1966
2680	1966
2680	1967
2677	1967
2677	1968
2676	1968
2676	1967
2675	1967
2675	1968
2672	1968
2672	1969
2669	1969
2669	1970
2668	1970
2668	1969
2665	1969
2665	1970
2663	1970
2663	1969
2659	1969
2659	1968
2658	1968
2658	1967
2654	1967
2654	1966
2652	1966
2652	1965
2647	1965
2647	1964
2644	1964
2644	1962
2643	1962
2643	1961
2641	1961
2641	1960
2634	1960
2634	1959
2633	1959
2633	1958
2629	1958
2629	1956
2628	1956
2628	1957
2627	1957
2627	1956
2626	1956
2626	1955
2625	1955
2625	1953
2624	1953
2624	1951
2623	1951
2623	1950
2622	1950
2622	1949
2621	1949
2621	1948
2620	1948
2620	1946
2619	1946
2619	1945
2617	1945
2617	1942
2616	1942
2616	1941
2613	1941
2613	1940
2612	1940
2612	1939
2611	1939
2611	1938
2610	1938
2610	1937
2608	1937
2608	1936
2606	1936
2606	1935
2605	1935
2605	1934
2604	1934
2604	1933
2603	1933
2603	1932
2602	1932
2602	1931
2599	1931
2599	1930
2595	1930
2595	1928
2592	1928
2592	1929
2591	1929
2591	1930
2588	1930
2588	1931
2586	1931
2586	1932
2583	1932
2583	1933
2582	1933
2582	1934
2580	1934
2580	1935
2578	1935
2578	1936
2577	1936
2577	1937
2575	1937
2575	1938
2574	1938
2574	1939
2573	1939
2573	1940
2572	1940
2572	1941
2571	1941
2571	1942
2570	1942
2570	1943
2569	1943
2569	1944
2568	1944
2568	1945
2567	1945
2567	1946
2566	1946
2566	1947
2565	1947
2565	1948
2563	1948
2563	1951
2561	1951
2561	1953
2560	1953
2560	1955
2559	1955
2559	1958
2557	1958
2557	1960
2556	1960
2556	1961
2555	1961
2555	1962
2554	1962
2554	1963
2553	1963
2553	1964
2551	1964
2551	1965
2550	1965
2550	1966
2549	1966
2549	1967
2548	1967
2548	1968
2547	1968
2547	1969
2546	1969
2546	1970
2544	1970
2544	1971
2541	1971
2541	1972
2538	1972
2538	1973
2536	1973
2536	1974
2533	1974
2533	1975
2531	1975
2531	1976
2527	1976
2527	1977
2524	1977
2524	1978
2521	1978
2521	1979
2518	1979
2518	1980
2516	1980
2516	1981
2513	1981
2513	1982
2510	1982
2510	1983
2508	1983
2508	1984
2507	1984
2507	1985
2506	1985
2506	1986
2505	1986
2505	1987
2504	1987
2504	1989
2503	1989
2503	1990
2502	1990
2502	1991
2501	1991
2501	1992
2500	1992
2500	1993
2499	1993
2499	1994
2497	1994
2497	1995
2494	1995
2494	1996
2490	1996
2490	1997
2488	1997
2488	1998
2487	1998
2487	1999
2484	1999
2484	2000
2482	2000
2482	2001
2480	2001
2480	2002
2478	2002
2478	2003
2476	2003
2476	2005
2472	2005
2472	2006
2471	2006
2471	2007
2469	2007
2469	2008
2468	2008
2468	2010
2467	2010
2467	2013
2466	2013
2466	2015
2465	2015
2465	2016
2464	2016
2464	2022
2463	2022
2463	2027
2462	2027
2462	2029
2463	2029
2463	2037
2462	2037
2462	2038
2461	2038
2461	2039
2459	2039
2459	2038
2457	2038
2457	2035
2456	2035
2456	2029
2454	2029
2454	2030
2453	2030
2453	2029
2452	2029
2452	2030
2446	2030
2446	2031
2439	2031
2439	2032
2432	2032
2432	2033
2430	2033
2430	2034
2425	2034
2425	2035
2424	2035
2424	2036
2421	2036
2421	2037
2419	2037
2419	2038
2417	2038
2417	2039
2412	2039
2412	2040
2410	2040
2410	2041
2409	2041
2409	2042
2406	2042
2406	2043
2405	2043
2405	2044
2403	2044
2403	2045
2402	2045
2402	2046
2401	2046
2401	2047
2399	2047
2399	2048
2397	2048
2397	2049
2394	2049
2394	2050
2392	2050
2392	2051
2389	2051
2389	2052
2384	2052
2384	2053
2380	2053
2380	2054
2374	2054
2374	2055
2373	2055
2373	2054
2372	2054
2372	2055
2369	2055
2369	2056
2367	2056
2367	2057
2361	2057
2361	2056
2359	2056
2359	2057
2353	2057
2353	2058
2349	2058
2349	2059
2348	2059
2348	2060
2346	2060
2346	2061
2336	2061
2336	2062
2334	2062
2334	2063
2332	2063
2332	2064
2331	2064
2331	2065
2330	2065
2330	2066
2328	2066
2328	2067
2327	2067
2327	2068
2313	2068
2313	2069
2310	2069
2310	2070
2308	2070
2308	2071
2306	2071
2306	2072
2304	2072
2304	2073
2303	2073
2303	2074
2294	2074
2294	2075
2289	2075
2289	2074
2275	2074
2275	2075
2273	2075
2273	2074
2272	2074
2272	2075
2271	2075
2271	2074
2269	2074
2269	2075
2266	2075
2266	2074
2263	2074
2263	2075
2262	2075
2262	2074
2261	2074
2261	2075
2255	2075
2255	2076
2253	2076
2253	2075
2252	2075
2252	2076
2225	2076
2225	2077
2224	2077
2224	2076
2223	2076
2223	2077
2221	2077
2221	2078
2219	2078
2219	2079
2216	2079
2216	2080
2214	2080
2214	2081
2212	2081
2212	2082
2211	2082
2211	2083
2209	2083
2209	2084
2207	2084
2207	2086
2206	2086
2206	2087
2204	2087
2204	2088
2201	2088
2201	2089
2198	2089
2198	2090
2190	2090
2190	2091
2189	2091
2189	2090
2186	2090
2186	2091
2184	2091
2184	2092
2183	2092
2183	2094
2181	2094
2181	2095
2180	2095
2180	2096
2181	2096
2181	2097
2180	2097
2180	2099
2179	2099
2179	2101
2178	2101
2178	2103
2177	2103
2177	2104
2162	2104
2162	2103
2161	2103
2161	2104
2160	2104
2160	2103
2159	2103
2159	2104
2157	2104
2157	2103
2156	2103
2156	2102
2155	2102
2155	2101
2153	2101
2153	2100
2151	2100
2151	2099
2149	2099
2149	2098
2148	2098
2148	2097
2145	2097
2145	2096
2143	2096
2143	2095
2142	2095
2142	2094
2136	2094
2136	2095
2134	2095
2134	2094
2132	2094
2132	2093
2130	2093
2130	2092
2129	2092
2129	2091
2127	2091
2127	2090
2125	2090
2125	2089
2123	2089
2123	2088
2121	2088
2121	2087
2117	2087
2117	2086
2115	2086
2115	2085
2112	2085
2112	2086
2103	2086
2103	2087
2102	2087
2102	2086
2100	2086
2100	2087
2099	2087
2099	2086
2086	2086
2086	2085
2079	2085
2079	2084
2073	2084
2073	2083
2063	2083
2063	2084
2055	2084
2055	2083
2054	2083
2054	2084
2053	2084
2053	2083
2052	2083
2052	2084
2048	2084
2048	2083
2044	2083
2044	2084
2043	2084
2043	2083
2041	2083
2041	2084
2039	2084
2039	2083
2035	2083
2035	2084
2022	2084
2022	2083
2020	2083
2020	2082
2018	2082
2018	2081
2017	2081
2017	2080
2016	2080
2016	2079
2014	2079
2014	2078
2013	2078
2013	2077
2010	2077
2010	2076
2009	2076
2009	2074
2007	2074
2007	2073
2005	2073
2005	2072
2003	2072
2003	2071
2002	2071
2002	2070
2001	2070
2001	2069
2000	2069
2000	2068
1999	2068
1999	2067
1998	2067
1998	2066
1996	2066
1996	2065
1994	2065
1994	2064
1993	2064
1993	2063
1991	2063
1991	2062
1990	2062
1990	2061
1989	2061
1989	2060
1988	2060
1988	2059
1987	2059
1987	2058
1985	2058
1985	2057
1983	2057
1983	2055
1982	2055
1982	2054
1981	2054
1981	2053
1980	2053
1980	2052
1978	2052
1978	2051
1977	2051
1977	2050
1975	2050
1975	2049
1974	2049
1974	2048
1973	2048
1973	2046
1971	2046
1971	2045
1970	2045
1970	2044
1969	2044
1969	2043
1968	2043
1968	2042
1967	2042
1967	2041
1964	2041
1964	2040
1963	2040
1963	2039
1961	2039
1961	2038
1958	2038
1958	2037
1949	2037
1949	2036
1948	2036
1948	2033
1947	2033
1947	2031
1946	2031
1946	2029
1945	2029
1945	2027
1944	2027
1944	2025
1943	2025
1943	2024
1942	2024
1942	2022
1941	2022
1941	2021
1940	2021
1940	2019
1939	2019
1939	2018
1938	2018
1938	2017
1935	2017
1935	2016
1933	2016
1933	2015
1923	2015
1923	2014
1919	2014
1919	2015
1915	2015
1915	2016
1913	2016
1913	2017
1911	2017
1911	2018
1910	2018
1910	2019
1909	2019
1909	2020
1906	2020
1906	2022
1905	2022
1905	2023
1904	2023
1904	2026
1909	2026
1909	2025
1911	2025
1911	2027
1910	2027
1910	2028
1911	2028
1911	2029
1909	2029
1909	2031
1908	2031
1908	2033
1909	2033
1909	2035
1908	2035
1908	2039
1907	2039
1907	2040
1908	2040
1908	2043
1907	2043
1907	2044
1908	2044
1908	2052
1909	2052
1909	2053
1908	2053
1908	2055
1907	2055
1907	2056
1908	2056
1908	2057
1909	2057
1909	2058
1908	2058
1908	2060
1909	2060
1909	2063
1908	2063
1908	2064
1909	2064
1909	2065
1908	2065
1908	2067
1906	2067
1906	2066
1902	2066
1902	2065
1900	2065
1900	2066
1898	2066
1898	2065
1896	2065
1896	2066
1893	2066
1893	2065
1889	2065
1889	2063
1887	2063
1887	2062
1884	2062
1884	2061
1882	2061
1882	2060
1869	2060
1869	2058
1868	2058
1868	2057
1863	2057
1863	2058
1862	2058
1862	2057
1859	2057
1859	2056
1857	2056
1857	2057
1856	2057
1856	2056
1854	2056
1854	2055
1853	2055
1853	2054
1852	2054
1852	2053
1851	2053
1851	2052
1850	2052
1850	2051
1848	2051
1848	2050
1847	2050
1847	2049
1845	2049
1845	2048
1843	2048
1843	2047
1841	2047
1841	2046
1837	2046
1837	2045
1834	2045
1834	2044
1830	2044
1830	2045
1829	2045
1829	2044
1828	2044
1828	2045
1826	2045
1826	2044
1825	2044
1825	2045
1821	2045
1821	2044
1808	2044
1808	2043
1806	2043
1806	2044
1804	2044
1804	2043
1801	2043
1801	2042
1795	2042
1795	2043
1792	2043
1792	2042
1784	2042
1784	2041
1783	2041
1783	2040
1782	2040
1782	2039
1780	2039
1780	2038
1779	2038
1779	2037
1777	2037
1777	2036
1773	2036
1773	2035
1772	2035
1772	2036
1771	2036
1771	2035
1767	2035
1767	2034
1766	2034
1766	2035
1762	2035
1762	2034
1761	2034
1761	2033
1758	2033
1758	2032
1754	2032
1754	2030
1753	2030
1753	2028
1752	2028
1752	2027
1751	2027
1751	2025
1750	2025
1750	2023
1749	2023
1749	2020
1748	2020
1748	2017
1747	2017
1747	2016
1748	2016
1748	2015
1747	2015
1747	2012
1746	2012
1746	2009
1745	2009
1745	2008
1744	2008
1744	2007
1743	2007
1743	2006
1742	2006
1742	2005
1741	2005
1741	2004
1740	2004
1740	2002
1739	2002
1739	2001
1738	2001
1738	2000
1737	2000
1737	1999
1735	1999
1735	1997
1737	1997
1737	1996
1735	1996
1735	1995
1734	1995
1734	1992
1733	1992
1733	1989
1732	1989
1732	1988
1731	1988
1731	1986
1730	1986
1730	1985
1729	1985
1729	1984
1727	1984
1727	1982
1725	1982
1725	1981
1724	1981
1724	1980
1722	1980
1722	1979
1721	1979
1721	1978
1720	1978
1720	1977
1717	1977
1717	1976
1716	1976
1716	1975
1711	1975
1711	1974
1709	1974
1709	1975
1702	1975
1702	1976
1699	1976
1699	1975
1696	1975
1696	1974
1680	1974
1680	1973
1678	1973
1678	1972
1675	1972
1675	1973
1672	1973
1672	1974
1669	1974
1669	1975
1668	1975
1668	1976
1667	1976
1667	1977
1666	1977
1666	1978
1664	1978
1664	1979
1663	1979
1663	1981
1662	1981
1662	1983
1661	1983
1661	1985
1660	1985
1660	1987
1656	1987
1656	1986
1655	1986
1655	1987
1651	1987
1651	1988
1649	1988
1649	1989
1645	1989
1645	1990
1643	1990
1643	1991
1641	1991
1641	1992
1639	1992
1639	1993
1638	1993
1638	1994
1637	1994
1637	1995
1636	1995
1636	1997
1635	1997
1635	1998
1634	1998
1634	2000
1633	2000
1633	2001
1632	2001
1632	2004
1631	2004
1631	2010
1630	2010
1630	2016
1629	2016
1629	2018
1628	2018
1628	2019
1629	2019
1629	2020
1628	2020
1628	2024
1627	2024
1627	2029
1626	2029
1626	2031
1625	2031
1625	2032
1623	2032
1623	2033
1621	2033
1621	2032
1620	2032
1620	2031
1617	2031
1617	2030
1616	2030
1616	2029
1615	2029
1615	2027
1614	2027
1614	2025
1613	2025
1613	2024
1611	2024
1611	2023
1609	2023
1609	2022
1608	2022
1608	2021
1606	2021
1606	2020
1605	2020
1605	2019
1604	2019
1604	2018
1602	2018
1602	2017
1599	2017
1599	2016
1596	2016
1596	2015
1595	2015
1595	2014
1594	2014
1594	2013
1592	2013
1592	2012
1591	2012
1591	2011
1589	2011
1589	2010
1587	2010
1587	2009
1584	2009
1584	2008
1581	2008
1581	2007
1578	2007
1578	2005
1577	2005
1577	2004
1576	2004
1576	2003
1574	2003
1574	2002
1572	2002
1572	2001
1570	2001
1570	2000
1569	2000
1569	1998
1567	1998
1567	1997
1565	1997
1565	1996
1563	1996
1563	1995
1560	1995
1560	1994
1558	1994
1558	1993
1554	1993
1554	1992
1553	1992
1553	1991
1550	1991
1550	1990
1536	1990
1536	1989
1534	1989
1534	1988
1525	1988
1525	1987
1523	1987
1523	1986
1518	1986
1518	1987
1517	1987
1517	1986
1507	1986
1507	1987
1503	1987
1503	1983
1499	1983
1499	1982
1498	1982
1498	1980
1497	1980
1497	1978
1498	1978
1498	1977
1497	1977
1497	1975
1496	1975
1496	1972
1495	1972
1495	1970
1494	1970
1494	1965
1493	1965
1493	1962
1492	1962
1492	1958
1491	1958
1491	1953
1490	1953
1490	1952
1491	1952
1491	1950
1490	1950
1490	1945
1489	1945
1489	1940
1488	1940
1488	1937
1487	1937
1487	1934
1486	1934
1486	1930
1485	1930
1485	1926
1484	1926
1484	1925
1483	1925
1483	1921
1482	1921
1482	1919
1481	1919
1481	1918
1480	1918
1480	1913
1479	1913
1479	1912
1480	1912
1480	1906
1479	1906
1479	1901
1480	1901
1480	1900
1479	1900
1479	1897
1478	1897
1478	1891
1477	1891
1477	1886
1476	1886
1476	1881
1475	1881
1475	1879
1474	1879
1474	1876
1473	1876
1473	1868
1474	1868
1474	1867
1473	1867
1473	1865
1474	1865
1474	1864
1473	1864
1473	1860
1472	1860
1472	1859
1473	1859
1473	1858
1472	1858
1472	1854
1471	1854
1471	1847
1470	1847
1470	1842
1469	1842
1469	1839
1468	1839
1468	1837
1467	1837
1467	1831
1468	1831
1468	1827
1467	1827
1467	1823
1466	1823
1466	1821
1465	1821
1465	1817
1464	1817
1464	1815
1463	1815
1463	1811
1462	1811
1462	1810
1461	1810
1461	1808
1460	1808
1460	1806
1458	1806
1458	1804
1457	1804
1457	1803
1455	1803
1455	1802
1454	1802
1454	1801
1453	1801
1453	1800
1452	1800
1452	1799
1451	1799
1451	1798
1450	1798
1450	1799
1447	1799
1447	1798
1446	1798
1446	1797
1444	1797
1444	1798
1442	1798
1442	1797
1441	1797
1441	1796
1439	1796
1439	1797
1437	1797
1437	1796
1435	1796
1435	1795
1423	1795
1423	1794
1422	1794
1422	1790
1421	1790
1421	1789
1420	1789
1420	1786
1418	1786
1418	1783
1417	1783
1417	1782
1416	1782
1416	1781
1415	1781
1415	1778
1414	1778
1414	1777
1413	1777
1413	1775
1412	1775
1412	1774
1411	1774
1411	1773
1410	1773
1410	1772
1409	1772
1409	1771
1408	1771
1408	1770
1407	1770
1407	1769
1406	1769
1406	1767
1405	1767
1405	1766
1406	1766
1406	1765
1404	1765
1404	1764
1402	1764
1402	1765
1400	1765
1400	1764
1397	1764
1397	1763
1395	1763
1395	1762
1394	1762
1394	1760
1393	1760
1393	1758
1391	1758
1391	1756
1390	1756
1390	1755
1389	1755
1389	1754
1388	1754
1388	1752
1387	1752
1387	1751
1386	1751
1386	1749
1385	1749
1385	1746
1383	1746
1383	1745
1382	1745
1382	1742
1381	1742
1381	1741
1380	1741
1380	1740
1378	1740
1378	1738
1377	1738
1377	1736
1376	1736
1376	1735
1375	1735
1375	1733
1374	1733
1374	1732
1373	1732
1373	1731
1371	1731
1371	1729
1370	1729
1370	1727
1369	1727
1369	1726
1368	1726
1368	1725
1367	1725
1367	1723
1366	1723
1366	1722
1365	1722
1365	1721
1364	1721
1364	1719
1363	1719
1363	1718
1362	1718
1362	1717
1361	1717
1361	1714
1360	1714
1360	1713
1359	1713
1359	1712
1358	1712
1358	1711
1357	1711
1357	1710
1356	1710
1356	1708
1355	1708
1355	1707
1354	1707
1354	1705
1352	1705
1352	1704
1351	1704
1351	1702
1349	1702
1349	1701
1348	1701
1348	1699
1347	1699
1347	1697
1346	1697
1346	1696
1344	1696
1344	1695
1343	1695
1343	1694
1342	1694
1342	1692
1341	1692
1341	1691
1339	1691
1339	1690
1338	1690
1338	1689
1337	1689
1337	1690
1333	1690
1333	1689
1330	1689
1330	1688
1329	1688
1329	1687
1328	1687
1328	1685
1326	1685
1326	1684
1316	1684
1316	1683
1315	1683
1315	1682
1314	1682
1314	1681
1313	1681
1313	1679
1311	1679
1311	1678
1309	1678
1309	1676
1308	1676
1308	1675
1307	1675
1307	1674
1305	1674
1305	1673
1304	1673
1304	1672
1301	1672
1301	1673
1300	1673
1300	1672
1299	1672
1299	1671
1298	1671
1298	1670
1297	1670
1297	1669
1296	1669
1296	1668
1295	1668
1295	1669
1294	1669
1294	1668
1292	1668
1292	1663
1293	1663
1293	1660
1292	1660
1292	1659
1293	1659
1293	1658
1292	1658
1292	1655
1293	1655
1293	1654
1291	1654
1291	1653
1292	1653
1292	1648
1291	1648
1291	1645
1292	1645
1292	1644
1291	1644
1291	1637
1292	1637
1292	1636
1291	1636
1291	1635
1292	1635
1292	1632
1291	1632
1291	1631
1292	1631
1292	1626
1291	1626
1291	1623
1290	1623
1290	1622
1291	1622
1291	1620
1292	1620
1292	1614
1291	1614
1291	1605
1292	1605
1292	1604
1291	1604
1291	1602
1292	1602
1292	1600
1293	1600
1293	1587
1294	1587
1294	1586
1293	1586
1293	1583
1294	1583
1294	1581
1292	1581
1292	1578
1291	1578
1291	1576
1288	1576
1288	1575
1282	1575
1282	1574
1279	1574
1279	1575
1277	1575
1277	1574
1259	1574
1259	1573
1258	1573
1258	1574
1252	1574
1252	1575
1250	1575
1250	1574
1247	1574
1247	1573
1240	1573
1240	1572
1236	1572
1236	1571
1234	1571
1234	1570
1229	1570
1229	1569
1228	1569
1228	1570
1227	1570
1227	1569
1225	1569
1225	1568
1224	1568
1224	1567
1222	1567
1222	1565
1223	1565
1223	1564
1226	1564
1226	1565
1231	1565
1231	1566
1235	1566
1235	1567
1240	1567
1240	1568
1247	1568
1247	1569
1251	1569
1251	1570
1254	1570
1254	1569
1279	1569
1279	1570
1280	1570
1280	1569
1282	1569
1282	1570
1288	1570
1288	1571
1289	1571
1289	1572
1294	1572
1294	1573
1296	1573
1296	1574
1297	1574
1297	1575
1298	1575
1298	1580
1297	1580
1297	1581
1298	1581
1298	1583
1297	1583
1297	1585
1298	1585
1298	1589
1299	1589
1299	1590
1298	1590
1298	1591
1297	1591
1297	1600
1296	1600
1296	1610
1297	1610
1297	1612
1296	1612
1296	1613
1297	1613
1297	1616
1296	1616
1296	1619
1297	1619
1297	1623
1296	1623
1296	1630
1295	1630
1295	1631
1296	1631
1296	1639
1295	1639
1295	1641
1296	1641
1296	1642
1295	1642
1295	1644
1296	1644
1296	1657
1297	1657
1297	1662
1298	1662
1298	1664
1299	1664
1299	1665
1300	1665
1300	1666
1301	1666
1301	1667
1303	1667
1303	1668
1305	1668
1305	1667
1306	1667
1306	1668
1307	1668
1307	1669
1308	1669
1308	1670
1310	1670
1310	1671
1311	1671
1311	1672
1312	1672
1312	1673
1314	1673
1314	1674
1315	1674
1315	1675
1316	1675
1316	1676
1317	1676
1317	1677
1318	1677
1318	1678
1320	1678
1320	1679
1323	1679
1323	1678
1324	1678
1324	1679
1328	1679
1328	1680
1329	1680
1329	1681
1330	1681
1330	1682
1331	1682
1331	1683
1332	1683
1332	1684
1341	1684
1341	1685
1342	1685
1342	1686
1343	1686
1343	1688
1344	1688
1344	1689
1345	1689
1345	1690
1346	1690
1346	1691
1347	1691
1347	1692
1348	1692
1348	1693
1349	1693
1349	1695
1350	1695
1350	1696
1352	1696
1352	1697
1353	1697
1353	1698
1354	1698
1354	1699
1355	1699
1355	1701
1356	1701
1356	1702
1357	1702
1357	1703
1358	1703
1358	1704
1359	1704
1359	1705
1360	1705
1360	1706
1361	1706
1361	1708
1362	1708
1362	1710
1363	1710
1363	1711
1364	1711
1364	1712
1365	1712
1365	1715
1367	1715
1367	1717
1369	1717
1369	1718
1370	1718
1370	1719
1371	1719
1371	1721
1372	1721
1372	1722
1373	1722
1373	1725
1374	1725
1374	1726
1375	1726
1375	1727
1376	1727
1376	1728
1377	1728
1377	1729
1378	1729
1378	1731
1379	1731
1379	1732
1380	1732
1380	1734
1382	1734
1382	1737
1383	1737
1383	1738
1384	1738
1384	1739
1385	1739
1385	1740
1386	1740
1386	1741
1387	1741
1387	1743
1388	1743
1388	1745
1389	1745
1389	1746
1390	1746
1390	1747
1389	1747
1389	1748
1391	1748
1391	1749
1392	1749
1392	1750
1393	1750
1393	1752
1394	1752
1394	1753
1395	1753
1395	1754
1396	1754
1396	1755
1397	1755
1397	1756
1398	1756
1398	1758
1400	1758
1400	1759
1405	1759
1405	1760
1407	1760
1407	1762
1408	1762
1408	1763
1409	1763
1409	1765
1410	1765
1410	1767
1411	1767
1411	1769
1413	1769
1413	1770
1414	1770
1414	1771
1415	1771
1415	1773
1416	1773
1416	1774
1417	1774
1417	1776
1418	1776
1418	1777
1419	1777
1419	1778
1420	1778
1420	1779
1421	1779
1421	1782
1423	1782
1423	1784
1424	1784
1424	1785
1425	1785
1425	1786
1426	1786
1426	1789
1428	1789
1428	1790
1437	1790
1437	1791
1442	1791
1442	1792
1445	1792
1445	1793
1451	1793
1451	1794
1455	1794
1455	1795
1456	1795
1456	1796
1457	1796
1457	1797
1458	1797
1458	1798
1460	1798
1460	1799
1461	1799
1461	1801
1463	1801
1463	1803
1464	1803
1464	1804
1465	1804
1465	1805
1466	1805
1466	1807
1468	1807
1468	1810
1469	1810
1469	1814
1470	1814
1470	1816
1471	1816
1471	1817
1470	1817
1470	1818
1471	1818
1471	1822
1472	1822
1472	1829
1471	1829
1471	1830
1472	1830
1472	1832
1473	1832
1473	1838
1474	1838
1474	1844
1475	1844
1475	1848
1476	1848
1476	1849
1475	1849
1475	1851
1476	1851
1476	1855
1477	1855
1477	1856
1476	1856
1476	1857
1477	1857
1477	1862
1478	1862
1478	1870
1479	1870
1479	1878
1480	1878
1480	1879
1481	1879
1481	1880
1480	1880
1480	1884
1481	1884
1481	1886
1482	1886
1482	1887
1481	1887
1481	1889
1482	1889
1482	1894
1483	1894
1483	1900
1484	1900
1484	1902
1483	1902
1483	1904
1484	1904
1484	1908
1485	1908
1485	1909
1483	1909
1483	1910
1484	1910
1484	1911
1485	1911
1485	1915
1486	1915
1486	1916
1485	1916
1485	1917
1486	1917
1486	1918
1487	1918
1487	1924
1488	1924
1488	1926
1489	1926
1489	1927
1488	1927
1488	1928
1489	1928
1489	1930
1490	1930
1490	1933
1491	1933
1491	1936
1492	1936
1492	1937
1493	1937
1493	1943
1494	1943
1494	1948
1495	1948
1495	1950
1494	1950
1494	1951
1495	1951
1495	1955
1496	1955
1496	1956
1495	1956
1495	1957
1496	1957
1496	1958
1497	1958
1497	1964
1498	1964
1498	1965
1499	1965
1499	1968
1500	1968
1500	1971
1501	1971
1501	1973
1503	1973
1503	1975
1504	1975
1504	1977
1505	1977
1505	1978
1506	1978
1506	1979
1510	1979
1510	1980
1512	1980
1512	1981
1519	1981
1519	1982
1520	1982
1520	1983
1524	1983
1524	1984
1526	1984
1526	1985
1532	1985
1532	1986
1538	1986
1538	1985
1544	1985
1544	1984
1546	1984
1546	1985
1547	1985
1547	1986
1549	1986
1549	1987
1548	1987
1548	1988
1550	1988
1550	1989
1555	1989
1555	1990
1558	1990
1558	1991
1560	1991
1560	1992
1563	1992
1563	1993
1566	1993
1566	1994
1567	1994
1567	1995
1570	1995
1570	1996
1571	1996
1571	1997
1573	1997
1573	1998
1575	1998
1575	2000
1577	2000
1577	2001
1580	2001
1580	2002
1582	2002
1582	2003
1584	2003
1584	2004
1587	2004
1587	2005
1588	2005
1588	2006
1590	2006
1590	2007
1591	2007
1591	2008
1593	2008
1593	2009
1595	2009
1595	2010
1596	2010
1596	2011
1600	2011
1600	2012
1601	2012
1601	2013
1603	2013
1603	2015
1605	2015
1605	2016
1607	2016
1607	2017
1608	2017
1608	2018
1609	2018
1609	2019
1612	2019
1612	2020
1614	2020
1614	2021
1615	2021
1615	2022
1617	2022
1617	2023
1618	2023
1618	2026
1620	2026
1620	2027
1622	2027
1622	2025
1623	2025
1623	2023
1624	2023
1624	2019
1625	2019
1625	2016
1627	2016
1627	2015
1626	2015
1626	2014
1627	2014
1627	2013
1626	2013
1626	2011
1627	2011
1627	2006
1628	2006
1628	2001
1630	2001
1630	1996
1631	1996
1631	1995
1632	1995
1632	1993
1633	1993
1633	1991
1635	1991
1635	1990
1637	1990
1637	1988
1638	1988
1638	1987
1639	1987
1639	1986
1641	1986
1641	1985
1645	1985
1645	1984
1647	1984
1647	1983
1648	1983
1648	1984
1649	1984
1649	1983
1651	1983
1651	1984
1653	1984
1653	1985
1654	1985
1654	1983
1655	1983
1655	1982
1657	1982
1657	1980
1658	1980
1658	1979
1660	1979
1660	1977
1661	1977
1661	1976
1662	1976
1662	1975
1663	1975
1663	1974
1664	1974
1664	1973
1667	1973
1667	1970
1669	1970
1669	1969
1670	1969
1670	1970
1674	1970
1674	1969
1675	1969
1675	1968
1679	1968
1679	1969
1681	1969
1681	1970
1689	1970
1689	1969
1694	1969
1694	1970
1697	1970
1697	1971
1706	1971
1706	1972
1707	1972
1707	1973
1712	1973
1712	1974
1713	1974
1713	1973
1714	1973
1714	1974
1718	1974
1718	1975
1720	1975
1720	1976
1722	1976
1722	1977
1724	1977
1724	1978
1725	1978
1725	1979
1727	1979
1727	1981
1729	1981
1729	1982
1730	1982
1730	1984
1732	1984
1732	1986
1733	1986
1733	1987
1734	1987
1734	1989
1735	1989
1735	1991
1736	1991
1736	1994
1737	1994
1737	1995
1738	1995
1738	1997
1739	1997
1739	1999
1740	1999
1740	1998
1741	1998
1741	1999
1742	1999
1742	2000
1743	2000
1743	2002
1744	2002
1744	2003
1745	2003
1745	2005
1746	2005
1746	2006
1747	2006
1747	2010
1748	2010
1748	2012
1749	2012
1749	2014
1750	2014
1750	2018
1751	2018
1751	2020
1752	2020
1752	2023
1753	2023
1753	2024
1754	2024
1754	2025
1755	2025
1755	2027
1756	2027
1756	2028
1760	2028
1760	2029
1762	2029
1762	2031
1763	2031
1763	2032
1772	2032
1772	2033
1774	2033
1774	2034
1777	2034
1777	2035
1779	2035
1779	2036
1781	2036
1781	2037
1783	2037
1783	2038
1786	2038
1786	2039
1795	2039
1795	2040
1807	2040
1807	2041
1810	2041
1810	2042
1813	2042
1813	2041
1839	2041
1839	2043
1841	2043
1841	2044
1843	2044
1843	2045
1844	2045
1844	2046
1846	2046
1846	2047
1848	2047
1848	2048
1850	2048
1850	2049
1851	2049
1851	2050
1853	2050
1853	2051
1854	2051
1854	2052
1857	2052
1857	2053
1859	2053
1859	2054
1862	2054
1862	2053
1863	2053
1863	2054
1864	2054
1864	2053
1865	2053
1865	2054
1868	2054
1868	2055
1871	2055
1871	2056
1872	2056
1872	2057
1878	2057
1878	2056
1882	2056
1882	2058
1884	2058
1884	2059
1887	2059
1887	2060
1889	2060
1889	2061
1890	2061
1890	2062
1894	2062
1894	2061
1896	2061
1896	2062
1897	2062
1897	2063
1904	2063
1904	2062
1905	2062
1905	2055
1904	2055
1904	2051
1905	2051
1905	2050
1904	2050
1904	2048
1905	2048
1905	2041
1906	2041
1906	2038
1905	2038
1905	2037
1906	2037
1906	2034
1905	2034
1905	2033
1906	2033
1906	2031
1905	2031
1905	2032
1899	2032
1899	2031
1898	2031
1898	2028
1899	2028
1899	2025
1900	2025
1900	2023
1901	2023
1901	2022
1902	2022
1902	2019
1904	2019
1904	2017
1907	2017
1907	2016
1908	2016
1908	2013
1910	2013
1910	2012
1912	2012
1912	2011
1915	2011
1915	2010
1920	2010
1920	2009
1921	2009
1921	2010
1923	2010
1923	2009
1927	2009
1927	2010
1930	2010
1930	2009
1931	2009
1931	2010
1933	2010
1933	2009
1934	2009
1934	2010
1936	2010
1936	2011
1937	2011
1937	2012
1938	2012
1938	2013
1939	2013
1939	2014
1940	2014
1940	2015
1942	2015
1942	2018
1944	2018
1944	2020
1945	2020
1945	2021
1946	2021
1946	2025
1947	2025
1947	2027
1948	2027
1948	2028
1949	2028
1949	2031
1950	2031
1950	2032
1955	2032
1955	2033
1957	2033
1957	2034
1959	2034
1959	2035
1961	2035
1961	2034
1962	2034
1962	2035
1963	2035
1963	2036
1964	2036
1964	2037
1965	2037
1965	2038
1966	2038
1966	2039
1968	2039
1968	2040
1971	2040
1971	2041
1972	2041
1972	2043
1974	2043
1974	2044
1977	2044
1977	2045
1978	2045
1978	2049
1981	2049
1981	2050
1983	2050
1983	2051
1984	2051
1984	2054
1986	2054
1986	2055
1988	2055
1988	2056
1989	2056
1989	2057
1990	2057
1990	2058
1992	2058
1992	2059
1994	2059
1994	2060
1995	2060
1995	2061
1996	2061
1996	2062
1997	2062
1997	2063
1998	2063
1998	2064
1999	2064
1999	2065
2001	2065
2001	2066
2004	2066
2004	2067
2005	2067
2005	2069
2007	2069
2007	2070
2009	2070
2009	2071
2010	2071
2010	2073
2011	2073
2011	2074
2012	2074
2012	2075
2014	2075
2014	2076
2016	2076
2016	2077
2017	2077
2017	2078
2019	2078
2019	2079
2023	2079
2023	2080
2025	2080
2025	2079
2026	2079
2026	2080
2028	2080
2028	2079
2031	2079
2031	2078
2032	2078
2032	2079
2037	2079
2037	2080
2038	2080
2038	2079
2040	2079
2040	2081
2041	2081
2041	2080
2046	2080
2046	2081
2047	2081
2047	2080
2051	2080
2051	2079
2053	2079
2053	2080
2056	2080
2056	2079
2059	2079
2059	2080
2066	2080
2066	2081
2068	2081
2068	2080
2070	2080
2070	2079
2071	2079
2071	2080
2073	2080
2073	2081
2077	2081
2077	2082
2084	2082
2084	2083
2099	2083
2099	2084
2100	2084
2100	2083
2115	2083
2115	2084
2119	2084
2119	2085
2122	2085
2122	2084
2123	2084
2123	2086
2126	2086
2126	2087
2127	2087
2127	2088
2129	2088
2129	2089
2130	2089
2130	2090
2134	2090
2134	2089
2136	2089
2136	2090
2137	2090
2137	2091
2140	2091
2140	2092
2143	2092
2143	2093
2145	2093
2145	2094
2147	2094
2147	2095
2150	2095
2150	2096
2151	2096
2151	2097
2154	2097
2154	2099
2159	2099
2159	2100
2162	2100
2162	2099
2168	2099
2168	2101
2169	2101
2169	2100
2170	2100
2170	2099
2171	2099
2171	2100
2170	2100
2170	2101
2173	2101
2173	2102
2174	2102
2174	2099
2175	2099
2175	2097
2176	2097
2176	2096
2178	2096
2178	2095
2177	2095
2177	2094
2178	2094
2178	2093
2179	2093
2179	2091
2180	2091
2180	2090
2181	2090
2181	2089
2183	2089
2183	2088
2184	2088
2184	2089
2186	2089
2186	2088
2188	2088
2188	2087
2189	2087
2189	2088
2190	2088
2190	2087
2197	2087
2197	2086
2202	2086
2202	2085
2203	2085
2203	2084
2204	2084
2204	2083
2206	2083
2206	2082
2208	2082
2208	2081
2209	2081
2209	2080
2211	2080
2211	2079
2213	2079
2213	2078
2216	2078
2216	2077
2218	2077
2218	2076
2221	2076
2221	2075
2227	2075
2227	2074
2231	2074
2231	2073
2232	2073
2232	2074
2236	2074
2236	2073
2240	2073
2240	2074
2241	2074
2241	2073
2248	2073
2248	2071
2255	2071
2255	2070
2258	2070
2258	2071
2259	2071
2259	2072
2266	2072
2266	2071
2267	2071
2267	2070
2270	2070
2270	2071
2271	2071
2271	2070
2274	2070
2274	2071
2284	2071
2284	2072
2290	2072
2290	2071
2291	2071
2291	2070
2293	2070
2293	2071
2294	2071
2294	2070
2295	2070
2295	2071
2298	2071
2298	2070
2299	2070
2299	2069
2302	2069
2302	2068
2304	2068
2304	2067
2305	2067
2305	2066
2306	2066
2306	2065
2307	2065
2307	2066
2309	2066
2309	2065
2314	2065
2314	2064
2317	2064
2317	2063
2318	2063
2318	2064
2321	2064
2321	2063
2323	2063
2323	2064
2324	2064
2324	2063
2325	2063
2325	2062
2328	2062
2328	2061
2331	2061
2331	2060
2333	2060
2333	2059
2335	2059
2335	2058
2336	2058
2336	2059
2338	2059
2338	2058
2344	2058
2344	2057
2345	2057
2345	2055
2348	2055
2348	2054
2351	2054
2351	2053
2354	2053
2354	2054
2364	2054
2364	2053
2365	2053
2365	2052
2366	2052
2366	2051
2368	2051
2368	2050
2371	2050
2371	2049
2372	2049
2372	2050
2373	2050
2373	2051
2374	2051
2374	2050
2375	2050
2375	2049
2376	2049
2376	2050
2380	2050
2380	2049
2383	2049
2383	2048
2384	2048
2384	2047
2385	2047
2385	2048
2386	2048
2386	2047
2387	2047
2387	2046
2388	2046
2388	2045
2393	2045
2393	2046
2394	2046
2394	2043
2397	2043
2397	2042
2398	2042
2398	2041
2401	2041
2401	2039
2403	2039
2403	2040
2405	2040
2405	2039
2407	2039
2407	2038
2409	2038
2409	2037
2413	2037
2413	2036
2415	2036
2415	2035
2418	2035
2418	2034
2422	2034
2422	2033
2424	2033
2424	2032
2425	2032
2425	2031
2428	2031
2428	2030
2433	2030
2433	2029
2442	2029
2442	2028
2449	2028
2449	2027
2455	2027
2455	2026
2457	2026
2457	2024
2458	2024
2458	2025
2459	2025
2459	2022
2460	2022
2460	2021
2459	2021
2459	2018
2460	2018
2460	2013
2462	2013
2462	2011
2463	2011
2463	2009
2464	2009
2464	2005
2465	2005
2465	2004
2467	2004
2467	2003
2469	2003
2469	2002
2470	2002
2470	2001
2472	2001
2472	2000
2473	2000
2473	1999
2476	1999
2476	1998
2478	1998
2478	1997
2480	1997
2480	1996
2483	1996
2483	1995
2484	1995
2484	1994
2485	1994
2485	1993
2486	1993
2486	1992
2488	1992
2488	1991
2492	1991
2492	1990
2496	1990
2496	1988
2498	1988
2498	1986
2499	1986
2499	1985
2501	1985
2501	1983
2502	1983
2502	1982
2503	1982
2503	1981
2505	1981
2505	1980
2506	1980
2506	1979
2507	1979
2507	1980
2510	1980
2510	1979
2512	1979
2512	1978
2515	1978
2515	1977
2518	1977
2518	1976
2522	1976
2522	1975
2524	1975
2524	1974
2528	1974
2528	1973
2530	1973
2530	1972
2534	1972
2534	1971
2536	1971
2536	1970
2540	1970
2540	1969
2543	1969
2543	1968
2545	1968
2545	1967
2546	1967
2546	1965
2547	1965
2547	1964
2549	1964
2549	1963
2551	1963
2551	1962
2552	1962
2552	1961
2553	1961
2553	1960
2555	1960
2555	1958
2556	1958
2556	1957
2554	1957
2554	1954
2555	1954
2555	1953
2556	1953
2556	1952
2557	1952
2557	1951
2558	1951
2558	1949
2560	1949
2560	1948
2561	1948
2561	1947
2562	1947
2562	1946
2564	1946
2564	1944
2566	1944
2566	1943
2567	1943
2567	1940
2568	1940
2568	1939
2570	1939
2570	1938
2571	1938
2571	1936
2574	1936
2574	1935
2576	1935
2576	1934
2577	1934
2577	1933
2579	1933
2579	1932
2581	1932
2581	1931
2582	1931
2582	1930
2584	1930
2584	1929
2585	1929
2585	1928
2586	1928
2586	1926
2592	1926
2592	1925
2593	1925
2593	1924
2596	1924
2596	1925
2598	1925
2598	1924
2600	1924
2600	1925
2602	1925
2602	1926
2603	1926
2603	1927
2604	1927
2604	1929
2606	1929
2606	1930
2607	1930
2607	1931
2608	1931
2608	1932
2609	1932
2609	1933
2610	1933
2610	1934
2611	1934
2611	1935
2612	1935
2612	1936
2613	1936
2613	1937
2614	1937
2614	1938
2616	1938
2616	1939
2617	1939
2617	1940
2618	1940
2618	1941
2619	1941
2619	1943
2620	1943
2620	1944
2621	1944
2621	1945
2622	1945
2622	1947
2623	1947
2623	1948
2624	1948
2624	1949
2625	1949
2625	1950
2627	1950
2627	1951
2628	1951
2628	1953
2629	1953
2629	1954
2631	1954
2631	1956
2634	1956
2634	1957
2638	1957
2638	1958
2642	1958
2642	1959
2648	1959
2648	1960
2650	1960
2650	1961
2652	1961
2652	1962
2653	1962
2653	1963
2656	1963
2656	1964
2658	1964
2658	1965
2659	1965
2659	1966
2662	1966
2662	1965
2665	1965
2665	1966
2667	1966
2667	1965
2669	1965
2669	1966
2670	1966
2670	1965
2676	1965
2676	1964
2683	1964
2683	1963
2684	1963
2684	1962
2687	1962
2687	1961
2688	1961
2688	1960
2689	1960
2689	1959
2691	1959
2691	1958
2692	1958
2692	1957
2693	1957
2693	1955
2695	1955
2695	1954
2696	1954
2696	1953
2698	1953
2698	1952
2700	1952
2700	1951
2701	1951
2701	1950
2702	1950
2702	1949
2704	1949
2704	1948
2706	1948
2706	1946
2707	1946
2707	1931
2708	1931
2708	1918
2709	1918
2709	1916
2708	1916
2708	1915
2707	1915
2707	1913
2710	1913
2710	1914
2711	1914
2711	1913
2712	1913
2712	1912
2713	1912
2713	1911
2714	1911
2714	1910
2716	1910
2716	1909
2720	1909
2720	1908
2725	1908
2725	1907
2726	1907
2726	1908
2727	1908
2727	1907
2729	1907
2729	1908
2737	1908
2737	1909
2739	1909
2739	1910
2742	1910
2742	1911
2745	1911
2745	1912
2749	1912
2749	1913
2752	1913
2752	1914
2753	1914
2753	1913
2754	1913
2754	1914
2758	1914
2758	1915
2761	1915
2761	1916
2766	1916
2766	1917
2767	1917
2767	1916
2770	1916
2770	1915
2771	1915
2771	1916
2772	1916
2772	1915
2787	1915
2787	1916
2788	1916
2788	1914
2790	1914
2790	1913
2791	1913
2791	1912
2793	1912
2793	1910
2794	1910
2794	1906
2797	1906
2797	1905
2798	1905
2798	1904
2801	1904
2801	1903
2804	1903
2804	1902
2807	1902
2807	1901
2810	1901
2810	1900
2816	1900
2816	1899
2821	1899
2821	1898
2825	1898
2825	1896
2833	1896
2833	1898
2841	1898
2841	1899
2845	1899
