586	408
587	408
587	416
588	416
588	418
587	418
587	419
588	419
588	425
589	425
589	428
588	428
588	430
589	430
589	431
590	431
590	432
596	432
596	433
597	433
597	432
598	432
598	433
599	433
599	432
601	432
601	433
605	433
605	434
608	434
608	435
611	435
611	436
612	436
612	435
613	435
613	436
618	436
618	437
619	437
619	436
620	436
620	437
622	437
622	438
623	438
623	439
624	439
624	440
628	440
628	441
632	441
632	442
634	442
634	444
635	444
635	445
636	445
636	446
637	446
637	447
640	447
640	448
645	448
645	449
649	449
649	450
650	450
650	452
651	452
651	453
652	453
652	454
655	454
655	455
656	455
656	454
657	454
657	455
659	455
659	456
664	456
664	457
667	457
667	458
671	458
671	459
673	459
673	465
674	465
674	466
681	466
681	464
682	464
682	463
683	463
683	462
684	462
684	461
685	461
685	459
686	459
686	458
687	458
687	457
688	457
688	456
689	456
689	454
690	454
690	453
691	453
691	452
692	452
692	449
693	449
693	447
694	447
694	444
695	444
695	442
696	442
696	440
697	440
697	439
699	439
699	438
701	438
701	437
704	437
704	438
705	438
705	439
706	439
706	441
707	441
707	444
709	444
709	445
710	445
710	446
713	446
713	447
715	447
715	448
718	448
718	449
723	449
723	450
726	450
726	451
727	451
727	452
729	452
729	453
731	453
731	454
732	454
732	455
736	455
736	457
737	457
737	458
739	458
739	459
748	459
748	460
751	460
751	461
753	461
753	463
754	463
754	464
756	464
756	465
759	465
759	466
760	466
760	467
765	467
765	468
769	468
769	469
773	469
773	470
774	470
774	471
776	471
776	472
777	472
777	473
778	473
778	474
779	474
779	475
780	475
780	476
781	476
781	477
782	477
782	478
784	478
784	479
785	479
785	480
786	480
786	482
787	482
787	485
788	485
788	489
789	489
789	491
790	491
790	492
791	492
791	493
792	493
792	495
793	495
793	497
794	497
794	498
796	498
796	499
797	499
797	501
798	501
798	502
799	502
799	503
800	503
800	504
802	504
802	505
805	505
805	506
807	506
807	507
809	507
809	508
811	508
811	509
813	509
813	510
815	510
815	511
816	511
816	512
819	512
819	513
820	513
820	514
823	514
823	515
825	515
825	516
826	516
826	517
828	517
828	518
831	518
831	519
833	519
833	520
835	520
835	521
837	521
837	522
846	522
846	523
847	523
847	522
848	522
848	523
853	523
853	524
857	524
857	525
859	525
859	526
860	526
860	527
862	527
862	529
864	529
864	530
866	530
866	531
870	531
870	532
877	532
877	533
880	533
880	534
888	534
888	535
890	535
890	536
895	536
895	537
897	537
897	538
901	538
901	535
902	535
902	532
903	532
903	528
904	528
904	524
905	524
905	519
906	519
906	518
905	518
905	517
906	517
906	513
907	513
907	506
906	506
906	505
907	505
907	501
908	501
908	500
909	500
909	499
911	499
911	497
912	497
912	495
913	495
913	491
914	491
914	489
915	489
915	487
916	487
916	485
917	485
917	483
918	483
918	482
919	482
919	481
920	481
920	479
922	479
922	478
923	478
923	476
924	476
924	475
926	475
926	474
927	474
927	473
928	473
928	472
929	472
929	471
930	471
930	470
931	470
931	471
933	471
933	470
934	470
934	468
935	468
935	463
934	463
934	453
935	453
935	441
936	441
936	433
935	433
935	430
936	430
936	429
935	429
935	428
936	428
936	427
935	427
935	422
934	422
934	420
935	420
935	419
934	419
934	418
935	418
935	413
936	413
936	412
937	412
937	410
936	410
936	405
937	405
937	402
938	402
938	398
940	398
940	396
941	396
941	395
942	395
942	393
943	393
943	392
944	392
944	390
946	390
946	389
951	389
951	390
954	390
954	391
957	391
957	392
959	392
959	393
961	393
961	394
970	394
970	395
974	395
974	396
975	396
975	397
976	397
976	398
978	398
978	399
981	399
981	400
994	400
994	399
1001	399
1001	400
1002	400
1002	399
1008	399
1008	398
1023	398
1023	399
1025	399
1025	398
1026	398
1026	399
1030	399
1030	398
1031	398
1031	399
1034	399
1034	400
1036	400
1036	401
1037	401
1037	402
1039	402
1039	403
1040	403
1040	404
1041	404
1041	405
1043	405
1043	406
1044	406
1044	407
1046	407
1046	408
1047	408
1047	410
1048	410
1048	411
1050	411
1050	412
1053	412
1053	413
1054	413
1054	414
1056	414
1056	415
1058	415
1058	416
1060	416
1060	417
1063	417
1063	418
1064	418
1064	419
1067	419
1067	420
1068	420
1068	421
1071	421
1071	422
1074	422
1074	423
1077	423
1077	422
1084	422
1084	421
1092	421
1092	420
1097	420
1097	421
1099	421
1099	422
1101	422
1101	423
1103	423
1103	424
1105	424
1105	425
1107	425
1107	424
1108	424
1108	425
1111	425
1111	426
1114	426
1114	427
1115	427
1115	428
1117	428
1117	429
1119	429
1119	431
1120	431
1120	432
1122	432
1122	433
1123	433
1123	434
1127	434
1127	435
1132	435
1132	436
1135	436
1135	437
1136	437
1136	438
1147	438
1147	439
1152	439
1152	438
1153	438
1153	439
1155	439
1155	438
1159	438
1159	437
1161	437
1161	436
1163	436
1163	435
1165	435
1165	434
1167	434
1167	433
1168	433
1168	432
1169	432
1169	431
1170	431
1170	430
1171	430
1171	429
1176	429
1176	428
1181	428
1181	427
1183	427
1183	426
1186	426
1186	425
1189	425
1189	426
1190	426
1190	425
1196	425
1196	424
1215	424
1215	425
1216	425
1216	426
1232	426
1232	425
1235	425
1235	426
1236	426
1236	425
1239	425
1239	424
1242	424
1242	425
1243	425
1243	424
1244	424
1244	425
1245	425
1245	424
1249	424
1249	423
1250	423
1250	422
1252	422
1252	423
1254	423
1254	424
1257	424
1257	425
1258	425
1258	427
1261	427
1261	428
1262	428
1262	429
1263	429
1263	430
1264	430
1264	431
1266	431
1266	432
1267	432
1267	433
1268	433
1268	434
1270	434
1270	435
1271	435
1271	436
1273	436
1273	437
1274	437
1274	438
1276	438
1276	439
1279	439
1279	440
1281	440
1281	441
1283	441
1283	442
1285	442
1285	443
1288	443
1288	444
1300	444
1300	445
1301	445
1301	446
1304	446
1304	447
1310	447
1310	446
1311	446
1311	447
1312	447
1312	446
1320	446
1320	447
1324	447
1324	448
1327	448
1327	449
1335	449
1335	450
1346	450
1346	451
1357	451
1357	452
1358	452
1358	451
1359	451
1359	452
1364	452
1364	453
1366	453
1366	452
1375	452
1375	453
1402	453
1402	454
1403	454
1403	453
1410	453
1410	455
1409	455
1409	462
1408	462
1408	465
1407	465
1407	467
1408	467
1408	500
1407	500
1407	508
1406	508
1406	530
1407	530
1407	537
1408	537
1408	538
1407	538
1407	563
1408	563
1408	564
1407	564
1407	572
1406	572
1406	578
1405	578
1405	605
1406	605
1406	606
1405	606
1405	607
1406	607
1406	609
1405	609
1405	610
1406	610
1406	620
1405	620
1405	626
1404	626
1404	627
1405	627
1405	630
1404	630
1404	636
1403	636
1403	641
1405	641
1405	642
1406	642
1406	643
1407	643
1407	642
1408	642
1408	641
1409	641
1409	637
1410	637
1410	619
1411	619
1411	618
1410	618
1410	617
1411	617
1411	603
1410	603
1410	589
1409	589
1409	588
1410	588
1410	580
1411	580
1411	573
1412	573
1412	564
1413	564
1413	560
1412	560
1412	547
1413	547
1413	546
1412	546
1412	545
1413	545
1413	544
1412	544
1412	543
1413	543
1413	540
1412	540
1412	539
1413	539
1413	538
1412	538
1412	523
1411	523
1411	522
1412	522
1412	520
1411	520
1411	516
1412	516
1412	515
1411	515
1411	513
1412	513
1412	512
1411	512
1411	511
1412	511
1412	508
1411	508
1411	507
1412	507
1412	502
1413	502
1413	497
1414	497
1414	495
1413	495
1413	494
1414	494
1414	493
1413	493
1413	491
1414	491
1414	486
1413	486
1413	477
1414	477
1414	476
1413	476
1413	473
1414	473
1414	472
1413	472
1413	467
1414	467
1414	465
1413	465
1413	464
1414	464
1414	461
1415	461
1415	457
1416	457
1416	454
1417	454
1417	453
1418	453
1418	452
1420	452
1420	451
1426	451
1426	450
1427	450
1427	449
1426	449
1426	448
1425	448
1425	447
1424	447
1424	448
1420	448
1420	447
1416	447
1416	446
1415	446
1415	445
1413	445
1413	446
1411	446
1411	447
1410	447
1410	448
1409	448
1409	447
1391	447
1391	448
1388	448
1388	447
1387	447
1387	448
1386	448
1386	447
1385	447
1385	448
1379	448
1379	447
1378	447
1378	448
1377	448
1377	447
1372	447
1372	446
1356	446
1356	445
1344	445
1344	444
1340	444
1340	443
1339	443
1339	444
1331	444
1331	443
1328	443
1328	442
1322	442
1322	441
1315	441
1315	440
1309	440
1309	441
1304	441
1304	440
1301	440
1301	439
1298	439
1298	438
1295	438
1295	437
1293	437
1293	438
1291	438
1291	437
1290	437
1290	438
1289	438
1289	437
1287	437
1287	436
1285	436
1285	435
1283	435
1283	434
1279	434
1279	433
1278	433
1278	432
1275	432
1275	430
1273	430
1273	429
1271	429
1271	427
1269	427
1269	426
1267	426
1267	424
1266	424
1266	423
1264	423
1264	422
1262	422
1262	421
1261	421
1261	419
1259	419
1259	418
1258	418
1258	417
1257	417
1257	416
1254	416
1254	415
1252	415
1252	416
1248	416
1248	417
1245	417
1245	418
1240	418
1240	417
1239	417
1239	418
1238	418
1238	419
1234	419
1234	418
1232	418
1232	419
1222	419
1222	420
1220	420
1220	419
1216	419
1216	418
1211	418
1211	417
1210	417
1210	418
1209	418
1209	417
1206	417
1206	418
1195	418
1195	417
1194	417
1194	418
1189	418
1189	419
1184	419
1184	420
1181	420
1181	421
1178	421
1178	422
1174	422
1174	423
1171	423
1171	424
1169	424
1169	425
1168	425
1168	426
1167	426
1167	427
1165	427
1165	428
1164	428
1164	429
1162	429
1162	430
1161	430
1161	431
1158	431
1158	432
1157	432
1157	431
1156	431
1156	432
1155	432
1155	433
1154	433
1154	432
1153	432
1153	433
1149	433
1149	432
1143	432
1143	431
1133	431
1133	430
1130	430
1130	429
1129	429
1129	428
1125	428
1125	427
1123	427
1123	425
1122	425
1122	424
1120	424
1120	423
1118	423
1118	422
1115	422
1115	421
1113	421
1113	420
1112	420
1112	419
1111	419
1111	418
1105	418
1105	417
1101	417
1101	416
1099	416
1099	415
1096	415
1096	414
1094	414
1094	413
1089	413
1089	414
1086	414
1086	415
1085	415
1085	414
1083	414
1083	415
1076	415
1076	416
1075	416
1075	415
1074	415
1074	416
1072	416
1072	415
1069	415
1069	414
1067	414
1067	413
1065	413
1065	412
1062	412
1062	411
1061	411
1061	410
1058	410
1058	409
1057	409
1057	408
1055	408
1055	407
1053	407
1053	406
1052	406
1052	405
1050	405
1050	404
1049	404
1049	403
1048	403
1048	402
1047	402
1047	401
1046	401
1046	400
1045	400
1045	399
1044	399
1044	398
1043	398
1043	397
1040	397
1040	396
1038	396
1038	395
1035	395
1035	394
1033	394
1033	393
1032	393
1032	392
1027	392
1027	391
1023	391
1023	392
1016	392
1016	391
1010	391
1010	392
1008	392
1008	393
1004	393
1004	394
1002	394
1002	393
996	393
996	392
991	392
991	393
979	393
979	392
978	392
978	391
976	391
976	390
973	390
973	389
970	389
970	388
962	388
962	387
961	387
961	386
958	386
958	385
956	385
956	384
950	384
950	383
944	383
944	384
943	384
943	385
941	385
941	387
940	387
940	389
939	389
939	390
938	390
938	391
937	391
937	393
936	393
936	394
935	394
935	396
934	396
934	399
933	399
933	406
932	406
932	411
931	411
931	428
932	428
932	429
931	429
931	453
927	453
927	454
926	454
926	457
927	457
927	460
928	460
928	464
927	464
927	466
926	466
926	468
924	468
924	469
923	469
923	470
922	470
922	471
921	471
921	472
920	472
920	473
919	473
919	474
918	474
918	475
917	475
917	476
916	476
916	477
915	477
915	479
914	479
914	480
913	480
913	481
912	481
912	484
911	484
911	485
910	485
910	486
909	486
909	490
908	490
908	493
907	493
907	495
906	495
906	496
905	496
905	497
904	497
904	499
903	499
903	502
902	502
902	506
903	506
903	507
902	507
902	513
901	513
901	520
900	520
900	525
899	525
899	528
898	528
898	530
896	530
896	531
894	531
894	530
890	530
890	529
889	529
889	528
883	528
883	527
880	527
880	528
879	528
879	527
878	527
878	528
877	528
877	527
872	527
872	526
868	526
868	525
865	525
865	524
864	524
864	523
862	523
862	522
860	522
860	521
858	521
858	520
857	520
857	519
854	519
854	518
853	518
853	517
847	517
847	516
837	516
837	515
834	515
834	514
833	514
833	513
830	513
830	512
829	512
829	511
826	511
826	510
824	510
824	509
822	509
822	508
820	508
820	507
818	507
818	506
817	506
817	505
815	505
815	504
812	504
812	503
810	503
810	502
808	502
808	501
807	501
807	500
806	500
806	499
804	499
804	498
802	498
802	496
800	496
800	494
799	494
799	493
798	493
798	492
797	492
797	490
796	490
796	489
795	489
795	487
794	487
794	483
793	483
793	480
792	480
792	479
791	479
791	477
790	477
790	476
789	476
789	475
788	475
788	474
787	474
787	473
786	473
786	472
784	472
784	471
783	471
783	470
782	470
782	469
781	469
781	468
780	468
780	467
779	467
779	466
777	466
777	463
774	463
774	462
769	462
769	460
761	460
761	459
759	459
759	458
756	458
756	456
753	456
753	455
752	455
752	454
751	454
751	453
744	453
744	452
739	452
739	451
737	451
737	450
736	450
736	449
735	449
735	448
732	448
732	447
731	447
731	446
728	446
728	445
726	445
726	444
724	444
724	443
722	443
722	442
719	442
719	441
718	441
718	442
716	442
716	441
715	441
715	440
714	440
714	439
712	439
712	438
711	438
711	437
710	437
710	435
709	435
709	434
708	434
708	432
707	432
707	431
703	431
703	430
701	430
701	432
698	432
698	433
697	433
697	434
695	434
695	435
694	435
694	437
693	437
693	438
692	438
692	440
691	440
691	442
690	442
690	444
689	444
689	447
688	447
688	448
687	448
687	450
686	450
686	452
685	452
685	453
683	453
683	455
682	455
682	456
681	456
681	457
680	457
680	458
679	458
679	459
677	459
677	457
676	457
676	455
675	455
675	454
674	454
674	452
669	452
669	451
666	451
666	450
664	450
664	449
663	449
663	450
662	450
662	449
657	449
657	450
656	450
656	449
653	449
653	447
652	447
652	446
651	446
651	444
650	444
650	443
649	443
649	442
640	442
640	441
638	441
638	440
636	440
636	439
635	439
635	438
634	438
634	437
633	437
633	436
630	436
630	435
628	435
628	434
624	434
624	433
623	433
623	432
621	432
621	431
619	431
619	430
617	430
617	429
616	429
616	430
615	430
615	429
611	429
611	430
610	430
610	429
609	429
609	428
606	428
606	427
605	427
605	426
598	426
598	425
593	425
593	423
592	423
592	409
591	409
591	403
590	403
590	392
589	392
589	391
590	391
590	388
589	388
589	379
590	379
590	373
589	373
589	372
587	372
587	371
585	371
585	370
584	370
584	369
583	369
583	368
582	368
582	367
581	367
581	366
575	366
575	364
576	364
576	361
577	361
577	359
574	359
574	360
573	360
573	361
572	361
572	362
571	362
571	364
568	364
568	363
566	363
566	362
565	362
565	363
564	363
564	362
562	362
562	360
561	360
561	358
560	358
560	355
559	355
559	353
558	353
558	351
557	351
557	350
556	350
556	348
555	348
555	347
554	347
554	346
553	346
553	345
552	345
552	344
551	344
551	343
552	343
552	340
551	340
551	339
550	339
550	338
549	338
549	336
548	336
548	334
547	334
547	333
546	333
546	331
545	331
545	330
544	330
544	329
543	329
543	328
542	328
542	327
541	327
541	326
540	326
540	325
539	325
539	324
538	324
538	323
537	323
537	322
536	322
536	320
535	320
535	319
534	319
534	317
533	317
533	315
531	315
531	314
530	314
530	313
529	313
529	312
528	312
528	311
527	311
527	310
525	310
525	309
524	309
524	308
523	308
523	307
522	307
522	306
521	306
521	305
519	305
519	304
518	304
518	303
517	303
517	302
515	302
515	301
514	301
514	300
513	300
513	299
510	299
510	297
508	297
508	296
507	296
507	295
505	295
505	294
504	294
504	292
495	292
495	289
494	289
494	281
493	281
493	266
492	266
492	259
491	259
491	257
490	257
490	255
489	255
489	253
488	253
488	252
487	252
487	251
486	251
486	249
485	249
485	248
484	248
484	246
483	246
483	245
482	245
482	243
481	243
481	240
480	240
480	238
479	238
479	235
478	235
478	233
477	233
477	231
476	231
476	230
475	230
475	226
474	226
474	224
473	224
473	222
472	222
472	211
471	211
471	207
470	207
470	205
469	205
469	204
468	204
468	202
467	202
467	201
466	201
466	198
465	198
465	196
464	196
464	194
463	194
463	192
462	192
462	190
461	190
461	187
460	187
460	185
459	185
459	184
458	184
458	183
457	183
457	182
454	182
454	181
448	181
448	180
447	180
447	181
446	181
446	180
444	180
444	179
442	179
442	177
441	177
441	176
440	176
440	175
439	175
439	174
438	174
438	172
437	172
437	170
436	170
436	169
435	169
435	167
434	167
434	165
432	165
432	163
431	163
431	162
430	162
430	161
429	161
429	160
428	160
428	159
427	159
427	157
426	157
426	156
424	156
424	154
423	154
423	153
422	153
422	152
421	152
421	151
420	151
420	150
419	150
419	148
418	148
418	147
417	147
417	146
416	146
416	145
415	145
415	144
414	144
414	143
413	143
413	142
412	142
412	141
411	141
411	140
410	140
410	139
407	139
407	138
405	138
405	137
404	137
404	136
400	136
400	135
399	135
399	134
397	134
397	133
395	133
395	132
393	132
393	131
392	131
392	130
391	130
391	129
389	129
389	128
387	128
387	127
384	127
384	126
378	126
378	125
375	125
375	124
374	124
374	123
365	123
365	122
364	122
364	123
362	123
362	122
359	122
359	121
358	121
358	120
353	120
353	119
352	119
352	118
350	118
350	117
348	117
348	116
346	116
346	115
328	115
328	114
327	114
327	115
325	115
325	114
323	114
323	113
321	113
321	112
320	112
320	111
319	111
319	110
318	110
318	109
316	109
316	108
315	108
315	107
313	107
313	106
309	106
309	105
307	105
307	104
306	104
306	103
303	103
303	102
300	102
300	101
298	101
298	102
295	102
295	103
294	103
294	104
292	104
292	106
291	106
291	107
290	107
290	108
289	108
289	109
288	109
288	110
287	110
287	111
286	111
286	113
285	113
285	114
284	114
284	117
283	117
283	118
282	118
282	121
281	121
281	123
280	123
280	125
279	125
279	129
278	129
278	130
277	130
277	131
276	131
276	132
275	132
275	131
274	131
274	132
273	132
273	133
272	133
272	136
274	136
274	137
277	137
277	139
276	139
276	140
275	140
275	141
274	141
274	142
273	142
273	144
271	144
271	145
270	145
270	146
269	146
269	147
268	147
268	149
267	149
267	150
266	150
266	151
265	151
265	153
264	153
264	154
263	154
263	157
262	157
262	159
260	159
260	161
259	161
259	162
258	162
258	163
256	163
256	165
255	165
255	166
253	166
253	168
251	168
251	170
250	170
250	171
249	171
249	172
248	172
248	175
247	175
247	177
246	177
246	180
245	180
245	184
244	184
244	186
243	186
243	187
244	187
244	189
242	189
242	190
244	190
244	191
243	191
243	194
242	194
242	195
243	195
243	198
242	198
242	199
243	199
243	204
242	204
242	206
241	206
241	208
240	208
240	210
228	210
228	209
227	209
227	208
226	208
226	207
220	207
220	206
207	206
207	205
205	205
205	204
204	204
204	203
202	203
202	202
201	202
201	200
199	200
199	199
198	199
198	198
197	198
197	197
196	197
196	196
195	196
195	195
194	195
194	194
182	194
182	193
181	193
181	194
180	194
180	193
176	193
176	192
175	192
175	190
174	190
174	189
173	189
173	188
172	188
172	187
171	187
171	186
170	186
170	184
168	184
168	182
165	182
165	180
163	180
163	179
161	179
161	178
159	178
159	177
158	177
158	176
153	176
153	175
152	175
152	176
144	176
144	175
141	175
141	176
139	176
139	177
137	177
137	178
136	178
136	179
134	179
134	178
133	178
133	177
131	177
131	175
130	175
130	173
129	173
129	172
128	172
128	171
127	171
127	168
126	168
126	166
125	166
125	163
124	163
124	161
123	161
123	158
122	158
122	155
121	155
121	152
120	152
120	149
119	149
119	145
118	145
118	143
117	143
117	142
116	142
116	140
115	140
115	138
108	138
108	137
105	137
105	138
103	138
103	139
97	139
97	138
94	138
94	139
93	139
93	138
91	138
91	137
90	137
90	136
88	136
88	135
84	135
84	134
83	134
83	135
78	135
78	133
66	133
66	132
57	132
57	131
50	131
50	132
49	132
49	134
50	134
50	135
51	135
51	136
53	136
53	137
55	137
55	136
56	136
56	137
59	137
59	136
60	136
60	137
66	137
66	138
74	138
74	139
77	139
77	140
80	140
80	141
84	141
84	142
89	142
89	143
91	143
91	144
93	144
93	145
95	145
95	146
105	146
105	145
111	145
111	147
112	147
112	148
113	148
113	149
114	149
114	154
115	154
115	155
116	155
116	159
117	159
117	162
118	162
118	165
119	165
119	168
120	168
120	169
121	169
121	172
122	172
122	175
123	175
123	177
124	177
124	178
125	178
125	179
126	179
126	180
127	180
127	182
129	182
129	183
130	183
130	184
131	184
131	185
132	185
132	186
133	186
133	187
137	187
137	186
138	186
138	185
139	185
139	184
140	184
140	183
144	183
144	182
146	182
146	183
149	183
149	182
150	182
150	183
151	183
151	184
152	184
152	183
155	183
155	184
156	184
156	183
157	183
157	184
158	184
158	185
160	185
160	186
161	186
161	187
162	187
162	188
164	188
164	190
166	190
166	191
167	191
167	192
168	192
168	193
169	193
169	194
170	194
170	195
171	195
171	196
172	196
172	197
173	197
173	199
175	199
175	200
183	200
183	201
184	201
184	200
188	200
188	201
192	201
192	200
193	200
193	201
195	201
195	202
196	202
196	204
197	204
197	205
198	205
198	206
199	206
199	207
200	207
200	208
201	208
201	209
203	209
203	210
204	210
204	211
205	211
205	212
209	212
209	213
210	213
210	212
213	212
213	213
226	213
226	214
227	214
227	215
230	215
230	216
234	216
234	217
235	217
235	216
241	216
241	215
242	215
242	214
244	214
244	212
245	212
245	211
246	211
246	210
247	210
247	207
248	207
248	196
249	196
249	186
250	186
250	182
251	182
251	180
252	180
252	177
253	177
253	174
255	174
255	172
257	172
257	171
259	171
259	169
261	169
261	168
262	168
262	167
263	167
263	166
264	166
264	164
265	164
265	163
266	163
266	161
267	161
267	159
269	159
269	158
268	158
268	157
269	157
269	155
271	155
271	153
272	153
272	152
273	152
273	151
274	151
274	150
275	150
275	149
276	149
276	148
278	148
278	147
279	147
279	146
280	146
280	145
281	145
281	143
282	143
282	141
284	141
284	140
287	140
287	139
288	139
288	138
289	138
289	137
290	137
290	135
291	135
291	134
290	134
290	133
291	133
291	131
292	131
292	126
290	126
290	125
287	125
287	126
286	126
286	127
285	127
285	124
286	124
286	123
287	123
287	119
288	119
288	117
289	117
289	115
290	115
290	114
292	114
292	113
293	113
293	111
294	111
294	110
296	110
296	108
298	108
298	107
300	107
300	108
302	108
302	109
304	109
304	110
306	110
306	111
308	111
308	112
311	112
311	113
313	113
313	114
315	114
315	115
316	115
316	116
317	116
317	117
318	117
318	118
319	118
319	119
320	119
320	120
321	120
321	121
339	121
339	122
345	122
345	121
346	121
346	122
347	122
347	123
350	123
350	124
351	124
351	125
352	125
352	126
353	126
353	125
354	125
354	126
355	126
355	127
357	127
357	128
359	128
359	129
365	129
365	130
366	130
366	129
369	129
369	130
370	130
370	129
373	129
373	130
374	130
374	131
376	131
376	132
380	132
380	133
385	133
385	134
387	134
387	135
389	135
389	136
391	136
391	137
393	137
393	138
394	138
394	139
396	139
396	140
397	140
397	141
398	141
398	142
401	142
401	143
405	143
405	144
406	144
406	145
407	145
407	146
409	146
409	147
410	147
410	148
412	148
412	149
413	149
413	150
414	150
414	152
415	152
415	153
416	153
416	154
417	154
417	155
418	155
418	156
419	156
419	158
420	158
420	159
421	159
421	160
422	160
422	162
423	162
423	163
425	163
425	165
426	165
426	166
427	166
427	167
428	167
428	168
429	168
429	169
430	169
430	171
431	171
431	172
432	172
432	174
433	174
433	175
434	175
434	177
435	177
435	179
436	179
436	180
437	180
437	181
438	181
438	182
439	182
439	183
440	183
440	185
441	185
441	186
442	186
442	187
450	187
450	188
455	188
455	190
456	190
456	193
457	193
457	194
458	194
458	197
459	197
459	199
460	199
460	201
461	201
461	203
462	203
462	205
463	205
463	207
464	207
464	208
465	208
465	210
466	210
466	211
467	211
467	218
468	218
468	222
469	222
469	226
470	226
470	229
471	229
471	233
472	233
472	234
473	234
473	239
474	239
474	241
475	241
475	242
476	242
476	244
477	244
477	248
478	248
478	249
479	249
479	250
480	250
480	252
481	252
481	254
482	254
482	255
483	255
483	257
484	257
484	258
485	258
485	260
486	260
486	262
487	262
487	268
488	268
488	269
487	269
487	273
488	273
488	284
489	284
489	285
488	285
488	288
489	288
489	291
490	291
490	294
491	294
491	297
492	297
492	298
496	298
496	299
499	299
499	298
501	298
501	299
505	299
505	300
506	300
506	301
508	301
508	303
509	303
509	304
510	304
510	306
511	306
511	307
513	307
513	308
515	308
515	309
516	309
516	310
517	310
517	311
519	311
519	313
521	313
521	314
522	314
522	315
524	315
524	316
525	316
525	317
526	317
526	318
527	318
527	320
529	320
529	321
530	321
530	322
531	322
531	323
532	323
532	324
533	324
533	326
534	326
534	327
535	327
535	328
536	328
536	329
537	329
537	330
538	330
538	331
539	331
539	332
540	332
540	333
541	333
541	335
542	335
542	336
543	336
543	337
544	337
544	338
545	338
545	340
546	340
546	342
547	342
547	344
548	344
548	345
549	345
549	348
550	348
550	349
551	349
551	351
552	351
552	353
553	353
553	354
554	354
554	356
555	356
555	359
556	359
556	361
557	361
557	363
558	363
558	365
559	365
559	367
560	367
560	368
561	368
561	369
568	369
568	370
570	370
570	371
573	371
573	372
579	372
579	373
580	373
580	374
581	374
581	375
583	375
583	376
584	376
584	380
585	380
585	381
584	381
584	388
585	388
585	391
584	391
584	393
585	393
585	394
584	394
584	397
585	397
585	402
586	402
1512	661
1509	661
1509	662
1506	662
1506	663
1504	663
1504	662
1502	662
1502	663
1497	663
1497	664
1496	664
1496	663
1493	663
1493	664
1492	664
1492	663
1486	663
1486	662
1485	662
1485	663
1484	663
1484	662
1483	662
1483	661
1482	661
1482	660
1480	660
1480	659
1478	659
1478	658
1474	658
1474	657
1470	657
1470	656
1454	656
1454	657
1451	657
1451	656
1450	656
1450	657
1443	657
1443	658
1442	658
1442	657
1440	657
1440	656
1438	656
1438	655
1436	655
1436	654
1434	654
1434	653
1432	653
1432	652
1430	652
1430	651
1428	651
1428	650
1425	650
1425	649
1420	649
1420	648
1415	648
1415	647
1406	647
1406	648
1404	648
1404	649
1403	649
1403	652
1405	652
1405	653
1415	653
1415	652
1420	652
1420	653
1424	653
1424	654
1426	654
1426	655
1428	655
1428	656
1431	656
1431	657
1433	657
1433	658
1435	658
1435	659
1437	659
1437	660
1438	660
1438	661
1440	661
1440	662
1441	662
1441	663
1447	663
1447	662
1452	662
1452	661
1461	661
1461	660
1468	660
1468	661
1471	661
1471	662
1476	662
1476	663
1479	663
1479	664
1480	664
1480	665
1481	665
1481	671
1479	671
1479	672
1481	672
1481	673
1483	673
1483	671
1485	671
1485	670
1486	670
1486	668
1508	668
1508	667
1510	667
1510	666
1512	666
1512	665
1514	665
1514	664
1516	664
1516	663
1519	663
1519	662
1520	662
1520	661
1527	661
1527	660
1528	660
1528	661
1529	661
1529	660
1535	660
1535	659
1565	659
1565	660
1567	660
1567	661
1594	661
1594	662
1601	662
1601	661
1602	661
1602	662
1604	662
1604	661
1608	661
1608	662
1619	662
1619	663
1621	663
1621	662
1622	662
1622	663
1623	663
1623	662
1625	662
1625	663
1626	663
1626	662
1637	662
1637	661
1638	661
1638	662
1648	662
1648	661
1650	661
1650	659
1651	659
1651	658
1652	658
1652	656
1653	656
1653	655
1654	655
1654	654
1655	654
1655	653
1656	653
1656	651
1657	651
1657	649
1658	649
1658	644
1659	644
1659	643
1661	643
1661	642
1662	642
1662	640
1663	640
1663	639
1662	639
1662	637
1661	637
1661	636
1659	636
1659	635
1658	635
1658	636
1656	636
1656	643
1655	643
1655	645
1654	645
1654	648
1653	648
1653	650
1652	650
1652	652
1650	652
1650	653
1649	653
1649	654
1648	654
1648	655
1647	655
1647	656
1646	656
1646	657
1643	657
1643	656
1641	656
1641	657
1630	657
1630	658
1629	658
1629	657
1628	657
1628	658
1607	658
1607	657
1589	657
1589	656
1581	656
1581	657
1566	657
1566	656
1565	656
1565	655
1562	655
1562	654
1559	654
1559	655
1554	655
1554	654
1553	654
1553	655
1552	655
1552	654
1543	654
1543	655
1534	655
1534	656
1533	656
1533	655
1531	655
1531	656
1528	656
1528	657
1522	657
1522	658
1521	658
1521	657
1519	657
1519	658
1517	658
1517	659
1514	659
1514	660
1512	660
1720	591
1731	591
1731	590
1733	590
1733	589
1734	589
1734	590
1736	590
1736	589
1740	589
1740	588
1747	588
1747	587
1751	587
1751	588
1752	588
1752	586
1754	586
1754	585
1756	585
1756	584
1757	584
1757	583
1758	583
1758	581
1759	581
1759	580
1760	580
1760	579
1762	579
1762	578
1763	578
1763	577
1765	577
1765	576
1767	576
1767	575
1768	575
1768	574
1770	574
1770	572
1771	572
1771	570
1772	570
1772	568
1773	568
1773	564
1774	564
1774	562
1775	562
1775	559
1776	559
1776	556
1777	556
1777	550
1778	550
1778	548
1777	548
1777	547
1778	547
1778	542
1779	542
1779	540
1780	540
1780	538
1781	538
1781	536
1782	536
1782	533
1783	533
1783	531
1784	531
1784	529
1785	529
1785	527
1786	527
1786	525
1787	525
1787	524
1788	524
1788	523
1789	523
1789	522
1790	522
1790	520
1792	520
1792	519
1796	519
1796	518
1797	518
1797	517
1799	517
1799	516
1800	516
1800	515
1802	515
1802	514
1803	514
1803	513
1805	513
1805	512
1809	512
1809	511
1815	511
1815	512
1816	512
1816	511
1817	511
1817	512
1818	512
1818	511
1819	511
1819	512
1822	512
1822	511
1823	511
1823	512
1826	512
1826	513
1832	513
1832	514
1842	514
1842	515
1843	515
1843	516
1845	516
1845	517
1846	517
1846	518
1849	518
1849	519
1850	519
1850	520
1851	520
1851	521
1852	521
1852	522
1854	522
1854	523
1856	523
1856	524
1857	524
1857	525
1858	525
1858	526
1859	526
1859	527
1860	527
1860	528
1861	528
1861	530
1862	530
1862	531
1863	531
1863	532
1864	532
1864	533
1865	533
1865	534
1866	534
1866	535
1867	535
1867	536
1868	536
1868	537
1869	537
1869	538
1870	538
1870	539
1872	539
1872	541
1875	541
1875	542
1878	542
1878	541
1883	541
1883	540
1889	540
1889	539
1892	539
1892	538
1895	538
1895	537
1898	537
1898	536
1903	536
1903	535
1907	535
1907	534
1912	534
1912	533
1913	533
1913	532
1916	532
1916	531
1924	531
1924	530
1947	530
1947	529
1954	529
1954	528
1959	528
1959	527
1988	527
1988	528
1994	528
1994	529
1998	529
1998	530
2001	530
2001	531
2003	531
2003	532
2014	532
2014	533
2015	533
2015	532
2022	532
2022	533
2023	533
2023	532
2027	532
2027	533
2028	533
2028	532
2030	532
2030	533
2043	533
2043	532
2048	532
2048	533
2055	533
2055	534
2058	534
2058	535
2060	535
2060	534
2073	534
2073	533
2093	533
2093	532
2101	532
2101	533
2105	533
2105	532
2107	532
2107	530
2108	530
2108	526
2109	526
2109	520
2110	520
2110	518
2109	518
2109	515
2110	515
2110	500
2111	500
2111	493
2110	493
2110	492
2111	492
2111	491
2110	491
2110	485
2111	485
2111	479
2112	479
2112	476
2113	476
2113	475
2114	475
2114	473
2115	473
2115	471
2116	471
2116	470
2117	470
2117	468
2118	468
2118	467
2119	467
2119	466
2120	466
2120	465
2121	465
2121	464
2122	464
2122	463
2124	463
2124	461
2126	461
2126	460
2127	460
2127	459
2128	459
2128	458
2137	458
2137	459
2138	459
2138	460
2141	460
2141	461
2143	461
2143	462
2144	462
2144	463
2145	463
2145	464
2150	464
2150	465
2152	465
2152	466
2154	466
2154	467
2164	467
2164	468
2165	468
2165	467
2169	467
2169	466
2179	466
2179	465
2183	465
2183	464
2187	464
2187	463
2189	463
2189	462
2194	462
2194	461
2199	461
2199	460
2202	460
2202	461
2203	461
2203	460
2204	460
2204	459
2205	459
2205	458
2206	458
2206	456
2207	456
2207	454
2209	454
2209	452
2210	452
2210	451
2211	451
2211	450
2212	450
2212	448
2213	448
2213	445
2214	445
2214	436
2215	436
2215	432
2216	432
2216	429
2217	429
2217	428
2218	428
2218	424
2219	424
2219	422
2220	422
2220	420
2221	420
2221	419
2222	419
2222	417
2223	417
2223	415
2225	415
2225	413
2227	413
2227	412
2228	412
2228	411
2229	411
2229	409
2230	409
2230	408
2231	408
2231	401
2232	401
2232	399
2231	399
2231	393
2232	393
2232	390
2233	390
2233	386
2234	386
2234	383
2235	383
2235	380
2236	380
2236	374
2237	374
2237	368
2238	368
2238	352
2239	352
2239	351
2238	351
2238	350
2239	350
2239	347
2238	347
2238	342
2237	342
2237	341
2238	341
2238	337
2239	337
2239	333
2240	333
2240	332
2241	332
2241	330
2242	330
2242	328
2243	328
2243	327
2244	327
2244	325
2245	325
2245	322
2246	322
2246	319
2247	319
2247	318
2248	318
2248	317
2249	317
2249	316
2250	316
2250	315
2253	315
2253	314
2254	314
2254	313
2256	313
2256	312
2257	312
2257	310
2258	310
2258	309
2260	309
2260	308
2261	308
2261	307
2262	307
2262	305
2263	305
2263	303
2264	303
2264	301
2265	301
2265	299
2266	299
2266	298
2267	298
2267	297
2268	297
2268	296
2269	296
2269	295
2271	295
2271	293
2274	293
2274	292
2277	292
2277	291
2280	291
2280	290
2284	290
2284	289
2285	289
2285	288
2288	288
2288	287
2295	287
2295	286
2298	286
2298	287
2305	287
2305	286
2307	286
2307	285
2308	285
2308	284
2310	284
2310	283
2313	283
2313	282
2316	282
2316	281
2320	281
2320	280
2324	280
2324	279
2327	279
2327	278
2330	278
2330	277
2332	277
2332	276
2334	276
2334	275
2336	275
2336	274
2339	274
2339	273
2341	273
2341	272
2342	272
2342	273
2345	273
2345	274
2347	274
2347	275
2348	275
2348	276
2349	276
2349	277
2351	277
2351	279
2352	279
2352	281
2353	281
2353	282
2354	282
2354	283
2387	283
2387	282
2389	282
2389	281
2390	281
2390	279
2391	279
2391	278
2392	278
2392	276
2393	276
2393	275
2394	275
2394	274
2395	274
2395	272
2396	272
2396	271
2397	271
2397	269
2398	269
2398	267
2399	267
2399	265
2400	265
2400	264
2401	264
2401	263
2402	263
2402	261
2403	261
2403	259
2404	259
2404	258
2405	258
2405	256
2406	256
2406	255
2407	255
2407	254
2409	254
2409	253
2411	253
2411	252
2413	252
2413	251
2414	251
2414	250
2415	250
2415	249
2417	249
2417	248
2418	248
2418	247
2420	247
2420	246
2421	246
2421	245
2422	245
2422	244
2423	244
2423	243
2424	243
2424	242
2425	242
2425	241
2426	241
2426	240
2427	240
2427	239
2428	239
2428	238
2429	238
2429	237
2430	237
2430	236
2431	236
2431	234
2433	234
2433	233
2434	233
2434	232
2435	232
2435	231
2436	231
2436	230
2438	230
2438	229
2440	229
2440	228
2444	228
2444	227
2445	227
2445	226
2448	226
2448	225
2451	225
2451	224
2452	224
2452	223
2454	223
2454	222
2455	222
2455	221
2457	221
2457	220
2460	220
2460	219
2462	219
2462	218
2464	218
2464	217
2466	217
2466	216
2467	216
2467	215
2473	215
2473	216
2475	216
2475	215
2483	215
2483	214
2486	214
2486	213
2488	213
2488	212
2490	212
2490	211
2495	211
2495	210
2503	210
2503	209
2505	209
2505	208
2509	208
2509	207
2513	207
2513	206
2516	206
2516	205
2523	205
2523	204
2527	204
2527	203
2530	203
2530	204
2534	204
2534	203
2538	203
2538	202
2539	202
2539	201
2540	201
2540	200
2542	200
2542	199
2543	199
2543	198
2544	198
2544	195
2545	195
2545	194
2544	194
2544	191
2545	191
2545	190
2544	190
2544	185
2545	185
2545	180
2546	180
2546	179
2545	179
2545	178
2546	178
2546	172
2545	172
2545	169
2544	169
2544	168
2542	168
2542	167
2541	167
2541	168
2539	168
2539	171
2541	171
2541	175
2542	175
2542	177
2541	177
2541	184
2540	184
2540	192
2539	192
2539	195
2537	195
2537	196
2536	196
2536	197
2533	197
2533	198
2529	198
2529	199
2522	199
2522	200
2521	200
2521	199
2520	199
2520	201
2519	201
2519	200
2517	200
2517	201
2512	201
2512	202
2508	202
2508	203
2506	203
2506	204
2505	204
2505	203
2504	203
2504	204
2501	204
2501	205
2494	205
2494	206
2488	206
2488	207
2487	207
2487	208
2484	208
2484	209
2482	209
2482	210
2480	210
2480	209
2479	209
2479	210
2477	210
2477	211
2476	211
2476	210
2466	210
2466	211
2464	211
2464	212
2461	212
2461	213
2459	213
2459	214
2457	214
2457	215
2455	215
2455	216
2453	216
2453	217
2452	217
2452	218
2450	218
2450	219
2448	219
2448	220
2447	220
2447	221
2445	221
2445	222
2443	222
2443	223
2440	223
2440	224
2438	224
2438	225
2435	225
2435	226
2433	226
2433	227
2432	227
2432	228
2430	228
2430	229
2429	229
2429	231
2428	231
2428	232
2427	232
2427	233
2426	233
2426	234
2425	234
2425	235
2424	235
2424	236
2423	236
2423	237
2422	237
2422	238
2421	238
2421	240
2419	240
2419	241
2418	241
2418	243
2416	243
2416	244
2414	244
2414	245
2413	245
2413	246
2411	246
2411	247
2410	247
2410	248
2408	248
2408	249
2406	249
2406	250
2404	250
2404	252
2403	252
2403	253
2401	253
2401	255
2400	255
2400	256
2399	256
2399	258
2398	258
2398	260
2397	260
2397	262
2396	262
2396	263
2395	263
2395	265
2394	265
2394	266
2393	266
2393	267
2392	267
2392	269
2391	269
2391	270
2390	270
2390	271
2389	271
2389	273
2388	273
2388	274
2387	274
2387	276
2386	276
2386	277
2384	277
2384	278
2378	278
2378	277
2376	277
2376	278
2368	278
2368	277
2365	277
2365	278
2361	278
2361	277
2356	277
2356	276
2355	276
2355	274
2353	274
2353	272
2351	272
2351	271
2350	271
2350	270
2348	270
2348	269
2346	269
2346	268
2337	268
2337	269
2335	269
2335	270
2332	270
2332	271
2331	271
2331	272
2329	272
2329	273
2325	273
2325	274
2322	274
2322	275
2319	275
2319	276
2314	276
2314	277
2310	277
2310	278
2308	278
2308	279
2305	279
2305	280
2297	280
2297	281
2288	281
2288	282
2285	282
2285	283
2283	283
2283	284
2279	284
2279	285
2275	285
2275	286
2272	286
2272	287
2271	287
2271	288
2269	288
2269	289
2267	289
2267	291
2265	291
2265	292
2264	292
2264	293
2263	293
2263	294
2261	294
2261	296
2260	296
2260	297
2259	297
2259	298
2258	298
2258	301
2257	301
2257	302
2256	302
2256	304
2254	304
2254	305
2253	305
2253	306
2252	306
2252	307
2251	307
2251	308
2247	308
2247	309
2246	309
2246	311
2245	311
2245	312
2244	312
2244	314
2243	314
2243	315
2242	315
2242	318
2241	318
2241	320
2240	320
2240	323
2239	323
2239	325
2238	325
2238	326
2237	326
2237	328
2236	328
2236	329
2235	329
2235	332
2234	332
2234	337
2233	337
2233	341
2232	341
2232	342
2233	342
2233	368
2232	368
2232	373
2231	373
2231	374
2232	374
2232	376
2231	376
2231	380
2230	380
2230	383
2229	383
2229	386
2228	386
2228	389
2227	389
2227	392
2226	392
2226	400
2227	400
2227	403
2226	403
2226	406
2225	406
2225	407
2224	407
2224	408
2223	408
2223	410
2221	410
2221	411
2220	411
2220	412
2219	412
2219	414
2218	414
2218	416
2217	416
2217	417
2216	417
2216	419
2215	419
2215	422
2214	422
2214	424
2213	424
2213	427
2212	427
2212	428
2211	428
2211	433
2210	433
2210	439
2209	439
2209	444
2208	444
2208	447
2207	447
2207	448
2206	448
2206	450
2204	450
2204	451
2203	451
2203	452
2202	452
2202	453
2201	453
2201	455
2199	455
2199	456
2193	456
2193	457
2188	457
2188	458
2185	458
2185	459
2183	459
2183	460
2178	460
2178	461
2177	461
2177	460
2176	460
2176	461
2169	461
2169	462
2158	462
2158	461
2154	461
2154	460
2151	460
2151	459
2148	459
2148	458
2145	458
2145	457
2143	457
2143	456
2140	456
2140	454
2137	454
2137	453
2133	453
2133	452
2127	452
2127	453
2125	453
2125	454
2124	454
2124	455
2123	455
2123	456
2122	456
2122	457
2121	457
2121	458
2119	458
2119	459
2118	459
2118	460
2117	460
2117	461
2116	461
2116	462
2115	462
2115	463
2114	463
2114	465
2113	465
2113	466
2112	466
2112	467
2111	467
2111	469
2110	469
2110	471
2109	471
2109	474
2108	474
2108	475
2107	475
2107	477
2106	477
2106	478
2107	478
2107	479
2106	479
2106	484
2105	484
2105	486
2106	486
2106	487
2105	487
2105	491
2106	491
2106	492
2105	492
2105	493
2106	493
2106	510
2105	510
2105	519
2104	519
2104	525
2102	525
2102	527
2091	527
2091	528
2075	528
2075	529
2066	529
2066	530
2065	530
2065	529
2061	529
2061	530
2054	530
2054	529
2049	529
2049	528
2046	528
2046	527
2040	527
2040	526
2038	526
2038	527
2014	527
2014	528
2013	528
2013	527
2009	527
2009	528
2007	528
2007	527
2003	527
2003	526
2000	526
2000	525
1997	525
1997	524
1992	524
1992	523
1987	523
1987	522
1986	522
1986	523
1984	523
1984	522
1969	522
1969	521
1968	521
1968	522
1960	522
1960	523
1954	523
1954	524
1949	524
1949	525
1941	525
1941	526
1940	526
1940	525
1939	525
1939	526
1934	526
1934	525
1920	525
1920	526
1912	526
1912	527
1910	527
1910	528
1907	528
1907	529
1904	529
1904	530
1901	530
1901	531
1897	531
1897	532
1895	532
1895	533
1891	533
1891	534
1889	534
1889	535
1881	535
1881	534
1880	534
1880	535
1873	535
1873	534
1872	534
1872	533
1871	533
1871	532
1870	532
1870	530
1867	530
1867	529
1866	529
1866	526
1865	526
1865	525
1864	525
1864	524
1863	524
1863	523
1862	523
1862	521
1861	521
1861	520
1859	520
1859	519
1858	519
1858	518
1857	518
1857	517
1856	517
1856	516
1855	516
1855	515
1853	515
1853	514
1851	514
1851	513
1849	513
1849	512
1847	512
1847	511
1845	511
1845	510
1843	510
1843	509
1841	509
1841	508
1839	508
1839	507
1836	507
1836	506
1835	506
1835	507
1832	507
1832	506
1831	506
1831	507
1828	507
1828	506
1821	506
1821	505
1805	505
1805	506
1802	506
1802	507
1801	507
1801	508
1800	508
1800	509
1798	509
1798	510
1796	510
1796	511
1795	511
1795	512
1791	512
1791	513
1788	513
1788	514
1787	514
1787	515
1786	515
1786	516
1785	516
1785	519
1784	519
1784	520
1783	520
1783	522
1782	522
1782	523
1781	523
1781	525
1780	525
1780	526
1779	526
1779	529
1778	529
1778	530
1777	530
1777	534
1776	534
1776	536
1775	536
1775	538
1774	538
1774	543
1773	543
1773	550
1772	550
1772	551
1773	551
1773	553
1772	553
1772	555
1771	555
1771	558
1770	558
1770	561
1769	561
1769	564
1768	564
1768	566
1767	566
1767	568
1766	568
1766	570
1765	570
1765	571
1764	571
1764	572
1761	572
1761	573
1760	573
1760	574
1758	574
1758	576
1756	576
1756	577
1755	577
1755	578
1753	578
1753	579
1752	579
1752	580
1749	580
1749	581
1747	581
1747	582
1739	582
1739	583
1733	583
1733	584
1731	584
1731	585
1725	585
1725	584
1724	584
1724	586
1721	586
1721	585
1720	585
1720	584
1718	584
1718	583
1714	583
1714	581
1713	581
1713	579
1712	579
1712	577
1711	577
1711	575
1710	575
1710	573
1709	573
1709	568
1708	568
1708	562
1707	562
1707	559
1706	559
1706	557
1705	557
1705	556
1704	556
1704	555
1703	555
1703	552
1702	552
1702	550
1701	550
1701	546
1702	546
1702	542
1701	542
1701	541
1696	541
1696	542
1695	542
1695	543
1694	543
1694	544
1693	544
1693	545
1694	545
1694	554
1693	554
1693	555
1694	555
1694	556
1693	556
1693	565
1692	565
1692	566
1691	566
1691	567
1690	567
1690	568
1688	568
1688	570
1687	570
1687	572
1686	572
1686	574
1685	574
1685	575
1684	575
1684	576
1683	576
1683	577
1682	577
1682	578
1681	578
1681	579
1680	579
1680	580
1679	580
1679	581
1678	581
1678	582
1677	582
1677	584
1676	584
1676	587
1675	587
1675	599
1674	599
1674	601
1673	601
1673	604
1672	604
1672	610
1671	610
1671	611
1672	611
1672	610
1673	610
1673	607
1674	607
1674	606
1673	606
1673	605
1674	605
1674	604
1675	604
1675	607
1676	607
1676	609
1677	609
1677	612
1678	612
1678	615
1679	615
1679	621
1680	621
1680	625
1681	625
1681	629
1682	629
1682	631
1681	631
1681	635
1680	635
1680	636
1678	636
1678	637
1677	637
1677	639
1676	639
1676	640
1675	640
1675	642
1672	642
1672	643
1671	643
1671	644
1670	644
1670	643
1669	643
1669	644
1668	644
1668	645
1665	645
1665	642
1664	642
1664	643
1662	643
1662	646
1661	646
1661	649
1662	649
1662	651
1663	651
1663	652
1665	652
1665	651
1672	651
1672	650
1674	650
1674	649
1676	649
1676	648
1677	648
1677	647
1678	647
1678	646
1679	646
1679	645
1680	645
1680	644
1681	644
1681	642
1682	642
1682	641
1683	641
1683	640
1685	640
1685	639
1686	639
1686	637
1687	637
1687	632
1686	632
1686	625
1685	625
1685	620
1684	620
1684	615
1683	615
1683	613
1682	613
1682	609
1681	609
1681	607
1680	607
1680	601
1679	601
1679	598
1680	598
1680	597
1679	597
1679	596
1680	596
1680	594
1681	594
1681	593
1682	593
1682	592
1683	592
1683	591
1684	591
1684	589
1685	589
1685	588
1687	588
1687	587
1688	587
1688	586
1689	586
1689	584
1691	584
1691	581
1692	581
1692	577
1691	577
1691	576
1692	576
1692	575
1693	575
1693	573
1694	573
1694	572
1695	572
1695	571
1696	571
1696	569
1697	569
1697	565
1698	565
1698	561
1699	561
1699	556
1700	556
1700	559
1701	559
1701	562
1702	562
1702	566
1703	566
1703	568
1704	568
1704	570
1705	570
1705	573
1706	573
1706	574
1707	574
1707	577
1708	577
1708	581
1709	581
1709	583
1710	583
1710	588
1712	588
1712	589
1714	589
1714	590
1717	590
1717	589
1719	589
1719	590
1720	590
