129	208
130	208
130	210
131	210
131	214
132	214
132	217
133	217
133	223
134	223
134	227
135	227
135	232
136	232
136	233
137	233
137	235
138	235
138	239
146	239
146	240
149	240
149	242
151	242
151	246
145	246
145	244
140	244
140	245
139	245
139	244
136	244
136	242
135	242
135	237
134	237
134	236
133	236
133	230
132	230
132	226
131	226
131	222
130	222
130	215
129	215
129	214
128	214
128	211
127	211
127	208
126	208
126	205
125	205
125	202
124	202
124	199
123	199
123	197
122	197
122	195
121	195
121	193
120	193
120	192
119	192
119	191
117	191
117	189
116	189
116	188
114	188
114	187
113	187
113	185
109	185
109	184
104	184
104	183
103	183
103	182
102	182
102	174
101	174
101	171
100	171
100	169
99	169
99	165
98	165
98	162
99	162
99	161
98	161
98	159
97	159
97	156
96	156
96	155
92	155
92	154
90	154
90	153
84	153
84	152
83	152
83	153
82	153
82	151
80	151
80	146
79	146
79	144
78	144
78	142
77	142
77	140
76	140
76	139
75	139
75	137
72	137
72	136
71	136
71	137
70	137
70	136
69	136
69	135
68	135
68	133
67	133
67	132
63	132
63	131
62	131
62	132
61	132
61	131
57	131
57	130
56	130
56	121
57	121
57	120
58	120
58	118
57	118
57	112
58	112
58	111
57	111
57	110
58	110
58	103
59	103
59	96
60	96
60	90
59	90
59	89
58	89
58	88
57	88
57	87
56	87
56	88
55	88
55	87
54	87
54	88
51	88
51	87
47	87
47	86
45	86
45	85
44	85
44	84
45	84
45	83
44	83
44	78
43	78
43	74
38	74
38	73
37	73
37	74
36	74
36	73
33	73
33	72
32	72
32	69
33	69
33	68
34	68
34	67
35	67
35	66
37	66
37	67
39	67
39	68
41	68
41	69
43	69
43	67
44	67
44	66
45	66
45	65
50	65
50	69
51	69
51	70
53	70
53	69
57	69
57	70
58	70
58	75
59	75
59	78
58	78
58	80
56	80
56	81
54	81
54	80
53	80
53	76
52	76
52	75
48	75
48	78
47	78
47	82
48	82
48	83
49	83
49	82
51	82
51	83
58	83
58	84
59	84
59	83
60	83
60	84
61	84
61	85
65	85
65	90
64	90
64	93
63	93
63	95
62	95
62	96
63	96
63	97
62	97
62	99
63	99
63	101
62	101
62	107
61	107
61	114
60	114
60	126
63	126
63	127
64	127
64	126
66	126
66	127
69	127
69	128
70	128
70	129
71	129
71	130
72	130
72	131
74	131
74	132
77	132
77	133
79	133
79	134
80	134
80	136
81	136
81	138
82	138
82	140
83	140
83	143
84	143
84	147
87	147
87	148
95	148
95	149
99	149
99	150
101	150
101	153
102	153
102	160
101	160
101	161
102	161
102	162
101	162
101	163
102	163
102	165
103	165
103	167
104	167
104	168
103	168
103	170
104	170
104	173
105	173
105	174
104	174
104	175
105	175
105	179
110	179
110	180
113	180
113	181
114	181
114	182
115	182
115	184
116	184
116	185
117	185
117	186
119	186
119	187
120	187
120	188
123	188
123	190
124	190
124	191
125	191
125	193
124	193
124	194
125	194
125	196
126	196
126	198
127	198
127	201
128	201
128	204
129	204
501	583
503	583
503	584
508	584
508	583
511	583
511	584
514	584
514	585
517	585
517	584
518	584
518	585
519	585
519	586
520	586
520	585
524	585
524	586
525	586
525	585
533	585
533	586
534	586
534	585
535	585
535	586
536	586
536	585
541	585
541	586
543	586
543	585
544	585
544	586
545	586
545	585
546	585
546	586
549	586
549	587
555	587
555	588
558	588
558	589
561	589
561	590
567	590
567	591
569	591
569	590
570	590
570	591
571	591
571	592
575	592
575	593
577	593
577	594
579	594
579	593
582	593
582	592
583	592
583	593
584	593
584	592
586	592
586	591
596	591
596	590
599	590
599	591
602	591
602	592
606	592
606	593
607	593
607	594
619	594
619	595
621	595
621	596
627	596
627	597
629	597
629	596
630	596
630	597
631	597
631	596
632	596
632	593
633	593
633	592
632	592
632	591
633	591
633	587
634	587
634	577
635	577
635	571
636	571
636	570
637	570
637	568
638	568
638	567
639	567
639	566
641	566
641	565
645	565
645	564
648	564
648	563
650	563
650	564
651	564
651	563
660	563
660	562
662	562
662	561
663	561
663	562
667	562
667	561
668	561
668	562
669	562
669	561
670	561
670	562
675	562
675	561
679	561
679	562
684	562
684	563
685	563
685	562
688	562
688	563
699	563
699	565
700	565
700	566
702	566
702	567
704	567
704	568
705	568
705	569
707	569
707	570
709	570
709	572
710	572
710	573
718	573
718	574
720	574
720	575
722	575
722	576
723	576
723	577
725	577
725	576
726	576
726	577
730	577
730	578
731	578
731	579
732	579
732	580
733	580
733	579
735	579
735	580
736	580
736	581
741	581
741	582
744	582
744	583
745	583
745	584
746	584
746	585
748	585
748	584
749	584
749	585
752	585
752	586
754	586
754	585
773	585
773	586
787	586
787	587
802	587
802	586
804	586
804	585
805	585
805	584
806	584
806	583
807	583
807	581
808	581
808	579
809	579
809	577
810	577
810	575
811	575
811	573
812	573
812	570
813	570
813	568
814	568
814	564
815	564
815	557
816	557
816	556
815	556
815	554
816	554
816	551
817	551
817	547
819	547
819	546
830	546
830	545
832	545
832	543
836	543
836	542
837	542
837	541
841	541
841	540
843	540
843	539
853	539
853	540
854	540
854	539
860	539
860	538
861	538
861	539
865	539
865	538
875	538
875	539
877	539
877	538
881	538
881	539
882	539
882	538
892	538
892	539
901	539
901	538
903	538
903	539
910	539
910	538
912	538
912	537
913	537
913	536
915	536
915	535
916	535
916	534
918	534
918	533
919	533
919	534
920	534
920	533
921	533
921	532
924	532
924	531
929	531
929	530
936	530
936	529
939	529
939	530
941	530
941	529
955	529
955	528
957	528
957	527
962	527
962	526
963	526
963	527
964	527
964	526
976	526
976	527
980	527
980	526
982	526
982	527
998	527
998	528
999	528
999	529
1000	529
1000	530
1003	530
1003	531
1004	531
1004	532
1006	532
1006	533
1007	533
1007	534
1008	534
1008	536
1011	536
1011	537
1012	537
1012	538
1013	538
1013	539
1015	539
1015	541
1016	541
1016	543
1015	543
1015	545
1016	545
1016	549
1017	549
1017	550
1016	550
1016	555
1017	555
1017	566
1018	566
1018	567
1017	567
1017	568
1018	568
1018	573
1019	573
1019	583
1020	583
1020	589
1021	589
1021	594
1022	594
1022	597
1023	597
1023	601
1024	601
1024	603
1025	603
1025	604
1026	604
1026	605
1027	605
1027	607
1028	607
1028	609
1029	609
1029	610
1030	610
1030	612
1031	612
1031	613
1034	613
1034	614
1035	614
1035	615
1037	615
1037	616
1039	616
1039	617
1046	617
1046	618
1047	618
1047	617
1051	617
1051	616
1055	616
1055	615
1059	615
1059	614
1062	614
1062	613
1066	613
1066	612
1068	612
1068	611
1070	611
1070	610
1072	610
1072	609
1075	609
1075	608
1076	608
1076	609
1077	609
1077	608
1078	608
1078	607
1080	607
1080	606
1082	606
1082	605
1083	605
1083	604
1084	604
1084	603
1086	603
1086	602
1087	602
1087	601
1088	601
1088	600
1091	600
1091	599
1092	599
1092	598
1094	598
1094	597
1096	597
1096	596
1099	596
1099	595
1101	595
1101	594
1102	594
1102	593
1104	593
1104	592
1105	592
1105	591
1106	591
1106	590
1108	590
1108	589
1109	589
1109	587
1111	587
1111	585
1112	585
1112	584
1113	584
1113	583
1114	583
1114	582
1115	582
1115	580
1117	580
1117	579
1118	579
1118	578
1119	578
1119	577
1121	577
1121	576
1122	576
1122	575
1123	575
1123	574
1125	574
1125	573
1126	573
1126	572
1128	572
1128	571
1129	571
1129	570
1132	570
1132	569
1133	569
1133	568
1134	568
1134	566
1135	566
1135	565
1137	565
1137	564
1138	564
1138	563
1139	563
1139	561
1141	561
1141	560
1142	560
1142	558
1144	558
1144	557
1145	557
1145	555
1147	555
1147	554
1149	554
1149	553
1151	553
1151	552
1152	552
1152	551
1154	551
1154	550
1157	550
1157	549
1160	549
1160	548
1163	548
1163	547
1166	547
1166	546
1169	546
1169	545
1172	545
1172	544
1174	544
1174	543
1177	543
1177	542
1181	542
1181	541
1183	541
1183	540
1185	540
1185	539
1186	539
1186	540
1187	540
1187	539
1188	539
1188	538
1190	538
1190	537
1192	537
1192	536
1194	536
1194	535
1197	535
1197	534
1199	534
1199	533
1200	533
1200	532
1202	532
1202	531
1204	531
1204	530
1207	530
1207	529
1209	529
1209	528
1211	528
1211	527
1213	527
1213	526
1216	526
1216	525
1218	525
1218	524
1220	524
1220	523
1222	523
1222	522
1223	522
1223	521
1224	521
1224	520
1227	520
1227	519
1229	519
1229	518
1231	518
1231	517
1232	517
1232	516
1234	516
1234	515
1235	515
1235	514
1236	514
1236	513
1238	513
1238	512
1239	512
1239	511
1241	511
1241	510
1242	510
1242	509
1243	509
1243	508
1245	508
1245	507
1246	507
1246	506
1249	506
1249	505
1251	505
1251	504
1252	504
1252	503
1254	503
1254	502
1255	502
1255	501
1256	501
1256	499
1255	499
1255	498
1256	498
1256	497
1257	497
1257	496
1258	496
1258	495
1259	495
1259	493
1260	493
1260	491
1261	491
1261	490
1262	490
1262	489
1264	489
1264	488
1265	488
1265	487
1266	487
1266	485
1267	485
1267	484
1268	484
1268	483
1269	483
1269	481
1270	481
1270	480
1271	480
1271	479
1272	479
1272	477
1273	477
1273	476
1274	476
1274	475
1275	475
1275	474
1274	474
1274	473
1275	473
1275	469
1276	469
1276	467
1277	467
1277	463
1278	463
1278	460
1279	460
1279	458
1278	458
1278	457
1279	457
1279	453
1280	453
1280	449
1281	449
1281	447
1282	447
1282	445
1283	445
1283	444
1284	444
1284	443
1285	443
1285	442
1286	442
1286	441
1287	441
1287	440
1289	440
1289	439
1290	439
1290	438
1293	438
1293	437
1295	437
1295	436
1297	436
1297	435
1300	435
1300	434
1304	434
1304	433
1310	433
1310	434
1311	434
1311	433
1312	433
1312	434
1318	434
1318	435
1320	435
1320	436
1323	436
1323	437
1331	437
1331	438
1334	438
1334	439
1338	439
1338	440
1341	440
1341	441
1343	441
1343	442
1347	442
1347	443
1352	443
1352	444
1356	444
1356	445
1360	445
1360	446
1361	446
1361	445
1363	445
1363	446
1365	446
1365	445
1381	445
1381	444
1383	444
1383	443
1385	443
1385	442
1388	442
1388	441
1390	441
1390	440
1392	440
1392	439
1394	439
1394	438
1395	438
1395	437
1399	437
1399	436
1400	436
1400	435
1401	435
1401	436
1402	436
1402	435
1404	435
1404	434
1406	434
1406	433
1407	433
1407	431
1409	431
1409	429
1410	429
1410	427
1411	427
1411	425
1412	425
1412	422
1413	422
1413	421
1414	421
1414	418
1415	418
1415	417
1416	417
1416	416
1417	416
1417	414
1419	414
1419	412
1420	412
1420	411
1421	411
1421	409
1422	409
1422	408
1424	408
1424	407
1425	407
1425	406
1426	406
1426	405
1427	405
1427	404
1428	404
1428	403
1429	403
1429	401
1431	401
1431	400
1432	400
1432	399
1433	399
1433	398
1435	398
1435	397
1436	397
1436	396
1437	396
1437	395
1438	395
1438	394
1439	394
1439	393
1440	393
1440	392
1441	392
1441	391
1443	391
1443	389
1444	389
1444	388
1445	388
1445	387
1446	387
1446	385
1447	385
1447	384
1448	384
1448	382
1450	382
1450	380
1451	380
1451	379
1452	379
1452	378
1453	378
1453	377
1454	377
1454	375
1455	375
1455	374
1456	374
1456	373
1457	373
1457	372
1458	372
1458	371
1460	371
1460	370
1461	370
1461	369
1463	369
1463	368
1464	368
1464	367
1466	367
1466	366
1469	366
1469	365
1470	365
1470	364
1471	364
1471	363
1473	363
1473	362
1474	362
1474	361
1475	361
1475	360
1477	360
1477	358
1478	358
1478	357
1479	357
1479	356
1480	356
1480	355
1481	355
1481	354
1483	354
1483	353
1484	353
1484	352
1485	352
1485	350
1486	350
1486	349
1487	349
1487	346
1488	346
1488	344
1489	344
1489	341
1490	341
1490	340
1491	340
1491	337
1492	337
1492	335
1493	335
1493	333
1494	333
1494	331
1495	331
1495	329
1496	329
1496	325
1497	325
1497	323
1498	323
1498	322
1499	322
1499	320
1500	320
1500	318
1501	318
1501	316
1502	316
1502	314
1503	314
1503	313
1504	313
1504	309
1505	309
1505	305
1506	305
1506	303
1507	303
1507	300
1508	300
1508	297
1509	297
1509	293
1510	293
1510	291
1511	291
1511	288
1512	288
1512	286
1513	286
1513	282
1514	282
1514	281
1515	281
1515	279
1516	279
1516	277
1517	277
1517	276
1518	276
1518	275
1519	275
1519	273
1520	273
1520	272
1521	272
1521	271
1522	271
1522	270
1523	270
1523	269
1524	269
1524	268
1525	268
1525	267
1527	267
1527	266
1529	266
1529	265
1530	265
1530	264
1531	264
1531	263
1533	263
1533	262
1534	262
1534	261
1536	261
1536	260
1538	260
1538	259
1539	259
1539	258
1540	258
1540	257
1542	257
1542	256
1543	256
1543	255
1545	255
1545	254
1547	254
1547	253
1554	253
1554	252
1555	252
1555	253
1559	253
1559	254
1562	254
1562	255
1563	255
1563	256
1565	256
1565	257
1567	257
1567	258
1568	258
1568	259
1569	259
1569	260
1570	260
1570	262
1571	262
1571	263
1572	263
1572	264
1573	264
1573	265
1574	265
1574	267
1576	267
1576	269
1578	269
1578	270
1579	270
1579	271
1588	271
1588	272
1589	272
1589	271
1591	271
1591	272
1593	272
1593	271
1595	271
1595	272
1596	272
1596	270
1597	270
1597	269
1600	269
1600	267
1601	267
1601	266
1603	266
1603	265
1604	265
1604	264
1605	264
1605	262
1606	262
1606	261
1608	261
1608	259
1609	259
1609	257
1610	257
1610	256
1611	256
1611	255
1613	255
1613	254
1614	254
1614	252
1615	252
1615	250
1616	250
1616	247
1617	247
1617	246
1618	246
1618	244
1619	244
1619	243
1620	243
1620	241
1621	241
1621	240
1622	240
1622	238
1623	238
1623	232
1625	232
1625	228
1626	228
1626	223
1627	223
1627	199
1628	199
1628	198
1627	198
1627	197
1628	197
1628	189
1629	189
1629	177
1630	177
1630	173
1631	173
1631	169
1632	169
1632	167
1633	167
1633	163
1634	163
1634	162
1633	162
1633	161
1634	161
1634	158
1635	158
1635	151
1634	151
1634	150
1635	150
1635	147
1634	147
1634	146
1635	146
1635	136
1636	136
1636	134
1635	134
1635	133
1637	133
1637	132
1638	132
1638	127
1639	127
1639	126
1640	126
1640	125
1639	125
1639	124
1640	124
1640	121
1641	121
1641	118
1642	118
1642	115
1643	115
1643	113
1644	113
1644	112
1645	112
1645	110
1646	110
1646	109
1647	109
1647	108
1648	108
1648	107
1650	107
1650	105
1651	105
1651	104
1652	104
1652	103
1653	103
1653	100
1655	100
1655	98
1657	98
1657	97
1658	97
1658	96
1659	96
1659	95
1660	95
1660	94
1662	94
1662	93
1665	93
1665	92
1669	92
1669	91
1684	91
1684	90
1690	90
1690	89
1691	89
1691	90
1696	90
1696	89
1702	89
1702	88
1709	88
1709	87
1711	87
1711	86
1715	86
1715	85
1718	85
1718	84
1719	84
1719	83
1723	83
1723	82
1724	82
1724	81
1725	81
1725	80
1726	80
1726	79
1728	79
1728	78
1729	78
1729	76
1732	76
1732	75
1734	75
1734	74
1736	74
1736	73
1738	73
1738	72
1739	72
1739	71
1740	71
1740	70
1742	70
1742	69
1743	69
1743	68
1744	68
1744	67
1745	67
1745	66
1746	66
1746	65
1747	65
1747	64
1748	64
1748	62
1750	62
1750	59
1751	59
1751	57
1752	57
1752	54
1753	54
1753	50
1754	50
1754	41
1753	41
1753	40
1754	40
1754	36
1755	36
1755	28
1756	28
1756	25
1760	25
1760	27
1761	27
1761	35
1760	35
1760	39
1759	39
1759	40
1760	40
1760	41
1759	41
1759	51
1758	51
1758	56
1757	56
1757	59
1756	59
1756	62
1755	62
1755	64
1754	64
1754	65
1753	65
1753	66
1752	66
1752	67
1751	67
1751	69
1750	69
1750	70
1749	70
1749	71
1748	71
1748	72
1747	72
1747	73
1746	73
1746	74
1744	74
1744	76
1742	76
1742	77
1741	77
1741	78
1739	78
1739	79
1737	79
1737	80
1736	80
1736	81
1734	81
1734	82
1733	82
1733	83
1731	83
1731	84
1729	84
1729	85
1728	85
1728	86
1726	86
1726	87
1724	87
1724	88
1723	88
1723	89
1721	89
1721	90
1718	90
1718	91
1714	91
1714	92
1709	92
1709	93
1702	93
1702	94
1699	94
1699	95
1698	95
1698	94
1697	94
1697	95
1696	95
1696	94
1695	94
1695	95
1693	95
1693	94
1692	94
1692	95
1687	95
1687	96
1681	96
1681	97
1679	97
1679	96
1677	96
1677	97
1667	97
1667	98
1665	98
1665	99
1664	99
1664	100
1663	100
1663	101
1662	101
1662	102
1660	102
1660	103
1659	103
1659	104
1658	104
1658	107
1656	107
1656	109
1655	109
1655	110
1654	110
1654	111
1653	111
1653	112
1652	112
1652	114
1651	114
1651	115
1650	115
1650	116
1649	116
1649	117
1648	117
1648	119
1647	119
1647	122
1646	122
1646	124
1645	124
1645	129
1644	129
1644	132
1643	132
1643	137
1642	137
1642	139
1641	139
1641	146
1642	146
1642	147
1641	147
1641	149
1642	149
1642	150
1641	150
1641	158
1642	158
1642	159
1641	159
1641	162
1640	162
1640	164
1639	164
1639	165
1638	165
1638	170
1637	170
1637	176
1636	176
1636	178
1635	178
1635	179
1636	179
1636	180
1635	180
1635	187
1634	187
1634	194
1633	194
1633	204
1632	204
1632	205
1633	205
1633	211
1632	211
1632	213
1633	213
1633	215
1632	215
1632	219
1633	219
1633	220
1632	220
1632	221
1633	221
1633	223
1632	223
1632	227
1631	227
1631	232
1630	232
1630	236
1629	236
1629	238
1628	238
1628	240
1627	240
1627	242
1626	242
1626	244
1625	244
1625	246
1624	246
1624	247
1623	247
1623	249
1622	249
1622	251
1621	251
1621	252
1620	252
1620	254
1619	254
1619	257
1617	257
1617	258
1616	258
1616	259
1615	259
1615	261
1614	261
1614	262
1613	262
1613	263
1612	263
1612	265
1610	265
1610	266
1609	266
1609	267
1608	267
1608	268
1607	268
1607	270
1605	270
1605	272
1603	272
1603	273
1602	273
1602	274
1601	274
1601	275
1599	275
1599	276
1597	276
1597	277
1578	277
1578	276
1577	276
1577	275
1576	275
1576	274
1574	274
1574	273
1573	273
1573	272
1572	272
1572	271
1571	271
1571	270
1570	270
1570	269
1569	269
1569	268
1568	268
1568	267
1567	267
1567	265
1566	265
1566	264
1564	264
1564	262
1560	262
1560	261
1559	261
1559	260
1556	260
1556	259
1548	259
1548	260
1546	260
1546	261
1544	261
1544	262
1543	262
1543	263
1542	263
1542	264
1540	264
1540	265
1538	265
1538	266
1537	266
1537	267
1535	267
1535	268
1534	268
1534	269
1533	269
1533	270
1531	270
1531	271
1530	271
1530	272
1528	272
1528	274
1525	274
1525	276
1523	276
1523	279
1522	279
1522	280
1521	280
1521	281
1520	281
1520	284
1519	284
1519	285
1518	285
1518	288
1517	288
1517	291
1516	291
1516	292
1517	292
1517	293
1516	293
1516	295
1515	295
1515	298
1514	298
1514	302
1513	302
1513	304
1512	304
1512	307
1511	307
1511	310
1510	310
1510	311
1511	311
1511	312
1510	312
1510	313
1509	313
1509	316
1508	316
1508	317
1507	317
1507	319
1506	319
1506	320
1505	320
1505	322
1504	322
1504	324
1503	324
1503	325
1502	325
1502	329
1501	329
1501	330
1500	330
1500	333
1499	333
1499	335
1498	335
1498	338
1497	338
1497	340
1496	340
1496	343
1495	343
1495	345
1494	345
1494	347
1493	347
1493	350
1492	350
1492	352
1491	352
1491	355
1490	355
1490	356
1489	356
1489	357
1488	357
1488	358
1486	358
1486	359
1484	359
1484	360
1483	360
1483	361
1482	361
1482	362
1481	362
1481	363
1480	363
1480	364
1479	364
1479	365
1478	365
1478	366
1477	366
1477	367
1475	367
1475	368
1474	368
1474	369
1472	369
1472	370
1470	370
1470	371
1468	371
1468	372
1466	372
1466	373
1465	373
1465	374
1463	374
1463	375
1462	375
1462	376
1461	376
1461	377
1459	377
1459	378
1458	378
1458	379
1457	379
1457	381
1456	381
1456	382
1454	382
1454	383
1453	383
1453	386
1452	386
1452	387
1451	387
1451	389
1450	389
1450	390
1449	390
1449	391
1448	391
1448	393
1447	393
1447	394
1446	394
1446	395
1445	395
1445	396
1444	396
1444	397
1443	397
1443	398
1442	398
1442	399
1441	399
1441	400
1440	400
1440	401
1438	401
1438	402
1437	402
1437	403
1435	403
1435	404
1434	404
1434	405
1433	405
1433	406
1432	406
1432	407
1431	407
1431	408
1430	408
1430	409
1429	409
1429	410
1428	410
1428	411
1427	411
1427	412
1426	412
1426	413
1425	413
1425	414
1424	414
1424	415
1423	415
1423	416
1422	416
1422	418
1421	418
1421	420
1420	420
1420	421
1419	421
1419	422
1418	422
1418	425
1417	425
1417	428
1416	428
1416	431
1415	431
1415	433
1414	433
1414	435
1413	435
1413	436
1412	436
1412	438
1408	438
1408	439
1407	439
1407	440
1404	440
1404	441
1402	441
1402	442
1398	442
1398	443
1396	443
1396	444
1394	444
1394	445
1392	445
1392	446
1391	446
1391	447
1387	447
1387	448
1386	448
1386	449
1384	449
1384	450
1383	450
1383	449
1382	449
1382	450
1376	450
1376	451
1372	451
1372	452
1362	452
1362	451
1358	451
1358	450
1353	450
1353	449
1349	449
1349	448
1344	448
1344	447
1341	447
1341	446
1340	446
1340	445
1336	445
1336	444
1332	444
1332	443
1322	443
1322	442
1319	442
1319	441
1317	441
1317	440
1311	440
1311	439
1308	439
1308	440
1302	440
1302	441
1299	441
1299	442
1297	442
1297	443
1295	443
1295	444
1294	444
1294	445
1292	445
1292	446
1290	446
1290	447
1289	447
1289	448
1287	448
1287	450
1286	450
1286	452
1285	452
1285	453
1286	453
1286	454
1285	454
1285	458
1284	458
1284	462
1283	462
1283	465
1284	465
1284	466
1283	466
1283	468
1282	468
1282	471
1281	471
1281	474
1280	474
1280	477
1279	477
1279	479
1278	479
1278	480
1277	480
1277	481
1276	481
1276	482
1275	482
1275	484
1274	484
1274	486
1273	486
1273	487
1272	487
1272	489
1270	489
1270	491
1269	491
1269	492
1268	492
1268	493
1267	493
1267	495
1265	495
1265	499
1264	499
1264	503
1263	503
1263	505
1262	505
1262	506
1261	506
1261	508
1260	508
1260	510
1258	510
1258	509
1256	509
1256	510
1254	510
1254	511
1251	511
1251	512
1248	512
1248	513
1246	513
1246	514
1245	514
1245	515
1244	515
1244	516
1242	516
1242	517
1241	517
1241	518
1239	518
1239	519
1238	519
1238	520
1236	520
1236	521
1235	521
1235	522
1234	522
1234	523
1233	523
1233	524
1229	524
1229	525
1227	525
1227	526
1225	526
1225	527
1223	527
1223	528
1221	528
1221	529
1220	529
1220	530
1217	530
1217	531
1215	531
1215	532
1213	532
1213	533
1210	533
1210	534
1207	534
1207	535
1205	535
1205	536
1203	536
1203	537
1202	537
1202	538
1200	538
1200	539
1198	539
1198	540
1196	540
1196	541
1193	541
1193	542
1192	542
1192	543
1189	543
1189	544
1188	544
1188	545
1185	545
1185	546
1181	546
1181	547
1179	547
1179	548
1176	548
1176	549
1172	549
1172	550
1170	550
1170	551
1166	551
1166	552
1162	552
1162	553
1159	553
1159	554
1158	554
1158	555
1156	555
1156	556
1154	556
1154	557
1152	557
1152	558
1151	558
1151	559
1149	559
1149	560
1147	560
1147	562
1146	562
1146	563
1145	563
1145	564
1143	564
1143	565
1142	565
1142	566
1141	566
1141	568
1140	568
1140	569
1139	569
1139	570
1138	570
1138	571
1137	571
1137	572
1135	572
1135	573
1134	573
1134	574
1133	574
1133	575
1131	575
1131	576
1130	576
1130	577
1128	577
1128	578
1127	578
1127	579
1126	579
1126	580
1124	580
1124	581
1122	581
1122	582
1121	582
1121	583
1120	583
1120	584
1119	584
1119	585
1118	585
1118	586
1117	586
1117	587
1116	587
1116	588
1115	588
1115	590
1114	590
1114	591
1113	591
1113	592
1112	592
1112	593
1111	593
1111	594
1110	594
1110	595
1109	595
1109	596
1108	596
1108	597
1106	597
1106	598
1105	598
1105	599
1104	599
1104	600
1102	600
1102	601
1099	601
1099	602
1097	602
1097	603
1096	603
1096	604
1094	604
1094	605
1092	605
1092	606
1090	606
1090	607
1089	607
1089	608
1088	608
1088	609
1086	609
1086	610
1084	610
1084	611
1082	611
1082	612
1080	612
1080	613
1077	613
1077	614
1074	614
1074	615
1072	615
1072	616
1070	616
1070	617
1068	617
1068	618
1065	618
1065	619
1063	619
1063	620
1059	620
1059	621
1055	621
1055	622
1050	622
1050	623
1042	623
1042	622
1041	622
1041	623
1040	623
1040	622
1039	622
1039	621
1037	621
1037	620
1034	620
1034	619
1030	619
1030	617
1029	617
1029	616
1028	616
1028	615
1027	615
1027	614
1026	614
1026	613
1025	613
1025	612
1024	612
1024	610
1023	610
1023	608
1022	608
1022	607
1021	607
1021	605
1020	605
1020	602
1019	602
1019	599
1018	599
1018	597
1017	597
1017	592
1016	592
1016	590
1017	590
1017	589
1016	589
1016	582
1015	582
1015	573
1016	573
1016	570
1015	570
1015	567
1014	567
1014	564
1015	564
1015	563
1014	563
1014	560
1013	560
1013	558
1012	558
1012	553
1011	553
1011	547
1010	547
1010	543
1008	543
1008	541
1007	541
1007	540
1003	540
1003	539
1002	539
1002	538
1000	538
1000	537
999	537
999	535
997	535
997	534
985	534
985	533
981	533
981	534
980	534
980	533
975	533
975	532
961	532
961	533
959	533
959	534
957	534
957	535
948	535
948	536
946	536
946	535
943	535
943	536
941	536
941	535
934	535
934	536
930	536
930	537
929	537
929	536
927	536
927	537
925	537
925	538
922	538
922	539
920	539
920	540
919	540
919	541
918	541
918	542
917	542
917	543
916	543
916	544
913	544
913	545
907	545
907	544
906	544
906	545
905	545
905	544
904	544
904	545
901	545
901	544
899	544
899	545
896	545
896	544
885	544
885	545
884	545
884	544
879	544
879	545
878	545
878	544
870	544
870	545
869	545
869	544
868	544
868	545
867	545
867	544
866	544
866	545
864	545
864	544
861	544
861	545
860	545
860	544
859	544
859	545
851	545
851	544
848	544
848	545
845	545
845	546
840	546
840	547
837	547
837	548
836	548
836	549
835	549
835	550
834	550
834	551
829	551
829	552
822	552
822	555
821	555
821	563
820	563
820	567
819	567
819	570
818	570
818	571
817	571
817	573
816	573
816	575
815	575
815	579
814	579
814	581
813	581
813	585
812	585
812	586
811	586
811	588
810	588
810	589
809	589
809	590
808	590
808	591
806	591
806	592
803	592
803	593
798	593
798	592
786	592
786	591
785	591
785	592
784	592
784	591
783	591
783	592
781	592
781	591
779	591
779	592
778	592
778	591
772	591
772	590
770	590
770	591
765	591
765	590
763	590
763	591
761	591
761	590
760	590
760	591
756	591
756	590
747	590
747	589
745	589
745	588
743	588
743	587
737	587
737	586
736	586
736	585
734	585
734	584
731	584
731	583
730	583
730	582
723	582
723	581
722	581
722	580
720	580
720	579
713	579
713	578
709	578
709	576
708	576
708	575
707	575
707	574
705	574
705	573
704	573
704	572
702	572
702	571
701	571
701	570
699	570
699	569
696	569
696	568
695	568
695	569
694	569
694	568
692	568
692	569
691	569
691	568
681	568
681	567
680	567
680	568
672	568
672	567
671	567
671	568
662	568
662	569
659	569
659	570
644	570
644	571
642	571
642	572
641	572
641	573
640	573
640	574
639	574
639	578
638	578
638	580
639	580
639	581
638	581
638	584
637	584
637	588
638	588
638	589
637	589
637	591
638	591
638	592
637	592
637	594
638	594
638	595
637	595
637	600
636	600
636	602
635	602
635	603
634	603
634	604
631	604
631	603
624	603
624	602
620	602
620	601
609	601
609	600
604	600
604	599
600	599
600	598
596	598
596	597
592	597
592	596
591	596
591	597
590	597
590	596
589	596
589	597
587	597
587	598
586	598
586	597
585	597
585	598
581	598
581	599
580	599
580	598
576	598
576	597
573	597
573	596
570	596
570	595
565	595
565	594
562	594
562	593
555	593
555	592
552	592
552	591
546	591
546	590
542	590
542	589
541	589
541	590
533	590
533	591
532	591
532	589
531	589
531	590
523	590
523	589
514	589
514	588
513	588
513	589
512	589
512	588
510	588
510	589
509	589
509	588
503	588
503	587
500	587
500	586
497	586
497	585
491	585
491	584
489	584
489	585
488	585
488	584
484	584
484	585
483	585
483	586
477	586
477	587
476	587
476	586
473	586
473	587
454	587
454	586
451	586
451	585
449	585
449	582
448	582
448	579
447	579
447	578
446	578
446	577
445	577
445	575
444	575
444	573
443	573
443	572
442	572
442	571
441	571
441	569
439	569
439	568
438	568
438	567
437	567
437	565
436	565
436	564
434	564
434	563
433	563
433	562
431	562
431	561
430	561
430	560
428	560
428	559
427	559
427	558
426	558
426	557
424	557
424	556
420	556
420	555
418	555
418	554
416	554
416	552
414	552
414	551
413	551
413	550
411	550
411	548
410	548
410	547
408	547
408	546
407	546
407	545
404	545
404	544
403	544
403	543
397	543
397	542
394	542
394	541
389	541
389	540
387	540
387	539
385	539
385	538
382	538
382	537
380	537
380	536
379	536
379	534
377	534
377	533
376	533
376	534
375	534
375	533
372	533
372	532
371	532
371	531
369	531
369	530
368	530
368	529
365	529
365	528
359	528
359	527
358	527
358	526
357	526
357	525
356	525
356	524
355	524
355	523
354	523
354	522
353	522
353	521
351	521
351	519
350	519
350	518
348	518
348	517
347	517
347	516
342	516
342	515
341	515
341	514
340	514
340	513
339	513
339	512
337	512
337	510
336	510
336	509
335	509
335	508
331	508
331	507
329	507
329	506
328	506
328	505
327	505
327	504
326	504
326	503
325	503
325	502
324	502
324	501
323	501
323	500
322	500
322	499
321	499
321	498
320	498
320	497
319	497
319	496
318	496
318	495
306	495
306	494
305	494
305	493
304	493
304	492
302	492
302	490
300	490
300	489
299	489
299	488
297	488
297	487
296	487
296	486
295	486
295	484
291	484
291	483
290	483
290	484
289	484
289	483
280	483
280	482
275	482
275	481
274	481
274	480
273	480
273	479
272	479
272	478
271	478
271	477
270	477
270	476
269	476
269	475
268	475
268	474
267	474
267	473
266	473
266	472
259	472
259	473
258	473
258	474
255	474
255	472
254	472
254	471
253	471
253	469
254	469
254	466
253	466
253	464
254	464
254	455
253	455
253	450
252	450
252	446
251	446
251	443
250	443
250	441
249	441
249	439
248	439
248	438
247	438
247	437
246	437
246	436
245	436
245	435
244	435
244	432
242	432
242	430
240	430
240	429
237	429
237	428
236	428
236	426
235	426
235	425
234	425
234	424
233	424
233	423
232	423
232	422
227	422
227	421
226	421
226	419
225	419
225	414
224	414
224	411
225	411
225	410
224	410
224	408
225	408
225	404
224	404
224	393
223	393
223	391
222	391
222	385
221	385
221	380
220	380
220	377
219	377
219	374
218	374
218	372
217	372
217	371
216	371
216	368
215	368
215	366
214	366
214	365
213	365
213	364
212	364
212	363
211	363
211	362
210	362
210	361
209	361
209	360
208	360
208	359
205	359
205	358
203	358
203	357
202	357
202	356
200	356
200	355
199	355
199	354
198	354
198	353
188	353
188	352
187	352
187	353
186	353
186	352
184	352
184	351
183	351
183	349
182	349
182	348
181	348
181	346
180	346
180	345
177	345
177	344
178	344
178	343
177	343
177	341
176	341
176	337
175	337
175	336
174	336
174	334
173	334
173	333
172	333
172	331
171	331
171	330
170	330
170	328
169	328
169	327
168	327
168	326
167	326
167	325
166	325
166	324
165	324
165	323
163	323
163	322
161	322
161	321
157	321
157	320
153	320
153	319
151	319
151	318
150	318
150	308
149	308
149	305
150	305
150	287
151	287
151	279
152	279
152	277
151	277
151	275
152	275
152	273
151	273
151	270
152	270
152	268
151	268
151	266
152	266
152	263
153	263
153	259
154	259
154	258
153	258
153	257
154	257
154	250
153	250
153	249
157	249
157	254
158	254
158	257
157	257
157	259
156	259
156	260
157	260
157	261
156	261
156	264
155	264
155	268
154	268
154	273
155	273
155	274
154	274
154	285
153	285
153	293
152	293
152	294
153	294
153	296
152	296
152	297
153	297
153	300
152	300
152	302
153	302
153	312
154	312
154	314
156	314
156	315
161	315
161	316
164	316
164	317
166	317
166	318
167	318
167	319
168	319
168	320
170	320
170	321
171	321
171	322
172	322
172	324
173	324
173	326
174	326
174	328
175	328
175	329
176	329
176	330
177	330
177	331
178	331
178	332
179	332
179	335
180	335
180	338
181	338
181	340
182	340
182	344
184	344
184	345
185	345
185	347
189	347
189	348
196	348
196	347
201	347
201	348
202	348
202	349
203	349
203	350
204	350
204	351
206	351
206	352
207	352
207	353
208	353
208	354
210	354
210	355
212	355
212	356
213	356
213	358
215	358
215	359
216	359
216	360
217	360
217	362
218	362
218	364
219	364
219	365
220	365
220	368
221	368
221	370
222	370
222	371
223	371
223	374
224	374
224	378
225	378
225	384
226	384
226	388
227	388
227	390
228	390
228	397
227	397
227	399
228	399
228	400
227	400
227	402
228	402
228	403
227	403
227	412
228	412
228	415
229	415
229	416
231	416
231	417
234	417
234	419
235	419
235	420
236	420
236	422
237	422
237	423
240	423
240	424
242	424
242	425
244	425
244	426
245	426
245	428
247	428
247	430
249	430
249	432
250	432
250	434
251	434
251	437
252	437
252	438
253	438
253	440
254	440
254	443
255	443
255	445
256	445
256	448
257	448
257	456
258	456
258	457
257	457
257	458
258	458
258	466
267	466
267	467
268	467
268	468
270	468
270	470
271	470
271	472
273	472
273	474
274	474
274	476
275	476
275	477
276	477
276	478
278	478
278	477
283	477
283	476
285	476
285	477
289	477
289	478
295	478
295	479
297	479
297	480
298	480
298	483
300	483
300	485
302	485
302	487
304	487
304	488
305	488
305	489
306	489
306	490
309	490
309	489
314	489
314	488
315	488
315	489
316	489
316	488
317	488
317	489
319	489
319	490
320	490
320	491
321	491
321	492
322	492
322	494
323	494
323	496
324	496
324	497
327	497
327	499
328	499
328	501
330	501
330	503
332	503
332	502
333	502
333	503
336	503
336	504
338	504
338	506
339	506
339	508
340	508
340	509
341	509
341	510
342	510
342	511
343	511
343	512
344	512
344	511
349	511
349	514
350	514
350	515
352	515
352	516
353	516
353	517
356	517
356	519
357	519
357	520
358	520
358	521
359	521
359	522
365	522
365	523
369	523
369	524
371	524
371	525
372	525
372	527
377	527
377	528
379	528
379	529
380	529
380	530
381	530
381	531
382	531
382	532
384	532
384	533
385	533
385	532
386	532
386	533
388	533
388	534
389	534
389	535
396	535
396	536
401	536
401	537
403	537
403	538
404	538
404	539
409	539
409	540
410	540
410	541
411	541
411	542
412	542
412	543
413	543
413	544
415	544
415	546
417	546
417	547
418	547
418	548
419	548
419	549
422	549
422	550
425	550
425	551
427	551
427	552
428	552
428	553
430	553
430	555
431	555
431	556
433	556
433	557
434	557
434	558
435	558
435	559
437	559
437	560
438	560
438	561
439	561
439	562
442	562
442	563
443	563
443	565
444	565
444	566
445	566
445	568
447	568
447	571
448	571
448	573
449	573
449	574
450	574
450	576
451	576
451	578
452	578
452	579
453	579
453	580
454	580
454	581
457	581
457	580
458	580
458	581
463	581
463	582
465	582
465	581
477	581
477	580
480	580
480	579
484	579
484	578
485	578
485	579
495	579
495	580
498	580
498	581
499	581
499	582
501	582
