201	296
203	296
203	299
204	299
204	300
205	300
205	304
206	304
206	306
207	306
207	308
208	308
208	311
209	311
209	312
211	312
211	313
212	313
212	312
213	312
213	313
216	313
216	314
218	314
218	315
220	315
220	314
221	314
221	315
222	315
222	317
221	317
221	318
222	318
222	322
223	322
223	327
222	327
222	328
223	328
223	331
224	331
224	333
223	333
223	347
224	347
224	351
223	351
223	353
224	353
224	354
223	354
223	355
224	355
224	356
223	356
223	357
224	357
224	361
223	361
223	364
224	364
224	365
228	365
228	366
230	366
230	365
231	365
231	366
232	366
232	367
233	367
233	369
234	369
234	371
235	371
235	372
243	372
243	373
244	373
244	372
248	372
248	373
250	373
250	375
251	375
251	376
252	376
252	377
253	377
253	379
254	379
254	380
255	380
255	382
256	382
256	383
257	383
257	384
259	384
259	383
260	383
260	384
270	384
270	383
281	383
281	384
292	384
292	385
294	385
294	386
295	386
295	385
302	385
302	386
303	386
303	387
304	387
304	388
306	388
306	389
310	389
310	390
311	390
311	389
313	389
313	391
315	391
315	392
316	392
316	394
317	394
317	395
318	395
318	396
319	396
319	397
320	397
320	398
322	398
322	399
323	399
323	401
325	401
325	410
324	410
324	411
325	411
325	412
326	412
326	413
334	413
334	414
352	414
352	413
356	413
356	414
357	414
357	413
360	413
360	414
364	414
364	413
377	413
377	414
379	414
379	413
380	413
380	414
382	414
382	413
383	413
383	414
385	414
385	413
386	413
386	414
391	414
391	413
392	413
392	414
395	414
395	413
396	413
396	414
399	414
399	415
403	415
403	414
404	414
404	415
407	415
407	416
408	416
408	417
409	417
409	418
410	418
410	419
411	419
411	420
412	420
412	421
417	421
417	422
419	422
419	421
421	421
421	422
422	422
422	421
424	421
424	422
427	422
427	423
429	423
429	425
431	425
431	426
438	426
438	427
442	427
442	428
444	428
444	429
448	429
448	428
449	428
449	429
456	429
456	428
461	428
461	429
462	429
462	428
463	428
463	427
473	427
473	428
475	428
475	427
478	427
478	426
481	426
481	425
482	425
482	423
483	423
483	424
484	424
484	423
485	423
485	422
487	422
487	420
489	420
489	419
491	419
491	418
493	418
493	416
496	416
496	415
498	415
498	414
502	414
502	413
509	413
509	412
514	412
514	411
520	411
520	410
521	410
521	409
524	409
524	408
525	408
525	407
526	407
526	408
528	408
528	407
532	407
532	408
533	408
533	407
536	407
536	406
538	406
538	405
543	405
543	404
547	404
547	403
548	403
548	404
549	404
549	403
552	403
552	402
554	402
554	401
557	401
557	400
558	400
558	399
560	399
560	397
562	397
562	396
566	396
566	395
565	395
565	392
569	392
569	391
573	391
573	390
576	390
576	389
577	389
577	390
578	390
578	389
581	389
581	388
583	388
583	387
585	387
585	386
590	386
590	385
591	385
591	384
593	384
593	383
595	383
595	385
596	385
596	381
597	381
597	380
598	380
598	379
599	379
599	378
600	378
600	377
601	377
601	376
603	376
603	374
610	374
610	373
613	373
613	371
619	371
619	370
625	370
625	369
626	369
626	368
630	368
630	367
631	367
631	366
634	366
634	365
637	365
637	364
638	364
638	365
639	365
639	364
640	364
640	363
644	363
644	362
645	362
645	363
647	363
647	362
651	362
651	361
655	361
655	360
657	360
657	361
658	361
658	360
665	360
665	359
667	359
667	358
671	358
671	357
673	357
673	356
677	356
677	355
681	355
681	356
683	356
683	355
684	355
684	356
686	356
686	357
695	357
695	358
700	358
700	357
701	357
701	356
702	356
702	355
703	355
703	352
704	352
704	351
705	351
705	348
706	348
706	347
705	347
705	343
706	343
706	342
705	342
705	338
706	338
706	335
707	335
707	333
708	333
708	331
709	331
709	330
710	330
710	329
711	329
711	328
712	328
712	327
713	327
713	325
714	325
714	324
716	324
716	322
717	322
717	321
718	321
718	320
719	320
719	319
722	319
722	318
723	318
723	317
725	317
725	316
726	316
726	315
727	315
727	314
729	314
729	313
730	313
730	314
731	314
731	313
730	313
730	312
733	312
733	311
734	311
734	310
736	310
736	308
740	308
740	307
741	307
741	306
744	306
744	305
746	305
746	304
748	304
748	303
750	303
750	302
751	302
751	301
753	301
753	300
754	300
754	299
757	299
757	298
759	298
759	297
760	297
760	296
762	296
762	295
763	295
763	294
764	294
764	293
767	293
767	294
770	294
770	293
771	293
771	292
773	292
773	291
774	291
774	288
775	288
775	282
776	282
776	277
777	277
777	274
778	274
778	273
779	273
779	271
781	271
781	269
782	269
782	267
783	267
783	266
784	266
784	265
785	265
785	264
786	264
786	263
787	263
787	260
788	260
788	258
789	258
789	257
790	257
790	255
791	255
791	248
792	248
792	242
793	242
793	236
794	236
794	235
795	235
795	225
796	225
796	222
797	222
797	218
798	218
798	211
799	211
799	209
800	209
800	207
799	207
799	204
800	204
800	203
801	203
801	201
802	201
802	200
803	200
803	194
804	194
804	190
805	190
805	188
806	188
806	185
808	185
808	181
809	181
809	180
808	180
808	179
809	179
809	178
810	178
810	177
811	177
811	176
813	176
813	175
814	175
814	174
815	174
815	173
816	173
816	172
817	172
817	171
818	171
818	170
819	170
819	168
821	168
821	167
823	167
823	166
825	166
825	165
826	165
826	164
827	164
827	163
828	163
828	162
830	162
830	161
831	161
831	160
833	160
833	159
835	159
835	158
838	158
838	155
840	155
840	152
841	152
841	151
842	151
842	149
841	149
841	148
843	148
843	147
844	147
844	145
845	145
845	141
846	141
846	139
847	139
847	137
848	137
848	135
849	135
849	133
850	133
850	132
851	132
851	130
852	130
852	129
853	129
853	126
854	126
854	121
855	121
855	119
856	119
856	117
855	117
855	116
856	116
856	105
857	105
857	104
856	104
856	101
857	101
857	98
856	98
856	95
857	95
857	93
858	93
858	92
859	92
859	91
860	91
860	89
861	89
861	87
862	87
862	86
863	86
863	78
864	78
864	75
863	75
863	74
862	74
862	73
863	73
863	69
862	69
862	68
861	68
861	67
859	67
859	66
857	66
857	65
853	65
853	66
852	66
852	67
853	67
853	70
855	70
855	71
856	71
856	73
857	73
857	75
858	75
858	83
857	83
857	86
856	86
856	87
855	87
855	89
854	89
854	91
853	91
853	92
852	92
852	94
851	94
851	101
852	101
852	103
851	103
851	115
850	115
850	120
849	120
849	124
848	124
848	126
847	126
847	127
846	127
846	128
847	128
847	129
846	129
846	130
845	130
845	131
844	131
844	132
843	132
843	135
842	135
842	136
841	136
841	141
840	141
840	143
839	143
839	144
838	144
838	147
837	147
837	149
836	149
836	151
835	151
835	152
834	152
834	153
831	153
831	154
830	154
830	155
828	155
828	157
826	157
826	158
825	158
825	159
823	159
823	160
822	160
822	161
821	161
821	162
820	162
820	163
817	163
817	164
816	164
816	165
815	165
815	167
814	167
814	168
813	168
813	169
811	169
811	171
810	171
810	172
809	172
809	171
808	171
808	172
807	172
807	175
805	175
805	178
804	178
804	181
803	181
803	182
802	182
802	184
801	184
801	187
799	187
799	189
800	189
800	190
798	190
798	192
799	192
799	194
798	194
798	198
796	198
796	201
795	201
795	203
794	203
794	210
793	210
793	216
792	216
792	217
791	217
791	225
790	225
790	227
789	227
789	229
790	229
790	231
789	231
789	236
788	236
788	239
787	239
787	246
788	246
788	247
787	247
787	251
786	251
786	255
784	255
784	257
783	257
783	259
782	259
782	261
781	261
781	262
780	262
780	263
779	263
779	264
777	264
777	267
776	267
776	269
775	269
775	270
774	270
774	271
773	271
773	272
772	272
772	274
771	274
771	282
770	282
770	285
769	285
769	287
765	287
765	288
763	288
763	289
762	289
762	290
759	290
759	291
758	291
758	292
756	292
756	293
754	293
754	294
753	294
753	295
752	295
752	294
751	294
751	296
749	296
749	297
748	297
748	298
747	298
747	299
745	299
745	300
743	300
743	301
740	301
740	302
738	302
738	303
736	303
736	304
735	304
735	305
733	305
733	306
731	306
731	307
729	307
729	308
727	308
727	309
725	309
725	310
724	310
724	311
722	311
722	313
720	313
720	314
719	314
719	315
716	315
716	317
714	317
714	318
713	318
713	317
712	317
712	318
713	318
713	319
712	319
712	321
710	321
710	323
709	323
709	325
708	325
708	326
706	326
706	328
705	328
705	329
704	329
704	330
703	330
703	331
702	331
702	334
701	334
701	345
700	345
700	349
699	349
699	351
694	351
694	350
691	350
691	351
690	351
690	350
681	350
681	349
679	349
679	350
674	350
674	351
671	351
671	352
668	352
668	353
666	353
666	354
661	354
661	355
651	355
651	356
648	356
648	357
643	357
643	356
642	356
642	357
640	357
640	358
638	358
638	359
635	359
635	360
634	360
634	359
633	359
633	360
632	360
632	361
629	361
629	362
627	362
627	363
626	363
626	364
621	364
621	365
614	365
614	366
612	366
612	367
610	367
610	368
606	368
606	369
602	369
602	370
601	370
601	371
599	371
599	372
598	372
598	373
597	373
597	374
596	374
596	376
595	376
595	378
591	378
591	379
590	379
590	380
586	380
586	381
584	381
584	382
582	382
582	383
577	383
577	384
574	384
574	385
572	385
572	386
571	386
571	385
570	385
570	386
568	386
568	387
565	387
565	388
562	388
562	389
559	389
559	390
562	390
562	392
559	392
559	393
557	393
557	394
556	394
556	395
554	395
554	396
552	396
552	397
549	397
549	398
547	398
547	399
543	399
543	400
537	400
537	401
531	401
531	402
528	402
528	403
523	403
523	404
521	404
521	405
518	405
518	406
511	406
511	407
507	407
507	409
506	409
506	408
499	408
499	409
497	409
497	410
496	410
496	411
494	411
494	412
493	412
493	411
492	411
492	412
490	412
490	413
489	413
489	414
488	414
488	415
487	415
487	416
483	416
483	417
484	417
484	418
483	418
483	419
482	419
482	418
481	418
481	419
480	419
480	420
478	420
478	421
469	421
469	422
463	422
463	423
456	423
456	424
455	424
455	423
454	423
454	424
450	424
450	423
444	423
444	424
443	424
443	422
440	422
440	421
435	421
435	420
431	420
431	419
430	419
430	418
429	418
429	417
428	417
428	416
425	416
425	417
422	417
422	415
420	415
420	416
417	416
417	417
414	417
414	414
412	414
412	412
411	412
411	410
410	410
410	409
407	409
407	408
381	408
381	407
380	407
380	408
370	408
370	407
369	407
369	408
363	408
363	409
361	409
361	408
358	408
358	407
356	407
356	408
347	408
347	409
345	409
345	408
335	408
335	407
332	407
332	406
331	406
331	400
330	400
330	398
329	398
329	397
328	397
328	396
327	396
327	395
326	395
326	394
325	394
325	393
324	393
324	392
323	392
323	391
322	391
322	390
321	390
321	389
320	389
320	388
318	388
318	384
317	384
317	385
316	385
316	384
314	384
314	383
308	383
308	381
306	381
306	379
294	379
294	378
292	378
292	379
286	379
286	378
284	378
284	377
275	377
275	378
274	378
274	377
272	377
272	378
268	378
268	379
266	379
266	378
265	378
265	379
264	379
264	378
263	378
263	379
259	379
259	378
258	378
258	376
257	376
257	375
256	375
256	373
255	373
255	370
253	370
253	369
252	369
252	368
251	368
251	367
250	367
250	366
249	366
249	367
238	367
238	366
237	366
237	365
236	365
236	362
235	362
235	361
234	361
234	360
232	360
232	359
230	359
230	358
229	358
229	347
230	347
230	346
229	346
229	345
230	345
230	344
229	344
229	336
228	336
228	335
229	335
229	332
228	332
228	327
229	327
229	325
228	325
228	324
229	324
229	321
228	321
228	318
229	318
229	317
228	317
228	314
229	314
229	313
228	313
228	312
229	312
229	308
228	308
228	306
224	306
224	307
223	307
223	308
222	308
222	309
220	309
220	308
219	308
219	309
218	309
218	308
217	308
217	307
214	307
214	305
213	305
213	302
212	302
212	301
211	301
211	299
210	299
210	297
209	297
209	293
207	293
207	291
206	291
206	290
205	290
205	288
203	288
203	287
201	287
201	285
198	285
198	284
199	284
199	282
198	282
198	280
195	280
195	279
189	279
189	276
188	276
188	274
187	274
187	272
186	272
186	270
185	270
185	269
184	269
184	266
183	266
183	265
181	265
181	264
179	264
179	263
177	263
177	261
176	261
176	260
175	260
175	259
174	259
174	257
173	257
173	256
172	256
172	255
171	255
171	253
170	253
170	251
169	251
169	246
168	246
168	245
167	245
167	244
166	244
166	243
162	243
162	244
161	244
161	243
155	243
155	242
151	242
151	243
149	243
149	234
150	234
150	233
149	233
149	232
150	232
150	231
149	231
149	230
150	230
150	226
149	226
149	225
150	225
150	224
151	224
151	219
152	219
152	217
153	217
153	213
154	213
154	209
155	209
155	203
156	203
156	201
155	201
155	199
156	199
156	198
155	198
155	195
154	195
154	191
153	191
153	190
151	190
151	188
149	188
149	187
147	187
147	186
145	186
145	185
143	185
143	184
141	184
141	183
138	183
138	182
139	182
139	181
138	181
138	178
139	178
139	177
138	177
138	174
137	174
137	172
138	172
138	165
139	165
139	163
138	163
138	157
137	157
137	154
136	154
136	151
134	151
134	148
133	148
133	147
130	147
130	146
127	146
127	145
126	145
126	146
123	146
123	145
121	145
121	146
120	146
120	145
119	145
119	146
117	146
117	145
116	145
116	144
117	144
117	143
116	143
116	132
115	132
115	128
114	128
114	126
113	126
113	125
114	125
114	124
111	124
111	121
110	121
110	119
109	119
109	117
108	117
108	116
107	116
107	114
106	114
106	113
105	113
105	111
104	111
104	110
103	110
103	108
101	108
101	109
96	109
96	110
95	110
95	112
96	112
96	113
97	113
97	114
101	114
101	117
102	117
102	118
103	118
103	120
104	120
104	123
106	123
106	127
107	127
107	129
108	129
108	131
109	131
109	133
110	133
110	140
111	140
111	142
110	142
110	143
111	143
111	144
110	144
110	146
111	146
111	147
110	147
110	151
113	151
113	152
114	152
114	151
116	151
116	152
128	152
128	153
129	153
129	154
130	154
130	156
131	156
131	159
132	159
132	162
131	162
131	166
132	166
132	168
131	168
131	169
132	169
132	170
131	170
131	171
132	171
132	172
131	172
131	175
132	175
132	180
131	180
131	181
132	181
132	186
133	186
133	187
135	187
135	188
139	188
139	189
140	189
140	190
142	190
142	191
143	191
143	192
145	192
145	193
146	193
146	194
147	194
147	196
148	196
148	201
149	201
149	202
150	202
150	205
149	205
149	207
148	207
148	213
147	213
147	217
146	217
146	224
145	224
145	228
144	228
144	230
143	230
143	239
142	239
142	244
143	244
143	245
142	245
142	249
143	249
143	250
145	250
145	251
146	251
146	250
148	250
148	249
151	249
151	248
153	248
153	249
154	249
154	248
155	248
155	247
156	247
156	248
158	248
158	249
163	249
163	250
164	250
164	253
165	253
165	256
166	256
166	258
167	258
167	259
168	259
168	262
169	262
169	264
170	264
170	266
172	266
172	267
173	267
173	268
174	268
174	269
178	269
178	271
179	271
179	274
181	274
181	277
182	277
182	278
183	278
183	280
184	280
184	284
186	284
186	285
189	285
189	286
190	286
190	285
191	285
191	284
193	284
193	285
194	285
194	287
195	287
195	289
197	289
197	291
199	291
199	292
200	292
200	294
201	294
