132	175
133	175
133	177
134	177
134	180
135	180
135	181
136	181
136	184
137	184
137	186
138	186
138	189
139	189
139	190
140	190
140	193
141	193
141	194
142	194
142	196
143	196
143	198
144	198
144	200
145	200
145	203
146	203
146	205
147	205
147	207
148	207
148	209
149	209
149	210
150	210
150	213
151	213
151	215
152	215
152	216
153	216
153	220
154	220
154	224
155	224
155	226
156	226
156	228
157	228
157	231
158	231
158	233
159	233
159	235
160	235
160	237
161	237
161	239
162	239
162	241
163	241
163	242
164	242
164	245
165	245
165	248
166	248
166	250
167	250
167	251
168	251
168	253
169	253
169	255
170	255
170	256
171	256
171	257
172	257
172	258
173	258
173	260
174	260
174	261
175	261
175	262
176	262
176	264
177	264
177	266
178	266
178	267
179	267
179	268
190	268
190	269
194	269
194	268
195	268
195	269
199	269
199	268
200	268
200	269
201	269
201	268
205	268
205	269
206	269
206	268
210	268
210	269
211	269
211	268
214	268
214	269
215	269
215	270
217	270
217	272
220	272
220	274
221	274
221	276
222	276
222	278
223	278
223	280
224	280
224	282
225	282
225	284
226	284
226	286
227	286
227	287
228	287
228	289
229	289
229	291
230	291
230	292
231	292
231	293
232	293
232	295
233	295
233	296
234	296
234	297
235	297
235	299
236	299
236	301
237	301
237	302
238	302
238	304
239	304
239	305
240	305
240	308
241	308
241	311
242	311
242	312
241	312
241	314
242	314
242	317
243	317
243	319
244	319
244	320
245	320
245	322
246	322
246	326
247	326
247	328
248	328
248	330
249	330
249	333
251	333
251	335
253	335
253	334
254	334
254	333
255	333
255	335
257	335
257	334
258	334
258	335
259	335
259	334
258	334
258	333
262	333
262	336
263	336
263	337
264	337
264	338
267	338
267	339
266	339
266	340
268	340
268	341
269	341
269	342
270	342
270	344
273	344
273	346
276	346
276	348
278	348
278	349
281	349
281	350
282	350
282	352
283	352
283	354
284	354
284	356
285	356
285	357
286	357
286	360
287	360
287	362
288	362
288	364
289	364
289	366
290	366
290	369
291	369
291	372
292	372
292	376
293	376
293	377
294	377
294	379
296	379
296	380
295	380
295	381
296	381
296	383
298	383
298	384
297	384
297	385
298	385
298	386
299	386
299	387
300	387
300	388
301	388
301	389
302	389
302	390
303	390
303	389
307	389
307	388
310	388
310	389
308	389
308	390
313	390
313	389
319	389
319	390
318	390
318	391
319	391
319	392
322	392
322	393
324	393
324	395
327	395
327	396
336	396
336	397
338	397
338	398
337	398
337	399
340	399
340	400
341	400
341	401
343	401
343	402
345	402
345	401
346	401
346	402
350	402
350	403
353	403
353	405
354	405
354	404
355	404
355	406
357	406
357	408
358	408
358	409
361	409
361	411
364	411
364	412
366	412
366	413
367	413
367	414
369	414
369	415
368	415
368	416
371	416
371	417
372	417
372	416
373	416
373	417
379	417
379	415
380	415
380	417
383	417
383	416
388	416
388	417
391	417
391	418
392	418
392	417
397	417
397	416
399	416
399	415
400	415
400	414
403	414
403	413
407	413
407	412
410	412
410	411
413	411
413	412
414	412
414	413
416	413
416	414
421	414
421	415
420	415
420	416
424	416
424	417
427	417
427	418
428	418
428	419
429	419
429	418
430	418
430	419
431	419
431	420
433	420
433	421
435	421
435	422
437	422
437	423
439	423
439	425
440	425
440	426
441	426
441	427
442	427
442	428
443	428
443	430
444	430
444	431
445	431
445	433
446	433
446	434
447	434
447	436
448	436
448	437
449	437
449	438
450	438
450	440
451	440
451	443
452	443
452	446
453	446
453	447
455	447
455	451
456	451
456	452
457	452
457	454
458	454
458	455
459	455
459	457
460	457
460	459
461	459
461	460
463	460
463	463
465	463
465	465
467	465
467	466
474	466
474	467
475	467
475	465
476	465
476	466
477	466
477	465
478	465
478	466
480	466
480	467
481	467
481	464
482	464
482	467
483	467
483	466
484	466
484	467
487	467
487	468
489	468
489	469
491	469
491	470
495	470
495	471
496	471
496	472
498	472
498	473
501	473
501	474
503	474
503	476
505	476
505	477
507	477
507	476
508	476
508	475
509	475
509	476
510	476
510	474
512	474
512	476
514	476
514	478
518	478
518	479
517	479
517	480
519	480
519	481
520	481
520	482
521	482
521	483
522	483
522	484
524	484
524	485
525	485
525	486
527	486
527	487
529	487
529	489
530	489
530	490
532	490
532	492
534	492
534	493
535	493
535	494
536	494
536	495
538	495
538	496
539	496
539	497
541	497
541	498
542	498
542	500
543	500
543	501
544	501
544	502
546	502
546	503
547	503
547	504
548	504
548	505
550	505
550	506
549	506
549	507
550	507
550	508
551	508
551	509
552	509
552	508
553	508
553	510
554	510
554	511
555	511
555	510
556	510
556	511
557	511
557	512
559	512
559	513
558	513
558	514
559	514
559	513
560	513
560	515
561	515
561	516
562	516
562	517
563	517
563	518
564	518
564	519
565	519
565	520
566	520
566	522
567	522
567	523
568	523
568	524
569	524
569	525
570	525
570	526
571	526
571	527
572	527
572	528
573	528
573	530
574	530
574	531
575	531
575	532
576	532
576	535
578	535
578	537
579	537
579	538
581	538
581	541
582	541
582	543
590	543
590	544
598	544
598	545
599	545
599	544
600	544
600	545
601	545
601	544
602	544
602	543
605	543
605	544
607	544
607	543
608	543
608	544
609	544
609	543
610	543
610	544
611	544
611	543
615	543
615	542
616	542
616	543
617	543
617	542
619	542
619	543
618	543
618	544
620	544
620	543
622	543
622	542
623	542
623	541
626	541
626	539
627	539
627	540
628	540
628	539
629	539
629	538
630	538
630	537
631	537
631	536
634	536
634	535
636	535
636	534
637	534
637	531
639	531
639	532
644	532
644	531
647	531
647	532
648	532
648	531
649	531
649	532
652	532
652	531
655	531
655	532
656	532
656	531
660	531
660	530
672	530
672	529
673	529
673	528
675	528
675	526
676	526
676	524
680	524
680	525
681	525
681	526
684	526
684	525
685	525
685	526
686	526
686	525
687	525
687	526
690	526
690	527
692	527
692	528
700	528
700	529
702	529
702	530
704	530
704	529
707	529
707	528
709	528
709	527
712	527
712	525
714	525
714	526
717	526
717	525
716	525
716	524
718	524
718	525
719	525
719	524
722	524
722	525
724	525
724	524
726	524
726	523
734	523
734	522
737	522
737	521
736	521
736	520
739	520
739	518
740	518
740	517
741	517
741	515
742	515
742	516
743	516
743	515
756	515
756	514
759	514
759	515
758	515
758	516
760	516
760	515
763	515
763	514
765	514
765	515
766	515
766	516
767	516
767	517
768	517
768	518
770	518
770	520
771	520
771	521
773	521
773	522
774	522
774	523
775	523
775	524
776	524
776	525
778	525
778	526
779	526
779	528
780	528
780	529
782	529
782	531
783	531
783	532
784	532
784	533
785	533
785	534
786	534
786	535
787	535
787	536
789	536
789	538
791	538
791	541
792	541
792	542
793	542
793	543
794	543
794	545
795	545
795	547
796	547
796	548
797	548
797	549
798	549
798	552
799	552
799	553
800	553
800	554
802	554
802	556
804	556
804	558
805	558
805	560
806	560
806	561
807	561
807	563
808	563
808	564
809	564
809	565
810	565
810	566
811	566
811	568
813	568
813	570
814	570
814	571
815	571
815	572
816	572
816	573
818	573
818	575
819	575
819	576
820	576
820	577
821	577
821	578
824	578
824	579
827	579
827	580
826	580
826	581
829	581
829	583
831	583
831	584
833	584
833	585
836	585
836	587
838	587
838	588
839	588
839	589
841	589
841	590
842	590
842	591
844	591
844	592
845	592
845	594
847	594
847	596
850	596
850	597
852	597
852	599
854	599
854	600
857	600
857	601
858	601
858	599
859	599
859	598
861	598
861	596
862	596
862	599
863	599
863	598
864	598
864	599
865	599
865	598
864	598
864	597
867	597
867	598
868	598
868	599
869	599
869	598
870	598
870	599
875	599
875	598
879	598
879	597
880	597
880	596
881	596
881	597
882	597
882	596
883	596
883	598
884	598
884	596
890	596
890	595
892	595
892	594
893	594
893	596
894	596
894	595
896	595
896	594
897	594
897	593
899	593
899	594
901	594
901	592
902	592
902	591
903	591
903	590
904	590
904	589
905	589
905	588
906	588
906	585
907	585
907	584
909	584
909	583
910	583
910	581
911	581
911	580
913	580
913	579
914	579
914	578
917	578
917	577
919	577
919	578
920	578
920	577
926	577
926	576
928	576
928	575
931	575
931	574
934	574
934	573
939	573
939	572
941	572
941	571
942	571
942	572
943	572
943	573
944	573
944	572
948	572
948	571
949	571
949	573
950	573
950	572
952	572
952	571
951	571
951	570
953	570
953	571
955	571
955	570
956	570
956	569
957	569
957	568
958	568
958	567
960	567
960	566
962	566
962	565
969	565
969	564
971	564
971	563
975	563
975	562
976	562
976	561
981	561
981	560
982	560
982	559
984	559
984	557
985	557
985	556
987	556
987	555
989	555
989	554
990	554
990	553
991	553
991	552
992	552
992	550
993	550
993	552
995	552
995	551
994	551
994	550
997	550
997	549
998	549
998	550
1000	550
1000	549
1003	549
1003	547
1004	547
1004	546
1005	546
1005	544
1006	544
1006	543
1007	543
1007	544
1009	544
1009	542
1013	542
1013	541
1019	541
1019	540
1021	540
1021	539
1025	539
1025	540
1026	540
1026	539
1030	539
1030	537
1031	537
1031	538
1033	538
1033	537
1041	537
1041	536
1043	536
1043	535
1045	535
1045	534
1047	534
1047	533
1048	533
1048	532
1049	532
1049	531
1050	531
1050	530
1051	530
1051	529
1053	529
1053	528
1054	528
1054	526
1055	526
1055	527
1057	527
1057	526
1060	526
1060	525
1061	525
1061	524
1062	524
1062	525
1066	525
1066	523
1067	523
1067	525
1068	525
1068	524
1069	524
1069	525
1072	525
1072	524
1073	524
1073	525
1076	525
1076	524
1080	524
1080	523
1082	523
1082	522
1083	522
1083	523
1084	523
1084	522
1086	522
1086	523
1087	523
1087	522
1088	522
1088	521
1089	521
1089	522
1091	522
1091	521
1094	521
1094	520
1100	520
1100	519
1105	519
1105	517
1104	517
1104	516
1108	516
1108	515
1109	515
1109	516
1110	516
1110	514
1112	514
1112	513
1114	513
1114	511
1119	511
1119	508
1120	508
1120	507
1123	507
1123	506
1125	506
1125	505
1126	505
1126	503
1127	503
1127	502
1129	502
1129	501
1130	501
1130	500
1132	500
1132	499
1134	499
1134	498
1135	498
1135	497
1136	497
1136	496
1137	496
1137	495
1138	495
1138	496
1139	496
1139	495
1140	495
1140	493
1141	493
1141	494
1143	494
1143	492
1145	492
1145	491
1146	491
1146	493
1147	493
1147	490
1151	490
1151	488
1152	488
1152	487
1153	487
1153	483
1154	483
1154	485
1155	485
1155	482
1156	482
1156	480
1157	480
1157	481
1158	481
1158	482
1160	482
1160	479
1161	479
1161	478
1163	478
1163	477
1164	477
1164	476
1166	476
1166	477
1167	477
1167	475
1168	475
1168	476
1170	476
1170	475
1173	475
1173	474
1177	474
1177	473
1179	473
1179	471
1181	471
1181	470
1180	470
1180	469
1182	469
1182	468
1183	468
1183	467
1184	467
1184	464
1185	464
1185	463
1186	463
1186	464
1187	464
1187	461
1188	461
1188	460
1189	460
1189	458
1192	458
1192	457
1193	457
1193	456
1194	456
1194	454
1197	454
1197	452
1198	452
1198	451
1199	451
1199	452
1201	452
1201	451
1207	451
1207	452
1208	452
1208	451
1210	451
1210	452
1217	452
1217	451
1218	451
1218	452
1219	452
1219	451
1220	451
1220	450
1221	450
1221	451
1222	451
1222	450
1223	450
1223	451
1227	451
1227	450
1229	450
1229	451
1230	451
1230	450
1233	450
1233	449
1234	449
1234	450
1235	450
1235	449
1236	449
1236	450
1237	450
1237	449
1240	449
1240	451
1242	451
1242	452
1249	452
1249	451
1251	451
1251	450
1252	450
1252	449
1254	449
1254	448
1255	448
1255	447
1258	447
1258	446
1260	446
1260	445
1265	445
1265	444
1267	444
1267	443
1271	443
1271	442
1273	442
1273	441
1275	441
1275	440
1276	440
1276	439
1277	439
1277	437
1278	437
1278	436
1279	436
1279	435
1280	435
1280	434
1281	434
1281	433
1283	433
1283	432
1287	432
1287	431
1290	431
1290	430
1293	430
1293	429
1295	429
1295	428
1297	428
1297	427
1298	427
1298	426
1299	426
1299	425
1301	425
1301	424
1303	424
1303	423
1305	423
1305	421
1307	421
1307	420
1309	420
1309	419
1312	419
1312	418
1314	418
1314	417
1315	417
1315	416
1316	416
1316	415
1318	415
1318	414
1320	414
1320	413
1322	413
1322	412
1328	412
1328	411
1332	411
1332	410
1337	410
1337	409
1343	409
1343	408
1346	408
1346	407
1350	407
1350	406
1353	406
1353	405
1371	405
1371	404
1373	404
1373	403
1375	403
1375	402
1377	402
1377	400
1378	400
1378	397
1379	397
1379	395
1380	395
1380	391
1381	391
1381	386
1382	386
1382	378
1383	378
1383	372
1384	372
1384	370
1385	370
1385	369
1386	369
1386	368
1387	368
1387	366
1388	366
1388	365
1389	365
1389	363
1390	363
1390	359
1391	359
1391	357
1392	357
1392	356
1393	356
1393	355
1395	355
1395	354
1396	354
1396	353
1398	353
1398	352
1400	352
1400	351
1402	351
1402	350
1406	350
1406	349
1408	349
1408	348
1410	348
1410	347
1414	347
1414	346
1417	346
1417	345
1424	345
1424	344
1428	344
1428	343
1434	343
1434	342
1439	342
1439	341
1442	341
1442	340
1449	340
1449	339
1453	339
1453	338
1457	338
1457	337
1459	337
1459	336
1460	336
1460	335
1461	335
1461	334
1462	334
1462	333
1463	333
1463	332
1464	332
1464	331
1465	331
1465	329
1466	329
1466	328
1467	328
1467	327
1468	327
1468	326
1469	326
1469	324
1470	324
1470	311
1471	311
1471	309
1473	309
1473	307
1474	307
1474	305
1475	305
1475	303
1476	303
1476	300
1477	300
1477	293
1478	293
1478	291
1479	291
1479	286
1478	286
1478	284
1476	284
1476	283
1474	283
1474	282
1475	282
1475	281
1476	281
1476	280
1477	280
1477	277
1478	277
1478	276
1480	276
1480	275
1479	275
1479	274
1480	274
1480	272
1481	272
1481	273
1482	273
1482	270
1485	270
1485	269
1490	269
1490	267
1491	267
1491	268
1493	268
1493	267
1494	267
1494	266
1496	266
1496	265
1497	265
1497	266
1498	266
1498	265
1499	265
1499	266
1500	266
1500	265
1501	265
1501	266
1502	266
1502	265
1508	265
1508	264
1509	264
1509	262
1510	262
1510	261
1511	261
1511	262
1512	262
1512	261
1511	261
1511	260
1516	260
1516	259
1517	259
1517	260
1526	260
1526	259
1528	259
1528	258
1530	258
1530	257
1531	257
1531	258
1532	258
1532	257
1537	257
1537	256
1538	256
1538	257
1539	257
1539	256
1542	256
1542	254
1543	254
1543	255
1546	255
1546	253
1547	253
1547	254
1549	254
1549	253
1550	253
1550	252
1551	252
1551	250
1553	250
1553	248
1554	248
1554	247
1555	247
1555	245
1556	245
1556	247
1557	247
1557	245
1558	245
1558	244
1559	244
1559	245
1560	245
1560	243
1561	243
1561	244
1562	244
1562	242
1564	242
1564	241
1566	241
1566	240
1570	240
1570	239
1572	239
1572	238
1575	238
1575	237
1576	237
1576	234
1579	234
1579	233
1580	233
1580	230
1581	230
1581	229
1583	229
1583	230
1584	230
1584	229
1585	229
1585	228
1586	228
1586	227
1588	227
1588	226
1589	226
1589	225
1590	225
1590	224
1591	224
1591	223
1593	223
1593	222
1596	222
1596	221
1598	221
1598	220
1600	220
1600	218
1602	218
1602	216
1603	216
1603	215
1604	215
1604	214
1606	214
1606	213
1609	213
1609	212
1611	212
1611	210
1612	210
1612	192
1613	192
1613	190
1614	190
1614	188
1615	188
1615	186
1616	186
1616	179
1617	179
1617	176
1618	176
1618	175
1619	175
1619	174
1620	174
1620	172
1621	172
1621	169
1622	169
1622	167
1623	167
1623	162
1624	162
1624	160
1625	160
1625	158
1627	158
1627	157
1628	157
1628	155
1629	155
1629	154
1630	154
1630	152
1631	152
1631	149
1632	149
1632	147
1633	147
1633	146
1634	146
1634	145
1635	145
1635	144
1636	144
1636	142
1637	142
1637	138
1638	138
1638	136
1639	136
1639	132
1638	132
1638	130
1639	130
1639	128
1640	128
1640	129
1641	129
1641	127
1640	127
1640	126
1636	126
1636	125
1635	125
1635	124
1634	124
1634	126
1635	126
1635	127
1636	127
1636	128
1637	128
1637	130
1636	130
1636	129
1631	129
1631	130
1629	130
1629	132
1628	132
1628	135
1627	135
1627	137
1626	137
1626	139
1625	139
1625	140
1624	140
1624	142
1623	142
1623	144
1622	144
1622	146
1621	146
1621	148
1620	148
1620	149
1619	149
1619	150
1618	150
1618	151
1617	151
1617	152
1616	152
1616	154
1615	154
1615	157
1614	157
1614	159
1613	159
1613	163
1612	163
1612	165
1611	165
1611	168
1610	168
1610	169
1609	169
1609	171
1608	171
1608	173
1607	173
1607	176
1606	176
1606	182
1605	182
1605	185
1604	185
1604	187
1603	187
1603	189
1602	189
1602	210
1603	210
1603	214
1602	214
1602	215
1601	215
1601	216
1600	216
1600	217
1599	217
1599	218
1598	218
1598	219
1596	219
1596	220
1594	220
1594	221
1591	221
1591	222
1590	222
1590	223
1588	223
1588	226
1587	226
1587	225
1585	225
1585	226
1583	226
1583	227
1582	227
1582	228
1580	228
1580	229
1579	229
1579	230
1578	230
1578	232
1576	232
1576	233
1574	233
1574	234
1573	234
1573	235
1572	235
1572	236
1570	236
1570	237
1567	237
1567	238
1564	238
1564	239
1563	239
1563	240
1562	240
1562	241
1559	241
1559	242
1557	242
1557	243
1556	243
1556	244
1554	244
1554	245
1552	245
1552	247
1551	247
1551	248
1550	248
1550	249
1549	249
1549	250
1548	250
1548	251
1546	251
1546	252
1544	252
1544	253
1540	253
1540	254
1532	254
1532	255
1528	255
1528	256
1527	256
1527	257
1526	257
1526	256
1516	256
1516	257
1513	257
1513	258
1511	258
1511	259
1509	259
1509	260
1508	260
1508	261
1506	261
1506	262
1504	262
1504	263
1498	263
1498	264
1494	264
1494	265
1491	265
1491	266
1490	266
1490	265
1489	265
1489	266
1485	266
1485	267
1484	267
1484	268
1482	268
1482	269
1480	269
1480	271
1479	271
1479	272
1478	272
1478	273
1479	273
1479	274
1477	274
1477	275
1476	275
1476	277
1475	277
1475	279
1473	279
1473	281
1472	281
1472	282
1471	282
1471	284
1470	284
1470	285
1469	285
1469	286
1468	286
1468	288
1467	288
1467	297
1466	297
1466	299
1465	299
1465	301
1464	301
1464	302
1462	302
1462	304
1461	304
1461	308
1460	308
1460	319
1459	319
1459	321
1458	321
1458	322
1457	322
1457	323
1456	323
1456	324
1455	324
1455	325
1454	325
1454	327
1452	327
1452	328
1450	328
1450	329
1446	329
1446	330
1439	330
1439	331
1436	331
1436	332
1431	332
1431	333
1423	333
1423	334
1420	334
1420	335
1414	335
1414	336
1410	336
1410	337
1406	337
1406	338
1402	338
1402	339
1401	339
1401	340
1399	340
1399	341
1397	341
1397	342
1394	342
1394	343
1392	343
1392	344
1390	344
1390	345
1388	345
1388	346
1387	346
1387	347
1385	347
1385	348
1384	348
1384	350
1383	350
1383	351
1382	351
1382	353
1381	353
1381	355
1380	355
1380	359
1379	359
1379	360
1378	360
1378	362
1377	362
1377	363
1376	363
1376	365
1375	365
1375	367
1374	367
1374	369
1373	369
1373	375
1372	375
1372	383
1371	383
1371	387
1370	387
1370	391
1369	391
1369	393
1368	393
1368	394
1367	394
1367	395
1350	395
1350	396
1346	396
1346	397
1343	397
1343	398
1340	398
1340	399
1334	399
1334	400
1329	400
1329	401
1325	401
1325	402
1319	402
1319	403
1316	403
1316	404
1314	404
1314	405
1312	405
1312	406
1310	406
1310	407
1309	407
1309	408
1307	408
1307	409
1306	409
1306	410
1303	410
1303	411
1301	411
1301	412
1300	412
1300	413
1298	413
1298	414
1297	414
1297	415
1296	415
1296	416
1293	416
1293	417
1291	417
1291	418
1290	418
1290	419
1289	419
1289	420
1287	420
1287	421
1284	421
1284	422
1280	422
1280	423
1278	423
1278	424
1275	424
1275	425
1273	425
1273	427
1271	427
1271	429
1270	429
1270	430
1269	430
1269	432
1268	432
1268	433
1264	433
1264	434
1262	434
1262	435
1256	435
1256	436
1254	436
1254	437
1252	437
1252	438
1250	438
1250	439
1248	439
1248	440
1246	440
1246	441
1242	441
1242	442
1240	442
1240	444
1239	444
1239	445
1237	445
1237	446
1236	446
1236	445
1235	445
1235	446
1234	446
1234	447
1229	447
1229	448
1228	448
1228	447
1226	447
1226	449
1225	449
1225	448
1224	448
1224	447
1222	447
1222	448
1220	448
1220	447
1219	447
1219	449
1205	449
1205	448
1204	448
1204	449
1202	449
1202	448
1199	448
1199	449
1198	449
1198	448
1197	448
1197	449
1195	449
1195	450
1194	450
1194	451
1193	451
1193	452
1191	452
1191	454
1190	454
1190	455
1189	455
1189	456
1188	456
1188	457
1187	457
1187	458
1186	458
1186	460
1184	460
1184	461
1183	461
1183	462
1182	462
1182	463
1181	463
1181	466
1179	466
1179	468
1178	468
1178	469
1177	469
1177	470
1176	470
1176	471
1175	471
1175	472
1170	472
1170	473
1169	473
1169	472
1167	472
1167	473
1163	473
1163	474
1162	474
1162	475
1161	475
1161	476
1160	476
1160	477
1158	477
1158	478
1157	478
1157	479
1156	479
1156	480
1154	480
1154	482
1152	482
1152	483
1151	483
1151	484
1150	484
1150	485
1149	485
1149	487
1150	487
1150	488
1147	488
1147	489
1145	489
1145	490
1144	490
1144	491
1143	491
1143	490
1141	490
1141	492
1140	492
1140	491
1139	491
1139	492
1137	492
1137	494
1134	494
1134	495
1133	495
1133	496
1132	496
1132	497
1130	497
1130	499
1128	499
1128	500
1125	500
1125	501
1124	501
1124	502
1123	502
1123	504
1121	504
1121	505
1120	505
1120	507
1119	507
1119	506
1118	506
1118	508
1115	508
1115	509
1114	509
1114	510
1113	510
1113	511
1112	511
1112	510
1111	510
1111	511
1109	511
1109	512
1107	512
1107	514
1106	514
1106	513
1105	513
1105	514
1103	514
1103	515
1101	515
1101	516
1096	516
1096	517
1089	517
1089	518
1087	518
1087	519
1082	519
1082	520
1065	520
1065	521
1062	521
1062	522
1061	522
1061	521
1060	521
1060	522
1058	522
1058	523
1055	523
1055	524
1053	524
1053	525
1052	525
1052	526
1050	526
1050	527
1049	527
1049	528
1048	528
1048	529
1047	529
1047	530
1046	530
1046	531
1044	531
1044	532
1042	532
1042	533
1039	533
1039	534
1035	534
1035	535
1026	535
1026	536
1022	536
1022	537
1019	537
1019	538
1017	538
1017	539
1016	539
1016	538
1015	538
1015	539
1009	539
1009	540
1007	540
1007	541
1005	541
1005	542
1003	542
1003	543
1002	543
1002	544
1001	544
1001	545
1000	545
1000	546
998	546
998	547
995	547
995	548
992	548
992	549
990	549
990	550
988	550
988	552
986	552
986	553
985	553
985	554
983	554
983	555
982	555
982	556
981	556
981	557
979	557
979	558
976	558
976	559
971	559
971	560
970	560
970	561
965	561
965	562
961	562
961	563
959	563
959	564
957	564
957	565
955	565
955	566
954	566
954	567
950	567
950	568
947	568
947	569
938	569
938	570
933	570
933	571
930	571
930	572
928	572
928	573
925	573
925	574
920	574
920	575
915	575
915	576
913	576
913	577
912	577
912	578
910	578
910	579
909	579
909	580
908	580
908	581
907	581
907	582
906	582
906	584
904	584
904	587
903	587
903	588
902	588
902	589
901	589
901	591
899	591
899	592
892	592
892	593
887	593
887	594
875	594
875	595
864	595
864	594
856	594
856	595
854	595
854	594
853	594
853	593
851	593
851	592
850	592
850	591
848	591
848	590
846	590
846	589
845	589
845	588
844	588
844	587
842	587
842	586
841	586
841	585
840	585
840	584
838	584
838	583
837	583
837	582
835	582
835	581
834	581
834	580
832	580
832	579
830	579
830	578
829	578
829	577
827	577
827	576
824	576
824	575
823	575
823	574
821	574
821	573
820	573
820	572
819	572
819	571
818	571
818	570
817	570
817	568
815	568
815	566
814	566
814	565
813	565
813	564
812	564
812	562
811	562
811	561
810	561
810	559
809	559
809	558
808	558
808	556
807	556
807	557
806	557
806	554
805	554
805	553
803	553
803	551
802	551
802	550
801	550
801	549
800	549
800	547
799	547
799	545
798	545
798	543
797	543
797	542
796	542
796	541
795	541
795	540
794	540
794	539
793	539
793	537
792	537
792	535
790	535
790	534
789	534
789	533
788	533
788	531
787	531
787	530
785	530
785	529
784	529
784	527
783	527
783	526
782	526
782	525
781	525
781	524
780	524
780	523
779	523
779	522
778	522
778	521
777	521
777	520
775	520
775	519
774	519
774	517
772	517
772	516
771	516
771	515
770	515
770	514
769	514
769	513
767	513
767	512
766	512
766	511
753	511
753	512
752	512
752	511
751	511
751	512
742	512
742	513
740	513
740	514
739	514
739	515
738	515
738	516
737	516
737	518
736	518
736	519
732	519
732	520
731	520
731	519
729	519
729	520
726	520
726	521
724	521
724	522
723	522
723	521
719	521
719	522
711	522
711	523
710	523
710	524
707	524
707	525
698	525
698	524
694	524
694	523
689	523
689	522
684	522
684	521
677	521
677	520
675	520
675	522
674	522
674	524
673	524
673	526
672	526
672	527
670	527
670	528
669	528
669	527
667	527
667	528
656	528
656	529
655	529
655	528
653	528
653	529
652	529
652	528
637	528
637	530
636	530
636	531
635	531
635	532
634	532
634	533
632	533
632	535
629	535
629	536
627	536
627	537
626	537
626	538
624	538
624	539
623	539
623	540
621	540
621	541
617	541
617	540
606	540
606	541
603	541
603	540
602	540
602	541
599	541
599	543
598	543
598	541
588	541
588	540
583	540
583	539
582	539
582	537
581	537
581	536
580	536
580	535
579	535
579	533
578	533
578	532
577	532
577	530
575	530
575	528
574	528
574	527
573	527
573	525
572	525
572	524
571	524
571	523
570	523
570	522
569	522
569	520
567	520
567	518
566	518
566	517
565	517
565	516
564	516
564	515
563	515
563	514
562	514
562	513
561	513
561	512
560	512
560	510
559	510
559	509
558	509
558	508
557	508
557	507
554	507
554	506
553	506
553	505
552	505
552	504
551	504
551	503
550	503
550	502
549	502
549	501
548	501
548	500
547	500
547	499
546	499
546	498
544	498
544	497
543	497
543	496
542	496
542	495
541	495
541	494
540	494
540	493
539	493
539	492
537	492
537	491
535	491
535	490
534	490
534	489
533	489
533	488
532	488
532	487
530	487
530	486
529	486
529	485
528	485
528	484
526	484
526	483
525	483
525	482
524	482
524	481
523	481
523	480
521	480
521	479
520	479
520	478
519	478
519	477
518	477
518	476
516	476
516	474
515	474
515	473
513	473
513	471
511	471
511	470
509	470
509	471
508	471
508	472
506	472
506	473
505	473
505	472
503	472
503	471
502	471
502	470
501	470
501	469
499	469
499	468
497	468
497	467
495	467
495	466
492	466
492	465
490	465
490	464
487	464
487	463
484	463
484	462
467	462
467	461
466	461
466	460
465	460
465	459
464	459
464	457
463	457
463	456
462	456
462	454
461	454
461	453
460	453
460	452
459	452
459	450
458	450
458	449
457	449
457	447
456	447
456	444
455	444
455	442
453	442
453	438
452	438
452	436
451	436
451	435
450	435
450	434
449	434
449	433
448	433
448	431
447	431
447	428
446	428
446	427
445	427
445	425
444	425
444	424
443	424
443	423
442	423
442	422
441	422
441	421
440	421
440	420
438	420
438	418
435	418
435	417
433	417
433	416
432	416
432	415
428	415
428	414
427	414
427	413
424	413
424	412
421	412
421	411
418	411
418	410
416	410
416	409
404	409
404	410
401	410
401	411
400	411
400	412
398	412
398	413
396	413
396	414
388	414
388	413
372	413
372	412
371	412
371	413
370	413
370	412
369	412
369	411
368	411
368	410
366	410
366	409
365	409
365	408
363	408
363	407
362	407
362	406
360	406
360	405
359	405
359	404
357	404
357	403
356	403
356	402
355	402
355	401
353	401
353	400
351	400
351	399
347	399
347	398
342	398
342	397
341	397
341	396
339	396
339	395
337	395
337	394
333	394
333	393
332	393
332	392
327	392
327	391
324	391
324	390
322	390
322	389
321	389
321	388
319	388
319	387
318	387
318	386
302	386
302	385
301	385
301	383
300	383
300	382
299	382
299	380
298	380
298	379
297	379
297	377
296	377
296	375
295	375
295	372
294	372
294	369
293	369
293	367
292	367
292	364
291	364
291	362
290	362
290	360
289	360
289	357
288	357
288	355
287	355
287	353
286	353
286	351
285	351
285	350
284	350
284	349
283	349
283	348
282	348
282	347
281	347
281	346
280	346
280	347
279	347
279	345
277	345
277	344
275	344
275	343
274	343
274	342
273	342
273	341
272	341
272	340
271	340
271	339
269	339
269	338
268	338
268	336
266	336
266	335
264	335
264	333
263	333
263	332
262	332
262	331
251	331
251	329
250	329
250	326
249	326
249	324
248	324
248	321
247	321
247	320
246	320
246	317
245	317
245	314
244	314
244	309
243	309
243	306
242	306
242	304
241	304
241	302
240	302
240	300
239	300
239	298
238	298
238	297
237	297
237	296
236	296
236	294
235	294
235	293
234	293
234	291
233	291
233	290
232	290
232	288
231	288
231	287
230	287
230	285
229	285
229	284
228	284
228	281
227	281
227	279
226	279
226	277
225	277
225	275
224	275
224	273
223	273
223	271
222	271
222	270
221	270
221	269
219	269
219	268
218	268
218	267
217	267
217	266
215	266
215	265
205	265
205	266
204	266
204	265
184	265
184	264
180	264
180	263
179	263
179	261
178	261
178	260
177	260
177	259
176	259
176	258
175	258
175	255
174	255
174	254
173	254
173	253
172	253
172	252
171	252
171	250
170	250
170	248
169	248
169	247
168	247
168	245
167	245
167	243
166	243
166	241
165	241
165	239
164	239
164	237
163	237
163	234
162	234
162	232
161	232
161	230
160	230
160	228
159	228
159	225
158	225
158	223
157	223
157	222
156	222
156	218
155	218
155	215
154	215
154	213
153	213
153	210
152	210
152	208
151	208
151	206
150	206
150	205
149	205
149	203
148	203
148	201
147	201
147	198
146	198
146	196
145	196
145	194
144	194
144	193
143	193
143	191
142	191
142	189
141	189
141	186
140	186
140	184
139	184
139	181
138	181
138	179
137	179
137	176
136	176
136	175
135	175
135	173
134	173
134	171
133	171
133	167
132	167
132	165
131	165
131	163
130	163
130	162
129	162
129	160
128	160
128	159
127	159
127	155
126	155
126	151
125	151
125	145
124	145
124	137
123	137
123	133
122	133
122	119
121	119
121	115
120	115
120	111
119	111
119	108
118	108
118	105
117	105
117	102
116	102
116	95
115	95
115	88
114	88
114	85
113	85
113	83
112	83
112	80
111	80
111	79
110	79
110	76
109	76
109	72
108	72
108	71
107	71
107	69
104	69
104	67
103	67
103	66
101	66
101	65
100	65
100	64
92	64
92	63
91	63
91	64
89	64
89	63
88	63
88	64
86	64
86	63
85	63
85	62
82	62
82	61
81	61
81	60
75	60
75	59
68	59
68	58
66	58
66	57
65	57
65	58
59	58
59	59
57	59
57	58
56	58
56	59
54	59
54	58
51	58
51	59
38	59
38	58
35	58
35	59
34	59
34	58
33	58
33	59
32	59
32	62
52	62
52	61
60	61
60	62
62	62
62	61
68	61
68	62
73	62
73	63
78	63
78	64
79	64
79	63
80	63
80	64
81	64
81	65
84	65
84	66
85	66
85	67
99	67
99	68
100	68
100	69
101	69
101	70
103	70
103	71
104	71
104	72
105	72
105	73
106	73
106	76
107	76
107	78
108	78
108	81
109	81
109	83
110	83
110	85
111	85
111	87
112	87
112	90
113	90
113	96
114	96
114	105
115	105
115	108
116	108
116	110
117	110
117	113
118	113
118	115
119	115
119	124
120	124
120	125
119	125
119	126
120	126
120	129
119	129
119	131
120	131
120	135
121	135
121	142
122	142
122	144
121	144
121	145
122	145
122	150
123	150
123	154
124	154
124	158
125	158
125	161
126	161
126	163
127	163
127	164
128	164
128	165
129	165
129	168
130	168
130	169
131	169
131	170
130	170
130	171
131	171
131	173
132	173
