746	524
745	524
745	526
746	526
746	528
745	528
745	545
746	545
746	549
745	549
745	554
746	554
746	556
745	556
745	557
746	557
746	565
747	565
747	570
748	570
748	581
749	581
749	582
748	582
748	590
749	590
749	592
748	592
748	600
747	600
747	605
746	605
746	611
745	611
745	614
744	614
744	615
745	615
745	616
744	616
744	622
746	622
746	623
754	623
754	622
756	622
756	621
757	621
757	620
761	620
761	619
765	619
765	618
770	618
770	617
771	617
771	616
774	616
774	615
776	615
776	614
778	614
778	613
780	613
780	612
784	612
784	610
787	610
787	609
788	609
788	607
789	607
789	606
795	606
795	607
802	607
802	606
805	606
805	605
813	605
813	604
816	604
816	605
815	605
815	606
814	606
814	607
813	607
813	608
812	608
812	609
811	609
811	610
810	610
810	611
809	611
809	612
807	612
807	613
806	613
806	614
805	614
805	616
804	616
804	617
803	617
803	618
802	618
802	619
801	619
801	620
799	620
799	621
798	621
798	622
797	622
797	623
796	623
796	624
795	624
795	625
794	625
794	626
792	626
792	625
791	625
791	626
790	626
790	627
789	627
789	630
790	630
790	631
791	631
791	632
796	632
796	631
797	631
797	630
799	630
799	628
801	628
801	626
802	626
802	625
803	625
803	624
805	624
805	622
806	622
806	621
808	621
808	620
809	620
809	626
810	626
810	627
809	627
809	655
807	655
807	657
808	657
808	663
807	663
807	665
808	665
808	673
809	673
809	674
810	674
810	675
813	675
813	674
815	674
815	668
814	668
814	667
815	667
815	666
814	666
814	656
815	656
815	655
814	655
814	653
815	653
815	649
814	649
814	648
815	648
815	643
813	643
813	642
814	642
814	639
815	639
815	634
816	634
816	633
815	633
815	630
814	630
814	629
815	629
815	614
816	614
816	612
817	612
817	611
818	611
818	610
819	610
819	609
821	609
821	607
823	607
823	609
822	609
822	610
823	610
823	613
822	613
822	620
823	620
823	621
822	621
822	622
823	622
823	626
824	626
824	628
825	628
825	632
826	632
826	638
827	638
827	639
828	639
828	640
830	640
830	639
832	639
832	638
833	638
833	637
834	637
834	633
833	633
833	632
832	632
832	630
831	630
831	626
830	626
830	625
829	625
829	621
828	621
828	619
829	619
829	615
828	615
828	613
829	613
829	609
828	609
828	607
829	607
829	605
828	605
828	603
829	603
829	601
828	601
828	599
827	599
827	598
829	598
829	597
832	597
832	596
837	596
837	595
856	595
856	594
859	594
859	595
860	595
860	594
864	594
864	595
865	595
865	594
869	594
869	593
871	593
871	592
874	592
874	591
876	591
876	589
877	589
877	587
878	587
878	585
879	585
879	574
880	574
880	572
879	572
879	567
880	567
880	564
881	564
881	563
882	563
882	562
885	562
885	561
888	561
888	562
891	562
891	561
893	561
893	562
899	562
899	563
900	563
900	562
906	562
906	561
907	561
907	560
909	560
909	559
910	559
910	558
911	558
911	556
912	556
912	554
913	554
913	550
914	550
914	549
915	549
915	546
916	546
916	543
917	543
917	541
919	541
919	540
922	540
922	539
923	539
923	538
925	538
925	537
926	537
926	535
927	535
927	532
928	532
928	531
929	531
929	525
930	525
930	522
929	522
929	519
928	519
928	518
929	518
929	511
930	511
930	497
931	497
931	495
932	495
932	493
931	493
931	492
930	492
930	483
929	483
929	479
928	479
928	474
929	474
929	470
930	470
930	462
929	462
929	457
928	457
928	453
927	453
927	451
929	451
929	452
930	452
930	451
940	451
940	452
944	452
944	453
945	453
945	455
946	455
946	454
949	454
949	455
950	455
950	456
953	456
953	457
954	457
954	458
955	458
955	459
957	459
957	460
958	460
958	461
959	461
959	462
960	462
960	463
961	463
961	464
962	464
962	465
964	465
964	466
966	466
966	467
968	467
968	468
969	468
969	469
973	469
973	471
974	471
974	472
975	472
975	480
976	480
976	482
977	482
977	487
978	487
978	491
979	491
979	496
980	496
980	503
979	503
979	506
978	506
978	508
977	508
977	510
978	510
978	515
979	515
979	516
981	516
981	517
986	517
986	518
989	518
989	517
990	517
990	518
993	518
993	519
994	519
994	518
995	518
995	519
1000	519
1000	518
1002	518
1002	519
1003	519
1003	518
1004	518
1004	519
1006	519
1006	520
1010	520
1010	521
1013	521
1013	520
1021	520
1021	519
1022	519
1022	517
1023	517
1023	514
1022	514
1022	513
1021	513
1021	512
1022	512
1022	511
1021	511
1021	505
1022	505
1022	502
1021	502
1021	500
1022	500
1022	495
1021	495
1021	494
1024	494
1024	495
1027	495
1027	496
1030	496
1030	497
1033	497
1033	496
1040	496
1040	497
1048	497
1048	498
1049	498
1049	499
1050	499
1050	500
1051	500
1051	501
1052	501
1052	502
1072	502
1072	503
1077	503
1077	504
1081	504
1081	505
1083	505
1083	504
1087	504
1087	503
1090	503
1090	502
1091	502
1091	501
1092	501
1092	500
1093	500
1093	499
1094	499
1094	497
1095	497
1095	496
1096	496
1096	494
1098	494
1098	493
1099	493
1099	492
1100	492
1100	491
1101	491
1101	490
1102	490
1102	489
1103	489
1103	488
1106	488
1106	487
1107	487
1107	486
1109	486
1109	485
1111	485
1111	483
1112	483
1112	482
1114	482
1114	481
1115	481
1115	480
1116	480
1116	479
1117	479
1117	473
1118	473
1118	468
1119	468
1119	465
1120	465
1120	464
1122	464
1122	463
1123	463
1123	462
1124	462
1124	461
1126	461
1126	459
1127	459
1127	458
1128	458
1128	456
1129	456
1129	455
1134	455
1134	456
1135	456
1135	458
1139	458
1139	459
1140	459
1140	458
1141	458
1141	457
1143	457
1143	455
1142	455
1142	449
1141	449
1141	448
1137	448
1137	447
1130	447
1130	448
1129	448
1129	447
1128	447
1128	448
1123	448
1123	449
1124	449
1124	450
1123	450
1123	451
1122	451
1122	453
1121	453
1121	455
1120	455
1120	456
1118	456
1118	457
1117	457
1117	458
1116	458
1116	459
1115	459
1115	460
1114	460
1114	463
1113	463
1113	468
1112	468
1112	472
1111	472
1111	475
1110	475
1110	476
1109	476
1109	477
1108	477
1108	478
1107	478
1107	479
1106	479
1106	480
1104	480
1104	481
1101	481
1101	482
1099	482
1099	483
1097	483
1097	484
1096	484
1096	485
1097	485
1097	486
1096	486
1096	487
1094	487
1094	488
1093	488
1093	489
1092	489
1092	490
1091	490
1091	492
1090	492
1090	493
1089	493
1089	495
1087	495
1087	496
1085	496
1085	497
1084	497
1084	498
1083	498
1083	497
1081	497
1081	498
1075	498
1075	497
1073	497
1073	496
1069	496
1069	495
1065	495
1065	494
1055	494
1055	492
1054	492
1054	491
1052	491
1052	490
1038	490
1038	489
1027	489
1027	488
1026	488
1026	487
1024	487
1024	486
1022	486
1022	485
1020	485
1020	483
1019	483
1019	482
1015	482
1015	484
1014	484
1014	490
1015	490
1015	496
1014	496
1014	500
1015	500
1015	512
1016	512
1016	513
1013	513
1013	514
1011	514
1011	513
1010	513
1010	514
1009	514
1009	513
1005	513
1005	512
999	512
999	511
998	511
998	512
997	512
997	511
989	511
989	510
983	510
983	508
984	508
984	503
985	503
985	494
984	494
984	489
983	489
983	484
982	484
982	481
981	481
981	477
980	477
980	472
981	472
981	471
980	471
980	469
981	469
981	466
978	466
978	465
977	465
977	464
975	464
975	463
972	463
972	462
970	462
970	461
969	461
969	460
967	460
967	459
965	459
965	458
964	458
964	457
962	457
962	456
963	456
963	455
962	455
962	454
960	454
960	453
959	453
959	452
957	452
957	451
956	451
956	450
955	450
955	449
952	449
952	448
950	448
950	447
949	447
949	446
946	446
946	447
944	447
944	446
943	446
943	445
941	445
941	444
934	444
934	445
931	445
931	444
926	444
926	443
924	443
924	444
922	444
922	445
921	445
921	446
920	446
920	450
921	450
921	451
920	451
920	453
921	453
921	455
922	455
922	460
923	460
923	462
924	462
924	468
923	468
923	469
922	469
922	470
921	470
921	482
922	482
922	485
923	485
923	491
924	491
924	504
923	504
923	505
924	505
924	508
923	508
923	509
922	509
922	517
923	517
923	518
922	518
922	526
923	526
923	528
922	528
922	531
921	531
921	532
920	532
920	533
917	533
917	534
914	534
914	535
913	535
913	536
912	536
912	541
911	541
911	542
910	542
910	544
909	544
909	549
908	549
908	550
907	550
907	552
906	552
906	553
905	553
905	554
894	554
894	555
892	555
892	554
891	554
891	555
885	555
885	554
883	554
883	555
880	555
880	556
879	556
879	558
878	558
878	559
876	559
876	562
875	562
875	565
874	565
874	567
873	567
873	571
874	571
874	572
873	572
873	575
872	575
872	577
873	577
873	583
872	583
872	585
870	585
870	586
869	586
869	587
866	587
866	586
865	586
865	587
856	587
856	588
842	588
842	589
841	589
841	588
832	588
832	589
830	589
830	590
828	590
828	591
826	591
826	592
825	592
825	593
823	593
823	594
821	594
821	595
819	595
819	596
817	596
817	597
811	597
811	598
810	598
810	597
809	597
809	598
805	598
805	599
803	599
803	600
802	600
802	599
801	599
801	600
799	600
799	601
798	601
798	602
797	602
797	601
794	601
794	600
787	600
787	601
786	601
786	602
784	602
784	603
783	603
783	604
782	604
782	605
780	605
780	606
777	606
777	607
775	607
775	608
774	608
774	609
771	609
771	610
767	610
767	611
763	611
763	612
760	612
760	613
757	613
757	614
754	614
754	615
752	615
752	616
750	616
750	611
751	611
751	609
750	609
750	608
751	608
751	604
752	604
752	599
753	599
753	593
754	593
754	592
753	592
753	590
754	590
754	581
753	581
753	579
754	579
754	577
753	577
753	569
752	569
752	558
751	558
751	547
750	547
750	545
751	545
751	544
750	544
750	538
749	538
749	537
750	537
750	522
751	522
751	512
750	512
750	511
751	511
751	508
752	508
752	507
751	507
751	503
752	503
752	502
751	502
751	496
750	496
750	494
751	494
751	490
750	490
750	487
751	487
751	484
750	484
750	480
751	480
751	473
752	473
752	464
753	464
753	461
754	461
754	459
753	459
753	458
752	458
752	456
749	456
749	455
744	455
744	454
741	454
741	453
738	453
738	454
737	454
737	453
736	453
736	454
734	454
734	455
732	455
732	456
728	456
728	457
725	457
725	458
718	458
718	459
711	459
711	460
709	460
709	459
707	459
707	458
705	458
705	459
704	459
704	460
701	460
701	461
697	461
697	460
688	460
688	459
687	459
687	457
686	457
686	456
685	456
685	455
684	455
684	456
683	456
683	455
680	455
680	456
678	456
678	455
677	455
677	453
676	453
676	452
675	452
675	450
673	450
673	449
666	449
666	448
659	448
659	447
658	447
658	443
657	443
657	442
656	442
656	440
648	440
648	439
647	439
647	436
646	436
646	434
645	434
645	433
644	433
644	432
643	432
643	428
642	428
642	425
641	425
641	424
639	424
639	423
636	423
636	421
637	421
637	417
635	417
635	415
634	415
634	414
633	414
633	410
632	410
632	411
631	411
631	410
629	410
629	411
627	411
627	406
626	406
626	399
627	399
627	389
628	389
628	387
630	387
630	385
631	385
631	384
632	384
632	382
633	382
633	381
634	381
634	380
635	380
635	376
634	376
634	375
633	375
633	374
632	374
632	373
630	373
630	372
629	372
629	371
627	371
627	370
625	370
625	369
624	369
624	368
619	368
619	367
618	367
618	368
612	368
612	367
607	367
607	366
604	366
604	365
601	365
601	364
599	364
599	365
592	365
592	364
591	364
591	365
587	365
587	366
586	366
586	367
584	367
584	368
583	368
583	369
582	369
582	370
579	370
579	372
578	372
578	373
577	373
577	374
576	374
576	375
575	375
575	377
574	377
574	380
572	380
572	381
571	381
571	382
570	382
570	384
568	384
568	385
567	385
567	386
566	386
566	387
567	387
567	388
566	388
566	390
565	390
565	409
566	409
566	410
565	410
565	411
566	411
566	420
565	420
565	436
564	436
564	441
563	441
563	444
564	444
564	445
563	445
563	451
562	451
562	454
561	454
561	457
560	457
560	458
557	458
557	459
556	459
556	460
554	460
554	461
552	461
552	462
546	462
546	461
545	461
545	459
544	459
544	458
543	458
543	457
542	457
542	454
541	454
541	450
540	450
540	449
539	449
539	448
538	448
538	447
537	447
537	446
536	446
536	445
534	445
534	444
532	444
532	445
531	445
531	444
529	444
529	445
525	445
525	444
523	444
523	445
520	445
520	447
519	447
519	448
518	448
518	449
517	449
517	451
516	451
516	452
515	452
515	454
514	454
514	455
513	455
513	456
512	456
512	458
511	458
511	459
510	459
510	460
509	460
509	462
508	462
508	461
507	461
507	460
506	460
506	461
505	461
505	460
502	460
502	459
501	459
501	458
499	458
499	457
493	457
493	455
492	455
492	454
491	454
491	453
489	453
489	452
488	452
488	451
480	451
480	450
476	450
476	451
474	451
474	450
469	450
469	452
467	452
467	453
468	453
468	455
467	455
467	457
466	457
466	462
465	462
465	467
464	467
464	477
463	477
463	478
461	478
461	479
460	479
460	478
458	478
458	479
448	479
448	478
447	478
447	477
445	477
445	476
440	476
440	475
439	475
439	474
437	474
437	473
435	473
435	472
434	472
434	471
431	471
431	470
427	470
427	469
420	469
420	464
421	464
421	463
420	463
420	461
421	461
421	457
422	457
422	453
423	453
423	447
424	447
424	445
423	445
423	444
424	444
424	443
423	443
423	439
422	439
422	437
423	437
423	436
422	436
422	432
421	432
421	427
420	427
420	425
419	425
419	423
417	423
417	422
415	422
415	421
414	421
414	420
406	420
406	421
401	421
401	420
402	420
402	419
401	419
401	417
402	417
402	407
403	407
403	403
402	403
402	402
403	402
403	391
404	391
404	388
403	388
403	386
404	386
404	383
405	383
405	381
406	381
406	380
409	380
409	379
411	379
411	378
412	378
412	374
411	374
411	373
408	373
408	372
407	372
407	371
406	371
406	370
404	370
404	369
403	369
403	367
399	367
399	366
398	366
398	365
397	365
397	366
393	366
393	367
391	367
391	359
392	359
392	358
391	358
391	355
392	355
392	345
393	345
393	341
392	341
392	340
393	340
393	324
394	324
394	321
393	321
393	320
394	320
394	310
395	310
395	309
394	309
394	308
395	308
395	307
394	307
394	305
395	305
395	297
396	297
396	292
395	292
395	287
396	287
396	282
397	282
397	277
398	277
398	273
399	273
399	270
400	270
400	268
401	268
401	266
400	266
400	264
398	264
398	263
397	263
397	262
396	262
396	261
395	261
395	260
394	260
394	259
393	259
393	260
391	260
391	259
379	259
379	260
375	260
375	261
374	261
374	260
373	260
373	261
372	261
372	260
370	260
370	259
365	259
365	258
362	258
362	257
354	257
354	258
353	258
353	259
351	259
351	261
350	261
350	262
349	262
349	263
348	263
348	264
347	264
347	266
346	266
346	268
345	268
345	270
344	270
344	272
343	272
343	273
342	273
342	274
341	274
341	276
340	276
340	279
339	279
339	282
338	282
338	285
337	285
337	290
336	290
336	293
335	293
335	294
334	294
334	295
331	295
331	296
323	296
323	295
322	295
322	296
318	296
318	295
316	295
316	293
315	293
315	295
313	295
313	294
299	294
299	295
297	295
297	296
296	296
296	297
295	297
295	298
291	298
291	299
289	299
289	298
287	298
287	299
280	299
280	298
281	298
281	296
280	296
280	295
279	295
279	294
277	294
277	293
273	293
273	292
272	292
272	293
270	293
270	292
268	292
268	286
270	286
270	285
271	285
271	281
270	281
270	280
269	280
269	279
267	279
267	278
265	278
265	277
264	277
264	276
263	276
263	273
262	273
262	272
261	272
261	269
260	269
260	261
261	261
261	258
262	258
262	257
263	257
263	255
264	255
264	253
263	253
263	252
262	252
262	251
261	251
261	249
260	249
260	248
259	248
259	247
258	247
258	245
257	245
257	244
256	244
256	243
253	243
253	242
252	242
252	243
251	243
251	242
250	242
250	243
249	243
249	242
248	242
248	243
247	243
247	242
244	242
244	241
243	241
243	242
242	242
242	241
241	241
241	242
240	242
240	243
238	243
238	240
237	240
237	239
236	239
236	238
235	238
235	237
234	237
234	235
233	235
233	234
232	234
232	233
229	233
229	232
224	232
224	227
223	227
223	225
222	225
222	223
221	223
221	220
220	220
220	219
219	219
219	218
218	218
218	217
217	217
217	216
212	216
212	215
208	215
208	216
207	216
207	215
206	215
206	212
204	212
204	210
203	210
203	209
202	209
202	208
201	208
201	207
197	207
197	206
193	206
193	205
192	205
192	204
190	204
190	203
185	203
185	202
183	202
183	203
180	203
180	202
179	202
179	196
178	196
178	195
175	195
175	194
169	194
169	193
168	193
168	190
167	190
167	189
166	189
166	188
165	188
165	187
164	187
164	186
163	186
163	185
155	185
155	184
154	184
154	185
152	185
152	184
146	184
146	183
145	183
145	182
144	182
144	177
145	177
145	176
144	176
144	174
145	174
145	173
144	173
144	162
145	162
145	161
144	161
144	154
143	154
143	151
144	151
144	145
145	145
145	143
144	143
144	139
145	139
145	127
146	127
146	121
147	121
147	116
146	116
146	106
145	106
145	105
146	105
146	103
147	103
147	99
146	99
146	98
145	98
145	97
143	97
143	98
141	98
141	99
135	99
135	98
130	98
130	99
120	99
120	100
117	100
117	101
116	101
116	100
104	100
104	99
102	99
102	100
101	100
101	99
95	99
95	98
94	98
94	99
93	99
93	98
81	98
81	97
80	97
80	98
79	98
79	97
78	97
78	98
74	98
74	97
72	97
72	96
71	96
71	97
69	97
69	96
66	96
66	95
61	95
61	94
60	94
60	95
59	95
59	94
57	94
57	95
54	95
54	96
52	96
52	97
51	97
51	99
52	99
52	100
57	100
57	101
62	101
62	102
63	102
63	101
65	101
65	102
67	102
67	103
70	103
70	104
83	104
83	105
95	105
95	106
97	106
97	105
98	105
98	106
108	106
108	107
118	107
118	106
123	106
123	105
124	105
124	106
126	106
126	105
137	105
137	106
138	106
138	108
139	108
139	114
140	114
140	117
139	117
139	126
138	126
138	132
137	132
137	134
138	134
138	136
137	136
137	171
138	171
138	172
137	172
137	173
138	173
138	184
139	184
139	187
138	187
138	190
142	190
142	192
143	192
143	191
150	191
150	192
151	192
151	191
155	191
155	192
159	192
159	193
160	193
160	192
161	192
161	193
162	193
162	194
163	194
163	196
164	196
164	199
165	199
165	200
166	200
166	201
170	201
170	202
172	202
172	204
173	204
173	207
174	207
174	209
177	209
177	210
181	210
181	209
182	209
182	210
189	210
189	211
191	211
191	212
192	212
192	213
198	213
198	214
199	214
199	215
201	215
201	216
202	216
202	218
203	218
203	221
204	221
204	222
207	222
207	223
208	223
208	222
210	222
210	223
214	223
214	224
215	224
215	225
216	225
216	226
217	226
217	233
218	233
218	237
220	237
220	238
222	238
222	239
225	239
225	240
226	240
226	239
229	239
229	240
231	240
231	247
232	247
232	249
236	249
236	250
238	250
238	249
244	249
244	250
250	250
250	251
252	251
252	250
255	250
255	252
256	252
256	253
257	253
257	254
256	254
256	256
255	256
255	257
254	257
254	263
253	263
253	269
254	269
254	270
253	270
253	272
252	272
252	274
253	274
253	278
254	278
254	284
255	284
255	286
256	286
256	285
257	285
257	286
263	286
263	287
266	287
266	290
265	290
265	294
264	294
264	295
265	295
265	297
266	297
266	298
268	298
268	299
272	299
272	300
273	300
273	299
274	299
274	300
278	300
278	301
279	301
279	303
280	303
280	305
281	305
281	306
283	306
283	305
284	305
284	306
288	306
288	305
290	305
290	304
291	304
291	303
297	303
297	302
300	302
300	301
302	301
302	300
303	300
303	301
316	301
316	302
321	302
321	303
333	303
333	302
335	302
335	300
337	300
337	299
339	299
339	296
340	296
340	295
341	295
341	293
342	293
342	292
343	292
343	286
344	286
344	283
345	283
345	281
346	281
346	279
347	279
347	275
349	275
349	274
350	274
350	273
351	273
351	269
352	269
352	268
353	268
353	266
354	266
354	265
355	265
355	264
359	264
359	263
360	263
360	264
361	264
361	265
362	265
362	264
363	264
363	265
367	265
367	266
370	266
370	267
372	267
372	268
373	268
373	267
379	267
379	266
390	266
390	267
392	267
392	268
393	268
393	272
392	272
392	275
391	275
391	286
390	286
390	312
389	312
389	331
388	331
388	344
387	344
387	351
386	351
386	355
387	355
387	356
386	356
386	360
385	360
385	361
386	361
386	368
385	368
385	373
386	373
386	374
393	374
393	373
394	373
394	374
395	374
395	373
397	373
397	374
398	374
398	375
400	375
400	378
399	378
399	381
398	381
398	384
397	384
397	385
398	385
398	388
397	388
397	391
398	391
398	392
397	392
397	410
396	410
396	416
395	416
395	417
396	417
396	424
395	424
395	427
396	427
396	428
397	428
397	429
398	429
398	428
406	428
406	427
411	427
411	428
412	428
412	429
413	429
413	430
414	430
414	431
415	431
415	432
416	432
416	433
417	433
417	434
418	434
418	445
417	445
417	447
418	447
418	449
417	449
417	455
416	455
416	460
415	460
415	465
414	465
414	472
413	472
413	474
414	474
414	475
415	475
415	476
425	476
425	477
427	477
427	478
428	478
428	477
430	477
430	478
433	478
433	479
435	479
435	480
436	480
436	481
437	481
437	482
438	482
438	483
442	483
442	484
443	484
443	485
444	485
444	484
447	484
447	485
448	485
448	486
450	486
450	487
454	487
454	486
459	486
459	485
465	485
465	484
467	484
467	483
468	483
468	482
469	482
469	479
470	479
470	478
471	478
471	467
472	467
472	460
473	460
473	458
486	458
486	459
487	459
487	460
488	460
488	461
489	461
489	462
490	462
490	463
491	463
491	464
493	464
493	463
494	463
494	464
497	464
497	465
501	465
501	466
502	466
502	467
503	467
503	468
504	468
504	469
508	469
508	470
512	470
512	469
513	469
513	468
514	468
514	465
515	465
515	463
516	463
516	461
517	461
517	460
519	460
519	459
520	459
520	457
521	457
521	456
522	456
522	454
523	454
523	452
526	452
526	451
528	451
528	452
530	452
530	451
531	451
531	452
533	452
533	453
536	453
536	455
537	455
537	459
538	459
538	460
539	460
539	462
540	462
540	463
541	463
541	465
542	465
542	466
543	466
543	467
544	467
544	469
548	469
548	470
553	470
553	469
554	469
554	468
555	468
555	467
556	467
556	466
558	466
558	465
560	465
560	464
563	464
563	462
565	462
565	461
566	461
566	457
567	457
567	454
568	454
568	452
569	452
569	442
570	442
570	430
571	430
571	424
572	424
572	414
571	414
571	413
572	413
572	408
571	408
571	399
570	399
570	397
571	397
571	395
572	395
572	390
573	390
573	389
574	389
574	388
575	388
575	387
576	387
576	385
577	385
577	384
578	384
578	382
579	382
579	381
580	381
580	380
581	380
581	379
582	379
582	378
583	378
583	377
584	377
584	376
585	376
585	375
589	375
589	373
591	373
591	372
592	372
592	373
596	373
596	372
601	372
601	373
603	373
603	374
605	374
605	373
606	373
606	374
608	374
608	373
610	373
610	374
614	374
614	375
615	375
615	374
616	374
616	375
620	375
620	376
624	376
624	375
625	375
625	376
627	376
627	377
628	377
628	378
627	378
627	380
626	380
626	381
625	381
625	382
624	382
624	383
623	383
623	390
622	390
622	395
621	395
621	407
622	407
622	417
623	417
623	421
624	421
624	422
626	422
626	425
627	425
627	426
626	426
626	427
629	427
629	428
631	428
631	429
636	429
636	430
638	430
638	431
639	431
639	433
640	433
640	435
641	435
641	436
642	436
642	438
643	438
643	440
644	440
644	441
645	441
645	443
646	443
646	445
647	445
647	446
648	446
648	447
653	447
653	448
654	448
654	449
655	449
655	451
656	451
656	454
657	454
657	455
658	455
658	454
661	454
661	455
666	455
666	456
669	456
669	455
670	455
670	456
672	456
672	458
674	458
674	459
675	459
675	460
676	460
676	461
682	461
682	462
683	462
683	463
684	463
684	464
685	464
685	465
686	465
686	466
689	466
689	467
696	467
696	468
708	468
708	467
711	467
711	468
712	468
712	467
718	467
718	466
720	466
720	465
723	465
723	464
730	464
730	463
733	463
733	462
735	462
735	461
740	461
740	462
741	462
741	461
742	461
742	462
746	462
746	466
745	466
745	470
746	470
746	471
745	471
745	483
744	483
744	484
745	484
745	490
746	490
746	491
745	491
745	497
746	497
746	506
747	506
747	510
746	510
746	513
747	513
747	514
746	514
746	519
747	519
747	520
746	520
1215	630
1214	630
1214	632
1213	632
1213	636
1212	636
1212	644
1211	644
1211	646
1212	646
1212	647
1211	647
1211	648
1210	648
1210	649
1209	649
1209	650
1208	650
1208	651
1207	651
1207	652
1206	652
1206	653
1187	653
1187	652
1181	652
1181	651
1180	651
1180	652
1178	652
1178	651
1174	651
1174	650
1173	650
1173	651
1169	651
1169	650
1166	650
1166	649
1161	649
1161	648
1154	648
1154	647
1152	647
1152	646
1151	646
1151	645
1150	645
1150	642
1149	642
1149	641
1148	641
1148	639
1147	639
1147	638
1146	638
1146	637
1145	637
1145	635
1144	635
1144	634
1143	634
1143	633
1142	633
1142	632
1140	632
1140	631
1137	631
1137	630
1134	630
1134	629
1131	629
1131	628
1129	628
1129	627
1127	627
1127	626
1125	626
1125	625
1123	625
1123	622
1122	622
1122	617
1123	617
1123	615
1124	615
1124	611
1125	611
1125	606
1126	606
1126	599
1127	599
1127	597
1128	597
1128	596
1127	596
1127	593
1128	593
1128	589
1129	589
1129	583
1130	583
1130	579
1131	579
1131	566
1132	566
1132	557
1133	557
1133	556
1132	556
1132	547
1131	547
1131	546
1132	546
1132	527
1131	527
1131	526
1132	526
1132	505
1133	505
1133	496
1134	496
1134	495
1133	495
1133	494
1134	494
1134	490
1135	490
1135	477
1134	477
1134	476
1135	476
1135	472
1136	472
1136	465
1139	465
1139	466
1138	466
1138	474
1137	474
1137	476
1138	476
1138	478
1137	478
1137	479
1138	479
1138	480
1137	480
1137	481
1138	481
1138	487
1137	487
1137	494
1136	494
1136	503
1135	503
1135	514
1134	514
1134	519
1135	519
1135	520
1134	520
1134	524
1135	524
1135	525
1134	525
1134	529
1135	529
1135	530
1134	530
1134	532
1135	532
1135	543
1134	543
1134	547
1135	547
1135	567
1134	567
1134	573
1133	573
1133	574
1134	574
1134	583
1133	583
1133	584
1134	584
1134	591
1133	591
1133	595
1132	595
1132	599
1131	599
1131	604
1130	604
1130	607
1131	607
1131	608
1130	608
1130	610
1129	610
1129	613
1128	613
1128	614
1127	614
1127	615
1128	615
1128	618
1129	618
1129	619
1130	619
1130	620
1132	620
1132	621
1133	621
1133	622
1137	622
1137	623
1140	623
1140	624
1142	624
1142	626
1143	626
1143	629
1146	629
1146	630
1147	630
1147	631
1148	631
1148	632
1149	632
1149	634
1150	634
1150	635
1151	635
1151	636
1152	636
1152	637
1153	637
1153	639
1154	639
1154	640
1159	640
1159	641
1162	641
1162	642
1168	642
1168	643
1173	643
1173	644
1179	644
1179	645
1185	645
1185	646
1189	646
1189	647
1195	647
1195	648
1196	648
1196	647
1202	647
1202	646
1204	646
1204	644
1206	644
1206	642
1205	642
1205	640
1206	640
1206	639
1207	639
1207	634
1208	634
1208	633
1207	633
1207	632
1208	632
1208	629
1209	629
1209	627
1210	627
1210	624
1212	624
1212	623
1213	623
1213	622
1214	622
1214	619
1215	619
1215	617
1216	617
1216	615
1217	615
1217	614
1218	614
1218	612
1219	612
1219	611
1220	611
1220	609
1226	609
1226	606
1227	606
1227	604
1228	604
1228	597
1229	597
1229	590
1230	590
1230	589
1229	589
1229	585
1230	585
1230	581
1229	581
1229	574
1230	574
1230	563
1231	563
1231	552
1230	552
1230	551
1231	551
1231	541
1230	541
1230	533
1231	533
1231	513
1230	513
1230	509
1231	509
1231	504
1232	504
1232	502
1233	502
1233	494
1234	494
1234	490
1233	490
1233	489
1234	489
1234	477
1233	477
1233	475
1234	475
1234	473
1233	473
1233	466
1234	466
1234	464
1233	464
1233	460
1234	460
1234	456
1233	456
1233	449
1232	449
1232	445
1233	445
1233	436
1234	436
1234	432
1235	432
1235	430
1236	430
1236	427
1235	427
1235	426
1236	426
1236	422
1237	422
1237	418
1238	418
1238	416
1239	416
1239	415
1240	415
1240	414
1243	414
1243	415
1246	415
1246	416
1255	416
1255	417
1257	417
1257	416
1259	416
1259	415
1260	415
1260	414
1262	414
1262	413
1264	413
1264	412
1265	412
1265	413
1268	413
1268	412
1283	412
1283	411
1284	411
1284	413
1285	413
1285	414
1286	414
1286	415
1287	415
1287	418
1288	418
1288	423
1289	423
1289	424
1290	424
1290	426
1291	426
1291	427
1290	427
1290	434
1291	434
1291	437
1292	437
1292	446
1293	446
1293	452
1292	452
1292	454
1293	454
1293	462
1292	462
1292	463
1291	463
1291	469
1290	469
1290	478
1289	478
1289	480
1288	480
1288	485
1287	485
1287	486
1288	486
1288	487
1287	487
1287	496
1286	496
1286	499
1290	499
1290	500
1291	500
1291	499
1293	499
1293	500
1295	500
1295	499
1296	499
1296	500
1297	500
1297	499
1298	499
1298	500
1299	500
1299	499
1301	499
1301	500
1308	500
1308	499
1313	499
1313	500
1327	500
1327	501
1330	501
1330	502
1333	502
1333	503
1338	503
1338	504
1349	504
1349	505
1350	505
1350	506
1355	506
1355	507
1357	507
1357	508
1360	508
1360	509
1361	509
1361	510
1364	510
1364	511
1369	511
1369	512
1371	512
1371	513
1373	513
1373	514
1376	514
1376	513
1377	513
1377	515
1382	515
1382	516
1383	516
1383	515
1384	515
1384	516
1391	516
1391	515
1392	515
1392	516
1401	516
1401	515
1411	515
1411	516
1417	516
1417	515
1418	515
1418	516
1419	516
1419	515
1423	515
1423	514
1425	514
1425	513
1434	513
1434	512
1435	512
1435	513
1436	513
1436	512
1438	512
1438	513
1455	513
1455	514
1465	514
1465	513
1467	513
1467	512
1471	512
1471	513
1472	513
1472	512
1473	512
1473	513
1475	513
1475	514
1478	514
1478	515
1490	515
1490	514
1495	514
1495	513
1500	513
1500	512
1501	512
1501	511
1502	511
1502	512
1503	512
1503	511
1505	511
1505	510
1507	510
1507	509
1508	509
1508	508
1509	508
1509	507
1511	507
1511	506
1512	506
1512	505
1514	505
1514	504
1515	504
1515	503
1516	503
1516	501
1517	501
1517	499
1518	499
1518	498
1519	498
1519	496
1520	496
1520	493
1521	493
1521	481
1522	481
1522	471
1521	471
1521	470
1523	470
1523	464
1524	464
1524	463
1523	463
1523	456
1524	456
1524	454
1523	454
1523	452
1524	452
1524	440
1525	440
1525	434
1526	434
1526	428
1528	428
1528	426
1529	426
1529	425
1531	425
1531	424
1532	424
1532	423
1534	423
1534	422
1536	422
1536	421
1537	421
1537	419
1538	419
1538	418
1539	418
1539	416
1540	416
1540	415
1541	415
1541	414
1542	414
1542	413
1545	413
1545	414
1546	414
1546	413
1553	413
1553	414
1563	414
1563	416
1564	416
1564	417
1566	417
1566	418
1568	418
1568	419
1569	419
1569	420
1570	420
1570	421
1571	421
1571	422
1572	422
1572	423
1575	423
1575	424
1576	424
1576	423
1577	423
1577	424
1578	424
1578	423
1580	423
1580	424
1585	424
1585	425
1587	425
1587	424
1588	424
1588	425
1596	425
1596	424
1600	424
1600	423
1602	423
1602	421
1604	421
1604	420
1605	420
1605	419
1606	419
1606	418
1608	418
1608	417
1609	417
1609	416
1611	416
1611	414
1613	414
1613	413
1614	413
1614	409
1615	409
1615	408
1616	408
1616	407
1617	407
1617	406
1618	406
1618	404
1619	404
1619	401
1620	401
1620	400
1621	400
1621	398
1622	398
1622	397
1623	397
1623	395
1624	395
1624	393
1626	393
1626	392
1627	392
1627	390
1628	390
1628	389
1629	389
1629	388
1631	388
1631	387
1633	387
1633	386
1635	386
1635	385
1636	385
1636	383
1637	383
1637	381
1638	381
1638	379
1639	379
1639	373
1640	373
1640	372
1641	372
1641	370
1642	370
1642	369
1643	369
1643	368
1645	368
1645	366
1647	366
1647	365
1650	365
1650	364
1651	364
1651	363
1655	363
1655	362
1656	362
1656	363
1661	363
1661	362
1665	362
1665	363
1666	363
1666	364
1667	364
1667	365
1668	365
1668	366
1669	366
1669	367
1670	367
1670	368
1671	368
1671	370
1673	370
1673	372
1674	372
1674	373
1675	373
1675	376
1676	376
1676	377
1677	377
1677	378
1678	378
1678	381
1679	381
1679	384
1680	384
1680	386
1681	386
1681	387
1682	387
1682	402
1681	402
1681	407
1680	407
1680	411
1679	411
1679	418
1678	418
1678	424
1679	424
1679	428
1678	428
1678	432
1679	432
1679	454
1678	454
1678	455
1683	455
1683	456
1690	456
1690	457
1693	457
1693	456
1697	456
1697	455
1700	455
1700	454
1701	454
1701	453
1702	453
1702	454
1703	454
1703	453
1734	453
1734	452
1735	452
1735	453
1736	453
1736	452
1737	452
1737	451
1738	451
1738	450
1737	450
1737	442
1738	442
1738	432
1739	432
1739	431
1738	431
1738	417
1737	417
1737	412
1738	412
1738	411
1737	411
1737	410
1738	410
1738	406
1737	406
1737	402
1736	402
1736	401
1737	401
1737	398
1736	398
1736	393
1735	393
1735	388
1734	388
1734	387
1735	387
1735	386
1734	386
1734	381
1735	381
1735	380
1733	380
1733	376
1734	376
1734	373
1735	373
1735	370
1736	370
1736	364
1737	364
1737	360
1738	360
1738	353
1737	353
1737	344
1736	344
1736	343
1737	343
1737	336
1738	336
1738	333
1739	333
1739	326
1740	326
1740	324
1741	324
1741	322
1742	322
1742	320
1743	320
1743	319
1744	319
1744	318
1745	318
1745	317
1746	317
1746	316
1747	316
1747	315
1749	315
1749	314
1752	314
1752	315
1760	315
1760	316
1762	316
1762	317
1763	317
1763	318
1766	318
1766	319
1771	319
1771	320
1776	320
1776	319
1784	319
1784	320
1789	320
1789	321
1790	321
1790	322
1792	322
1792	323
1793	323
1793	325
1794	325
1794	326
1795	326
1795	327
1796	327
1796	328
1797	328
1797	330
1798	330
1798	332
1803	332
1803	333
1815	333
1815	334
1816	334
1816	333
1818	333
1818	334
1820	334
1820	335
1821	335
1821	338
1822	338
1822	339
1823	339
1823	340
1824	340
1824	342
1826	342
1826	343
1827	343
1827	344
1829	344
1829	346
1830	346
1830	347
1831	347
1831	349
1832	349
1832	350
1833	350
1833	351
1834	351
1834	352
1835	352
1835	354
1836	354
1836	356
1837	356
1837	359
1838	359
1838	360
1840	360
1840	361
1841	361
1841	360
1843	360
1843	361
1851	361
1851	362
1858	362
1858	361
1867	361
1867	360
1868	360
1868	359
1871	359
1871	358
1877	358
1877	357
1880	357
1880	356
1881	356
1881	357
1883	357
1883	356
1884	356
1884	355
1888	355
1888	354
1889	354
1889	353
1891	353
1891	352
1892	352
1892	351
1893	351
1893	350
1895	350
1895	349
1897	349
1897	346
1899	346
1899	345
1900	345
1900	344
1901	344
1901	343
1902	343
1902	341
1903	341
1903	340
1904	340
1904	338
1905	338
1905	336
1906	336
1906	335
1907	335
1907	332
1908	332
1908	329
1909	329
1909	319
1908	319
1908	318
1909	318
1909	296
1908	296
1908	293
1907	293
1907	292
1908	292
1908	283
1907	283
1907	282
1908	282
1908	280
1909	280
1909	278
1908	278
1908	277
1909	277
1909	274
1908	274
1908	271
1907	271
1907	270
1906	270
1906	267
1905	267
1905	265
1904	265
1904	262
1903	262
1903	259
1902	259
1902	258
1901	258
1901	247
1900	247
1900	245
1899	245
1899	243
1898	243
1898	233
1897	233
1897	217
1896	217
1896	212
1897	212
1897	211
1896	211
1896	210
1897	210
1897	204
1898	204
1898	200
1899	200
1899	197
1901	197
1901	196
1905	196
1905	197
1908	197
1908	198
1910	198
1910	197
1911	197
1911	198
1917	198
1917	199
1921	199
1921	198
1923	198
1923	199
1924	199
1924	198
1925	198
1925	199
1931	199
1931	200
1937	200
1937	201
1938	201
1938	202
1939	202
1939	203
1940	203
1940	204
1943	204
1943	205
1945	205
1945	207
1946	207
1946	208
1947	208
1947	210
1948	210
1948	211
1951	211
1951	210
1953	210
1953	211
1961	211
1961	212
1962	212
1962	213
1965	213
1965	214
1969	214
1969	215
1975	215
1975	216
1977	216
1977	217
1979	217
1979	218
1980	218
1980	221
1981	221
1981	223
1982	223
1982	224
1983	224
1983	225
1984	225
1984	226
1985	226
1985	227
1986	227
1986	230
1988	230
1988	231
1989	231
1989	232
1993	232
1993	233
1997	233
1997	234
1998	234
1998	235
1999	235
1999	236
2000	236
2000	238
2001	238
2001	241
2002	241
2002	251
2004	251
2004	254
2005	254
2005	256
2006	256
2006	258
2007	258
2007	260
2008	260
2008	262
2009	262
2009	265
2010	265
2010	267
2011	267
2011	268
2012	268
2012	269
2013	269
2013	270
2014	270
2014	271
2015	271
2015	273
2016	273
2016	275
2017	275
2017	276
2018	276
2018	278
2019	278
2019	281
2020	281
2020	283
2023	283
2023	284
2029	284
2029	285
2030	285
2030	284
2032	284
2032	283
2033	283
2033	282
2034	282
2034	283
2035	283
2035	284
2039	284
2039	282
2042	282
2042	281
2045	281
2045	280
2047	280
2047	279
2049	279
2049	278
2050	278
2050	279
2051	279
2051	278
2053	278
2053	277
2056	277
2056	276
2059	276
2059	275
2062	275
2062	274
2064	274
2064	273
2068	273
2068	272
2071	272
2071	271
2073	271
2073	270
2076	270
2076	269
2079	269
2079	268
2082	268
2082	267
2085	267
2085	266
2087	266
2087	267
2088	267
2088	266
2090	266
2090	265
2092	265
2092	264
2093	264
2093	263
2094	263
2094	261
2096	261
2096	257
2097	257
2097	256
2098	256
2098	251
2099	251
2099	249
2100	249
2100	246
2101	246
2101	240
2102	240
2102	237
2103	237
2103	233
2104	233
2104	223
2105	223
2105	218
2106	218
2106	212
2107	212
2107	206
2108	206
2108	204
2107	204
2107	203
2108	203
2108	195
2109	195
2109	190
2110	190
2110	181
2111	181
2111	169
2112	169
2112	168
2111	168
2111	167
2112	167
2112	161
2113	161
2113	157
2114	157
2114	156
2115	156
2115	152
2116	152
2116	149
2117	149
2117	144
2118	144
2118	138
2117	138
2117	133
2116	133
2116	131
2115	131
2115	125
2116	125
2116	120
2117	120
2117	117
2118	117
2118	115
2119	115
2119	113
2120	113
2120	112
2121	112
2121	107
2122	107
2122	105
2123	105
2123	102
2124	102
2124	98
2125	98
2125	97
2124	97
2124	95
2125	95
2125	91
2126	91
2126	90
2127	90
2127	89
2128	89
2128	88
2129	88
2129	89
2130	89
2130	88
2131	88
2131	87
2134	87
2134	89
2135	89
2135	91
2136	91
2136	92
2135	92
2135	93
2134	93
2134	94
2133	94
2133	95
2132	95
2132	97
2131	97
2131	99
2130	99
2130	102
2129	102
2129	104
2128	104
2128	106
2127	106
2127	107
2128	107
2128	108
2127	108
2127	111
2126	111
2126	116
2125	116
2125	119
2124	119
2124	121
2123	121
2123	123
2122	123
2122	126
2123	126
2123	134
2124	134
2124	136
2125	136
2125	138
2124	138
2124	146
2123	146
2123	151
2122	151
2122	153
2121	153
2121	157
2120	157
2120	161
2119	161
2119	162
2120	162
2120	163
2119	163
2119	166
2118	166
2118	178
2117	178
2117	185
2116	185
2116	187
2117	187
2117	188
2116	188
2116	192
2115	192
2115	195
2114	195
2114	199
2113	199
2113	206
2114	206
2114	208
2113	208
2113	212
2112	212
2112	223
2111	223
2111	230
2110	230
2110	233
2109	233
2109	234
2110	234
2110	235
2109	235
2109	239
2108	239
2108	245
2107	245
2107	248
2106	248
2106	250
2105	250
2105	253
2104	253
2104	255
2103	255
2103	260
2102	260
2102	263
2101	263
2101	266
2100	266
2100	268
2099	268
2099	270
2095	270
2095	271
2092	271
2092	272
2086	272
2086	273
2084	273
2084	274
2079	274
2079	275
2077	275
2077	276
2074	276
2074	277
2072	277
2072	278
2069	278
2069	279
2066	279
2066	280
2063	280
2063	281
2060	281
2060	282
2058	282
2058	283
2056	283
2056	284
2053	284
2053	285
2049	285
2049	286
2047	286
2047	287
2044	287
2044	288
2041	288
2041	289
2039	289
2039	290
2030	290
2030	292
2029	292
2029	291
2028	291
2028	290
2015	290
2015	289
2014	289
2014	286
2013	286
2013	285
2014	285
2014	280
2012	280
2012	277
2011	277
2011	275
2009	275
2009	274
2008	274
2008	273
2006	273
2006	271
2005	271
2005	269
2004	269
2004	263
2003	263
2003	262
2002	262
2002	260
2001	260
2001	259
2000	259
2000	258
1998	258
1998	256
1997	256
1997	247
1996	247
1996	244
1995	244
1995	242
1994	242
1994	240
1991	240
1991	239
1990	239
1990	240
1989	240
1989	239
1985	239
1985	238
1984	238
1984	237
1983	237
1983	236
1982	236
1982	234
1981	234
1981	233
1980	233
1980	231
1978	231
1978	230
1977	230
1977	229
1976	229
1976	228
1975	228
1975	226
1974	226
1974	223
1971	223
1971	222
1966	222
1966	221
1962	221
1962	220
1960	220
1960	219
1959	219
1959	217
1958	217
1958	218
1954	218
1954	217
1953	217
1953	218
1952	218
1952	217
1950	217
1950	218
1949	218
1949	217
1947	217
1947	216
1945	216
1945	217
1944	217
1944	216
1943	216
1943	215
1942	215
1942	211
1941	211
1941	210
1940	210
1940	209
1938	209
1938	208
1937	208
1937	207
1924	207
1924	206
1918	206
1918	205
1917	205
1917	206
1910	206
1910	204
1904	204
1904	206
1903	206
1903	227
1904	227
1904	229
1903	229
1903	230
1904	230
1904	236
1905	236
1905	237
1904	237
1904	239
1905	239
1905	241
1906	241
1906	246
1907	246
1907	252
1908	252
1908	256
1909	256
1909	258
1910	258
1910	262
1911	262
1911	264
1912	264
1912	267
1913	267
1913	269
1914	269
1914	274
1915	274
1915	278
1914	278
1914	283
1915	283
1915	286
1914	286
1914	292
1915	292
1915	295
1914	295
1914	296
1915	296
1915	315
1914	315
1914	316
1915	316
1915	329
1914	329
1914	332
1913	332
1913	337
1912	337
1912	338
1911	338
1911	341
1910	341
1910	342
1909	342
1909	343
1908	343
1908	345
1907	345
1907	347
1906	347
1906	348
1905	348
1905	349
1904	349
1904	350
1903	350
1903	352
1902	352
1902	353
1900	353
1900	354
1899	354
1899	355
1898	355
1898	356
1896	356
1896	357
1895	357
1895	358
1893	358
1893	359
1892	359
1892	360
1889	360
1889	361
1886	361
1886	362
1884	362
1884	363
1878	363
1878	364
1876	364
1876	363
1874	363
1874	365
1871	365
1871	366
1868	366
1868	367
1867	367
1867	368
1864	368
1864	369
1861	369
1861	368
1849	368
1849	367
1847	367
1847	368
1838	368
1838	367
1834	367
1834	364
1833	364
1833	363
1834	363
1834	362
1833	362
1833	359
1832	359
1832	358
1831	358
1831	355
1830	355
1830	354
1829	354
1829	352
1828	352
1828	351
1827	351
1827	350
1826	350
1826	349
1825	349
1825	347
1824	347
1824	345
1822	345
1822	344
1821	344
1821	343
1820	343
1820	342
1819	342
1819	341
1815	341
1815	340
1809	340
1809	339
1807	339
1807	340
1799	340
1799	341
1797	341
1797	339
1795	339
1795	338
1794	338
1794	337
1795	337
1795	336
1794	336
1794	335
1793	335
1793	333
1792	333
1792	332
1790	332
1790	330
1788	330
1788	328
1785	328
1785	327
1778	327
1778	328
1777	328
1777	327
1771	327
1771	326
1764	326
1764	325
1762	325
1762	324
1761	324
1761	323
1756	323
1756	322
1749	322
1749	323
1748	323
1748	325
1747	325
1747	326
1746	326
1746	328
1745	328
1745	335
1744	335
1744	337
1743	337
1743	339
1744	339
1744	340
1743	340
1743	350
1744	350
1744	355
1745	355
1745	359
1744	359
1744	363
1743	363
1743	368
1744	368
1744	369
1743	369
1743	370
1742	370
1742	373
1741	373
1741	376
1740	376
1740	379
1739	379
1739	381
1740	381
1740	386
1741	386
1741	391
1742	391
1742	393
1743	393
1743	402
1744	402
1744	425
1745	425
1745	426
1744	426
1744	427
1745	427
1745	428
1744	428
1744	429
1745	429
1745	435
1744	435
1744	436
1743	436
1743	437
1744	437
1744	439
1745	439
1745	440
1744	440
1744	452
1752	452
1752	455
1753	455
1753	456
1752	456
1752	459
1750	459
1750	460
1749	460
1749	461
1746	461
1746	462
1741	462
1741	461
1740	461
1740	459
1739	459
1739	458
1736	458
1736	459
1727	459
1727	460
1726	460
1726	459
1725	459
1725	460
1707	460
1707	461
1702	461
1702	462
1699	462
1699	463
1698	463
1698	464
1688	464
1688	463
1677	463
1677	464
1675	464
1675	463
1673	463
1673	462
1672	462
1672	453
1673	453
1673	450
1672	450
1672	448
1673	448
1673	447
1672	447
1672	445
1673	445
1673	442
1672	442
1672	439
1673	439
1673	437
1672	437
1672	433
1673	433
1673	419
1674	419
1674	413
1675	413
1675	407
1676	407
1676	404
1675	404
1675	394
1676	394
1676	392
1675	392
1675	390
1674	390
1674	387
1673	387
1673	385
1672	385
1672	383
1671	383
1671	381
1670	381
1670	380
1669	380
1669	376
1668	376
1668	375
1667	375
1667	374
1666	374
1666	372
1664	372
1664	370
1653	370
1653	371
1652	371
1652	372
1649	372
1649	373
1648	373
1648	374
1647	374
1647	375
1646	375
1646	376
1645	376
1645	380
1644	380
1644	384
1642	384
1642	386
1641	386
1641	388
1640	388
1640	390
1639	390
1639	391
1638	391
1638	392
1637	392
1637	393
1635	393
1635	394
1634	394
1634	395
1632	395
1632	396
1631	396
1631	398
1630	398
1630	399
1629	399
1629	401
1627	401
1627	403
1626	403
1626	405
1625	405
1625	407
1624	407
1624	410
1623	410
1623	412
1621	412
1621	414
1620	414
1620	416
1619	416
1619	417
1618	417
1618	418
1617	418
1617	419
1616	419
1616	420
1615	420
1615	421
1613	421
1613	423
1612	423
1612	425
1609	425
1609	426
1607	426
1607	427
1606	427
1606	428
1605	428
1605	429
1604	429
1604	430
1597	430
1597	431
1594	431
1594	432
1585	432
1585	431
1579	431
1579	430
1572	430
1572	429
1570	429
1570	428
1569	428
1569	427
1568	427
1568	426
1567	426
1567	424
1566	424
1566	423
1565	423
1565	422
1563	422
1563	421
1558	421
1558	420
1557	420
1557	421
1545	421
1545	420
1544	420
1544	421
1543	421
1543	422
1542	422
1542	424
1541	424
1541	426
1540	426
1540	428
1539	428
1539	429
1538	429
1538	430
1537	430
1537	431
1533	431
1533	433
1532	433
1532	436
1531	436
1531	446
1530	446
1530	448
1529	448
1529	449
1530	449
1530	453
1529	453
1529	455
1530	455
1530	464
1529	464
1529	465
1530	465
1530	466
1529	466
1529	475
1528	475
1528	482
1527	482
1527	484
1528	484
1528	488
1527	488
1527	495
1526	495
1526	499
1525	499
1525	500
1524	500
1524	502
1523	502
1523	503
1522	503
1522	505
1521	505
1521	506
1520	506
1520	508
1519	508
1519	510
1518	510
1518	511
1517	511
1517	512
1513	512
1513	513
1512	513
1512	514
1511	514
1511	515
1508	515
1508	516
1506	516
1506	517
1503	517
1503	518
1500	518
1500	519
1495	519
1495	520
1493	520
1493	521
1478	521
1478	520
1468	520
1468	521
1466	521
1466	522
1465	522
1465	523
1464	523
1464	522
1463	522
1463	521
1459	521
1459	520
1458	520
1458	521
1447	521
1447	520
1445	520
1445	521
1446	521
1446	522
1447	522
1447	523
1449	523
1449	524
1452	524
1452	525
1453	525
1453	526
1455	526
1455	527
1457	527
1457	528
1459	528
1459	529
1462	529
1462	530
1466	530
1466	531
1468	531
1468	532
1472	532
1472	533
1476	533
1476	534
1477	534
1477	536
1478	536
1478	539
1479	539
1479	540
1477	540
1477	542
1476	542
1476	543
1474	543
1474	542
1473	542
1473	541
1472	541
1472	540
1470	540
1470	539
1469	539
1469	538
1467	538
1467	537
1464	537
1464	536
1460	536
1460	535
1458	535
1458	534
1456	534
1456	533
1453	533
1453	532
1451	532
1451	531
1449	531
1449	530
1447	530
1447	529
1445	529
1445	528
1444	528
1444	527
1442	527
1442	525
1439	525
1439	524
1435	524
1435	525
1432	525
1432	527
1431	527
1431	526
1429	526
1429	527
1428	527
1428	529
1427	529
1427	530
1426	530
1426	531
1424	531
1424	532
1423	532
1423	533
1421	533
1421	534
1420	534
1420	535
1418	535
1418	539
1417	539
1417	540
1413	540
1413	539
1412	539
1412	538
1411	538
1411	537
1410	537
1410	533
1411	533
1411	532
1412	532
1412	531
1413	531
1413	530
1416	530
1416	529
1418	529
1418	528
1420	528
1420	527
1421	527
1421	526
1422	526
1422	525
1423	525
1423	524
1424	524
1424	525
1425	525
1425	524
1426	524
1426	522
1429	522
1429	521
1430	521
1430	520
1424	520
1424	521
1421	521
1421	522
1420	522
1420	521
1419	521
1419	522
1413	522
1413	521
1409	521
1409	522
1405	522
1405	523
1402	523
1402	524
1400	524
1400	523
1397	523
1397	524
1395	524
1395	523
1386	523
1386	522
1380	522
1380	521
1379	521
1379	520
1374	520
1374	519
1372	519
1372	518
1370	518
1370	517
1365	517
1365	516
1362	516
1362	515
1360	515
1360	514
1357	514
1357	513
1354	513
1354	512
1350	512
1350	511
1347	511
1347	510
1346	510
1346	511
1345	511
1345	510
1340	510
1340	509
1333	509
1333	508
1331	508
1331	507
1330	507
1330	508
1327	508
1327	507
1325	507
1325	506
1322	506
1322	507
1321	507
1321	506
1314	506
1314	505
1310	505
1310	506
1309	506
1309	507
1299	507
1299	506
1298	506
1298	507
1285	507
1285	508
1282	508
1282	507
1281	507
1281	506
1280	506
1280	502
1281	502
1281	499
1282	499
1282	491
1281	491
1281	490
1282	490
1282	483
1283	483
1283	478
1284	478
1284	476
1285	476
1285	471
1286	471
1286	464
1287	464
1287	463
1288	463
1288	461
1287	461
1287	460
1288	460
1288	454
1287	454
1287	441
1286	441
1286	436
1285	436
1285	434
1284	434
1284	429
1283	429
1283	424
1282	424
1282	422
1281	422
1281	421
1280	421
1280	420
1278	420
1278	419
1275	419
1275	420
1270	420
1270	419
1268	419
1268	420
1264	420
1264	421
1263	421
1263	422
1262	422
1262	423
1260	423
1260	424
1247	424
1247	423
1246	423
1246	422
1245	422
1245	423
1242	423
1242	424
1243	424
1243	431
1242	431
1242	433
1241	433
1241	434
1240	434
1240	438
1239	438
1239	440
1240	440
1240	441
1239	441
1239	449
1240	449
1240	465
1239	465
1239	466
1240	466
1240	468
1239	468
1239	472
1240	472
1240	474
1241	474
1241	475
1240	475
1240	477
1241	477
1241	479
1240	479
1240	488
1241	488
1241	491
1240	491
1240	495
1239	495
1239	500
1238	500
1238	501
1239	501
1239	502
1238	502
1238	507
1237	507
1237	516
1238	516
1238	520
1237	520
1237	551
1238	551
1238	553
1237	553
1237	564
1236	564
1236	579
1235	579
1235	583
1236	583
1236	586
1235	586
1235	594
1234	594
1234	603
1233	603
1233	606
1232	606
1232	608
1233	608
1233	609
1232	609
1232	610
1231	610
1231	612
1230	612
1230	614
1229	614
1229	615
1227	615
1227	616
1225	616
1225	617
1222	617
1222	619
1221	619
1221	621
1220	621
1220	623
1219	623
1219	625
1218	625
1218	626
1217	626
1217	627
1216	627
1216	628
1215	628
