117	176
120	176
120	177
121	177
121	178
122	178
122	179
124	179
124	180
126	180
126	181
127	181
127	185
128	185
128	187
129	187
129	189
134	189
134	190
137	190
137	191
138	191
138	193
141	193
141	192
143	192
143	193
144	193
144	194
145	194
145	196
144	196
144	198
143	198
143	199
142	199
142	200
141	200
141	203
140	203
140	206
139	206
139	209
138	209
138	210
139	210
139	211
138	211
138	221
139	221
139	227
140	227
140	228
146	228
146	227
147	227
147	228
153	228
153	227
154	227
154	228
156	228
156	229
157	229
157	228
158	228
158	229
159	229
159	228
161	228
161	229
168	229
168	228
169	228
169	229
175	229
175	228
176	228
176	229
182	229
182	230
184	230
184	231
186	231
186	233
191	233
191	235
192	235
192	236
193	236
193	237
196	237
196	238
197	238
197	239
199	239
199	240
200	240
200	241
202	241
202	242
203	242
203	244
204	244
204	245
205	245
205	247
206	247
206	249
207	249
207	251
206	251
206	255
205	255
205	259
204	259
204	261
203	261
203	267
202	267
202	272
208	272
208	273
209	273
209	274
210	274
210	275
212	275
212	276
214	276
214	277
215	277
215	279
216	279
216	285
217	285
217	288
220	288
220	289
229	289
229	288
230	288
230	289
234	289
234	288
236	288
236	287
239	287
239	286
245	286
245	285
246	285
246	284
249	284
249	283
252	283
252	282
253	282
253	281
254	281
254	279
255	279
255	278
256	278
256	277
257	277
257	276
258	276
258	274
259	274
259	272
260	272
260	271
264	271
264	272
267	272
267	273
268	273
268	274
269	274
269	275
271	275
271	276
272	276
272	277
273	277
273	280
274	280
274	282
275	282
275	283
277	283
277	288
278	288
278	290
279	290
279	291
280	291
280	297
281	297
281	302
282	302
282	312
281	312
281	314
282	314
282	315
281	315
281	318
280	318
280	319
279	319
279	325
278	325
278	327
277	327
277	328
276	328
276	330
277	330
277	337
278	337
278	340
279	340
279	342
282	342
282	343
284	343
284	344
285	344
285	347
286	347
286	348
287	348
287	349
289	349
289	351
290	351
290	352
301	352
301	353
309	353
309	354
311	354
311	356
312	356
312	358
314	358
314	359
316	359
316	361
317	361
317	365
318	365
318	366
319	366
319	368
321	368
321	370
323	370
323	371
324	371
324	372
325	372
325	373
327	373
327	375
329	375
329	376
330	376
330	377
332	377
332	378
336	378
336	379
338	379
338	378
339	378
339	379
341	379
341	380
355	380
355	379
356	379
356	380
357	380
357	381
364	381
364	382
367	382
367	383
370	383
370	384
371	384
371	385
373	385
373	386
374	386
374	387
375	387
375	388
382	388
382	387
383	387
383	388
391	388
391	387
392	387
392	384
393	384
393	382
394	382
394	379
395	379
395	378
396	378
396	377
397	377
397	376
398	376
398	375
399	375
399	374
404	374
404	373
405	373
405	374
409	374
409	375
410	375
410	374
412	374
412	375
416	375
416	376
419	376
419	377
421	377
421	376
431	376
431	377
433	377
433	378
434	378
434	379
436	379
436	378
439	378
439	377
441	377
441	378
443	378
443	379
444	379
444	380
445	380
445	381
447	381
447	382
448	382
448	383
449	383
449	384
450	384
450	385
451	385
451	386
458	386
458	387
466	387
466	388
467	388
467	387
470	387
470	388
474	388
474	389
478	389
478	390
480	390
480	391
482	391
482	392
484	392
484	393
485	393
485	392
490	392
490	391
491	391
491	392
492	392
492	391
494	391
494	390
496	390
496	389
500	389
500	388
504	388
504	387
505	387
505	386
506	386
506	385
507	385
507	384
508	384
508	382
509	382
509	380
510	380
510	370
509	370
509	368
510	368
510	364
511	364
511	362
512	362
512	361
513	361
513	360
514	360
514	359
516	359
516	358
517	358
517	357
519	357
519	358
524	358
524	359
535	359
535	358
536	358
536	360
538	360
538	363
541	363
541	362
542	362
542	363
543	363
543	364
542	364
542	367
543	367
543	368
540	368
540	372
541	372
541	374
542	374
542	377
543	377
543	389
544	389
544	391
545	391
545	395
544	395
544	396
547	396
547	397
550	397
550	396
551	396
551	397
553	397
553	398
554	398
554	397
555	397
555	398
557	398
557	399
561	399
561	400
565	400
565	401
566	401
566	400
567	400
567	401
578	401
578	400
580	400
580	401
581	401
581	400
584	400
584	399
585	399
585	398
589	398
589	396
594	396
594	395
596	395
596	394
597	394
597	395
598	395
598	394
603	394
603	393
605	393
605	394
607	394
607	393
615	393
615	394
618	394
618	393
621	393
621	392
622	392
622	391
623	391
623	390
624	390
624	387
625	387
625	386
626	386
626	385
627	385
627	386
629	386
629	388
630	388
630	385
631	385
631	381
632	381
632	376
633	376
633	375
634	375
634	374
635	374
635	372
641	372
641	371
644	371
644	370
647	370
647	369
649	369
649	368
651	368
651	367
652	367
652	368
654	368
654	369
655	369
655	368
660	368
660	367
669	367
669	366
673	366
673	367
680	367
680	368
685	368
685	369
690	369
690	370
691	370
691	371
694	371
694	372
695	372
695	373
696	373
696	374
699	374
699	376
701	376
701	377
702	377
702	380
703	380
703	381
704	381
704	382
705	382
705	383
704	383
704	384
703	384
703	387
702	387
702	388
703	388
703	396
704	396
704	400
705	400
705	403
706	403
706	404
708	404
708	405
711	405
711	404
712	404
712	405
717	405
717	404
720	404
720	403
724	403
724	402
726	402
726	403
727	403
727	402
728	402
728	401
729	401
729	400
731	400
731	399
732	399
732	397
733	397
733	396
734	396
734	395
737	395
737	394
751	394
751	393
760	393
760	392
761	392
761	391
762	391
762	390
763	390
763	387
764	387
764	384
765	384
765	375
764	375
764	367
763	367
763	362
762	362
762	358
761	358
761	348
762	348
762	347
761	347
761	345
762	345
762	343
763	343
763	342
764	342
764	340
765	340
765	338
767	338
767	337
769	337
769	336
770	336
770	335
771	335
771	334
772	334
772	333
775	333
775	332
778	332
778	331
782	331
782	330
786	330
786	329
787	329
787	330
788	330
788	329
790	329
790	328
793	328
793	327
798	327
798	326
801	326
801	325
803	325
803	324
804	324
804	325
806	325
806	324
812	324
812	323
813	323
813	322
814	322
814	323
816	323
816	324
820	324
820	323
822	323
822	322
824	322
824	323
826	323
826	324
829	324
829	325
830	325
830	326
832	326
832	327
833	327
833	329
834	329
834	328
839	328
839	329
840	329
840	330
841	330
841	331
840	331
840	339
839	339
839	340
838	340
838	342
837	342
837	343
836	343
836	344
833	344
833	346
832	346
832	347
833	347
833	348
832	348
832	350
833	350
833	351
836	351
836	352
837	352
837	353
841	353
841	354
849	354
849	355
851	355
851	354
852	354
852	355
872	355
872	356
878	356
878	357
881	357
881	356
882	356
882	357
884	357
884	356
892	356
892	355
894	355
894	354
896	354
896	353
898	353
898	352
899	352
899	351
902	351
902	350
904	350
904	349
907	349
907	348
910	348
910	347
913	347
913	346
914	346
914	345
915	345
915	344
916	344
916	342
917	342
917	341
918	341
918	340
919	340
919	339
920	339
920	338
922	338
922	337
924	337
924	336
925	336
925	335
926	335
926	334
928	334
928	333
930	333
930	332
932	332
932	331
935	331
935	330
936	330
936	329
938	329
938	328
940	328
940	327
942	327
942	326
943	326
943	325
945	325
945	324
950	324
950	323
951	323
951	322
952	322
952	321
953	321
953	320
954	320
954	319
955	319
955	317
956	317
956	313
957	313
957	312
956	312
956	309
957	309
957	300
958	300
958	287
959	287
959	280
958	280
958	276
957	276
957	272
958	272
958	270
957	270
957	255
958	255
958	251
959	251
959	245
960	245
960	243
961	243
961	241
962	241
962	240
964	240
964	237
965	237
965	236
966	236
966	235
967	235
967	234
969	234
969	233
971	233
971	232
974	232
974	231
976	231
976	230
978	230
978	229
980	229
980	228
982	228
982	227
983	227
983	226
984	226
984	225
985	225
985	223
986	223
986	222
987	222
987	218
988	218
988	215
987	215
987	213
988	213
988	197
989	197
989	175
990	175
990	167
991	167
991	166
990	166
990	164
991	164
991	161
992	161
992	158
991	158
991	157
992	157
992	154
993	154
993	149
994	149
994	146
995	146
995	145
996	145
996	144
997	144
997	143
998	143
998	142
999	142
999	137
1000	137
1000	135
1001	135
1001	133
1002	133
1002	132
1003	132
1003	131
1005	131
1005	130
1007	130
1007	131
1009	131
1009	132
1010	132
1010	133
1011	133
1011	134
1010	134
1010	137
1011	137
1011	139
1006	139
1006	142
1005	142
1005	143
1004	143
1004	148
1002	148
1002	149
1001	149
1001	151
1000	151
1000	154
999	154
999	161
998	161
998	164
997	164
997	170
996	170
996	172
997	172
997	173
996	173
996	180
995	180
995	183
996	183
996	194
995	194
995	208
994	208
994	220
993	220
993	224
992	224
992	226
991	226
991	228
990	228
990	229
989	229
989	230
990	230
990	231
988	231
988	233
986	233
986	234
984	234
984	235
982	235
982	236
980	236
980	237
978	237
978	238
976	238
976	239
974	239
974	240
971	240
971	241
969	241
969	243
968	243
968	244
967	244
967	245
966	245
966	249
965	249
965	257
964	257
964	264
963	264
963	266
964	266
964	271
965	271
965	274
964	274
964	279
965	279
965	284
964	284
964	285
965	285
965	290
964	290
964	292
965	292
965	293
964	293
964	300
963	300
963	315
962	315
962	319
961	319
961	321
960	321
960	323
959	323
959	324
958	324
958	325
957	325
957	327
955	327
955	328
953	328
953	329
952	329
952	330
947	330
947	331
946	331
946	332
944	332
944	333
942	333
942	334
940	334
940	335
939	335
939	336
936	336
936	337
935	337
935	338
933	338
933	339
932	339
932	340
930	340
930	341
928	341
928	342
927	342
927	343
925	343
925	344
924	344
924	345
923	345
923	346
921	346
921	348
920	348
920	349
919	349
919	350
918	350
918	351
917	351
917	352
914	352
914	353
913	353
913	354
909	354
909	355
906	355
906	356
905	356
905	357
903	357
903	358
902	358
902	359
901	359
901	360
899	360
899	361
898	361
898	362
896	362
896	363
899	363
899	364
900	364
900	365
901	365
901	366
902	366
902	367
904	367
904	368
906	368
906	369
908	369
908	370
910	370
910	371
912	371
912	372
914	372
914	373
916	373
916	374
919	374
919	375
920	375
920	376
921	376
921	375
922	375
922	377
923	377
923	378
925	378
925	379
923	379
923	382
922	382
922	383
919	383
919	382
918	382
918	381
915	381
915	380
913	380
913	377
912	377
912	378
911	378
911	377
910	377
910	376
908	376
908	375
906	375
906	374
904	374
904	373
902	373
902	372
898	372
898	375
897	375
897	377
898	377
898	379
897	379
897	381
896	381
896	387
895	387
895	390
894	390
894	391
891	391
891	388
890	388
890	381
891	381
891	378
890	378
890	376
891	376
891	372
888	372
888	374
887	374
887	375
885	375
885	376
884	376
884	377
883	377
883	378
882	378
882	379
880	379
880	381
877	381
877	380
876	380
876	381
875	381
875	382
874	382
874	379
875	379
875	378
876	378
876	376
877	376
877	375
879	375
879	372
882	372
882	370
884	370
884	369
885	369
885	368
886	368
886	367
888	367
888	366
889	366
889	365
890	365
890	364
889	364
889	363
879	363
879	362
872	362
872	361
871	361
871	362
858	362
858	361
855	361
855	360
851	360
851	361
844	361
844	362
843	362
843	361
839	361
839	360
836	360
836	359
834	359
834	360
831	360
831	359
829	359
829	358
828	358
828	356
827	356
827	348
826	348
826	347
827	347
827	343
828	343
828	340
829	340
829	339
830	339
830	335
828	335
828	334
827	334
827	332
825	332
825	331
824	331
824	330
823	330
823	331
820	331
820	330
819	330
819	331
808	331
808	330
807	330
807	331
804	331
804	332
803	332
803	333
797	333
797	334
792	334
792	335
791	335
791	336
787	336
787	337
784	337
784	338
781	338
781	339
777	339
777	340
775	340
775	341
774	341
774	342
772	342
772	343
770	343
770	345
769	345
769	347
768	347
768	349
767	349
767	355
768	355
768	359
769	359
769	361
770	361
770	366
771	366
771	370
772	370
772	371
771	371
771	374
772	374
772	381
771	381
771	385
770	385
770	387
769	387
769	390
770	390
770	392
769	392
769	394
768	394
768	396
767	396
767	397
765	397
765	398
763	398
763	399
760	399
760	400
758	400
758	399
757	399
757	400
756	400
756	401
755	401
755	400
751	400
751	401
738	401
738	402
737	402
737	403
736	403
736	404
735	404
735	406
733	406
733	407
732	407
732	408
731	408
731	409
725	409
725	410
721	410
721	411
718	411
718	412
717	412
717	413
716	413
716	412
714	412
714	411
712	411
712	412
706	412
706	413
705	413
705	412
704	412
704	411
703	411
703	410
702	410
702	409
701	409
701	405
700	405
700	403
699	403
699	400
698	400
698	397
697	397
697	390
696	390
696	382
695	382
695	381
693	381
693	380
692	380
692	379
691	379
691	380
689	380
689	379
687	379
687	378
686	378
686	376
680	376
680	375
676	375
676	374
667	374
667	375
666	375
666	374
664	374
664	375
658	375
658	376
657	376
657	375
654	375
654	376
651	376
651	377
649	377
649	376
648	376
648	377
646	377
646	378
643	378
643	379
639	379
639	384
638	384
638	393
637	393
637	394
636	394
636	395
635	395
635	396
634	396
634	398
632	398
632	400
631	400
631	401
630	401
630	399
628	399
628	398
626	398
626	399
624	399
624	400
620	400
620	401
614	401
614	400
610	400
610	401
609	401
609	400
608	400
608	401
605	401
605	400
603	400
603	401
598	401
598	404
600	404
600	406
601	406
601	408
602	408
602	409
603	409
603	410
604	410
604	411
605	411
605	414
606	414
606	415
609	415
609	417
610	417
610	418
612	418
612	420
611	420
611	421
610	421
610	423
609	423
609	424
606	424
606	423
604	423
604	422
602	422
602	419
601	419
601	418
600	418
600	415
599	415
599	414
598	414
598	413
597	413
597	411
595	411
595	413
594	413
594	416
592	416
592	418
591	418
591	419
590	419
590	421
589	421
589	422
586	422
586	423
585	423
585	421
583	421
583	419
582	419
582	418
583	418
583	416
584	416
584	415
585	415
585	412
586	412
586	410
587	410
587	407
588	407
588	405
587	405
587	406
584	406
584	407
582	407
582	406
580	406
580	407
578	407
578	408
566	408
566	407
564	407
564	406
559	406
559	405
558	405
558	406
557	406
557	405
556	405
556	404
553	404
553	403
545	403
545	402
537	402
537	401
536	401
536	397
537	397
537	396
538	396
538	395
539	395
539	393
538	393
538	391
537	391
537	387
536	387
536	377
535	377
535	375
534	375
534	374
533	374
533	372
532	372
532	365
531	365
531	366
528	366
528	365
523	365
523	364
520	364
520	365
518	365
518	366
516	366
516	368
515	368
515	370
516	370
516	378
515	378
515	380
516	380
516	381
515	381
515	386
514	386
514	388
513	388
513	389
512	389
512	390
511	390
511	391
510	391
510	392
509	392
509	393
506	393
506	394
504	394
504	395
500	395
500	396
498	396
498	397
496	397
496	398
492	398
492	399
483	399
483	398
479	398
479	397
478	397
478	396
476	396
476	395
471	395
471	394
464	394
464	393
455	393
455	394
452	394
452	393
450	393
450	392
448	392
448	390
447	390
447	389
445	389
445	387
443	387
443	386
441	386
441	385
438	385
438	386
436	386
436	385
434	385
434	384
432	384
432	385
431	385
431	384
428	384
428	383
427	383
427	384
423	384
423	383
420	383
420	384
419	384
419	383
416	383
416	382
412	382
412	381
399	381
399	382
398	382
398	387
397	387
397	391
396	391
396	393
394	393
394	394
387	394
387	395
375	395
375	394
374	394
374	393
373	393
373	392
371	392
371	391
369	391
369	390
367	390
367	389
365	389
365	388
364	388
364	389
363	389
363	388
362	388
362	387
355	387
355	386
350	386
350	387
348	387
348	386
347	386
347	387
344	387
344	386
339	386
339	385
334	385
334	384
330	384
330	383
329	383
329	382
328	382
328	381
325	381
325	379
322	379
322	378
321	378
321	377
320	377
320	376
319	376
319	375
318	375
318	374
317	374
317	373
316	373
316	371
315	371
315	369
314	369
314	368
310	368
310	367
308	367
308	365
307	365
307	363
304	363
304	362
302	362
302	360
301	360
301	359
297	359
297	360
296	360
296	359
290	359
290	358
289	358
289	356
288	356
288	354
287	354
287	353
286	353
286	352
285	352
285	351
283	351
283	350
278	350
278	349
276	349
276	348
275	348
275	346
274	346
274	342
273	342
273	341
274	341
274	340
273	340
273	339
272	339
272	335
271	335
271	327
270	327
270	329
269	329
269	330
267	330
267	331
263	331
263	330
262	330
262	329
261	329
261	327
260	327
260	325
261	325
261	323
260	323
260	318
261	318
261	317
260	317
260	312
258	312
258	313
257	313
257	315
255	315
255	317
254	317
254	318
253	318
253	319
252	319
252	320
251	320
251	323
250	323
250	326
249	326
249	329
248	329
248	331
249	331
249	332
248	332
248	334
247	334
247	337
248	337
248	340
247	340
247	342
241	342
241	341
240	341
240	339
239	339
239	338
240	338
240	336
239	336
239	335
241	335
241	332
242	332
242	330
243	330
243	327
244	327
244	325
245	325
245	323
246	323
246	320
247	320
247	318
248	318
248	317
249	317
249	315
251	315
251	314
252	314
252	313
251	313
251	312
250	312
250	313
247	313
247	312
244	312
244	311
242	311
242	308
243	308
243	307
246	307
246	306
247	306
247	307
249	307
249	306
254	306
254	305
257	305
257	304
261	304
261	303
263	303
263	304
265	304
265	307
266	307
266	308
265	308
265	309
266	309
266	312
267	312
267	314
266	314
266	318
267	318
267	319
266	319
266	320
270	320
270	321
271	321
271	323
272	323
272	324
271	324
271	326
272	326
272	325
273	325
273	322
274	322
274	316
275	316
275	315
276	315
276	311
277	311
277	304
276	304
276	300
275	300
275	297
274	297
274	293
273	293
273	291
272	291
272	288
271	288
271	285
270	285
270	284
269	284
269	283
268	283
268	282
267	282
267	281
266	281
266	280
262	280
262	282
260	282
260	283
259	283
259	285
257	285
257	287
255	287
255	288
254	288
254	289
252	289
252	290
251	290
251	291
249	291
249	292
243	292
243	293
242	293
242	294
235	294
235	295
226	295
226	294
225	294
225	295
215	295
215	294
212	294
212	293
211	293
211	285
210	285
210	283
209	283
209	279
204	279
204	278
202	278
202	279
198	279
198	278
197	278
197	268
198	268
198	264
197	264
197	263
198	263
198	260
199	260
199	255
200	255
200	248
199	248
199	247
198	247
198	246
197	246
197	245
196	245
196	244
190	244
190	243
189	243
189	242
188	242
188	240
184	240
184	239
183	239
183	238
182	238
182	237
180	237
180	236
176	236
176	235
174	235
174	236
171	236
171	235
169	235
169	236
165	236
165	235
153	235
153	234
151	234
151	235
145	235
145	234
140	234
140	235
138	235
138	234
135	234
135	233
134	233
134	231
135	231
135	230
134	230
134	225
133	225
133	218
132	218
132	217
133	217
133	206
134	206
134	202
135	202
135	199
136	199
136	197
134	197
134	196
133	196
133	197
130	197
130	196
129	196
129	197
126	197
126	196
125	196
125	195
124	195
124	191
123	191
123	188
121	188
121	185
120	185
120	184
118	184
118	183
115	183
115	182
112	182
112	181
111	181
111	180
107	180
107	179
106	179
106	178
105	178
105	177
102	177
102	176
97	176
97	174
96	174
96	173
97	173
97	167
96	167
96	152
95	152
95	127
94	127
94	118
93	118
93	116
94	116
94	115
93	115
93	114
92	114
92	108
93	108
93	104
92	104
92	98
91	98
91	97
92	97
92	95
91	95
91	92
92	92
92	85
93	85
93	82
94	82
94	81
93	81
93	77
94	77
94	71
96	71
96	67
97	67
97	59
95	59
95	57
94	57
94	55
93	55
93	54
91	54
91	53
90	53
90	52
88	52
88	51
87	51
87	50
85	50
85	49
84	49
84	48
82	48
82	47
70	47
70	46
63	46
63	44
65	44
65	43
66	43
66	44
67	44
67	43
69	43
69	42
76	42
76	41
84	41
84	42
85	42
85	43
87	43
87	45
90	45
90	46
92	46
92	47
97	47
97	48
98	48
98	51
99	51
99	53
100	53
100	54
101	54
101	55
102	55
102	57
103	57
103	59
104	59
104	62
105	62
105	63
104	63
104	65
103	65
103	66
102	66
102	70
101	70
101	72
100	72
100	74
99	74
99	75
100	75
100	77
99	77
99	83
98	83
98	87
97	87
97	94
98	94
98	95
97	95
97	98
98	98
98	99
97	99
97	102
98	102
98	113
99	113
99	126
100	126
100	127
99	127
99	128
100	128
100	141
99	141
99	144
100	144
100	148
101	148
101	153
102	153
102	154
101	154
101	156
102	156
102	162
101	162
101	167
102	167
102	170
104	170
104	171
106	171
106	172
107	172
107	173
110	173
110	174
113	174
113	175
117	175
