442	308
443	308
443	309
442	309
442	320
441	320
441	325
440	325
440	329
441	329
441	337
440	337
440	344
439	344
439	351
440	351
440	352
439	352
439	356
438	356
438	358
439	358
439	359
438	359
438	361
437	361
437	362
438	362
438	366
439	366
439	368
438	368
438	378
437	378
437	379
438	379
438	383
437	383
437	384
436	384
436	385
434	385
434	388
435	388
435	390
436	390
436	391
435	391
435	393
434	393
434	395
436	395
436	396
439	396
439	397
440	397
440	396
454	396
454	397
455	397
455	398
456	398
456	397
461	397
461	398
469	398
469	399
472	399
472	400
473	400
473	402
474	402
474	403
484	403
484	404
486	404
486	405
487	405
487	404
489	404
489	405
494	405
494	406
495	406
495	407
496	407
496	413
497	413
497	415
496	415
496	420
495	420
495	425
494	425
494	426
493	426
493	428
492	428
492	430
493	430
493	431
494	431
494	432
508	432
508	431
512	431
512	432
514	432
514	431
516	431
516	432
518	432
518	431
519	431
519	432
521	432
521	433
524	433
524	435
525	435
525	444
524	444
524	446
523	446
523	452
522	452
522	467
521	467
521	470
522	470
522	471
523	471
523	472
524	472
524	471
525	471
525	472
532	472
532	473
535	473
535	474
537	474
537	476
538	476
538	482
537	482
537	483
538	483
538	484
537	484
537	485
536	485
536	486
535	486
535	487
534	487
534	488
533	488
533	490
534	490
534	491
536	491
536	492
544	492
544	493
548	493
548	495
549	495
549	496
550	496
550	498
551	498
551	499
553	499
553	502
554	502
554	503
555	503
555	505
556	505
556	506
557	506
557	507
562	507
562	508
570	508
570	505
571	505
571	504
570	504
570	502
571	502
571	501
567	501
567	502
565	502
565	501
562	501
562	500
564	500
564	498
566	498
566	497
568	497
568	496
570	496
570	495
572	495
572	494
574	494
574	493
575	493
575	492
576	492
576	491
580	491
580	490
582	490
582	488
584	488
584	487
590	487
590	486
592	486
592	485
593	485
593	484
594	484
594	483
596	483
596	482
598	482
598	480
600	480
600	478
601	478
601	472
600	472
600	471
601	471
601	470
602	470
602	471
604	471
604	470
607	470
607	469
609	469
609	468
611	468
611	467
612	467
612	465
616	465
616	464
617	464
617	463
618	463
618	462
620	462
620	461
621	461
621	460
622	460
622	459
623	459
623	458
624	458
624	455
625	455
625	452
626	452
626	449
627	449
627	448
628	448
628	447
629	447
629	446
630	446
630	444
632	444
632	443
633	443
633	441
635	441
635	440
638	440
638	439
639	439
639	438
641	438
641	437
642	437
642	436
643	436
643	435
644	435
644	434
645	434
645	431
646	431
646	430
648	430
648	428
649	428
649	427
650	427
650	426
651	426
651	425
652	425
652	424
653	424
653	423
654	423
654	422
655	422
655	421
656	421
656	420
657	420
657	419
658	419
658	417
659	417
659	405
660	405
660	403
661	403
661	402
662	402
662	399
663	399
663	394
664	394
664	389
665	389
665	386
666	386
666	384
667	384
667	382
668	382
668	380
669	380
669	379
668	379
668	377
667	377
667	376
668	376
668	373
669	373
669	371
670	371
670	370
671	370
671	369
672	369
672	367
673	367
673	366
674	366
674	364
676	364
676	363
677	363
677	362
678	362
678	361
680	361
680	360
681	360
681	359
682	359
682	357
683	357
683	356
684	356
684	355
685	355
685	354
686	354
686	355
688	355
688	356
694	356
694	357
700	357
700	358
702	358
702	357
704	357
704	358
711	358
711	359
713	359
713	360
714	360
714	361
715	361
715	363
716	363
716	365
717	365
717	366
718	366
718	391
717	391
717	395
720	395
720	396
723	396
723	395
724	395
724	396
725	396
725	397
726	397
726	399
727	399
727	401
726	401
726	415
725	415
725	419
724	419
724	422
723	422
723	430
722	430
722	435
721	435
721	444
720	444
720	450
719	450
719	455
718	455
718	459
717	459
717	463
716	463
716	470
715	470
715	476
714	476
714	481
713	481
713	486
712	486
712	495
711	495
711	499
710	499
710	500
711	500
711	501
710	501
710	518
709	518
709	521
708	521
708	530
707	530
707	536
706	536
706	540
705	540
705	543
704	543
704	544
705	544
705	546
704	546
704	548
703	548
703	551
702	551
702	552
703	552
703	554
702	554
702	558
703	558
703	561
702	561
702	563
703	563
703	564
702	564
702	571
703	571
703	578
704	578
704	586
705	586
705	587
704	587
704	595
705	595
705	599
704	599
704	606
705	606
705	610
706	610
706	613
707	613
707	618
708	618
708	628
709	628
709	631
710	631
710	634
711	634
711	635
712	635
712	636
713	636
713	635
718	635
718	636
722	636
722	638
723	638
723	639
725	639
725	640
732	640
732	641
735	641
735	642
736	642
736	644
737	644
737	645
742	645
742	646
746	646
746	647
752	647
752	648
754	648
754	649
759	649
759	650
764	650
764	651
767	651
767	652
768	652
768	653
769	653
769	654
770	654
770	655
772	655
772	657
773	657
773	658
774	658
774	659
777	659
777	660
781	660
781	661
782	661
782	660
785	660
785	661
787	661
787	660
789	660
789	661
791	661
791	662
793	662
793	664
795	664
795	665
796	665
796	666
795	666
795	667
794	667
794	668
792	668
792	669
791	669
791	670
789	670
789	671
787	671
787	672
784	672
784	673
782	673
782	674
780	674
780	675
778	675
778	676
777	676
777	677
775	677
775	678
774	678
774	677
773	677
773	679
772	679
772	680
769	680
769	681
768	681
768	682
766	682
766	683
765	683
765	684
764	684
764	685
763	685
763	687
764	687
764	688
765	688
765	689
767	689
767	688
769	688
769	687
772	687
772	686
773	686
773	685
774	685
774	684
776	684
776	683
778	683
778	682
780	682
780	681
782	681
782	680
785	680
785	679
786	679
786	678
788	678
788	677
791	677
791	676
792	676
792	675
793	675
793	692
792	692
792	694
793	694
793	696
792	696
792	698
793	698
793	701
792	701
792	716
790	716
790	720
792	720
792	722
796	722
796	721
797	721
797	720
799	720
799	715
798	715
798	709
799	709
799	708
798	708
798	689
799	689
799	688
798	688
798	678
799	678
799	677
798	677
798	674
800	674
800	676
801	676
801	677
803	677
803	679
804	679
804	680
805	680
805	681
806	681
806	683
807	683
807	684
808	684
808	685
809	685
809	686
810	686
810	687
811	687
811	688
813	688
813	689
814	689
814	691
816	691
816	692
817	692
817	693
818	693
818	694
819	694
819	695
820	695
820	696
821	696
821	698
822	698
822	699
823	699
823	700
824	700
824	701
825	701
825	700
826	700
826	701
827	701
827	699
828	699
828	695
827	695
827	694
826	694
826	693
825	693
825	691
824	691
824	690
822	690
822	689
821	689
821	688
820	688
820	687
819	687
819	686
818	686
818	684
816	684
816	683
815	683
815	682
814	682
814	680
815	680
815	681
823	681
823	682
829	682
829	683
830	683
830	684
831	684
831	685
832	685
832	686
833	686
833	688
834	688
834	689
835	689
835	690
836	690
836	691
839	691
839	690
841	690
841	689
842	689
842	687
844	687
844	686
845	686
845	685
846	685
846	684
847	684
847	683
848	683
848	681
849	681
849	680
850	680
850	678
851	678
851	676
852	676
852	673
853	673
853	671
854	671
854	670
855	670
855	669
856	669
856	667
855	667
855	666
856	666
856	664
857	664
857	660
858	660
858	658
859	658
859	657
860	657
860	655
861	655
861	654
862	654
862	650
863	650
863	647
864	647
864	644
865	644
865	640
867	640
867	639
866	639
866	637
867	637
867	634
866	634
866	632
867	632
867	631
866	631
866	623
867	623
867	621
868	621
868	619
869	619
869	616
870	616
870	614
871	614
871	612
872	612
872	611
873	611
873	609
874	609
874	608
875	608
875	605
876	605
876	602
877	602
877	601
878	601
878	600
879	600
879	599
880	599
880	598
882	598
882	597
889	597
889	598
891	598
891	599
895	599
895	600
898	600
898	601
899	601
899	602
900	602
900	604
901	604
901	605
902	605
902	606
906	606
906	607
910	607
910	608
912	608
912	607
920	607
920	608
921	608
921	607
923	607
923	606
924	606
924	602
925	602
925	598
926	598
926	596
927	596
927	591
928	591
928	589
929	589
929	588
932	588
932	587
936	587
936	586
938	586
938	582
939	582
939	579
940	579
940	577
942	577
942	575
943	575
943	574
944	574
944	573
945	573
945	572
946	572
946	571
947	571
947	570
952	570
952	569
954	569
954	570
956	570
956	569
959	569
959	570
965	570
965	571
967	571
967	569
966	569
966	568
967	568
967	566
968	566
968	565
970	565
970	564
972	564
972	563
973	563
973	564
974	564
974	563
981	563
981	564
982	564
982	562
983	562
983	560
984	560
984	558
985	558
985	554
986	554
986	553
987	553
987	552
988	552
988	551
989	551
989	550
988	550
988	549
989	549
989	547
990	547
990	543
991	543
991	542
992	542
992	541
993	541
993	540
995	540
995	539
996	539
996	538
997	538
997	537
998	537
998	536
999	536
999	535
1001	535
1001	534
1002	534
1002	533
1004	533
1004	531
1006	531
1006	528
1007	528
1007	526
1009	526
1009	525
1010	525
1010	524
1011	524
1011	523
1013	523
1013	522
1014	522
1014	521
1015	521
1015	520
1016	520
1016	518
1017	518
1017	516
1018	516
1018	515
1019	515
1019	514
1020	514
1020	512
1019	512
1019	511
1020	511
1020	507
1021	507
1021	503
1022	503
1022	501
1021	501
1021	499
1022	499
1022	498
1021	498
1021	497
1022	497
1022	489
1023	489
1023	481
1024	481
1024	477
1023	477
1023	476
1024	476
1024	471
1025	471
1025	470
1024	470
1024	469
1025	469
1025	465
1024	465
1024	463
1025	463
1025	459
1026	459
1026	454
1027	454
1027	452
1026	452
1026	449
1027	449
1027	448
1026	448
1026	444
1025	444
1025	440
1026	440
1026	437
1025	437
1025	436
1026	436
1026	435
1027	435
1027	434
1026	434
1026	433
1027	433
1027	427
1031	427
1031	428
1035	428
1035	429
1037	429
1037	430
1039	430
1039	429
1040	429
1040	430
1044	430
1044	429
1050	429
1050	430
1051	430
1051	432
1052	432
1052	433
1053	433
1053	436
1054	436
1054	437
1053	437
1053	441
1052	441
1052	448
1051	448
1051	457
1050	457
1050	460
1051	460
1051	463
1054	463
1054	462
1055	462
1055	463
1058	463
1058	464
1060	464
1060	465
1061	465
1061	466
1062	466
1062	467
1063	467
1063	468
1064	468
1064	470
1066	470
1066	471
1067	471
1067	470
1068	470
1068	471
1074	471
1074	470
1075	470
1075	469
1078	469
1078	468
1081	468
1081	467
1086	467
1086	468
1087	468
1087	467
1091	467
1091	468
1092	468
1092	469
1094	469
1094	471
1095	471
1095	473
1096	473
1096	478
1095	478
1095	480
1096	480
1096	481
1095	481
1095	482
1096	482
1096	484
1095	484
1095	485
1096	485
1096	490
1095	490
1095	491
1096	491
1096	493
1097	493
1097	494
1102	494
1102	496
1103	496
1103	497
1104	497
1104	499
1105	499
1105	502
1104	502
1104	504
1105	504
1105	505
1104	505
1104	506
1103	506
1103	511
1102	511
1102	513
1101	513
1101	518
1100	518
1100	519
1101	519
1101	520
1100	520
1100	524
1099	524
1099	525
1100	525
1100	527
1099	527
1099	534
1098	534
1098	539
1097	539
1097	540
1098	540
1098	543
1097	543
1097	549
1096	549
1096	551
1097	551
1097	554
1096	554
1096	555
1097	555
1097	557
1096	557
1096	558
1097	558
1097	561
1096	561
1096	563
1097	563
1097	564
1096	564
1096	566
1097	566
1097	571
1096	571
1096	581
1097	581
1097	582
1096	582
1096	583
1097	583
1097	584
1096	584
1096	589
1097	589
1097	592
1096	592
1096	593
1097	593
1097	598
1096	598
1096	599
1097	599
1097	602
1096	602
1096	603
1097	603
1097	607
1098	607
1098	608
1099	608
1099	612
1098	612
1098	613
1099	613
1099	617
1100	617
1100	619
1105	619
1105	620
1109	620
1109	619
1110	619
1110	620
1111	620
1111	621
1112	621
1112	622
1113	622
1113	623
1114	623
1114	624
1116	624
1116	625
1117	625
1117	626
1118	626
1118	627
1119	627
1119	628
1128	628
1128	629
1131	629
1131	630
1134	630
1134	629
1135	629
1135	630
1137	630
1137	629
1143	629
1143	628
1144	628
1144	627
1145	627
1145	626
1146	626
1146	625
1147	625
1147	626
1148	626
1148	624
1149	624
1149	622
1150	622
1150	621
1158	621
1158	622
1160	622
1160	621
1162	621
1162	622
1166	622
1166	621
1167	621
1167	622
1168	622
1168	621
1170	621
1170	620
1172	620
1172	619
1174	619
1174	618
1177	618
1177	617
1182	617
1182	616
1185	616
1185	617
1184	617
1184	618
1183	618
1183	619
1182	619
1182	620
1180	620
1180	621
1179	621
1179	622
1178	622
1178	623
1177	623
1177	624
1175	624
1175	625
1174	625
1174	626
1172	626
1172	628
1170	628
1170	629
1169	629
1169	630
1167	630
1167	631
1165	631
1165	632
1164	632
1164	633
1163	633
1163	637
1164	637
1164	638
1168	638
1168	637
1169	637
1169	636
1170	636
1170	635
1171	635
1171	634
1172	634
1172	633
1174	633
1174	632
1176	632
1176	631
1177	631
1177	630
1179	630
1179	629
1181	629
1181	635
1182	635
1182	641
1183	641
1183	643
1182	643
1182	644
1181	644
1181	646
1183	646
1183	649
1182	649
1182	650
1183	650
1183	653
1184	653
1184	660
1183	660
1183	664
1184	664
1184	665
1185	665
1185	666
1186	666
1186	667
1188	667
1188	666
1191	666
1191	662
1192	662
1192	661
1191	661
1191	659
1190	659
1190	650
1189	650
1189	645
1188	645
1188	644
1189	644
1189	639
1188	639
1188	630
1187	630
1187	628
1188	628
1188	627
1187	627
1187	624
1189	624
1189	623
1193	623
1193	624
1195	624
1195	625
1196	625
1196	626
1198	626
1198	627
1199	627
1199	628
1201	628
1201	629
1202	629
1202	630
1203	630
1203	631
1205	631
1205	632
1206	632
1206	633
1207	633
1207	634
1206	634
1206	637
1212	637
1212	636
1213	636
1213	634
1214	634
1214	629
1213	629
1213	628
1212	628
1212	627
1210	627
1210	626
1208	626
1208	625
1207	625
1207	624
1205	624
1205	623
1203	623
1203	622
1202	622
1202	621
1201	621
1201	620
1199	620
1199	619
1197	619
1197	618
1195	618
1195	617
1191	617
1191	616
1189	616
1189	615
1193	615
1193	614
1194	614
1194	615
1195	615
1195	614
1200	614
1200	613
1210	613
1210	612
1211	612
1211	613
1213	613
1213	614
1215	614
1215	615
1216	615
1216	616
1218	616
1218	617
1220	617
1220	618
1222	618
1222	619
1224	619
1224	620
1226	620
1226	621
1227	621
1227	620
1231	620
1231	621
1245	621
1245	622
1248	622
1248	623
1250	623
1250	624
1252	624
1252	623
1253	623
1253	622
1256	622
1256	620
1257	620
1257	619
1258	619
1258	618
1259	618
1259	614
1260	614
1260	612
1261	612
1261	610
1262	610
1262	609
1263	609
1263	608
1264	608
1264	607
1265	607
1265	605
1266	605
1266	604
1267	604
1267	602
1269	602
1269	598
1270	598
1270	595
1271	595
1271	594
1272	594
1272	593
1273	593
1273	588
1274	588
1274	586
1275	586
1275	585
1276	585
1276	584
1277	584
1277	583
1278	583
1278	582
1279	582
1279	581
1280	581
1280	580
1282	580
1282	579
1283	579
1283	578
1285	578
1285	577
1286	577
1286	576
1288	576
1288	575
1292	575
1292	574
1293	574
1293	573
1297	573
1297	572
1303	572
1303	573
1308	573
1308	574
1309	574
1309	573
1312	573
1312	572
1313	572
1313	571
1314	571
1314	570
1316	570
1316	569
1318	569
1318	568
1321	568
1321	567
1322	567
1322	566
1329	566
1329	567
1332	567
1332	566
1337	566
1337	567
1340	567
1340	566
1342	566
1342	565
1344	565
1344	563
1345	563
1345	561
1346	561
1346	559
1347	559
1347	558
1349	558
1349	554
1350	554
1350	552
1351	552
1351	551
1352	551
1352	550
1353	550
1353	549
1354	549
1354	548
1355	548
1355	547
1356	547
1356	545
1357	545
1357	544
1358	544
1358	542
1359	542
1359	540
1360	540
1360	539
1361	539
1361	538
1362	538
1362	536
1363	536
1363	535
1364	535
1364	533
1365	533
1365	531
1366	531
1366	530
1367	530
1367	529
1368	529
1368	528
1369	528
1369	527
1370	527
1370	525
1372	525
1372	523
1373	523
1373	522
1374	522
1374	521
1375	521
1375	520
1376	520
1376	519
1377	519
1377	514
1378	514
1378	504
1377	504
1377	503
1378	503
1378	496
1379	496
1379	492
1380	492
1380	489
1381	489
1381	488
1382	488
1382	485
1383	485
1383	481
1384	481
1384	480
1385	480
1385	475
1386	475
1386	473
1387	473
1387	471
1388	471
1388	469
1389	469
1389	467
1390	467
1390	466
1391	466
1391	465
1392	465
1392	463
1393	463
1393	461
1394	461
1394	460
1395	460
1395	459
1396	459
1396	454
1397	454
1397	452
1398	452
1398	448
1399	448
1399	446
1400	446
1400	445
1401	445
1401	443
1402	443
1402	442
1403	442
1403	441
1404	441
1404	440
1405	440
1405	439
1407	439
1407	438
1408	438
1408	437
1410	437
1410	436
1423	436
1423	437
1430	437
1430	438
1438	438
1438	439
1441	439
1441	438
1443	438
1443	439
1450	439
1450	440
1453	440
1453	441
1454	441
1454	442
1455	442
1455	443
1457	443
1457	444
1458	444
1458	445
1459	445
1459	447
1460	447
1460	448
1459	448
1459	449
1460	449
1460	452
1459	452
1459	454
1458	454
1458	459
1457	459
1457	465
1456	465
1456	471
1455	471
1455	472
1454	472
1454	474
1455	474
1455	475
1454	475
1454	476
1455	476
1455	478
1454	478
1454	481
1453	481
1453	483
1452	483
1452	486
1451	486
1451	490
1450	490
1450	495
1449	495
1449	499
1448	499
1448	502
1449	502
1449	503
1450	503
1450	506
1452	506
1452	508
1453	508
1453	510
1452	510
1452	520
1453	520
1453	526
1454	526
1454	533
1453	533
1453	534
1454	534
1454	538
1453	538
1453	542
1452	542
1452	547
1451	547
1451	549
1450	549
1450	550
1451	550
1451	551
1450	551
1450	555
1449	555
1449	559
1448	559
1448	583
1447	583
1447	584
1448	584
1448	585
1447	585
1447	586
1448	586
1448	587
1447	587
1447	602
1448	602
1448	603
1447	603
1447	606
1448	606
1448	610
1447	610
1447	613
1446	613
1446	616
1447	616
1447	617
1448	617
1448	618
1450	618
1450	619
1452	619
1452	620
1453	620
1453	621
1454	621
1454	622
1455	622
1455	623
1457	623
1457	624
1458	624
1458	625
1461	625
1461	628
1462	628
1462	629
1463	629
1463	630
1464	630
1464	631
1465	631
1465	632
1467	632
1467	631
1475	631
1475	632
1476	632
1476	631
1478	631
1478	632
1485	632
1485	633
1486	633
1486	632
1488	632
1488	631
1489	631
1489	630
1490	630
1490	629
1494	629
1494	628
1495	628
1495	627
1501	627
1501	626
1505	626
1505	625
1506	625
1506	626
1507	626
1507	625
1510	625
1510	626
1511	626
1511	625
1513	625
1513	624
1516	624
1516	623
1518	623
1518	622
1521	622
1521	623
1522	623
1522	622
1523	622
1523	623
1524	623
1524	622
1531	622
1531	621
1538	621
1538	622
1539	622
1539	621
1542	621
1542	620
1546	620
1546	619
1549	619
1549	618
1552	618
1552	617
1555	617
1555	616
1556	616
1556	615
1558	615
1558	613
1559	613
1559	612
1560	612
1560	611
1561	611
1561	610
1563	610
1563	608
1564	608
1564	607
1566	607
1566	606
1567	606
1567	605
1569	605
1569	604
1570	604
1570	603
1571	603
1571	602
1576	602
1576	601
1578	601
1578	600
1581	600
1581	599
1582	599
1582	597
1583	597
1583	594
1585	594
1585	592
1586	592
1586	591
1587	591
1587	587
1588	587
1588	582
1589	582
1589	581
1590	581
1590	580
1589	580
1589	579
1590	579
1590	575
1591	575
1591	573
1592	573
1592	572
1591	572
1591	570
1592	570
1592	565
1593	565
1593	562
1592	562
1592	558
1593	558
1593	553
1594	553
1594	548
1595	548
1595	546
1596	546
1596	545
1597	545
1597	543
1598	543
1598	541
1599	541
1599	540
1601	540
1601	539
1603	539
1603	538
1604	538
1604	537
1606	537
1606	536
1609	536
1609	537
1610	537
1610	539
1611	539
1611	541
1612	541
1612	542
1617	542
1617	541
1618	541
1618	536
1619	536
1619	535
1618	535
1618	532
1617	532
1617	527
1616	527
1616	519
1617	519
1617	517
1618	517
1618	512
1619	512
1619	509
1620	509
1620	506
1621	506
1621	504
1622	504
1622	503
1623	503
1623	502
1624	502
1624	501
1630	501
1630	502
1631	502
1631	501
1633	501
1633	500
1634	500
1634	499
1637	499
1637	498
1640	498
1640	499
1641	499
1641	500
1643	500
1643	501
1644	501
1644	503
1645	503
1645	504
1646	504
1646	505
1649	505
1649	506
1653	506
1653	507
1654	507
1654	506
1655	506
1655	507
1657	507
1657	509
1659	509
1659	511
1660	511
1660	512
1661	512
1661	514
1662	514
1662	517
1664	517
1664	518
1666	518
1666	519
1667	519
1667	518
1668	518
1668	519
1675	519
1675	520
1678	520
1678	521
1680	521
1680	526
1681	526
1681	528
1682	528
1682	540
1683	540
1683	546
1684	546
1684	561
1683	561
1683	562
1684	562
1684	567
1685	567
1685	570
1686	570
1686	573
1687	573
1687	575
1688	575
1688	579
1689	579
1689	580
1690	580
1690	584
1691	584
1691	589
1693	589
1693	590
1706	590
1706	591
1709	591
1709	592
1710	592
1710	591
1711	591
1711	592
1713	592
1713	593
1714	593
1714	592
1718	592
1718	591
1727	591
1727	590
1732	590
1732	589
1735	589
1735	588
1746	588
1746	587
1749	587
1749	586
1751	586
1751	584
1753	584
1753	583
1754	583
1754	582
1756	582
1756	581
1760	581
1760	580
1781	580
1781	581
1784	581
1784	582
1787	582
1787	583
1792	583
1792	584
1794	584
1794	583
1797	583
1797	582
1798	582
1798	583
1800	583
1800	584
1803	584
1803	583
1812	583
1812	582
1819	582
1819	581
1820	581
1820	582
1821	582
1821	581
1827	581
1827	580
1829	580
1829	581
1830	581
1830	579
1831	579
1831	578
1833	578
1833	577
1834	577
1834	576
1835	576
1835	575
1836	575
1836	574
1837	574
1837	573
1838	573
1838	571
1840	571
1840	569
1842	569
1842	567
1844	567
1844	565
1846	565
1846	564
1847	564
1847	562
1848	562
1848	561
1850	561
1850	560
1851	560
1851	559
1852	559
1852	558
1854	558
1854	557
1856	557
1856	556
1858	556
1858	555
1859	555
1859	554
1860	554
1860	553
1861	553
1861	552
1862	552
1862	551
1863	551
1863	543
1864	543
1864	541
1863	541
1863	537
1864	537
1864	536
1863	536
1863	534
1864	534
1864	533
1863	533
1863	529
1862	529
1862	526
1863	526
1863	524
1864	524
1864	523
1863	523
1863	516
1864	516
1864	515
1865	515
1865	509
1866	509
1866	507
1867	507
1867	502
1868	502
1868	499
1869	499
1869	483
1870	483
1870	476
1871	476
1871	470
1872	470
1872	468
1873	468
1873	464
1874	464
1874	462
1875	462
1875	457
1876	457
1876	449
1877	449
1877	445
1878	445
1878	443
1879	443
1879	441
1880	441
1880	440
1881	440
1881	439
1880	439
1880	437
1881	437
1881	428
1882	428
1882	426
1881	426
1881	425
1882	425
1882	422
1883	422
1883	419
1884	419
1884	417
1885	417
1885	412
1883	412
1883	411
1884	411
1884	405
1883	405
1883	401
1882	401
1882	391
1883	391
1883	389
1882	389
1882	388
1883	388
1883	380
1882	380
1882	379
1883	379
1883	375
1884	375
1884	372
1885	372
1885	371
1886	371
1886	370
1888	370
1888	369
1889	369
1889	368
1892	368
1892	367
1893	367
1893	368
1894	368
1894	367
1895	367
1895	368
1897	368
1897	369
1899	369
1899	370
1901	370
1901	372
1902	372
1902	371
1903	371
1903	372
1904	372
1904	373
1906	373
1906	375
1907	375
1907	377
1908	377
1908	378
1909	378
1909	380
1910	380
1910	382
1911	382
1911	383
1913	383
1913	384
1926	384
1926	385
1928	385
1928	386
1929	386
1929	387
1928	387
1928	389
1927	389
1927	390
1928	390
1928	392
1927	392
1927	393
1928	393
1928	394
1927	394
1927	397
1926	397
1926	399
1925	399
1925	402
1924	402
1924	403
1925	403
1925	404
1924	404
1924	416
1923	416
1923	417
1924	417
1924	422
1925	422
1925	423
1924	423
1924	424
1925	424
1925	447
1926	447
1926	452
1925	452
1925	454
1926	454
1926	455
1925	455
1925	464
1924	464
1924	468
1923	468
1923	470
1924	470
1924	472
1935	472
1935	473
1941	473
1941	474
1943	474
1943	475
1944	475
1944	476
1945	476
1945	479
1946	479
1946	484
1947	484
1947	488
1948	488
1948	489
1949	489
1949	490
1953	490
1953	491
1955	491
1955	490
1962	490
1962	491
1965	491
1965	492
1994	492
1994	493
1999	493
1999	494
2002	494
2002	495
2001	495
2001	500
2002	500
2002	502
2009	502
2009	501
2018	501
2018	500
2021	500
2021	499
2022	499
2022	498
2025	498
2025	497
2027	497
2027	496
2029	496
2029	495
2031	495
2031	494
2033	494
2033	493
2034	493
2034	492
2036	492
2036	491
2037	491
2037	490
2038	490
2038	489
2039	489
2039	488
2041	488
2041	487
2043	487
2043	486
2045	486
2045	485
2047	485
2047	482
2048	482
2048	479
2049	479
2049	478
2050	478
2050	475
2051	475
2051	473
2052	473
2052	472
2053	472
2053	471
2054	471
2054	469
2055	469
2055	468
2056	468
2056	465
2057	465
2057	463
2058	463
2058	457
2059	457
2059	451
2060	451
2060	446
2061	446
2061	441
2060	441
2060	439
2061	439
2061	438
2060	438
2060	436
2061	436
2061	435
2060	435
2060	434
2061	434
2061	430
2062	430
2062	428
2063	428
2063	426
2064	426
2064	425
2065	425
2065	423
2066	423
2066	421
2068	421
2068	419
2070	419
2070	418
2072	418
2072	417
2075	417
2075	416
2079	416
2079	415
2080	415
2080	414
2083	414
2083	413
2084	413
2084	411
2085	411
2085	410
2086	410
2086	409
2087	409
2087	408
2088	408
2088	407
2089	407
2089	405
2090	405
2090	403
2091	403
2091	400
2092	400
2092	399
2091	399
2091	398
2092	398
2092	392
2093	392
2093	389
2094	389
2094	387
2095	387
2095	385
2096	385
2096	382
2097	382
2097	381
2099	381
2099	379
2101	379
2101	377
2103	377
2103	376
2104	376
2104	375
2105	375
2105	373
2106	373
2106	372
2107	372
2107	371
2106	371
2106	368
2105	368
2105	363
2106	363
2106	361
2105	361
2105	358
2106	358
2106	356
2105	356
2105	355
2106	355
2106	351
2107	351
2107	348
2108	348
2108	347
2109	347
2109	345
2110	345
2110	342
2111	342
2111	341
2112	341
2112	339
2113	339
2113	337
2115	337
2115	334
2116	334
2116	333
2117	333
2117	331
2119	331
2119	330
2120	330
2120	329
2122	329
2122	328
2124	328
2124	327
2129	327
2129	326
2131	326
2131	325
2133	325
2133	326
2135	326
2135	327
2138	327
2138	328
2139	328
2139	330
2140	330
2140	333
2141	333
2141	334
2148	334
2148	335
2159	335
2159	337
2158	337
2158	338
2160	338
2160	340
2161	340
2161	341
2162	341
2162	346
2163	346
2163	347
2162	347
2162	350
2163	350
2163	356
2164	356
2164	359
2165	359
2165	361
2166	361
2166	364
2167	364
2167	368
2168	368
2168	371
2169	371
2169	373
2170	373
2170	374
2172	374
2172	375
2173	375
2173	374
2174	374
2174	375
2175	375
2175	374
2185	374
2185	376
2187	376
2187	377
2189	377
2189	378
2190	378
2190	382
2191	382
2191	394
2190	394
2190	396
2191	396
2191	398
2190	398
2190	406
2189	406
2189	412
2191	412
2191	413
2194	413
2194	412
2198	412
2198	413
2202	413
2202	414
2203	414
2203	416
2204	416
2204	417
2205	417
2205	421
2206	421
2206	427
2207	427
2207	432
2206	432
2206	435
2207	435
2207	436
2206	436
2206	449
2207	449
2207	454
2208	454
2208	460
2209	460
2209	464
2210	464
2210	467
2211	467
2211	468
2210	468
2210	469
2211	469
2211	473
2212	473
2212	481
2213	481
2213	485
2214	485
2214	489
2215	489
2215	497
2216	497
2216	499
2217	499
2217	501
2218	501
2218	502
2220	502
2220	503
2228	503
2228	504
2231	504
2231	505
2234	505
2234	506
2235	506
2235	509
2236	509
2236	510
2237	510
2237	511
2258	511
2258	512
2261	512
2261	511
2264	511
2264	510
2267	510
2267	509
2269	509
2269	508
2284	508
2284	507
2285	507
2285	508
2287	508
2287	507
2292	507
2292	506
2294	506
2294	505
2296	505
2296	504
2300	504
2300	503
2320	503
2320	504
2322	504
2322	503
2327	503
2327	504
2344	504
2344	505
2359	505
2359	504
2363	504
2363	503
2368	503
2368	502
2372	502
2372	501
2378	501
2378	500
2383	500
2383	499
2389	499
2389	498
2390	498
2390	499
2392	499
2392	498
2402	498
2402	497
2403	497
2403	493
2404	493
2404	488
2403	488
2403	484
2402	484
2402	476
2401	476
2401	474
2402	474
2402	469
2401	469
2401	468
2402	468
2402	467
2401	467
2401	457
2400	457
2400	453
2401	453
2401	452
2400	452
2400	451
2401	451
2401	447
2400	447
2400	439
2399	439
2399	438
2400	438
2400	437
2399	437
2399	407
2400	407
2400	402
2401	402
2401	401
2400	401
2400	400
2401	400
2401	394
2402	394
2402	392
2403	392
2403	391
2402	391
2402	390
2403	390
2403	388
2402	388
2402	387
2403	387
2403	385
2404	385
2404	383
2405	383
2405	379
2406	379
2406	374
2407	374
2407	371
2408	371
2408	367
2409	367
2409	364
2410	364
2410	360
2411	360
2411	359
2412	359
2412	353
2413	353
2413	350
2414	350
2414	344
2415	344
2415	339
2416	339
2416	335
2417	335
2417	332
2418	332
2418	327
2417	327
2417	326
2416	326
2416	325
2415	325
2415	324
2414	324
2414	322
2413	322
2413	320
2412	320
2412	319
2411	319
2411	307
2412	307
2412	305
2411	305
2411	304
2412	304
2412	296
2413	296
2413	295
2412	295
2412	294
2413	294
2413	286
2414	286
2414	280
2413	280
2413	279
2412	279
2412	274
2413	274
2413	273
2412	273
2412	272
2411	272
2411	271
2412	271
2412	270
2413	270
2413	264
2415	264
2415	265
2416	265
2416	264
2420	264
2420	263
2433	263
2433	264
2439	264
2439	263
2442	263
2442	264
2443	264
2443	263
2445	263
2445	264
2446	264
2446	263
2450	263
2450	265
2449	265
2449	266
2450	266
2450	267
2452	267
2452	268
2457	268
2457	267
2467	267
2467	266
2468	266
2468	267
2473	267
2473	269
2474	269
2474	278
2473	278
2473	280
2472	280
2472	289
2473	289
2473	290
2472	290
2472	292
2471	292
2471	293
2470	293
2470	294
2471	294
2471	297
2472	297
2472	299
2479	299
2479	300
2480	300
2480	299
2492	299
2492	300
2501	300
2501	301
2522	301
2522	302
2536	302
2536	303
2542	303
2542	304
2546	304
2546	303
2547	303
2547	302
2551	302
2551	300
2555	300
2555	299
2561	299
2561	298
2564	298
2564	297
2566	297
2566	296
2568	296
2568	295
2570	295
2570	294
2571	294
2571	288
2570	288
2570	286
2569	286
2569	284
2568	284
2568	279
2567	279
2567	276
2566	276
2566	273
2565	273
2565	269
2564	269
2564	266
2565	266
2565	265
2564	265
2564	259
2565	259
2565	254
2566	254
2566	253
2567	253
2567	251
2569	251
2569	249
2571	249
2571	247
2572	247
2572	246
2573	246
2573	245
2579	245
2579	246
2581	246
2581	247
2582	247
2582	246
2583	246
2583	247
2586	247
2586	246
2588	246
2588	245
2590	245
2590	244
2593	244
2593	243
2594	243
2594	242
2595	242
2595	241
2597	241
2597	239
2599	239
2599	238
2602	238
2602	237
2603	237
2603	236
2606	236
2606	235
2609	235
2609	236
2610	236
2610	237
2611	237
2611	240
2612	240
2612	241
2613	241
2613	248
2614	248
2614	253
2615	253
2615	254
2614	254
2614	255
2615	255
2615	265
2618	265
2618	266
2620	266
2620	265
2621	265
2621	266
2622	266
2622	265
2624	265
2624	264
2625	264
2625	263
2627	263
2627	262
2628	262
2628	261
2629	261
2629	260
2630	260
2630	258
2632	258
2632	257
2633	257
2633	255
2634	255
2634	252
2635	252
2635	249
2636	249
2636	248
2637	248
2637	237
2636	237
2636	235
2635	235
2635	228
2634	228
2634	224
2635	224
2635	221
2634	221
2634	220
2635	220
2635	208
2636	208
2636	206
2635	206
2635	205
2636	205
2636	200
2635	200
2635	196
2634	196
2634	191
2635	191
2635	190
2634	190
2634	184
2633	184
2633	183
2634	183
2634	172
2635	172
2635	167
2634	167
2634	162
2635	162
2635	161
2634	161
2634	160
2635	160
2635	158
2636	158
2636	157
2635	157
2635	156
2636	156
2636	155
2635	155
2635	152
2636	152
2636	149
2637	149
2637	148
2636	148
2636	146
2637	146
2637	141
2638	141
2638	140
2639	140
2639	139
2640	139
2640	138
2641	138
2641	139
2642	139
2642	138
2644	138
2644	137
2646	137
2646	136
2647	136
2647	135
2652	135
2652	136
2654	136
2654	135
2657	135
2657	134
2659	134
2659	135
2660	135
2660	134
2661	134
2661	135
2663	135
2663	134
2665	134
2665	135
2666	135
2666	136
2669	136
2669	137
2672	137
2672	139
2684	139
2684	140
2689	140
2689	141
2693	141
2693	142
2715	142
2715	143
2720	143
2720	144
2728	144
2728	143
2735	143
2735	142
2740	142
2740	141
2746	141
2746	140
2749	140
2749	139
2753	139
2753	137
2754	137
2754	138
2755	138
2755	137
2756	137
2756	136
2758	136
2758	135
2767	135
2767	134
2770	134
2770	133
2772	133
2772	132
2776	132
2776	131
2777	131
2777	130
2780	130
2780	129
2782	129
2782	128
2784	128
2784	127
2786	127
2786	128
2787	128
2787	127
2788	127
2788	128
2789	128
2789	127
2791	127
2791	128
2793	128
2793	129
2794	129
2794	130
2793	130
2793	131
2795	131
2795	132
2803	132
2803	131
2804	131
2804	132
2817	132
2817	131
2826	131
2826	132
2829	132
2829	133
2832	133
2832	134
2835	134
2835	135
2837	135
2837	136
2840	136
2840	137
2841	137
2841	138
2842	138
2842	139
2843	139
2843	143
2842	143
2842	145
2844	145
2844	146
2852	146
2852	147
2858	147
2858	148
2860	148
2860	147
2862	147
2862	148
2864	148
2864	147
2867	147
2867	148
2871	148
2871	147
2874	147
2874	146
2875	146
2875	145
2877	145
2877	144
2879	144
2879	143
2882	143
2882	142
2890	142
2890	143
2893	143
2893	141
2898	141
2898	140
2899	140
2899	136
2900	136
2900	135
2899	135
2899	134
2898	134
2898	133
2892	133
2892	134
2891	134
2891	133
2889	133
2889	134
2884	134
2884	135
2882	135
2882	136
2878	136
2878	137
2876	137
2876	138
2874	138
2874	139
2871	139
2871	140
2869	140
2869	141
2864	141
2864	142
2862	142
2862	141
2855	141
2855	140
2849	140
2849	136
2848	136
2848	135
2846	135
2846	134
2845	134
2845	132
2842	132
2842	131
2841	131
2841	130
2840	130
2840	131
2839	131
2839	130
2838	130
2838	129
2837	129
2837	128
2836	128
2836	129
2835	129
2835	128
2834	128
2834	127
2832	127
2832	126
2829	126
2829	127
2828	127
2828	126
2826	126
2826	125
2803	125
2803	124
2801	124
2801	125
2800	125
2800	124
2798	124
2798	123
2795	123
2795	121
2794	121
2794	122
2793	122
2793	121
2781	121
2781	122
2780	122
2780	123
2777	123
2777	124
2775	124
2775	125
2773	125
2773	126
2770	126
2770	127
2767	127
2767	128
2764	128
2764	129
2762	129
2762	128
2761	128
2761	129
2758	129
2758	130
2757	130
2757	129
2756	129
2756	130
2755	130
2755	131
2754	131
2754	133
2752	133
2752	132
2751	132
2751	133
2749	133
2749	134
2744	134
2744	135
2738	135
2738	136
2736	136
2736	137
2723	137
2723	138
2722	138
2722	137
2719	137
2719	138
2718	138
2718	137
2716	137
2716	136
2714	136
2714	137
2713	137
2713	136
2708	136
2708	137
2706	137
2706	136
2693	136
2693	135
2691	135
2691	134
2689	134
2689	133
2688	133
2688	134
2683	134
2683	133
2680	133
2680	134
2679	134
2679	133
2676	133
2676	132
2674	132
2674	131
2672	131
2672	130
2670	130
2670	129
2667	129
2667	128
2660	128
2660	127
2659	127
2659	128
2654	128
2654	129
2650	129
2650	128
2648	128
2648	129
2647	129
2647	130
2644	130
2644	131
2640	131
2640	132
2637	132
2637	133
2635	133
2635	134
2633	134
2633	135
2632	135
2632	136
2631	136
2631	138
2630	138
2630	139
2631	139
2631	140
2630	140
2630	141
2631	141
2631	149
2630	149
2630	154
2629	154
2629	160
2628	160
2628	180
2627	180
2627	181
2628	181
2628	183
2627	183
2627	188
2628	188
2628	189
2627	189
2627	191
2628	191
2628	200
2629	200
2629	204
2630	204
2630	206
2629	206
2629	220
2628	220
2628	226
2629	226
2629	237
2630	237
2630	244
2631	244
2631	246
2630	246
2630	248
2629	248
2629	251
2628	251
2628	252
2627	252
2627	254
2626	254
2626	255
2625	255
2625	256
2623	256
2623	257
2622	257
2622	258
2621	258
2621	259
2620	259
2620	258
2619	258
2619	248
2618	248
2618	242
2617	242
2617	238
2616	238
2616	235
2615	235
2615	233
2616	233
2616	232
2615	232
2615	231
2614	231
2614	230
2613	230
2613	229
2612	229
2612	228
2605	228
2605	229
2603	229
2603	230
2601	230
2601	231
2600	231
2600	232
2597	232
2597	233
2595	233
2595	234
2593	234
2593	235
2592	235
2592	236
2591	236
2591	237
2589	237
2589	239
2586	239
2586	240
2582	240
2582	239
2579	239
2579	238
2574	238
2574	239
2571	239
2571	240
2570	240
2570	241
2568	241
2568	242
2567	242
2567	244
2566	244
2566	245
2564	245
2564	246
2565	246
2565	247
2563	247
2563	248
2560	248
2560	250
2559	250
2559	252
2558	252
2558	254
2559	254
2559	258
2558	258
2558	262
2557	262
2557	268
2558	268
2558	273
2559	273
2559	276
2560	276
2560	279
2561	279
2561	281
2562	281
2562	286
2561	286
2561	287
2563	287
2563	290
2562	290
2562	292
2559	292
2559	293
2550	293
2550	294
2549	294
2549	295
2546	295
2546	296
2545	296
2545	297
2541	297
2541	296
2530	296
2530	295
2529	295
2529	296
2528	296
2528	295
2517	295
2517	294
2503	294
2503	293
2502	293
2502	294
2498	294
2498	293
2497	293
2497	294
2496	294
2496	293
2483	293
2483	292
2481	292
2481	293
2480	293
2480	292
2477	292
2477	283
2478	283
2478	277
2479	277
2479	273
2480	273
2480	271
2479	271
2479	270
2480	270
2480	268
2479	268
2479	265
2478	265
2478	263
2476	263
2476	262
2475	262
2475	261
2472	261
2472	260
2455	260
2455	259
2454	259
2454	257
2450	257
2450	256
2440	256
2440	257
2437	257
2437	256
2436	256
2436	257
2435	257
2435	256
2417	256
2417	257
2413	257
2413	256
2411	256
2411	257
2409	257
2409	258
2408	258
2408	261
2407	261
2407	265
2406	265
2406	274
2405	274
2405	275
2406	275
2406	280
2407	280
2407	282
2408	282
2408	283
2407	283
2407	294
2406	294
2406	302
2405	302
2405	310
2404	310
2404	313
2405	313
2405	316
2404	316
2404	317
2405	317
2405	318
2406	318
2406	319
2405	319
2405	320
2406	320
2406	322
2407	322
2407	325
2408	325
2408	327
2409	327
2409	328
2410	328
2410	332
2411	332
2411	334
2410	334
2410	336
2409	336
2409	337
2410	337
2410	340
2409	340
2409	344
2408	344
2408	347
2407	347
2407	353
2406	353
2406	358
2405	358
2405	359
2404	359
2404	362
2403	362
2403	367
2402	367
2402	369
2401	369
2401	375
2400	375
2400	379
2399	379
2399	381
2398	381
2398	385
2397	385
2397	390
2396	390
2396	393
2395	393
2395	395
2394	395
2394	397
2395	397
2395	399
2394	399
2394	403
2393	403
2393	404
2394	404
2394	405
2393	405
2393	410
2392	410
2392	411
2393	411
2393	412
2392	412
2392	413
2393	413
2393	417
2392	417
2392	424
2393	424
2393	425
2392	425
2392	432
2393	432
2393	435
2392	435
2392	436
2393	436
2393	444
2394	444
2394	454
2393	454
2393	455
2394	455
2394	458
2393	458
2393	460
2394	460
2394	461
2395	461
2395	464
2396	464
2396	465
2395	465
2395	466
2396	466
2396	470
2395	470
2395	473
2396	473
2396	483
2397	483
2397	487
2398	487
2398	490
2397	490
2397	491
2389	491
2389	492
2384	492
2384	493
2382	493
2382	492
2381	492
2381	493
2376	493
2376	494
2373	494
2373	495
2370	495
2370	496
2365	496
2365	497
2362	497
2362	498
2357	498
2357	499
2344	499
2344	498
2343	498
2343	499
2340	499
2340	498
2333	498
2333	499
2329	499
2329	498
2324	498
2324	497
2323	497
2323	498
2316	498
2316	497
2300	497
2300	498
2297	498
2297	499
2296	499
2296	498
2293	498
2293	499
2291	499
2291	500
2289	500
2289	501
2286	501
2286	502
2266	502
2266	503
2265	503
2265	504
2260	504
2260	505
2254	505
2254	504
2246	504
2246	503
2242	503
2242	502
2241	502
2241	501
2237	501
2237	500
2235	500
2235	499
2234	499
2234	498
2230	498
2230	497
2222	497
2222	496
2221	496
2221	495
2220	495
2220	491
2219	491
2219	489
2218	489
2218	488
2219	488
2219	485
2218	485
2218	482
2217	482
2217	478
2216	478
2216	477
2217	477
2217	476
2216	476
2216	472
2215	472
2215	467
2214	467
2214	462
2213	462
2213	454
2212	454
2212	452
2211	452
2211	447
2210	447
2210	445
2209	445
2209	444
2210	444
2210	441
2211	441
2211	434
2212	434
2212	433
2211	433
2211	432
2212	432
2212	422
2211	422
2211	418
2210	418
2210	414
2209	414
2209	412
2208	412
2208	411
2207	411
2207	410
2205	410
2205	408
2204	408
2204	406
2195	406
2195	404
2196	404
2196	402
2195	402
2195	393
2196	393
2196	390
2197	390
2197	387
2198	387
2198	384
2196	384
2196	382
2194	382
2194	381
2193	381
2193	380
2191	380
2191	378
2190	378
2190	377
2191	377
2191	376
2190	376
2190	373
2191	373
2191	372
2190	372
2190	369
2189	369
2189	368
2173	368
2173	367
2172	367
2172	361
2171	361
2171	357
2170	357
2170	355
2169	355
2169	354
2168	354
2168	347
2169	347
2169	345
2168	345
2168	340
2167	340
2167	339
2168	339
2168	337
2167	337
2167	336
2166	336
2166	335
2165	335
2165	334
2164	334
2164	332
2163	332
2163	330
2160	330
2160	328
2144	328
2144	324
2143	324
2143	322
2141	322
2141	321
2139	321
2139	320
2137	320
2137	319
2136	319
2136	320
2135	320
2135	319
2133	319
2133	318
2131	318
2131	319
2130	319
2130	320
2124	320
2124	321
2121	321
2121	322
2119	322
2119	324
2116	324
2116	325
2114	325
2114	327
2113	327
2113	328
2112	328
2112	330
2111	330
2111	331
2110	331
2110	333
2109	333
2109	334
2108	334
2108	336
2107	336
2107	337
2106	337
2106	340
2105	340
2105	341
2104	341
2104	344
2103	344
2103	345
2102	345
2102	346
2101	346
2101	349
2100	349
2100	353
2099	353
2099	358
2100	358
2100	360
2099	360
2099	372
2098	372
2098	373
2097	373
2097	374
2096	374
2096	375
2095	375
2095	376
2094	376
2094	377
2092	377
2092	378
2091	378
2091	380
2090	380
2090	382
2089	382
2089	385
2088	385
2088	388
2087	388
2087	393
2086	393
2086	399
2085	399
2085	400
2084	400
2084	403
2083	403
2083	404
2082	404
2082	406
2080	406
2080	407
2079	407
2079	408
2076	408
2076	409
2074	409
2074	410
2071	410
2071	411
2069	411
2069	412
2066	412
2066	413
2064	413
2064	415
2063	415
2063	417
2062	417
2062	418
2061	418
2061	419
2060	419
2060	421
2059	421
2059	423
2058	423
2058	424
2057	424
2057	425
2056	425
2056	428
2055	428
2055	432
2054	432
2054	441
2053	441
2053	442
2054	442
2054	454
2053	454
2053	458
2052	458
2052	464
2051	464
2051	465
2049	465
2049	467
2048	467
2048	468
2047	468
2047	469
2046	469
2046	473
2045	473
2045	475
2044	475
2044	476
2043	476
2043	479
2042	479
2042	480
2041	480
2041	481
2039	481
2039	482
2037	482
2037	483
2036	483
2036	484
2035	484
2035	485
2033	485
2033	486
2031	486
2031	488
2030	488
2030	489
2028	489
2028	490
2026	490
2026	491
2022	491
2022	492
2019	492
2019	493
2016	493
2016	494
2015	494
2015	493
2014	493
2014	494
2009	494
2009	493
2008	493
2008	491
2007	491
2007	490
2005	490
2005	489
2002	489
2002	488
1999	488
1999	487
1996	487
1996	486
1995	486
1995	487
1993	487
1993	486
1985	486
1985	487
1984	487
1984	486
1978	486
1978	487
1971	487
1971	488
1970	488
1970	487
1966	487
1966	486
1965	486
1965	485
1962	485
1962	484
1957	484
1957	483
1956	483
1956	484
1955	484
1955	483
1953	483
1953	478
1951	478
1951	475
1950	475
1950	472
1949	472
1949	470
1948	470
1948	469
1947	469
1947	468
1945	468
1945	467
1943	467
1943	466
1939	466
1939	467
1938	467
1938	466
1935	466
1935	465
1930	465
1930	464
1929	464
1929	458
1930	458
1930	438
1931	438
1931	437
1930	437
1930	424
1929	424
1929	405
1930	405
1930	400
1931	400
1931	398
1932	398
1932	393
1933	393
1933	387
1934	387
1934	380
1933	380
1933	379
1931	379
1931	378
1929	378
1929	379
1927	379
1927	378
1926	378
1926	377
1917	377
1917	376
1915	376
1915	374
1914	374
1914	373
1913	373
1913	372
1911	372
1911	370
1910	370
1910	369
1909	369
1909	367
1908	367
1908	366
1906	366
1906	365
1904	365
1904	364
1900	364
1900	363
1899	363
1899	361
1897	361
1897	360
1889	360
1889	361
1888	361
1888	362
1885	362
1885	363
1884	363
1884	365
1881	365
1881	367
1880	367
1880	368
1879	368
1879	371
1878	371
1878	372
1877	372
1877	376
1876	376
1876	389
1875	389
1875	390
1876	390
1876	395
1875	395
1875	401
1876	401
1876	404
1877	404
1877	409
1878	409
1878	414
1879	414
1879	416
1878	416
1878	419
1877	419
1877	421
1876	421
1876	426
1875	426
1875	427
1876	427
1876	428
1875	428
1875	430
1876	430
1876	432
1875	432
1875	433
1874	433
1874	438
1873	438
1873	441
1872	441
1872	444
1871	444
1871	446
1870	446
1870	448
1871	448
1871	451
1870	451
1870	456
1869	456
1869	461
1868	461
1868	463
1867	463
1867	465
1866	465
1866	470
1865	470
1865	473
1864	473
1864	483
1863	483
1863	488
1862	488
1862	489
1863	489
1863	496
1862	496
1862	500
1861	500
1861	505
1860	505
1860	511
1859	511
1859	513
1858	513
1858	517
1857	517
1857	524
1856	524
1856	525
1857	525
1857	526
1856	526
1856	536
1857	536
1857	547
1856	547
1856	549
1854	549
1854	550
1853	550
1853	551
1852	551
1852	552
1851	552
1851	553
1849	553
1849	554
1847	554
1847	555
1845	555
1845	556
1844	556
1844	557
1843	557
1843	558
1842	558
1842	559
1841	559
1841	561
1839	561
1839	562
1837	562
1837	564
1835	564
1835	566
1834	566
1834	567
1833	567
1833	568
1832	568
1832	570
1829	570
1829	572
1828	572
1828	573
1827	573
1827	574
1826	574
1826	573
1825	573
1825	574
1815	574
1815	575
1810	575
1810	576
1807	576
1807	577
1804	577
1804	576
1802	576
1802	577
1799	577
1799	576
1794	576
1794	575
1784	575
1784	574
1783	574
1783	573
1782	573
1782	574
1778	574
1778	573
1775	573
1775	572
1774	572
1774	573
1769	573
1769	574
1767	574
1767	573
1766	573
1766	574
1761	574
1761	573
1760	573
1760	574
1754	574
1754	575
1752	575
1752	576
1750	576
1750	577
1749	577
1749	578
1747	578
1747	580
1744	580
1744	581
1733	581
1733	582
1731	582
1731	583
1723	583
1723	584
1709	584
1709	583
1706	583
1706	582
1704	582
1704	581
1703	581
1703	580
1702	580
1702	581
1700	581
1700	582
1698	582
1698	583
1695	583
1695	580
1694	580
1694	579
1695	579
1695	578
1694	578
1694	575
1693	575
1693	574
1692	574
1692	571
1691	571
1691	568
1690	568
1690	565
1689	565
1689	562
1688	562
1688	559
1689	559
1689	558
1688	558
1688	557
1689	557
1689	547
1688	547
1688	541
1687	541
1687	531
1686	531
1686	529
1687	529
1687	528
1686	528
1686	519
1685	519
1685	516
1683	516
1683	515
1682	515
1682	514
1679	514
1679	513
1676	513
1676	512
1673	512
1673	511
1667	511
1667	510
1666	510
1666	508
1665	508
1665	506
1664	506
1664	505
1663	505
1663	504
1661	504
1661	503
1660	503
1660	502
1658	502
1658	501
1657	501
1657	500
1655	500
1655	499
1649	499
1649	497
1648	497
1648	496
1647	496
1647	495
1646	495
1646	494
1644	494
1644	493
1642	493
1642	492
1641	492
1641	491
1640	491
1640	490
1639	490
1639	489
1638	489
1638	490
1635	490
1635	491
1634	491
1634	492
1633	492
1633	493
1632	493
1632	494
1628	494
1628	493
1626	493
1626	492
1624	492
1624	493
1623	493
1623	494
1622	494
1622	495
1621	495
1621	496
1620	496
1620	497
1618	497
1618	498
1617	498
1617	499
1616	499
1616	500
1615	500
1615	502
1614	502
1614	506
1613	506
1613	508
1612	508
1612	512
1611	512
1611	515
1610	515
1610	518
1609	518
1609	526
1608	526
1608	527
1609	527
1609	529
1605	529
1605	530
1603	530
1603	531
1602	531
1602	532
1601	532
1601	533
1600	533
1600	532
1599	532
1599	533
1597	533
1597	534
1596	534
1596	535
1595	535
1595	536
1594	536
1594	538
1593	538
1593	540
1592	540
1592	542
1591	542
1591	543
1590	543
1590	545
1589	545
1589	547
1588	547
1588	553
1587	553
1587	557
1586	557
1586	562
1587	562
1587	565
1586	565
1586	567
1585	567
1585	570
1584	570
1584	576
1583	576
1583	580
1582	580
1582	583
1581	583
1581	588
1580	588
1580	589
1579	589
1579	590
1577	590
1577	594
1574	594
1574	595
1567	595
1567	596
1568	596
1568	597
1566	597
1566	598
1565	598
1565	599
1563	599
1563	600
1562	600
1562	601
1561	601
1561	602
1559	602
1559	603
1558	603
1558	604
1557	604
1557	606
1556	606
1556	607
1554	607
1554	609
1553	609
1553	610
1551	610
1551	611
1549	611
1549	612
1542	612
1542	613
1538	613
1538	614
1536	614
1536	615
1533	615
1533	614
1532	614
1532	615
1520	615
1520	616
1515	616
1515	617
1513	617
1513	618
1511	618
1511	619
1509	619
1509	620
1497	620
1497	621
1492	621
1492	622
1489	622
1489	623
1487	623
1487	624
1486	624
1486	625
1476	625
1476	624
1470	624
1470	623
1468	623
1468	622
1466	622
1466	621
1465	621
1465	620
1463	620
1463	619
1462	619
1462	618
1461	618
1461	617
1459	617
1459	615
1457	615
1457	614
1455	614
1455	613
1453	613
1453	610
1452	610
1452	601
1451	601
1451	596
1452	596
1452	580
1453	580
1453	577
1452	577
1452	573
1453	573
1453	572
1452	572
1452	567
1453	567
1453	559
1454	559
1454	554
1455	554
1455	549
1456	549
1456	545
1457	545
1457	543
1458	543
1458	538
1459	538
1459	535
1458	535
1458	533
1459	533
1459	528
1460	528
1460	524
1459	524
1459	520
1458	520
1458	519
1457	519
1457	516
1458	516
1458	514
1459	514
1459	512
1460	512
1460	502
1459	502
1459	501
1458	501
1458	500
1457	500
1457	499
1456	499
1456	500
1455	500
1455	499
1454	499
1454	495
1455	495
1455	494
1454	494
1454	492
1455	492
1455	490
1456	490
1456	486
1457	486
1457	483
1458	483
1458	481
1459	481
1459	477
1460	477
1460	473
1461	473
1461	472
1460	472
1460	471
1461	471
1461	466
1462	466
1462	463
1463	463
1463	459
1464	459
1464	457
1465	457
1465	453
1466	453
1466	451
1465	451
1465	443
1464	443
1464	440
1462	440
1462	438
1460	438
1460	436
1459	436
1459	435
1457	435
1457	434
1456	434
1456	433
1453	433
1453	432
1448	432
1448	433
1446	433
1446	432
1443	432
1443	431
1440	431
1440	432
1435	432
1435	430
1434	430
1434	431
1430	431
1430	430
1427	430
1427	429
1419	429
1419	428
1418	428
1418	429
1417	429
1417	428
1416	428
1416	429
1410	429
1410	430
1407	430
1407	431
1405	431
1405	432
1403	432
1403	433
1401	433
1401	435
1400	435
1400	436
1399	436
1399	438
1398	438
1398	439
1397	439
1397	441
1395	441
1395	444
1394	444
1394	445
1393	445
1393	446
1392	446
1392	450
1391	450
1391	452
1390	452
1390	455
1389	455
1389	458
1387	458
1387	459
1386	459
1386	460
1385	460
1385	462
1384	462
1384	464
1383	464
1383	467
1382	467
1382	469
1381	469
1381	473
1380	473
1380	474
1379	474
1379	477
1378	477
1378	480
1377	480
1377	482
1376	482
1376	484
1375	484
1375	488
1374	488
1374	490
1373	490
1373	492
1374	492
1374	493
1373	493
1373	494
1372	494
1372	499
1371	499
1371	504
1370	504
1370	508
1371	508
1371	509
1372	509
1372	511
1371	511
1371	515
1370	515
1370	516
1369	516
1369	518
1368	518
1368	519
1367	519
1367	520
1366	520
1366	521
1365	521
1365	522
1364	522
1364	523
1363	523
1363	524
1362	524
1362	525
1360	525
1360	527
1359	527
1359	529
1358	529
1358	530
1357	530
1357	532
1356	532
1356	533
1355	533
1355	536
1354	536
1354	537
1353	537
1353	539
1352	539
1352	540
1351	540
1351	541
1350	541
1350	543
1349	543
1349	545
1348	545
1348	546
1347	546
1347	547
1346	547
1346	548
1345	548
1345	549
1344	549
1344	551
1343	551
1343	554
1342	554
1342	556
1341	556
1341	557
1340	557
1340	558
1339	558
1339	559
1333	559
1333	558
1331	558
1331	559
1330	559
1330	558
1325	558
1325	557
1323	557
1323	558
1321	558
1321	559
1319	559
1319	560
1318	560
1318	561
1317	561
1317	562
1314	562
1314	563
1312	563
1312	564
1310	564
1310	565
1308	565
1308	566
1307	566
1307	565
1305	565
1305	566
1303	566
1303	565
1297	565
1297	566
1295	566
1295	567
1291	567
1291	568
1289	568
1289	569
1286	569
1286	570
1283	570
1283	571
1282	571
1282	572
1279	572
1279	573
1278	573
1278	574
1277	574
1277	575
1275	575
1275	576
1274	576
1274	577
1273	577
1273	578
1272	578
1272	579
1271	579
1271	580
1270	580
1270	582
1269	582
1269	584
1268	584
1268	585
1267	585
1267	587
1266	587
1266	591
1265	591
1265	595
1264	595
1264	596
1263	596
1263	599
1262	599
1262	601
1260	601
1260	602
1259	602
1259	603
1257	603
1257	606
1255	606
1255	609
1254	609
1254	611
1253	611
1253	612
1252	612
1252	614
1251	614
1251	615
1243	615
1243	614
1230	614
1230	613
1228	613
1228	612
1224	612
1224	611
1222	611
1222	610
1221	610
1221	609
1220	609
1220	608
1219	608
1219	607
1213	607
1213	606
1204	606
1204	607
1203	607
1203	606
1200	606
1200	607
1194	607
1194	608
1190	608
1190	609
1181	609
1181	610
1177	610
1177	611
1174	611
1174	612
1171	612
1171	613
1169	613
1169	614
1168	614
1168	615
1166	615
1166	616
1164	616
1164	615
1152	615
1152	614
1150	614
1150	616
1148	616
1148	615
1146	615
1146	616
1145	616
1145	618
1143	618
1143	619
1142	619
1142	620
1140	620
1140	621
1138	621
1138	622
1137	622
1137	621
1136	621
1136	622
1134	622
1134	623
1133	623
1133	622
1132	622
1132	623
1131	623
1131	622
1129	622
1129	623
1128	623
1128	622
1127	622
1127	621
1123	621
1123	620
1122	620
1122	621
1119	621
1119	620
1117	620
1117	619
1116	619
1116	618
1115	618
1115	617
1114	617
1114	616
1113	616
1113	615
1112	615
1112	613
1111	613
1111	612
1109	612
1109	611
1107	611
1107	610
1106	610
1106	609
1105	609
1105	603
1104	603
1104	601
1103	601
1103	600
1102	600
1102	597
1101	597
1101	596
1102	596
1102	594
1103	594
1103	591
1102	591
1102	584
1101	584
1101	583
1102	583
1102	581
1103	581
1103	580
1102	580
1102	576
1101	576
1101	573
1102	573
1102	572
1101	572
1101	562
1102	562
1102	561
1101	561
1101	559
1102	559
1102	556
1101	556
1101	555
1102	555
1102	538
1103	538
1103	531
1104	531
1104	527
1105	527
1105	523
1106	523
1106	517
1107	517
1107	515
1108	515
1108	511
1109	511
1109	508
1110	508
1110	507
1111	507
1111	506
1110	506
1110	505
1111	505
1111	503
1110	503
1110	497
1111	497
1111	496
1110	496
1110	494
1109	494
1109	493
1108	493
1108	489
1107	489
1107	488
1106	488
1106	487
1104	487
1104	486
1102	486
1102	484
1101	484
1101	481
1102	481
1102	477
1103	477
1103	476
1102	476
1102	471
1101	471
1101	469
1100	469
1100	465
1099	465
1099	463
1098	463
1098	462
1096	462
1096	461
1094	461
1094	460
1093	460
1093	459
1089	459
1089	460
1088	460
1088	459
1087	459
1087	460
1084	460
1084	459
1081	459
1081	460
1080	460
1080	461
1077	461
1077	462
1074	462
1074	463
1068	463
1068	464
1066	464
1066	463
1064	463
1064	462
1063	462
1063	460
1062	460
1062	459
1061	459
1061	458
1060	458
1060	456
1058	456
1058	455
1057	455
1057	454
1056	454
1056	453
1057	453
1057	451
1058	451
1058	444
1059	444
1059	443
1058	443
1058	441
1059	441
1059	437
1060	437
1060	431
1059	431
1059	427
1058	427
1058	426
1057	426
1057	425
1056	425
1056	424
1055	424
1055	422
1054	422
1054	421
1046	421
1046	422
1040	422
1040	421
1035	421
1035	420
1032	420
1032	419
1030	419
1030	418
1026	418
1026	417
1025	417
1025	418
1024	418
1024	419
1023	419
1023	420
1022	420
1022	425
1021	425
1021	426
1020	426
1020	431
1019	431
1019	433
1020	433
1020	434
1019	434
1019	438
1018	438
1018	442
1019	442
1019	451
1020	451
1020	455
1019	455
1019	458
1018	458
1018	461
1017	461
1017	462
1018	462
1018	466
1017	466
1017	467
1018	467
1018	468
1017	468
1017	487
1016	487
1016	495
1015	495
1015	504
1014	504
1014	505
1015	505
1015	508
1014	508
1014	510
1013	510
1013	511
1012	511
1012	513
1011	513
1011	514
1010	514
1010	515
1009	515
1009	517
1006	517
1006	518
1005	518
1005	519
1004	519
1004	521
1003	521
1003	523
1002	523
1002	524
1001	524
1001	525
1000	525
1000	527
996	527
996	528
995	528
995	530
994	530
994	531
993	531
993	533
992	533
992	534
989	534
989	535
988	535
988	536
987	536
987	538
986	538
986	539
985	539
985	543
984	543
984	545
983	545
983	547
981	547
981	549
980	549
980	550
981	550
981	552
980	552
980	553
979	553
979	555
978	555
978	556
975	556
975	557
972	557
972	558
969	558
969	559
967	559
967	560
966	560
966	559
965	559
965	560
963	560
963	561
962	561
962	562
960	562
960	563
959	563
959	564
957	564
957	563
954	563
954	564
943	564
943	565
942	565
942	566
941	566
941	567
940	567
940	569
939	569
939	570
938	570
938	571
937	571
937	572
936	572
936	574
935	574
935	576
934	576
934	578
933	578
933	580
930	580
930	581
928	581
928	582
926	582
926	583
925	583
925	584
924	584
924	585
923	585
923	588
922	588
922	590
921	590
921	593
920	593
920	599
918	599
918	600
908	600
908	599
907	599
907	598
906	598
906	597
905	597
905	595
903	595
903	594
902	594
902	593
896	593
896	592
895	592
895	593
894	593
894	592
890	592
890	591
889	591
889	590
880	590
880	591
879	591
879	592
876	592
876	593
874	593
874	594
872	594
872	596
871	596
871	597
870	597
870	601
869	601
869	603
868	603
868	605
867	605
867	607
866	607
866	608
865	608
865	609
864	609
864	612
863	612
863	613
862	613
862	615
861	615
861	619
860	619
860	626
859	626
859	635
858	635
858	640
857	640
857	645
856	645
856	647
855	647
855	651
854	651
854	652
853	652
853	655
852	655
852	657
851	657
851	659
850	659
850	665
849	665
849	666
848	666
848	668
847	668
847	670
846	670
846	672
845	672
845	675
844	675
844	677
843	677
843	678
842	678
842	679
841	679
841	681
839	681
839	682
835	682
835	681
832	681
832	679
831	679
831	678
830	678
830	676
829	676
829	675
828	675
828	674
815	674
815	672
814	672
814	671
813	671
813	670
812	670
812	669
810	669
810	668
807	668
807	666
806	666
806	665
804	665
804	664
802	664
802	663
800	663
800	662
798	662
798	661
796	661
796	660
795	660
795	657
792	657
792	655
791	655
791	654
790	654
790	652
789	652
789	653
783	653
783	652
781	652
781	653
780	653
780	652
776	652
776	651
775	651
775	650
774	650
774	649
771	649
771	648
769	648
769	647
768	647
768	646
767	646
767	645
766	645
766	644
765	644
765	643
760	643
760	642
759	642
759	643
754	643
754	642
753	642
753	641
752	641
752	640
749	640
749	639
738	639
738	638
737	638
737	636
736	636
736	635
735	635
735	634
734	634
734	633
731	633
731	632
730	632
730	633
726	633
726	632
723	632
723	631
724	631
724	630
723	630
723	629
720	629
720	628
719	628
719	629
718	629
718	628
715	628
715	626
714	626
714	625
713	625
713	619
712	619
712	611
711	611
711	608
710	608
710	603
709	603
709	600
710	600
710	598
709	598
709	597
710	597
710	594
709	594
709	590
710	590
710	580
709	580
709	577
708	577
708	575
709	575
709	574
708	574
708	573
707	573
707	568
708	568
708	567
707	567
707	562
708	562
708	556
707	556
707	554
708	554
708	551
709	551
709	549
708	549
708	548
709	548
709	545
710	545
710	539
711	539
711	531
712	531
712	527
713	527
713	521
714	521
714	518
715	518
715	510
714	510
714	509
715	509
715	498
716	498
716	491
717	491
717	482
718	482
718	479
719	479
719	472
720	472
720	468
721	468
721	466
722	466
722	465
721	465
721	462
722	462
722	460
723	460
723	459
722	459
722	458
723	458
723	454
724	454
724	449
725	449
725	447
724	447
724	446
725	446
725	444
726	444
726	438
725	438
725	437
726	437
726	436
727	436
727	430
728	430
728	427
729	427
729	424
728	424
728	423
729	423
729	422
730	422
730	421
729	421
729	420
730	420
730	419
731	419
731	415
732	415
732	413
733	413
733	412
732	412
732	409
731	409
731	408
732	408
732	402
733	402
733	397
732	397
732	396
733	396
733	394
732	394
732	393
731	393
731	391
730	391
730	390
727	390
727	389
726	389
726	388
725	388
725	389
724	389
724	385
723	385
723	382
724	382
724	378
725	378
725	377
724	377
724	362
723	362
723	359
722	359
722	357
721	357
721	356
720	356
720	355
719	355
719	354
718	354
718	353
716	353
716	352
714	352
714	351
704	351
704	350
698	350
698	349
697	349
697	350
696	350
696	349
689	349
689	347
683	347
683	348
681	348
681	349
680	349
680	351
679	351
679	352
678	352
678	353
677	353
677	354
676	354
676	356
675	356
675	357
672	357
672	358
671	358
671	359
670	359
670	361
669	361
669	362
668	362
668	363
667	363
667	365
666	365
666	366
665	366
665	367
664	367
664	368
663	368
663	369
662	369
662	373
661	373
661	378
660	378
660	379
659	379
659	380
660	380
660	383
659	383
659	388
658	388
658	390
657	390
657	391
658	391
658	392
657	392
657	396
656	396
656	399
655	399
655	402
654	402
654	406
653	406
653	413
652	413
652	416
651	416
651	417
650	417
650	418
649	418
649	419
648	419
648	420
647	420
647	421
646	421
646	422
645	422
645	423
644	423
644	424
643	424
643	426
642	426
642	427
641	427
641	428
640	428
640	429
639	429
639	431
638	431
638	432
637	432
637	433
634	433
634	434
633	434
633	435
630	435
630	436
629	436
629	437
627	437
627	438
626	438
626	439
625	439
625	440
624	440
624	442
623	442
623	443
622	443
622	445
621	445
621	448
620	448
620	449
619	449
619	453
618	453
618	454
617	454
617	455
616	455
616	456
615	456
615	457
614	457
614	458
612	458
612	459
609	459
609	460
608	460
608	462
607	462
607	463
604	463
604	464
601	464
601	465
598	465
598	466
594	466
594	467
593	467
593	468
591	468
591	470
590	470
590	472
589	472
589	473
588	473
588	475
587	475
587	476
586	476
586	477
580	477
580	478
578	478
578	479
576	479
576	480
574	480
574	481
570	481
570	482
568	482
568	484
567	484
567	485
564	485
564	486
562	486
562	488
560	488
560	489
558	489
558	490
556	490
556	492
555	492
555	491
552	491
552	489
551	489
551	488
550	488
550	487
549	487
549	486
547	486
547	485
545	485
545	486
544	486
544	481
545	481
545	473
544	473
544	472
543	472
543	471
542	471
542	469
539	469
539	468
537	468
537	467
536	467
536	466
533	466
533	465
529	465
529	456
530	456
530	453
529	453
529	452
530	452
530	447
531	447
531	446
530	446
530	445
531	445
531	444
532	444
532	442
533	442
533	441
532	441
532	440
533	440
533	439
534	439
534	436
533	436
533	435
532	435
532	434
531	434
531	432
530	432
530	429
529	429
529	427
528	427
528	426
527	426
527	425
524	425
524	424
522	424
522	425
521	425
521	424
520	424
520	423
517	423
517	424
515	424
515	423
513	423
513	424
509	424
509	425
508	425
508	424
507	424
507	425
505	425
505	426
504	426
504	425
502	425
502	423
503	423
503	412
504	412
504	408
503	408
503	403
502	403
502	402
501	402
501	401
500	401
500	400
498	400
498	399
497	399
497	398
492	398
492	397
485	397
485	396
483	396
483	395
482	395
482	396
480	396
480	395
476	395
476	394
475	394
475	393
473	393
473	392
469	392
469	391
465	391
465	392
463	392
463	391
460	391
460	390
449	390
449	389
448	389
448	390
447	390
447	389
446	389
446	390
445	390
445	389
443	389
443	388
444	388
444	386
445	386
445	385
444	385
444	373
445	373
445	367
444	367
444	366
445	366
445	363
446	363
446	361
445	361
445	358
446	358
446	356
445	356
445	355
446	355
446	342
447	342
447	336
448	336
448	335
447	335
447	332
448	332
448	329
449	329
449	328
448	328
448	326
449	326
449	325
448	325
448	324
449	324
449	323
448	323
448	318
449	318
449	305
450	305
450	302
449	302
449	301
450	301
450	297
451	297
451	296
450	296
450	295
451	295
451	293
450	293
450	289
451	289
451	278
452	278
452	264
453	264
453	262
452	262
452	259
453	259
453	249
454	249
454	243
453	243
453	242
454	242
454	232
455	232
455	230
456	230
456	227
457	227
457	226
456	226
456	224
458	224
458	223
459	223
459	221
458	221
458	217
453	217
453	218
452	218
452	219
450	219
450	220
449	220
449	221
443	221
443	220
435	220
435	221
432	221
432	222
431	222
431	221
428	221
428	222
427	222
427	221
425	221
425	220
422	220
422	221
418	221
418	222
417	222
417	223
415	223
415	224
411	224
411	223
410	223
410	224
408	224
408	225
406	225
406	226
405	226
405	228
403	228
403	229
402	229
402	232
401	232
401	234
400	234
400	237
399	237
399	240
398	240
398	244
397	244
397	250
396	250
396	258
395	258
395	259
396	259
396	261
395	261
395	265
394	265
394	264
392	264
392	263
390	263
390	262
384	262
384	263
378	263
378	264
376	264
376	265
375	265
375	266
373	266
373	268
372	268
372	271
371	271
371	274
370	274
370	282
369	282
369	284
362	284
362	285
359	285
359	286
358	286
358	287
351	287
351	286
350	286
350	287
349	287
349	288
347	288
347	289
343	289
343	290
334	290
334	289
331	289
331	290
330	290
330	289
327	289
327	288
323	288
323	287
315	287
315	286
314	286
314	287
310	287
310	288
307	288
307	287
306	287
306	288
305	288
305	287
301	287
301	288
300	288
300	289
298	289
298	290
297	290
297	292
296	292
296	293
294	293
294	297
293	297
293	299
292	299
292	309
291	309
291	312
292	312
292	313
291	313
291	318
290	318
290	319
291	319
291	324
290	324
290	331
289	331
289	336
288	336
288	350
287	350
287	352
286	352
286	353
285	353
285	354
284	354
284	352
283	352
283	351
281	351
281	350
280	350
280	348
279	348
279	347
278	347
278	345
276	345
276	344
274	344
274	343
271	343
271	342
270	342
270	341
269	341
269	339
268	339
268	338
267	338
267	337
266	337
266	336
264	336
264	335
263	335
263	334
257	334
257	322
258	322
258	321
257	321
257	318
258	318
258	312
257	312
257	310
258	310
258	302
259	302
259	298
258	298
258	297
259	297
259	288
260	288
260	287
259	287
259	285
260	285
260	276
261	276
261	273
260	273
260	272
261	272
261	266
262	266
262	254
263	254
263	248
262	248
262	247
263	247
263	242
262	242
262	241
258	241
258	240
254	240
254	237
253	237
253	238
252	238
252	239
251	239
251	240
250	240
250	239
248	239
248	238
245	238
245	237
241	237
241	236
235	236
235	235
233	235
233	236
226	236
226	237
223	237
223	236
219	236
219	235
217	235
217	234
215	234
215	233
212	233
212	234
210	234
210	235
204	235
204	236
202	236
202	237
200	237
200	238
199	238
199	239
198	239
198	240
197	240
197	241
196	241
196	243
195	243
195	245
191	245
191	246
188	246
188	247
187	247
187	248
185	248
185	249
184	249
184	250
183	250
183	251
182	251
182	252
181	252
181	253
179	253
179	254
167	254
167	255
164	255
164	253
163	253
163	252
162	252
162	250
161	250
161	249
159	249
159	248
157	248
157	247
156	247
156	245
155	245
155	244
154	244
154	242
153	242
153	241
152	241
152	239
151	239
151	238
150	238
150	237
147	237
147	236
140	236
140	235
139	235
139	233
137	233
137	232
136	232
136	231
133	231
133	230
132	230
132	229
131	229
131	223
130	223
130	222
131	222
131	215
132	215
132	213
131	213
131	212
130	212
130	211
131	211
131	210
132	210
132	208
133	208
133	202
132	202
132	201
131	201
131	197
130	197
130	196
129	196
129	195
128	195
128	193
126	193
126	192
125	192
125	191
124	191
124	190
123	190
123	191
120	191
120	189
119	189
119	186
117	186
117	185
116	185
116	184
115	184
115	183
114	183
114	182
108	182
108	181
106	181
106	172
105	172
105	170
104	170
104	166
103	166
103	165
104	165
104	164
105	164
105	163
104	163
104	162
101	162
101	159
100	159
100	157
99	157
99	156
98	156
98	154
97	154
97	151
96	151
96	149
95	149
95	148
94	148
94	146
93	146
93	145
90	145
90	144
84	144
84	143
83	143
83	144
82	144
82	143
77	143
77	142
74	142
74	141
73	141
73	142
68	142
68	143
66	143
66	144
65	144
65	146
68	146
68	147
75	147
75	148
77	148
77	149
79	149
79	150
81	150
81	152
82	152
82	151
90	151
90	153
91	153
91	154
92	154
92	156
93	156
93	161
94	161
94	164
95	164
95	165
96	165
96	168
97	168
97	170
96	170
96	172
97	172
97	174
96	174
96	179
95	179
95	180
96	180
96	182
95	182
95	184
96	184
96	185
97	185
97	186
101	186
101	187
102	187
102	188
104	188
104	189
105	189
105	188
106	188
106	189
112	189
112	190
114	190
114	191
115	191
115	197
118	197
118	198
123	198
123	200
125	200
125	201
126	201
126	214
125	214
125	231
124	231
124	235
125	235
125	237
129	237
129	238
130	238
130	237
132	237
132	238
135	238
135	239
136	239
136	242
138	242
138	243
139	243
139	242
140	242
140	243
145	243
145	244
146	244
146	243
147	243
147	244
148	244
148	245
149	245
149	246
150	246
150	247
151	247
151	250
152	250
152	251
153	251
153	255
155	255
155	256
160	256
160	259
161	259
161	261
162	261
162	262
164	262
164	261
168	261
168	260
182	260
182	259
184	259
184	258
185	258
185	257
186	257
186	255
187	255
187	253
189	253
189	252
197	252
197	251
199	251
199	250
200	250
200	245
201	245
201	244
202	244
202	243
203	243
203	242
204	242
204	241
206	241
206	240
213	240
213	241
215	241
215	242
219	242
219	243
221	243
221	244
227	244
227	243
229	243
229	242
236	242
236	243
239	243
239	244
240	244
240	243
241	243
241	244
243	244
243	245
244	245
244	246
250	246
250	247
254	247
254	246
255	246
255	247
256	247
256	258
255	258
255	259
256	259
256	263
255	263
255	266
256	266
256	272
255	272
255	273
256	273
256	274
255	274
255	282
254	282
254	287
253	287
253	289
254	289
254	292
253	292
253	293
254	293
254	294
253	294
253	299
252	299
252	308
251	308
251	312
252	312
252	313
251	313
251	325
252	325
252	326
251	326
251	330
252	330
252	334
251	334
251	340
252	340
252	341
258	341
258	342
259	342
259	341
260	341
260	342
262	342
262	343
263	343
263	344
264	344
264	345
265	345
265	346
266	346
266	348
267	348
267	350
269	350
269	351
273	351
273	352
275	352
275	353
277	353
277	356
278	356
278	359
279	359
279	361
280	361
280	365
281	365
281	368
293	368
293	367
294	367
294	366
295	366
295	363
296	363
296	355
298	355
298	354
300	354
300	353
301	353
301	352
302	352
302	350
301	350
301	348
302	348
302	347
301	347
301	346
302	346
302	342
301	342
301	341
299	341
299	342
298	342
298	346
296	346
296	347
295	347
295	344
294	344
294	340
295	340
295	338
296	338
296	337
295	337
295	332
296	332
296	331
295	331
295	330
296	330
296	327
297	327
297	323
299	323
299	322
298	322
298	321
297	321
297	319
298	319
298	318
297	318
297	317
298	317
298	316
297	316
297	315
298	315
298	306
299	306
299	299
300	299
300	298
301	298
301	296
303	296
303	295
314	295
314	294
318	294
318	293
319	293
319	294
323	294
323	295
326	295
326	296
329	296
329	297
348	297
348	296
349	296
349	295
351	295
351	294
352	294
352	293
353	293
353	294
361	294
361	293
362	293
362	292
363	292
363	291
364	291
364	290
365	290
365	291
366	291
366	290
367	290
367	291
368	291
368	292
369	292
369	291
372	291
372	290
373	290
373	289
374	289
374	287
375	287
375	285
376	285
376	278
377	278
377	273
378	273
378	272
379	272
379	271
380	271
380	270
382	270
382	269
386	269
386	270
389	270
389	271
391	271
391	272
392	272
392	273
393	273
393	272
394	272
394	273
398	273
398	272
399	272
399	271
400	271
400	270
401	270
401	262
402	262
402	258
403	258
403	257
402	257
402	256
403	256
403	248
404	248
404	243
405	243
405	240
406	240
406	235
407	235
407	234
408	234
408	232
409	232
409	231
411	231
411	230
416	230
416	229
419	229
419	228
425	228
425	229
429	229
429	228
433	228
433	227
434	227
434	228
437	228
437	227
439	227
439	228
441	228
441	227
442	227
442	228
447	228
447	229
446	229
446	230
447	230
447	233
448	233
448	234
447	234
447	243
446	243
446	254
445	254
445	257
446	257
446	262
445	262
445	270
446	270
446	271
445	271
445	278
444	278
444	292
443	292
443	304
442	304
